#!ascii label  , from subject sub-v1s18x0051219_ses-1 vox2ras=TkReg
493
72961  -23.337  4.103  -56.863 0.0000000000
69546  -18.693  0.058  -55.892 0.0000000000
68676  -27.249  -0.499  -55.401 0.0000000000
112957  -21.904  -4.992  -54.813 0.0000000000
85214  -23.593  18.271  -59.352 0.0000000000
82059  -26.593  14.306  -57.944 0.0000000000
75608  -20.615  7.837  -59.754 0.0000000000
60964  -20.537  -9.300  -53.232 0.0000000000
113097  -20.027  -2.753  -55.658 0.0000000000
113052  -17.857  -4.754  -53.747 0.0000000000
83703  -24.978  16.500  -58.463 0.0000000000
81177  -22.432  13.385  -60.079 0.0000000000
122459  -19.383  3.798  -57.628 0.0000000000
74749  -16.954  6.176  -57.766 0.0000000000
74765  -21.609  5.849  -58.735 0.0000000000
77394  -24.683  9.168  -57.333 0.0000000000
75577  -26.161  7.071  -56.438 0.0000000000
72965  -27.778  4.502  -56.143 0.0000000000
70380  -16.778  1.538  -55.530 0.0000000000
70396  -20.878  2.328  -56.830 0.0000000000
71242  -24.449  2.384  -55.626 0.0000000000
68688  -22.128  -0.007  -56.149 0.0000000000
112824  -23.978  -2.919  -54.491 0.0000000000
112942  -25.623  -5.133  -54.541 0.0000000000
78354  -19.501  10.337  -60.501 0.0000000000
79356  -23.863  11.666  -58.575 0.0000000000
80270  -27.379  12.333  -57.635 0.0000000000
63564  -17.173  -6.365  -52.756 0.0000000000
62731  -21.201  -7.869  -54.512 0.0000000000
112828  -17.255  -3.736  -53.680 0.0000000000
112818  -16.447  -4.433  -53.290 0.0000000000
82073  -21.904  14.274  -60.485 0.0000000000
80297  -20.211  12.697  -61.262 0.0000000000
126107  -21.023  3.684  -57.812 0.0000000000
72994  -20.084  4.376  -58.302 0.0000000000
73867  -22.128  5.280  -58.282 0.0000000000
74751  -23.549  6.602  -57.433 0.0000000000
73854  -24.257  5.500  -56.664 0.0000000000
73869  -26.948  5.882  -56.162 0.0000000000
72948  -24.893  4.219  -55.871 0.0000000000
69545  -17.809  0.551  -55.662 0.0000000000
70394  -19.319  1.939  -56.668 0.0000000000
126835  -19.714  1.345  -56.576 0.0000000000
69563  -22.042  0.958  -56.372 0.0000000000
126573  -20.511  0.118  -56.449 0.0000000000
112854  -21.163  -3.837  -55.643 0.0000000000
122075  -21.955  -2.588  -55.516 0.0000000000
112979  -22.583  -4.117  -54.643 0.0000000000
112968  -25.311  -3.729  -54.542 0.0000000000
112832  -23.714  -5.306  -54.532 0.0000000000
84470  -21.334  17.222  -60.319 0.0000000000
85225  -20.065  18.366  -60.613 0.0000000000
128946  -21.853  18.733  -60.231 0.0000000000
86680  -23.587  20.482  -59.631 0.0000000000
85215  -25.737  18.882  -58.967 0.0000000000
129929  -26.720  15.982  -58.453 0.0000000000
75606  -18.877  7.135  -59.376 0.0000000000
76465  -17.456  8.298  -58.897 0.0000000000
77419  -19.351  9.036  -60.026 0.0000000000
78343  -21.417  10.477  -60.350 0.0000000000
77421  -22.109  9.447  -59.471 0.0000000000
77396  -26.567  9.431  -56.769 0.0000000000
79330  -26.186  11.150  -57.386 0.0000000000
78326  -28.362  10.604  -57.734 0.0000000000
113817  -26.052  1.187  -55.104 0.0000000000
116988  -27.098  1.623  -55.535 0.0000000000
61806  -17.979  -8.036  -51.843 0.0000000000
61838  -19.268  -7.843  -53.283 0.0000000000
63573  -19.330  -6.821  -53.886 0.0000000000
62716  -20.673  -7.997  -53.892 0.0000000000
112859  -17.852  -1.267  -54.987 0.0000000000
67759  -19.576  -1.312  -55.834 0.0000000000
112850  -18.611  -2.504  -54.902 0.0000000000
113166  -19.106  -4.009  -54.703 0.0000000000
112848  -19.865  -5.250  -54.994 0.0000000000
121687  -22.630  16.946  -59.531 0.0000000000
84460  -24.589  17.317  -58.674 0.0000000000
82878  -23.242  15.663  -59.265 0.0000000000
119344  -23.358  14.851  -59.158 0.0000000000
81179  -24.368  13.824  -58.522 0.0000000000
72122  -17.409  3.313  -56.740 0.0000000000
73865  -18.334  4.937  -58.005 0.0000000000
74762  -19.499  5.806  -59.204 0.0000000000
74775  -21.168  7.100  -59.470 0.0000000000
76479  -22.012  8.597  -59.185 0.0000000000
75598  -23.045  7.750  -58.125 0.0000000000
116269  -24.575  7.767  -57.105 0.0000000000
76455  -27.479  8.795  -56.637 0.0000000000
74753  -27.982  7.071  -56.442 0.0000000000
60942  -21.490  -10.161  -52.382 0.0000000000
60965  -21.982  -9.875  -52.898 0.0000000000
72123  -18.473  3.216  -56.944 0.0000000000
71274  -20.117  3.190  -57.383 0.0000000000
71276  -21.191  3.123  -57.339 0.0000000000
72125  -23.330  2.999  -56.327 0.0000000000
70398  -22.580  2.031  -56.427 0.0000000000
69564  -23.116  1.340  -55.936 0.0000000000
68674  -24.281  -0.042  -54.815 0.0000000000
112857  -21.701  -1.377  -56.152 0.0000000000
112846  -22.984  -0.966  -55.073 0.0000000000
112826  -25.498  -1.542  -54.666 0.0000000000
112803  -26.627  -2.525  -55.026 0.0000000000
112812  -26.822  -4.008  -55.063 0.0000000000
129585  -26.612  17.854  -58.926 0.0000000000
79376  -20.795  12.168  -60.855 0.0000000000
136623  -23.185  12.460  -59.406 0.0000000000
80267  -24.425  13.055  -58.408 0.0000000000
77422  -23.863  10.476  -58.274 0.0000000000
79344  -25.257  11.897  -57.601 0.0000000000
120867  -27.696  13.051  -57.953 0.0000000000
72112  -25.789  3.064  -55.540 0.0000000000
71263  -28.146  2.501  -56.065 0.0000000000
64382  -16.331  -5.630  -52.499 0.0000000000
112827  -17.990  -5.585  -53.601 0.0000000000
113074  -19.125  -5.840  -54.250 0.0000000000
112842  -20.713  -6.710  -55.087 0.0000000000
61841  -22.509  -8.988  -53.808 0.0000000000
62733  -23.152  -8.027  -54.392 0.0000000000
112822  -23.508  -6.598  -54.532 0.0000000000
80296  -19.303  12.948  -61.214 0.0000000000
125929  -21.673  3.571  -57.558 0.0000000000
73866  -21.554  4.481  -58.153 0.0000000000
72981  -22.064  4.288  -57.736 0.0000000000
73868  -22.808  5.126  -57.616 0.0000000000
73853  -23.443  4.948  -56.977 0.0000000000
72963  -25.048  5.107  -56.187 0.0000000000
72962  -24.137  4.608  -56.421 0.0000000000
114260  -17.783  -0.300  -55.338 0.0000000000
69544  -16.844  0.280  -55.056 0.0000000000
69560  -18.774  1.024  -56.270 0.0000000000
69561  -19.663  0.368  -56.368 0.0000000000
68671  -19.343  -0.464  -56.006 0.0000000000
112843  -21.166  -4.661  -55.413 0.0000000000
123511  -21.642  -4.082  -55.198 0.0000000000
113551  -23.788  -4.468  -54.517 0.0000000000
128526  -22.903  -5.047  -54.606 0.0000000000
125276  -21.940  17.943  -60.034 0.0000000000
85226  -21.115  18.273  -60.485 0.0000000000
85213  -22.709  18.672  -59.753 0.0000000000
85944  -23.151  19.616  -59.662 0.0000000000
85946  -25.197  19.712  -59.318 0.0000000000
117086  -24.596  18.854  -59.126 0.0000000000
121336  -26.564  15.041  -58.269 0.0000000000
82871  -27.434  15.483  -58.567 0.0000000000
82872  -27.967  15.006  -58.781 0.0000000000
82061  -28.083  14.322  -58.667 0.0000000000
75607  -19.750  7.449  -59.669 0.0000000000
75595  -17.977  7.329  -58.936 0.0000000000
76476  -18.973  8.219  -59.661 0.0000000000
76475  -18.110  8.544  -59.430 0.0000000000
76477  -19.897  8.351  -59.948 0.0000000000
77432  -20.978  9.408  -60.320 0.0000000000
76489  -21.012  8.555  -59.955 0.0000000000
77397  -27.327  9.600  -56.892 0.0000000000
78325  -27.620  10.168  -57.195 0.0000000000
69550  -25.784  0.571  -54.926 0.0000000000
128792  -27.707  0.500  -55.623 0.0000000000
69552  -27.942  -0.084  -55.635 0.0000000000
135853  -20.154  -9.445  -52.808 0.0000000000
61807  -19.048  -8.614  -51.931 0.0000000000
60963  -19.636  -8.822  -52.932 0.0000000000
61823  -18.727  -7.989  -52.606 0.0000000000
61839  -20.078  -8.391  -53.549 0.0000000000
112839  -16.837  -1.485  -54.307 0.0000000000
114583  -17.750  -2.066  -54.530 0.0000000000
113149  -16.913  -2.252  -53.948 0.0000000000
112838  -18.262  -3.970  -54.217 0.0000000000
113124  -18.786  -4.749  -54.298 0.0000000000
112849  -19.518  -4.676  -54.818 0.0000000000
112837  -19.268  -5.374  -54.481 0.0000000000
82888  -21.882  15.528  -60.339 0.0000000000
83712  -22.969  16.379  -59.419 0.0000000000
132700  -22.302  13.865  -60.232 0.0000000000
82066  -22.562  14.312  -59.822 0.0000000000
114686  -23.454  14.052  -59.158 0.0000000000
81178  -22.796  13.656  -59.660 0.0000000000
72136  -18.322  3.781  -57.360 0.0000000000
72977  -18.980  4.350  -57.913 0.0000000000
73881  -20.555  5.128  -58.753 0.0000000000
73880  -19.618  5.069  -58.880 0.0000000000
74763  -20.094  5.836  -59.254 0.0000000000
75596  -21.665  6.682  -58.992 0.0000000000
76466  -21.655  7.372  -59.174 0.0000000000
75576  -25.137  6.958  -56.746 0.0000000000
75585  -23.675  7.376  -57.585 0.0000000000
75586  -25.735  7.811  -56.614 0.0000000000
120500  -26.285  8.627  -56.581 0.0000000000
75587  -27.001  7.754  -56.441 0.0000000000
75588  -28.209  7.900  -56.617 0.0000000000
74752  -27.052  6.748  -56.341 0.0000000000
72964  -26.837  4.993  -55.905 0.0000000000
72966  -28.798  4.169  -56.579 0.0000000000
124263  -21.026  -10.380  -51.934 0.0000000000
60037  -22.292  -10.451  -51.267 0.0000000000
71240  -16.688  2.181  -55.784 0.0000000000
71256  -17.529  2.652  -56.466 0.0000000000
70392  -17.588  1.969  -56.186 0.0000000000
70395  -20.198  2.153  -56.820 0.0000000000
71258  -19.811  2.713  -57.042 0.0000000000
71259  -20.539  2.845  -57.154 0.0000000000
71275  -20.709  3.202  -57.395 0.0000000000
71260  -21.092  2.861  -57.137 0.0000000000
71261  -21.852  2.710  -56.902 0.0000000000
136694  -21.400  2.422  -56.808 0.0000000000
125392  -22.514  1.359  -56.286 0.0000000000
69547  -22.773  0.517  -55.877 0.0000000000
69548  -23.637  0.627  -55.391 0.0000000000
68673  -23.331  -0.176  -55.232 0.0000000000
112858  -19.455  -2.259  -55.488 0.0000000000
67760  -20.372  -1.311  -56.196 0.0000000000
112860  -20.211  -2.065  -55.961 0.0000000000
112952  -22.597  -2.633  -54.799 0.0000000000
112845  -22.617  -1.838  -55.184 0.0000000000
112834  -23.610  -1.510  -54.653 0.0000000000
112835  -24.520  -1.339  -54.580 0.0000000000
112825  -24.564  -2.119  -54.541 0.0000000000
112814  -25.795  -2.362  -54.685 0.0000000000
112918  -24.956  -4.411  -54.491 0.0000000000
128533  -25.953  -4.255  -54.630 0.0000000000
113121  -26.724  -4.996  -54.784 0.0000000000
131759  -27.592  -5.219  -54.948 0.0000000000
84448  -25.591  17.333  -58.562 0.0000000000
128875  -26.042  18.032  -58.732 0.0000000000
84449  -26.450  17.314  -58.668 0.0000000000
73864  -17.369  5.230  -57.689 0.0000000000
78342  -18.182  10.371  -59.932 0.0000000000
78353  -18.751  10.778  -60.423 0.0000000000
79364  -19.376  11.401  -60.672 0.0000000000
78355  -20.144  10.762  -60.640 0.0000000000
116006  -22.587  11.008  -59.412 0.0000000000
79354  -22.461  11.748  -59.741 0.0000000000
79355  -23.162  11.815  -59.268 0.0000000000
80280  -23.660  12.509  -58.901 0.0000000000
79343  -24.514  12.247  -58.263 0.0000000000
119302  -23.438  9.281  -58.178 0.0000000000
77406  -22.739  9.167  -58.737 0.0000000000
77408  -24.076  9.802  -57.825 0.0000000000
79331  -27.047  11.670  -57.452 0.0000000000
78334  -25.128  11.004  -57.483 0.0000000000
80257  -26.299  12.187  -57.500 0.0000000000
80269  -26.676  13.000  -57.670 0.0000000000
79345  -28.224  12.241  -58.128 0.0000000000
72110  -24.175  2.953  -55.729 0.0000000000
72111  -24.934  3.381  -55.676 0.0000000000
121064  -25.303  2.557  -55.523 0.0000000000
71245  -27.768  1.918  -55.783 0.0000000000
62700  -17.587  -7.093  -52.681 0.0000000000
112815  -17.119  -5.740  -53.101 0.0000000000
112651  -18.175  -6.247  -53.508 0.0000000000
112847  -19.856  -7.106  -54.423 0.0000000000
112836  -19.414  -6.458  -54.275 0.0000000000
112652  -19.938  -6.777  -54.975 0.0000000000
112830  -21.351  -7.239  -54.808 0.0000000000
60979  -22.426  -9.483  -53.281 0.0000000000
119987  -22.897  -7.181  -54.557 0.0000000000
134852  -16.819  -2.938  -53.710 0.0000000000
113093  -16.009  -3.360  -53.426 0.0000000000
115869  -21.667  14.892  -60.587 0.0000000000
82081  -21.029  14.250  -60.980 0.0000000000
81194  -21.048  13.816  -61.032 0.0000000000
80299  -21.493  13.465  -60.741 0.0000000000
72978  -19.845  3.976  -57.901 0.0000000000
72995  -20.895  4.240  -58.227 0.0000000000
120275  -21.338  5.047  -58.546 0.0000000000
123050  -22.253  6.336  -58.485 0.0000000000
74750  -22.850  6.023  -57.864 0.0000000000
74739  -24.278  6.353  -56.882 0.0000000000
74740  -25.240  6.058  -56.478 0.0000000000
74741  -26.208  6.341  -56.272 0.0000000000
73855  -26.001  5.532  -56.011 0.0000000000
73843  -25.883  4.604  -55.809 0.0000000000
135441  -16.997  0.928  -55.428 0.0000000000
70381  -17.725  1.291  -55.922 0.0000000000
130820  -21.366  1.593  -56.607 0.0000000000
69562  -20.539  1.218  -56.600 0.0000000000
123440  -21.332  0.367  -56.445 0.0000000000
68687  -21.670  -0.526  -56.268 0.0000000000
135403  -20.998  -3.420  -55.744 0.0000000000
112855  -20.754  -2.822  -55.816 0.0000000000
128540  -21.597  -3.359  -55.389 0.0000000000
112961  -22.069  -3.065  -55.011 0.0000000000
128521  -23.141  -2.898  -54.515 0.0000000000
112813  -25.060  -3.005  -54.544 0.0000000000
115072  -24.412  -3.688  -54.500 0.0000000000
112655  -24.578  -5.218  -54.491 0.0000000000
84469  -20.375  17.385  -60.648 0.0000000000
85943  -22.202  19.469  -60.094 0.0000000000
85960  -26.476  19.462  -60.009 0.0000000000
125048  -25.500  15.531  -58.367 0.0000000000
83705  -26.811  16.705  -58.623 0.0000000000
83706  -27.344  16.318  -58.756 0.0000000000
76464  -16.424  8.430  -58.247 0.0000000000
123770  -17.456  9.168  -59.273 0.0000000000
77418  -18.377  9.295  -59.726 0.0000000000
77429  -18.951  9.862  -60.253 0.0000000000
78356  -20.747  10.283  -60.546 0.0000000000
77431  -20.215  9.778  -60.477 0.0000000000
78344  -22.075  10.298  -59.782 0.0000000000
78332  -22.727  10.106  -59.142 0.0000000000
77395  -25.601  9.306  -56.917 0.0000000000
77409  -25.013  9.998  -57.537 0.0000000000
78324  -25.903  10.071  -57.380 0.0000000000
115595  -27.327  10.907  -57.374 0.0000000000
79332  -27.926  11.594  -57.648 0.0000000000
70384  -25.185  1.880  -55.407 0.0000000000
71243  -26.209  1.807  -55.330 0.0000000000
70385  -27.003  1.051  -55.435 0.0000000000
70386  -27.831  1.072  -55.720 0.0000000000
61822  -17.921  -7.589  -52.521 0.0000000000
62713  -18.095  -6.879  -53.285 0.0000000000
62714  -18.947  -7.142  -53.523 0.0000000000
62715  -19.792  -7.494  -53.845 0.0000000000
68670  -16.802  -0.597  -54.655 0.0000000000
129900  -18.689  -0.827  -55.570 0.0000000000
113106  -18.756  -1.688  -55.322 0.0000000000
113031  -19.438  -3.177  -55.168 0.0000000000
112996  -17.791  -2.984  -54.213 0.0000000000
113139  -18.662  -3.354  -54.628 0.0000000000
112851  -19.842  -3.958  -55.302 0.0000000000
112995  -20.210  -4.529  -55.322 0.0000000000
113174  -20.549  -5.044  -55.330 0.0000000000
83719  -19.994  16.564  -61.055 0.0000000000
83720  -20.897  16.438  -60.765 0.0000000000
84471  -21.980  17.058  -59.844 0.0000000000
84458  -22.713  17.700  -59.617 0.0000000000
128890  -24.313  18.002  -58.959 0.0000000000
84459  -23.498  17.311  -59.143 0.0000000000
83713  -23.881  16.484  -58.819 0.0000000000
82065  -22.179  14.888  -60.241 0.0000000000
134610  -22.706  15.033  -59.651 0.0000000000
82879  -24.192  15.618  -58.643 0.0000000000
82058  -25.496  14.387  -58.158 0.0000000000
72993  -19.501  4.503  -58.326 0.0000000000
72992  -18.939  4.930  -58.612 0.0000000000
73878  -18.129  5.674  -58.416 0.0000000000
74772  -19.101  6.271  -59.226 0.0000000000
74773  -19.642  6.511  -59.438 0.0000000000
76478  -21.418  8.016  -59.511 0.0000000000
133350  -21.934  7.892  -59.009 0.0000000000
76467  -22.516  8.202  -58.647 0.0000000000
76468  -23.208  8.567  -58.170 0.0000000000
75584  -22.897  6.919  -57.993 0.0000000000
76452  -23.796  8.138  -57.685 0.0000000000
76453  -24.417  8.497  -57.347 0.0000000000
76454  -25.191  8.540  -56.876 0.0000000000
76456  -28.466  8.592  -56.909 0.0000000000
112789  -27.452  -1.318  -55.426 0.0000000000
60941  -20.644  -9.909  -52.543 0.0000000000
133502  -19.005  3.546  -57.328 0.0000000000
71257  -18.715  2.532  -56.716 0.0000000000
71273  -19.461  3.274  -57.272 0.0000000000
130500  -19.939  3.603  -57.622 0.0000000000
72137  -20.344  3.530  -57.623 0.0000000000
72139  -21.241  3.381  -57.550 0.0000000000
72960  -22.457  3.677  -57.263 0.0000000000
122884  -23.107  3.452  -56.744 0.0000000000
72124  -22.514  3.064  -56.894 0.0000000000
71262  -22.836  2.545  -56.470 0.0000000000
71241  -23.657  2.497  -55.894 0.0000000000
70397  -21.947  1.930  -56.602 0.0000000000
70383  -24.203  1.931  -55.612 0.0000000000
114969  -24.955  1.303  -55.217 0.0000000000
69549  -24.636  0.670  -54.999 0.0000000000
68675  -25.440  -0.082  -54.760 0.0000000000
68685  -20.070  -0.576  -56.281 0.0000000000
68686  -20.955  -0.756  -56.377 0.0000000000
67761  -22.119  -0.757  -56.032 0.0000000000
114319  -21.510  -2.285  -55.966 0.0000000000
113377  -22.345  -1.244  -55.709 0.0000000000
68672  -22.596  -0.450  -55.671 0.0000000000
113506  -23.906  -0.772  -54.700 0.0000000000
68666  -25.007  -0.770  -54.633 0.0000000000
67755  -26.290  -0.877  -54.916 0.0000000000
112804  -26.541  -1.796  -55.007 0.0000000000
112788  -27.314  -2.171  -55.359 0.0000000000
112802  -26.145  -3.273  -54.739 0.0000000000
85205  -25.193  18.112  -58.735 0.0000000000
126280  -26.315  18.439  -58.965 0.0000000000
84462  -27.211  17.235  -59.525 0.0000000000
123657  -19.589  12.226  -60.948 0.0000000000
80288  -21.469  12.642  -60.659 0.0000000000
114143  -20.784  11.164  -60.630 0.0000000000
79366  -22.061  12.149  -60.299 0.0000000000
80279  -23.070  12.994  -59.533 0.0000000000
115982  -23.592  13.340  -59.040 0.0000000000
81167  -25.123  13.576  -58.058 0.0000000000
81168  -26.095  13.679  -57.766 0.0000000000
123885  -21.502  8.927  -59.770 0.0000000000
78345  -23.361  10.861  -58.759 0.0000000000
78333  -24.416  10.719  -57.705 0.0000000000
124214  -24.528  11.490  -58.054 0.0000000000
80268  -25.417  12.860  -57.706 0.0000000000
81169  -27.160  13.758  -57.855 0.0000000000
81170  -27.936  13.769  -58.325 0.0000000000
72126  -23.885  3.717  -56.018 0.0000000000
72949  -25.793  3.737  -55.643 0.0000000000
72950  -26.920  3.920  -55.643 0.0000000000
71244  -26.572  2.433  -55.500 0.0000000000
72114  -27.364  2.891  -55.659 0.0000000000
72127  -28.181  3.375  -56.159 0.0000000000
113123  -16.188  -5.167  -52.987 0.0000000000
113194  -17.152  -5.162  -53.316 0.0000000000
64383  -18.740  -6.373  -53.722 0.0000000000
134574  -18.620  -5.889  -53.834 0.0000000000
115426  -18.645  -5.418  -54.005 0.0000000000
132963  -19.663  -6.029  -54.827 0.0000000000
119861  -20.224  -5.700  -55.196 0.0000000000
135110  -21.757  -5.659  -54.843 0.0000000000
128861  -20.878  -8.689  -53.659 0.0000000000
61840  -21.524  -8.502  -53.932 0.0000000000
61855  -22.251  -8.353  -54.305 0.0000000000
62732  -22.157  -7.677  -54.584 0.0000000000
116628  -22.154  -6.992  -54.665 0.0000000000
112831  -22.648  -6.422  -54.617 0.0000000000
113024  -22.336  -5.684  -54.672 0.0000000000
113168  -23.210  -5.829  -54.576 0.0000000000
60036  -21.654  -10.512  -51.658 0.0000000000
60978  -21.562  -9.318  -53.462 0.0000000000
62701  -18.352  -7.460  -53.098 0.0000000000
62730  -20.362  -7.589  -54.362 0.0000000000
63572  -18.699  -6.701  -53.594 0.0000000000
63587  -19.052  -6.457  -53.846 0.0000000000
69551  -26.932  0.326  -55.351 0.0000000000
70382  -23.344  1.982  -56.000 0.0000000000
70393  -18.425  1.733  -56.389 0.0000000000
72113  -26.466  3.212  -55.556 0.0000000000
72138  -20.800  3.393  -57.571 0.0000000000
72140  -21.731  3.206  -57.301 0.0000000000
72979  -20.458  3.796  -57.866 0.0000000000
72980  -21.358  3.827  -57.811 0.0000000000
72982  -22.818  4.411  -57.326 0.0000000000
73879  -18.949  5.600  -59.008 0.0000000000
74738  -23.493  5.795  -57.191 0.0000000000
74764  -20.952  6.129  -59.110 0.0000000000
74774  -20.395  6.783  -59.513 0.0000000000
75597  -22.253  7.310  -58.624 0.0000000000
75605  -18.296  7.881  -59.320 0.0000000000
76469  -23.903  8.913  -57.726 0.0000000000
76487  -20.005  9.044  -60.341 0.0000000000
76488  -20.500  8.723  -60.121 0.0000000000
77407  -23.390  9.941  -58.523 0.0000000000
77420  -21.617  9.681  -60.011 0.0000000000
77430  -19.605  9.588  -60.341 0.0000000000
78346  -24.025  11.053  -58.317 0.0000000000
79353  -22.025  11.188  -60.098 0.0000000000
79365  -21.438  11.623  -60.495 0.0000000000
79375  -20.132  11.741  -60.832 0.0000000000
80278  -22.588  12.552  -59.770 0.0000000000
80289  -22.053  13.081  -60.417 0.0000000000
80298  -20.962  13.077  -61.093 0.0000000000
81180  -28.311  13.751  -58.957 0.0000000000
81186  -21.450  14.035  -60.742 0.0000000000
81187  -21.947  13.748  -60.501 0.0000000000
82057  -24.337  14.671  -58.557 0.0000000000
82060  -27.487  14.549  -58.279 0.0000000000
82072  -21.384  14.407  -60.744 0.0000000000
82877  -22.446  15.594  -59.798 0.0000000000
83704  -26.065  16.584  -58.463 0.0000000000
83711  -22.178  16.283  -59.861 0.0000000000
84450  -27.056  17.137  -58.914 0.0000000000
84461  -26.905  17.726  -59.251 0.0000000000
85216  -26.653  18.299  -59.331 0.0000000000
85947  -26.021  19.655  -59.460 0.0000000000
112662  -18.900  -6.197  -53.884 0.0000000000
112764  -21.318  -3.046  -55.661 0.0000000000
112779  -23.382  -2.248  -54.587 0.0000000000
112823  -24.111  -5.985  -54.511 0.0000000000
112841  -20.473  -7.353  -54.860 0.0000000000
112844  -23.391  -3.553  -54.511 0.0000000000
112852  -20.256  -6.266  -55.161 0.0000000000
112853  -20.620  -3.784  -55.630 0.0000000000
112856  -20.944  -1.803  -56.213 0.0000000000
113020  -22.000  -3.573  -54.926 0.0000000000
113098  -21.010  -5.720  -55.253 0.0000000000
113136  -21.698  -6.350  -54.808 0.0000000000
113293  -20.792  -4.374  -55.561 0.0000000000
113423  -20.172  -3.331  -55.558 0.0000000000
117512  -23.929  1.351  -55.510 0.0000000000
118078  -26.367  18.947  -59.363 0.0000000000
121666  -24.229  7.026  -57.145 0.0000000000
127052  -22.570  20.350  -59.886 0.0000000000
128469  -27.501  -4.531  -55.160 0.0000000000
128505  -22.602  -3.282  -54.631 0.0000000000
131267  -23.034  -8.658  -54.151 0.0000000000
131347  -26.390  -0.124  -55.061 0.0000000000
131709  -23.656  -7.324  -54.462 0.0000000000
133311  -22.066  -1.913  -55.861 0.0000000000
133589  -26.774  10.198  -57.155 0.0000000000
134028  -18.271  -1.896  -54.941 0.0000000000
134739  -25.719  6.616  -56.457 0.0000000000
135083  -21.129  5.546  -58.790 0.0000000000
135528  -20.675  14.010  -61.297 0.0000000000
136387  -20.445  9.213  -60.336 0.0000000000
