#!ascii label  , from subject sub-v1s18x0051219_ses-1 vox2ras=TkReg
1485
27350  41.620  -44.512  -52.430 0.6000000238
115393  42.166  -45.214  -52.520 0.5000000000
29348  42.262  -42.814  -51.211 0.6999999881
29349  41.443  -42.617  -51.547 0.6000000238
30281  41.579  -41.705  -50.355 0.6000000238
116581  42.171  -43.853  -52.217 0.6999999881
28352  41.281  -43.674  -52.266 0.6000000238
29358  40.970  -42.970  -52.102 0.5000000000
29359  40.252  -42.844  -52.133 0.5000000000
30288  41.176  -42.064  -51.147 0.6000000238
30282  40.809  -41.513  -50.836 0.6000000238
27349  42.635  -44.593  -52.375 0.5000000000
135610  41.561  -45.139  -52.500 0.5000000000
27351  40.680  -44.284  -52.347 0.6000000238
25354  42.082  -46.774  -52.571 0.5000000000
24326  42.633  -47.683  -52.599 0.5000000000
31209  42.991  -40.523  -50.275 0.6000000238
31210  42.183  -41.101  -49.847 0.6999999881
29347  43.183  -42.701  -51.064 0.6000000238
30280  42.358  -41.801  -50.349 0.6000000238
28351  43.111  -43.998  -52.065 0.6000000238
28341  42.706  -43.366  -51.635 0.6999999881
31211  41.181  -41.115  -49.869 0.6000000238
114878  43.156  -45.388  -52.526 0.5000000000
31204  40.908  -40.408  -49.573 0.6000000238
26414  42.599  -46.039  -52.563 0.5000000000
31205  40.451  -40.176  -50.113 0.6000000238
25353  43.057  -46.879  -52.573 0.5000000000
32134  40.287  -39.878  -52.019 0.6000000238
33081  40.091  -39.308  -50.640 0.6999999881
33082  39.742  -38.287  -51.995 0.6999999881
32128  39.860  -39.014  -52.477 0.6000000238
33089  39.502  -38.306  -52.468 0.6000000238
33090  38.919  -37.994  -52.408 0.6000000238
36231  35.527  -35.004  -50.755 0.5000000000
37185  35.972  -34.272  -49.027 0.6999999881
37209  35.445  -34.735  -50.398 0.6000000238
37186  35.429  -34.963  -48.404 0.6999999881
32127  43.094  -39.571  -50.176 0.6000000238
32119  42.210  -39.718  -49.553 0.6999999881
30279  43.086  -41.914  -50.576 0.6999999881
127875  42.836  -41.267  -50.354 0.6000000238
31203  41.695  -40.437  -49.538 0.6999999881
28340  43.600  -43.381  -51.627 0.6000000238
30287  43.815  -41.871  -51.180 0.6000000238
32120  41.366  -39.798  -49.217 0.8000000119
116400  44.635  -44.167  -52.432 0.5000000000
28350  43.947  -43.998  -51.936 0.5000000000
33071  41.160  -39.041  -48.725 0.8000000119
26413  44.217  -45.644  -52.693 0.5000000000
27348  43.784  -44.713  -52.371 0.5000000000
33072  40.271  -38.981  -48.948 0.8000000119
32121  40.678  -39.731  -49.232 0.6000000238
25352  43.896  -46.971  -52.652 0.5000000000
33073  39.713  -38.408  -49.992 0.8000000119
34140  39.393  -37.493  -51.355 0.6999999881
34132  39.405  -37.510  -49.534 0.6999999881
35218  38.381  -36.081  -51.211 0.6999999881
35207  39.027  -36.639  -50.700 0.6999999881
35227  38.149  -36.449  -51.728 0.6000000238
35217  38.903  -36.929  -51.758 0.6000000238
34147  39.222  -37.771  -52.211 0.6000000238
36229  37.025  -34.934  -51.429 0.6999999881
35228  37.664  -36.766  -51.713 0.6999999881
124348  36.183  -34.774  -51.200 0.6999999881
35229  36.806  -36.077  -51.406 0.6000000238
37199  35.776  -34.148  -50.216 0.8000000119
37208  35.825  -34.290  -50.891 0.8000000119
36230  36.078  -35.482  -51.073 0.6000000238
38166  36.841  -33.845  -48.334 0.8999999762
37172  35.764  -35.038  -47.116 0.6999999881
33080  42.635  -38.895  -49.721 0.6999999881
33069  42.894  -38.013  -49.789 0.6999999881
121169  43.651  -40.070  -50.624 0.6000000238
34130  42.344  -37.564  -49.277 0.6000000238
31217  44.410  -41.050  -51.441 0.4000000060
33070  42.066  -38.454  -49.238 0.6999999881
30286  44.627  -41.883  -51.691 0.6000000238
118657  45.254  -43.487  -52.556 0.4000000060
29357  44.895  -42.649  -52.114 0.5000000000
29346  44.100  -42.678  -51.531 0.6000000238
27347  44.889  -45.040  -52.788 0.5000000000
33059  40.564  -38.266  -48.460 0.8000000119
34117  39.620  -37.393  -48.440 0.8000000119
25351  44.651  -46.595  -52.832 0.5000000000
36221  38.584  -35.010  -49.657 0.8000000119
35208  38.584  -35.729  -49.919 0.6999999881
36228  37.910  -35.010  -50.951 0.8000000119
37206  37.301  -34.093  -51.174 0.8999999762
37207  36.548  -34.116  -51.134 0.8999999762
36236  37.746  -35.690  -51.449 0.6999999881
38178  36.462  -33.638  -49.717 0.8999999762
38190  36.387  -33.732  -50.680 0.8999999762
38141  36.945  -33.845  -45.994 0.8000000119
37147  36.245  -34.307  -45.668 0.8000000119
38152  37.068  -33.952  -47.047 0.8000000119
37155  36.454  -34.475  -46.525 0.8000000119
37171  36.317  -34.455  -47.699 0.6999999881
34129  43.094  -37.184  -49.771 0.6000000238
33079  43.423  -38.535  -50.300 0.5000000000
35206  42.568  -36.751  -49.249 0.6999999881
32132  44.810  -39.417  -51.579 0.4000000060
32133  44.279  -40.153  -51.192 0.5000000000
32126  44.043  -39.179  -50.866 0.6000000238
34131  41.453  -38.038  -48.669 0.6999999881
31226  45.031  -41.189  -51.948 0.5000000000
34115  40.875  -37.457  -48.209 0.6999999881
30295  46.092  -41.736  -53.037 0.5000000000
28356  46.275  -43.688  -53.449 0.4000000060
29356  45.744  -42.664  -52.788 0.4000000060
35182  39.812  -35.936  -47.463 0.8000000119
34116  40.066  -37.550  -48.103 0.8000000119
118893  39.125  -36.591  -48.839 0.8000000119
35194  39.676  -36.801  -47.893 0.8000000119
33060  39.871  -38.140  -48.682 0.8000000119
26412  45.206  -45.904  -53.145 0.3000000119
37184  38.993  -34.412  -49.556 0.8000000119
35195  38.906  -35.617  -48.637 0.8000000119
37198  38.180  -34.260  -50.790 0.8000000119
38188  37.778  -33.451  -51.019 0.8999999762
129259  37.870  -33.040  -51.051 0.8999999762
38196  37.225  -33.470  -50.948 0.8999999762
39281  37.712  -32.876  -50.765 0.8999999762
38189  37.089  -33.211  -50.310 0.8999999762
38142  36.305  -33.553  -45.357 0.8000000119
38133  35.568  -33.424  -44.884 0.8000000119
38177  37.326  -33.248  -49.025 0.8999999762
38151  37.474  -33.240  -46.561 0.8000000119
38165  37.586  -33.367  -47.677 0.8000000119
34139  43.587  -37.620  -50.307 0.6000000238
35205  43.264  -36.440  -49.662 0.6000000238
33078  44.148  -38.111  -50.821 0.6000000238
32131  45.346  -38.865  -51.985 0.4000000060
33088  44.712  -38.532  -51.429 0.4000000060
34114  41.785  -37.123  -48.717 0.6999999881
31216  45.104  -40.318  -51.872 0.4000000060
35192  41.215  -36.634  -48.118 0.6999999881
31225  45.627  -40.942  -52.506 0.5000000000
128716  45.771  -40.046  -52.602 0.4000000060
35193  40.266  -36.787  -47.738 0.6999999881
31224  46.373  -40.731  -53.307 0.5000000000
36198  39.698  -35.056  -47.406 0.8000000119
36209  39.301  -35.358  -47.824 0.8000000119
129213  38.464  -33.711  -50.786 0.8000000119
38195  38.546  -32.945  -51.010 0.8999999762
39292  38.520  -32.608  -50.925 0.8999999762
39264  37.726  -32.698  -49.770 0.8999999762
39217  36.443  -32.107  -45.311 0.8000000119
120274  38.033  -32.778  -48.336 1.0000000000
127303  36.962  -32.858  -45.657 0.8000000119
39249  38.038  -32.690  -47.172 1.0000000000
39230  37.642  -32.367  -46.313 0.8000000119
36220  42.774  -35.968  -49.068 0.6000000238
34138  44.244  -37.229  -50.735 0.6000000238
33087  45.299  -38.061  -51.886 0.4000000060
135281  45.395  -39.558  -52.115 0.4000000060
127514  41.473  -35.943  -48.068 0.6999999881
32139  46.275  -39.672  -53.198 0.5000000000
33094  45.779  -38.448  -52.500 0.4000000060
35181  40.611  -35.984  -47.590 0.8000000119
37170  39.460  -34.515  -47.894 0.8000000119
124509  40.375  -33.852  -47.393 0.8000000119
38186  40.014  -33.345  -49.598 0.8000000119
38176  39.655  -33.829  -48.624 0.8000000119
39279  39.464  -32.778  -51.139 0.8000000119
38187  39.251  -33.514  -50.458 0.8000000119
39280  38.253  -32.343  -50.184 0.8999999762
40404  39.180  -32.019  -51.221 0.8999999762
134695  38.367  -32.341  -48.953 1.0000000000
39248  38.508  -32.166  -47.837 1.0000000000
39216  37.078  -31.812  -45.680 0.8000000119
39218  36.047  -32.726  -45.057 0.8000000119
40354  37.648  -31.452  -46.218 0.8000000119
39229  38.252  -31.892  -46.882 0.8000000119
35215  44.355  -36.346  -50.571 0.6000000238
35216  43.716  -36.817  -50.217 0.6000000238
36219  43.476  -35.727  -49.516 0.6000000238
36208  42.070  -35.399  -48.284 0.6999999881
37182  42.249  -34.391  -47.958 0.6999999881
34145  45.298  -37.250  -51.783 0.4000000060
34146  44.747  -37.658  -51.327 0.5000000000
37183  41.470  -34.644  -47.614 0.8000000119
37168  40.625  -34.479  -47.344 0.8000000119
116196  46.234  -38.060  -53.003 0.4000000060
34155  45.775  -37.650  -52.388 0.4000000060
38164  39.974  -33.747  -47.618 0.8000000119
112683  39.881  -33.005  -50.780 0.8000000119
39291  39.532  -32.220  -51.344 0.8999999762
39302  40.401  -32.002  -52.153 0.8000000119
40393  38.825  -31.888  -50.463 1.0000000000
40392  39.432  -31.457  -50.758 1.0000000000
39263  38.862  -31.722  -48.899 1.0000000000
41462  38.478  -30.458  -47.112 1.0000000000
40345  37.065  -30.956  -45.801 0.8999999762
40346  36.379  -31.344  -45.435 0.8000000119
41437  36.312  -30.543  -45.790 0.8999999762
127536  37.550  -30.694  -46.292 1.0000000000
41436  37.031  -30.215  -46.275 1.0000000000
42496  38.483  -29.807  -47.446 1.0000000000
42519  38.666  -29.155  -48.377 1.0000000000
42497  37.865  -29.525  -47.581 1.0000000000
132423  37.213  -29.376  -47.884 1.0000000000
42520  37.782  -28.898  -48.624 1.0000000000
122848  43.738  -35.046  -49.344 0.6999999881
128760  43.463  -34.661  -48.934 0.6999999881
37181  43.087  -34.167  -48.448 0.6999999881
36218  44.194  -35.552  -49.984 0.6000000238
35214  44.948  -36.184  -51.072 0.6000000238
35225  45.355  -36.453  -51.620 0.5000000000
38174  42.330  -33.296  -47.687 0.8000000119
35235  45.795  -36.836  -52.267 0.4000000060
119015  41.278  -33.751  -47.421 0.8000000119
39247  40.768  -32.619  -47.858 0.8000000119
38175  40.236  -33.153  -48.075 0.8000000119
39278  40.457  -32.823  -50.419 0.8000000119
39262  40.588  -32.715  -48.703 0.8000000119
39290  40.262  -32.425  -51.518 0.6999999881
40402  41.046  -31.711  -52.788 0.8000000119
40403  39.956  -31.730  -51.863 0.8999999762
41499  40.762  -30.819  -52.297 1.0000000000
40378  39.382  -31.091  -49.240 1.0000000000
41500  39.988  -30.948  -51.055 1.0000000000
41490  40.509  -29.755  -50.015 1.0000000000
41474  39.476  -30.158  -48.413 1.0000000000
42518  39.554  -29.247  -48.703 1.0000000000
42495  39.035  -29.688  -47.957 1.0000000000
42478  36.114  -29.882  -46.648 1.0000000000
42477  37.116  -29.651  -47.005 1.0000000000
42498  36.410  -29.447  -47.732 1.0000000000
42521  36.831  -28.965  -48.770 1.0000000000
37197  43.850  -34.259  -49.093 0.6999999881
124914  45.208  -35.027  -50.697 0.5000000000
37196  44.258  -34.834  -49.644 0.6999999881
36227  44.805  -35.616  -50.643 0.6000000238
36226  45.417  -35.583  -51.294 0.5000000000
131156  41.522  -32.918  -47.483 0.8000000119
39246  41.359  -32.408  -47.641 0.8000000119
39277  41.107  -32.320  -51.484 0.8000000119
40377  41.112  -32.324  -49.691 0.8000000119
39301  41.174  -32.016  -52.549 0.6999999881
40409  42.442  -31.387  -53.483 0.8999999762
41505  43.958  -31.094  -54.270 0.8000000119
122711  43.712  -29.401  -53.654 0.8000000119
43622  43.340  -28.538  -52.830 0.8000000119
41507  41.842  -31.141  -53.469 0.8999999762
41506  43.131  -30.850  -54.257 0.8000000119
42550  43.731  -29.833  -54.191 0.8000000119
41498  42.254  -30.153  -53.427 0.8999999762
42541  42.612  -28.846  -53.122 0.8999999762
43634  43.398  -28.680  -53.217 0.8000000119
42537  41.350  -29.311  -51.432 0.8999999762
41473  39.873  -29.674  -49.029 1.0000000000
43593  40.012  -28.577  -49.497 1.0000000000
43594  39.200  -28.334  -49.590 1.0000000000
42522  35.773  -29.099  -48.760 1.0000000000
131082  40.299  -28.057  -50.159 1.0000000000
43595  38.295  -28.245  -49.895 1.0000000000
43597  36.327  -28.444  -49.937 1.0000000000
43613  38.352  -27.265  -50.901 1.0000000000
43614  36.835  -27.604  -51.027 1.0000000000
38185  44.971  -33.442  -49.688 0.6999999881
38172  44.271  -33.479  -49.072 0.6999999881
38173  43.423  -33.285  -48.362 0.6999999881
39260  43.486  -32.377  -48.095 0.6999999881
37204  45.273  -34.237  -50.356 0.6000000238
39261  42.786  -32.551  -47.740 0.6999999881
38162  42.104  -32.352  -47.530 0.6999999881
40376  41.801  -31.323  -48.797 0.6999999881
40366  41.179  -32.062  -48.094 0.6999999881
40391  41.792  -31.861  -51.008 0.6999999881
40408  43.393  -31.338  -53.674 0.6999999881
40401  42.147  -31.747  -52.594 0.6999999881
42540  43.431  -29.641  -52.713 0.8000000119
123445  42.898  -28.871  -51.253 0.8000000119
43610  42.762  -28.318  -51.017 0.8000000119
122481  43.069  -27.778  -51.844 0.8000000119
44773  43.198  -27.327  -52.422 0.8000000119
44774  43.143  -27.513  -53.070 0.8999999762
46004  43.303  -27.090  -53.033 0.8000000119
43623  42.526  -28.046  -52.531 1.0000000000
115857  43.280  -27.077  -53.037 0.8000000119
126784  40.654  -28.823  -50.064 1.0000000000
42536  41.447  -28.436  -51.405 1.0000000000
42517  40.181  -29.192  -49.241 1.0000000000
44761  39.575  -27.113  -51.040 1.0000000000
43598  35.171  -28.519  -49.873 1.0000000000
43612  39.085  -27.315  -50.651 1.0000000000
120685  37.640  -27.258  -51.039 1.0000000000
116333  37.962  -26.926  -51.137 1.0000000000
39276  44.618  -32.785  -49.086 0.6999999881
129897  44.031  -32.839  -48.592 0.6999999881
39245  42.832  -31.723  -47.675 0.6000000238
40364  42.947  -30.994  -47.702 0.6000000238
40365  42.090  -31.652  -47.682 0.6999999881
40375  42.548  -30.897  -47.935 0.6999999881
40390  42.234  -31.110  -50.364 0.6999999881
42535  42.724  -29.460  -50.330 0.8000000119
40400  42.735  -31.430  -52.281 0.6999999881
44759  42.346  -26.988  -49.543 0.8000000119
45984  42.350  -26.449  -50.306 0.8000000119
47082  43.207  -26.479  -52.968 0.8000000119
114131  42.462  -26.795  -52.915 0.8000000119
46005  43.095  -26.421  -53.110 0.8000000119
43611  41.116  -27.923  -50.890 1.0000000000
133216  41.683  -27.336  -52.195 1.0000000000
47091  42.699  -25.261  -53.484 0.6999999881
44787  40.761  -26.500  -52.187 1.0000000000
46006  41.638  -26.075  -52.880 0.8999999762
44788  39.591  -26.319  -51.857 1.0000000000
44775  39.406  -26.623  -51.324 1.0000000000
45998  39.367  -26.379  -51.337 1.0000000000
43599  33.872  -28.432  -50.030 1.0000000000
127894  38.949  -26.830  -51.138 1.0000000000
44762  38.401  -26.886  -51.089 1.0000000000
43625  36.351  -27.179  -51.353 1.0000000000
123672  35.824  -27.793  -50.947 1.0000000000
43615  34.564  -27.783  -50.912 1.0000000000
43624  36.991  -27.030  -51.320 1.0000000000
41472  42.455  -30.263  -49.136 0.6999999881
41489  42.682  -30.397  -51.264 0.6999999881
119442  42.643  -27.725  -49.855 0.6999999881
47075  42.207  -25.622  -50.635 0.6999999881
47083  42.706  -25.638  -52.303 0.6999999881
47088  42.875  -25.429  -53.310 0.6999999881
46007  40.026  -25.894  -52.451 0.8999999762
47084  39.552  -25.731  -52.035 1.0000000000
43627  33.843  -27.134  -51.409 1.0000000000
114283  39.166  -26.366  -50.566 1.0000000000
44776  35.917  -26.938  -51.384 1.0000000000
131201  37.410  -26.838  -51.080 1.0000000000
130347  43.674  -31.729  -48.017 0.6000000238
40374  43.524  -31.054  -47.818 0.6000000238
41460  43.623  -30.357  -47.885 0.6000000238
41461  43.261  -30.150  -47.981 0.6000000238
42516  42.901  -29.353  -48.737 0.6000000238
44743  42.651  -27.959  -48.463 0.6999999881
44744  42.152  -27.183  -48.393 0.6999999881
45976  41.854  -26.443  -48.778 0.6999999881
47068  41.748  -25.699  -49.229 0.6999999881
125479  41.673  -24.880  -49.576 0.6999999881
121714  42.172  -24.804  -51.247 0.6999999881
54626  45.387  -18.298  -43.585 0.3000000119
115079  43.033  -23.862  -53.669 0.6999999881
116974  42.115  -23.901  -51.956 0.6999999881
55683  46.195  -16.911  -43.669 0.3000000119
126699  42.986  -23.825  -53.724 0.8000000119
42503  30.940  -28.791  -47.794 0.8999999762
47090  40.186  -25.239  -52.558 1.0000000000
43576  32.016  -28.501  -49.017 1.0000000000
124397  33.383  -27.642  -50.978 1.0000000000
43600  32.420  -27.831  -50.357 1.0000000000
47076  39.449  -25.793  -50.202 1.0000000000
114143  38.038  -26.735  -50.823 1.0000000000
45985  36.869  -26.911  -51.279 1.0000000000
43626  35.226  -27.172  -51.423 1.0000000000
44763  36.623  -26.649  -50.868 1.0000000000
41471  44.252  -30.509  -48.037 0.6000000238
41459  44.191  -29.902  -47.871 0.6000000238
42492  44.486  -29.336  -47.747 0.6000000238
42493  43.898  -29.496  -47.829 0.6000000238
127771  43.829  -28.242  -47.083 0.6000000238
44723  43.423  -27.993  -47.015 0.6999999881
44724  42.941  -28.015  -47.405 0.6999999881
42494  43.553  -29.286  -48.007 0.6000000238
48145  46.428  -24.328  -46.934 0.3000000119
49189  45.753  -24.167  -46.142 0.3000000119
45963  41.719  -26.511  -47.626 0.6999999881
135112  41.500  -25.093  -48.523 0.6999999881
53507  45.530  -19.185  -43.540 0.3000000119
53509  44.302  -19.590  -43.794 0.4000000060
126617  44.736  -18.080  -43.815 0.4000000060
53521  44.185  -18.762  -44.002 0.4000000060
41463  30.857  -29.828  -47.270 0.6999999881
114980  30.044  -29.607  -47.489 0.6999999881
56697  44.728  -16.732  -45.589 0.3000000119
55684  45.392  -17.444  -43.745 0.3000000119
49236  42.191  -23.082  -52.610 0.6999999881
56685  45.271  -16.209  -45.054 0.3000000119
55697  44.837  -17.347  -44.165 0.3000000119
126294  41.531  -23.650  -53.302 0.8000000119
43577  30.929  -28.017  -48.990 0.8999999762
55707  44.440  -17.344  -44.928 0.3000000119
55698  44.260  -18.000  -44.386 0.3000000119
48199  39.921  -24.659  -52.141 0.8000000119
48193  39.684  -24.822  -51.083 1.0000000000
43616  32.606  -27.049  -51.243 1.0000000000
47069  39.394  -26.019  -49.442 1.0000000000
45987  35.133  -26.629  -51.278 1.0000000000
45999  33.989  -26.375  -51.220 1.0000000000
44746  38.482  -26.620  -50.272 1.0000000000
45986  36.243  -26.797  -51.252 1.0000000000
44747  37.703  -26.734  -49.750 1.0000000000
44749  36.026  -26.543  -49.844 1.0000000000
114436  36.329  -26.764  -48.924 1.0000000000
44701  43.717  -27.657  -46.635 0.6999999881
44702  43.001  -27.503  -46.676 0.6999999881
47054  45.905  -25.738  -46.881 0.3000000119
47038  45.826  -24.956  -46.612 0.4000000060
44703  42.409  -27.296  -46.933 0.6999999881
136375  42.005  -27.067  -47.373 0.6999999881
48130  44.829  -24.307  -45.575 0.4000000060
47055  41.508  -25.761  -48.072 0.6999999881
50252  45.565  -22.923  -44.978 0.3000000119
49167  44.452  -23.686  -45.099 0.5000000000
48163  41.399  -24.973  -47.570 0.6999999881
48176  41.442  -24.258  -48.428 0.6999999881
49145  44.864  -23.149  -44.871 0.5000000000
51327  44.865  -21.082  -43.712 0.4000000060
51340  43.341  -21.711  -44.592 0.6000000238
119213  43.543  -20.964  -44.316 0.5000000000
124770  41.651  -23.877  -49.974 0.6999999881
52398  45.246  -20.453  -43.606 0.3000000119
54673  41.626  -17.151  -48.477 0.4000000060
52407  43.134  -20.322  -44.851 0.4000000060
42505  29.296  -29.358  -47.588 0.6999999881
55718  42.657  -17.173  -47.040 0.4000000060
53522  43.673  -19.600  -44.324 0.4000000060
53536  43.215  -19.379  -45.240 0.4000000060
122557  29.402  -30.416  -47.670 0.6000000238
56705  44.349  -16.447  -46.415 0.3000000119
55717  43.514  -17.754  -46.308 0.3000000119
54649  43.694  -18.660  -44.720 0.4000000060
49241  42.177  -23.269  -53.292 0.6999999881
119888  42.085  -22.479  -52.737 0.6999999881
42504  30.260  -28.718  -47.731 0.6999999881
54657  42.918  -18.292  -46.710 0.4000000060
54656  43.387  -18.549  -45.757 0.4000000060
53554  42.525  -19.846  -46.862 0.4000000060
49239  41.112  -22.848  -53.006 0.8000000119
55716  44.193  -17.299  -45.981 0.3000000119
55708  43.883  -17.935  -45.265 0.3000000119
53553  42.890  -19.186  -46.280 0.4000000060
49240  40.308  -23.602  -52.514 0.8000000119
43617  31.694  -26.881  -50.761 1.0000000000
124616  39.754  -24.044  -51.414 0.8999999762
114891  39.579  -25.365  -49.213 1.0000000000
44764  35.572  -26.484  -50.753 1.0000000000
44728  37.794  -27.339  -47.837 1.0000000000
44727  38.328  -26.920  -48.819 1.0000000000
44745  38.831  -26.767  -48.436 1.0000000000
114132  35.566  -26.763  -48.804 1.0000000000
44750  34.781  -26.445  -49.694 1.0000000000
44730  35.911  -27.293  -47.905 1.0000000000
44722  44.375  -28.156  -47.051 0.6000000238
45945  44.440  -26.438  -46.234 0.6000000238
123967  43.904  -27.007  -46.202 0.6000000238
45946  43.222  -26.976  -46.178 0.6999999881
47039  45.041  -25.620  -46.280 0.5000000000
45928  44.222  -25.823  -45.886 0.6000000238
45947  42.576  -26.841  -46.290 0.6999999881
48146  45.176  -24.843  -46.037 0.5000000000
47040  44.349  -25.093  -45.669 0.4000000060
45948  41.932  -26.568  -46.619 0.6999999881
47041  41.539  -25.789  -46.963 0.6999999881
48131  43.501  -25.001  -45.392 0.6000000238
47025  41.855  -25.740  -46.031 0.6999999881
126893  43.990  -24.360  -45.220 0.6000000238
48147  41.563  -24.930  -46.457 0.6999999881
49146  44.271  -23.050  -44.691 0.6000000238
49147  43.659  -22.987  -44.711 0.6000000238
126619  41.407  -24.086  -47.185 0.6999999881
134750  41.415  -23.704  -47.908 0.6999999881
50231  43.496  -22.348  -44.577 0.5000000000
50232  42.829  -22.213  -45.026 0.6000000238
51360  42.113  -22.421  -45.760 0.6000000238
49211  41.520  -23.263  -48.604 0.6000000238
55754  40.976  -17.709  -50.372 0.4000000060
136577  43.575  -20.303  -44.326 0.4000000060
52408  42.948  -21.250  -44.936 0.4000000060
51381  42.413  -21.513  -45.635 0.5000000000
50272  41.641  -22.600  -46.801 0.6000000238
49220  41.683  -22.933  -49.706 0.6999999881
55738  40.991  -16.683  -49.319 0.4000000060
52420  42.660  -20.772  -45.483 0.5000000000
49228  41.839  -23.007  -51.015 0.6999999881
118014  42.377  -17.836  -47.622 0.4000000060
54687  41.542  -17.672  -49.345 0.5000000000
53537  42.755  -20.037  -45.828 0.4000000060
50316  42.012  -22.191  -51.839 0.6999999881
43578  30.283  -27.595  -48.554 0.8999999762
133147  29.765  -28.694  -47.653 0.6999999881
53568  42.394  -19.536  -47.961 0.4000000060
50320  40.755  -22.088  -52.569 0.6999999881
50319  41.576  -22.268  -52.700 0.6999999881
124802  42.585  -18.935  -47.303 0.4000000060
43602  30.595  -26.941  -49.365 0.8999999762
117992  39.573  -23.962  -50.375 0.8999999762
43618  31.234  -26.780  -50.091 0.8999999762
44765  34.305  -26.224  -50.894 1.0000000000
44766  32.182  -26.605  -51.059 1.0000000000
45964  39.286  -26.335  -48.418 1.0000000000
45988  33.176  -26.128  -51.043 1.0000000000
131512  38.589  -27.161  -47.538 1.0000000000
45978  33.448  -26.206  -50.261 1.0000000000
45979  32.366  -26.166  -50.554 1.0000000000
119624  38.250  -27.379  -47.313 1.0000000000
43547  36.225  -28.061  -45.337 0.8999999762
43563  36.844  -28.019  -46.183 1.0000000000
128142  36.427  -27.709  -47.012 1.0000000000
44731  34.625  -27.254  -47.880 1.0000000000
129026  33.731  -26.572  -49.097 1.0000000000
44706  35.525  -27.710  -46.801 1.0000000000
43564  34.654  -27.810  -46.339 1.0000000000
44707  33.661  -27.615  -46.814 0.8999999762
43556  35.428  -28.039  -45.792 1.0000000000
43558  33.950  -27.812  -45.749 0.8999999762
47022  43.726  -25.591  -45.617 0.6000000238
47023  43.090  -25.681  -45.508 0.6999999881
47024  42.429  -25.673  -45.631 0.6999999881
48132  42.795  -24.961  -45.370 0.6999999881
48133  42.077  -24.817  -45.644 0.6999999881
126555  43.278  -24.280  -45.182 0.6000000238
118837  42.647  -24.143  -45.306 0.6000000238
129667  41.662  -24.095  -46.084 0.6999999881
49170  42.116  -23.934  -45.570 0.6999999881
50254  41.852  -23.303  -45.896 0.6000000238
130551  41.457  -23.250  -47.511 0.6000000238
50292  41.591  -22.474  -47.990 0.6000000238
55739  39.569  -16.808  -49.188 0.3000000119
49148  43.121  -22.892  -44.835 0.6000000238
50299  41.742  -22.360  -49.073 0.6000000238
54704  40.346  -17.451  -50.176 0.4000000060
115927  39.463  -18.442  -49.228 0.4000000060
51382  41.972  -21.681  -46.539 0.6000000238
51403  41.804  -21.758  -47.540 0.5000000000
123265  42.284  -20.433  -47.516 0.4000000060
50309  41.856  -22.102  -50.406 0.6000000238
114881  41.514  -18.397  -50.896 0.5000000000
52456  42.315  -20.134  -48.710 0.4000000060
119419  42.070  -21.433  -51.500 0.6000000238
54693  41.649  -18.118  -50.329 0.5000000000
51436  41.256  -21.279  -52.505 0.6000000238
54692  42.077  -18.470  -49.856 0.4000000060
53578  42.287  -19.164  -49.229 0.4000000060
49237  39.662  -23.163  -51.195 0.8999999762
44752  31.061  -26.664  -49.579 0.8999999762
130133  31.734  -26.251  -49.962 0.8999999762
44705  37.210  -27.715  -47.050 1.0000000000
44751  32.611  -26.384  -49.547 1.0000000000
44732  33.160  -27.100  -48.139 0.8999999762
121773  34.742  -27.887  -45.373 1.0000000000
44689  33.465  -27.574  -45.329 1.0000000000
44708  33.025  -27.747  -46.132 0.8999999762
44679  33.870  -27.254  -44.717 1.0000000000
44680  33.095  -27.122  -45.058 0.8999999762
55727  39.510  -16.509  -48.594 0.3000000119
54688  39.348  -17.422  -48.843 0.3000000119
115421  39.483  -18.360  -48.169 0.3000000119
51424  41.868  -21.685  -48.602 0.6000000238
134559  39.670  -18.877  -50.060 0.5000000000
53593  39.547  -19.659  -49.172 0.4000000060
52457  42.069  -21.011  -48.160 0.5000000000
52472  42.160  -20.781  -49.533 0.5000000000
51431  42.155  -21.087  -50.694 0.5000000000
54703  40.918  -18.162  -50.752 0.5000000000
52471  42.363  -19.696  -50.062 0.5000000000
52480  42.490  -20.008  -51.164 0.5000000000
53604  41.562  -18.784  -51.655 0.5000000000
52479  42.419  -19.184  -51.295 0.5000000000
50318  41.917  -21.519  -52.230 0.6000000238
53603  42.163  -18.909  -51.776 0.5000000000
53591  42.330  -18.957  -50.369 0.5000000000
51437  40.369  -21.429  -52.044 0.6999999881
117282  40.681  -19.084  -51.581 0.5000000000
53606  42.077  -19.376  -52.075 0.5000000000
50317  39.901  -22.246  -51.648 0.6000000238
119012  39.526  -23.841  -49.221 0.8999999762
115038  39.583  -25.450  -48.227 0.8999999762
47056  39.546  -26.005  -47.420 0.8999999762
43546  37.213  -27.999  -45.370 0.8999999762
44704  37.780  -27.787  -46.344 0.8999999762
128007  38.509  -27.385  -46.507 0.8999999762
44726  38.838  -27.064  -47.127 1.0000000000
116823  31.836  -26.641  -48.843 0.8999999762
43548  35.396  -27.918  -44.964 0.8000000119
44678  34.628  -27.343  -44.493 0.6999999881
114944  32.486  -27.402  -47.243 0.8999999762
44690  32.598  -27.469  -45.683 0.8999999762
55726  39.517  -16.237  -47.828 0.3000000119
54659  39.683  -18.316  -47.206 0.4000000060
53555  39.982  -18.879  -46.310 0.3000000119
53569  39.600  -19.246  -47.597 0.3000000119
53556  39.742  -19.343  -46.873 0.4000000060
126257  39.495  -19.968  -48.039 0.4000000060
131009  41.912  -21.628  -49.589 0.6000000238
52473  39.500  -20.688  -48.597 0.4000000060
52481  42.340  -19.520  -51.934 0.5000000000
51433  42.149  -20.518  -51.891 0.5000000000
130996  39.539  -20.588  -49.912 0.5000000000
133893  41.934  -20.823  -52.099 0.5000000000
52482  41.283  -19.538  -52.121 0.5000000000
52485  41.648  -20.326  -52.237 0.5000000000
51434  39.828  -20.972  -51.175 0.5000000000
51432  39.539  -21.600  -50.122 0.5000000000
119552  39.481  -22.281  -49.399 0.6000000238
49229  39.480  -23.092  -49.829 0.6000000238
49212  39.553  -23.718  -47.448 0.6999999881
49221  39.532  -23.740  -48.198 0.6999999881
48177  39.578  -24.593  -48.687 0.6999999881
119318  39.615  -25.123  -47.071 0.6999999881
47042  39.527  -25.870  -46.437 0.8000000119
48164  39.587  -24.433  -47.714 0.8000000119
44733  31.221  -27.029  -47.958 0.8999999762
44687  38.766  -27.135  -45.489 0.8999999762
44686  38.951  -27.016  -46.394 0.8999999762
44676  36.706  -27.762  -44.554 0.6999999881
44691  31.656  -27.317  -45.937 0.8999999762
45922  33.575  -26.659  -44.663 1.0000000000
53538  40.335  -19.469  -45.442 0.3000000119
52446  39.896  -20.050  -46.235 0.4000000060
52421  40.295  -20.612  -45.157 0.3000000119
127365  39.587  -20.069  -47.156 0.4000000060
52458  39.508  -20.799  -47.633 0.4000000060
122172  39.643  -20.894  -46.761 0.4000000060
52422  39.910  -20.997  -45.994 0.4000000060
51383  39.526  -21.625  -47.281 0.4000000060
51362  39.701  -21.822  -46.323 0.4000000060
51404  39.477  -21.502  -48.137 0.4000000060
50293  39.481  -22.290  -47.874 0.5000000000
51425  39.484  -21.476  -49.056 0.5000000000
48134  39.654  -24.816  -45.924 0.6000000238
45932  39.240  -26.537  -45.901 0.8000000119
44674  38.234  -27.497  -44.895 0.6999999881
44677  35.332  -27.502  -44.433 0.6999999881
45933  32.256  -27.017  -45.418 0.8999999762
47029  31.148  -26.280  -45.591 0.8999999762
135275  32.493  -25.632  -45.177 0.8999999762
124167  32.200  -25.133  -45.341 0.8000000119
47028  31.958  -26.154  -45.355 0.8000000119
48135  32.614  -24.234  -45.402 0.6999999881
125549  31.512  -23.508  -45.836 0.8000000119
52409  40.564  -20.744  -44.029 0.3000000119
51341  40.393  -21.465  -44.458 0.3000000119
51361  40.105  -21.587  -45.394 0.3000000119
126643  40.424  -22.088  -43.924 0.4000000060
50256  39.965  -22.409  -45.524 0.4000000060
50255  40.156  -22.855  -44.834 0.4000000060
49171  39.939  -23.237  -45.410 0.5000000000
50273  39.536  -22.479  -47.037 0.5000000000
49150  39.901  -24.131  -45.093 0.5000000000
48102  39.986  -24.343  -44.148 0.5000000000
49191  39.731  -23.724  -46.083 0.5000000000
48120  39.718  -24.971  -44.725 0.5000000000
47026  39.499  -25.751  -45.308 0.6000000238
45917  39.151  -26.439  -44.849 0.6999999881
45918  38.639  -26.886  -44.485 0.6999999881
44666  37.166  -27.231  -44.020 0.6999999881
45908  35.820  -26.497  -43.733 0.6999999881
45920  35.202  -26.988  -44.052 0.6999999881
47006  35.519  -25.723  -43.695 0.6999999881
47016  33.772  -25.695  -44.549 0.8000000119
134427  34.245  -25.119  -44.428 0.6999999881
112661  40.597  -19.903  -44.462 0.3000000119
52401  40.610  -20.755  -43.035 0.3000000119
51316  40.262  -21.539  -42.760 0.4000000060
51329  40.475  -21.504  -43.520 0.3000000119
125692  40.295  -22.279  -43.236 0.4000000060
50233  40.312  -22.863  -43.910 0.4000000060
49149  40.135  -23.557  -44.453 0.4000000060
49131  39.677  -23.791  -42.985 0.3000000119
48103  39.684  -24.434  -43.457 0.5000000000
47015  39.391  -25.691  -44.199 0.6000000238
48095  39.216  -24.495  -42.990 0.3000000119
47002  38.939  -25.856  -43.589 0.5000000000
48105  37.951  -25.181  -43.032 0.4000000060
45905  38.470  -26.497  -43.820 0.6999999881
47003  38.263  -25.910  -43.352 0.6000000238
45906  37.699  -26.588  -43.649 0.6999999881
44675  37.579  -27.673  -44.642 0.6999999881
45907  36.749  -26.588  -43.641 0.6999999881
47005  36.375  -25.837  -43.463 0.6000000238
50206  39.935  -22.386  -42.718 0.3000000119
50218  40.066  -23.068  -43.110 0.3000000119
49122  39.038  -23.673  -42.602 0.3000000119
135053  39.120  -23.053  -42.450 0.3000000119
49123  38.165  -23.637  -42.540 0.3000000119
50209  37.723  -22.732  -42.363 0.3000000119
48096  38.537  -24.458  -42.810 0.3000000119
48097  37.654  -24.360  -42.841 0.4000000060
47004  37.345  -25.892  -43.315 0.5000000000
48106  36.863  -24.181  -43.066 0.5000000000
122463  36.881  -25.019  -43.175 0.6000000238
126590  35.996  -25.165  -43.487 0.6000000238
53497  40.572  -19.549  -42.199 0.4000000060
52375  39.723  -20.436  -41.818 0.3000000119
52389  39.975  -21.028  -42.252 0.3000000119
51302  39.330  -21.126  -41.880 0.3000000119
51303  39.047  -21.752  -41.997 0.3000000119
121345  38.497  -21.219  -41.793 0.3000000119
50195  38.460  -22.138  -42.127 0.3000000119
51318  37.681  -21.739  -42.100 0.3000000119
122597  37.035  -22.178  -42.403 0.3000000119
49124  37.293  -23.567  -42.720 0.4000000060
131238  36.127  -22.896  -43.248 0.4000000060
48107  36.006  -24.316  -43.442 0.6000000238
49132  36.441  -23.552  -43.134 0.4000000060
50221  35.642  -22.563  -43.779 0.4000000060
49133  35.712  -23.386  -43.692 0.5000000000
48121  35.219  -23.984  -44.119 0.6000000238
49174  32.259  -23.497  -45.703 0.6999999881
49175  30.734  -23.918  -45.789 0.8000000119
53469  39.514  -19.639  -41.480 0.4000000060
52377  38.307  -20.416  -41.572 0.3000000119
51304  37.537  -20.734  -41.834 0.3000000119
51319  36.862  -21.408  -42.326 0.3000000119
50210  36.205  -22.056  -42.990 0.4000000060
50234  35.247  -22.120  -44.467 0.4000000060
136588  35.083  -23.003  -44.455 0.4000000060
116126  34.524  -23.777  -44.637 0.5000000000
50235  34.745  -22.291  -45.042 0.4000000060
48122  34.648  -24.645  -44.317 0.6000000238
49151  34.421  -22.997  -45.068 0.4000000060
49173  33.182  -23.379  -45.497 0.6999999881
49172  33.877  -22.974  -45.402 0.4000000060
50274  33.178  -21.994  -46.265 0.4000000060
50259  32.723  -22.725  -45.915 0.6000000238
50275  32.346  -22.197  -46.409 0.5000000000
50276  31.518  -22.332  -46.490 0.6000000238
49193  31.076  -23.009  -46.176 0.6999999881
50277  30.634  -22.332  -46.580 0.6999999881
55640  40.000  -17.883  -41.076 0.3000000119
131348  38.626  -19.720  -41.347 0.3000000119
53470  37.801  -19.822  -41.501 0.3000000119
52390  36.608  -20.440  -42.360 0.3000000119
51320  36.271  -21.182  -42.802 0.4000000060
51342  35.368  -21.346  -44.337 0.3000000119
52410  35.305  -20.596  -44.490 0.3000000119
51343  34.946  -21.598  -45.003 0.3000000119
126219  34.673  -21.051  -45.432 0.3000000119
50257  34.186  -22.372  -45.475 0.4000000060
51363  34.451  -21.701  -45.515 0.3000000119
51384  34.185  -21.122  -46.015 0.3000000119
51364  33.883  -21.806  -45.961 0.3000000119
51385  33.536  -21.215  -46.569 0.3000000119
51386  32.771  -21.515  -46.740 0.3000000119
51406  32.368  -21.066  -47.207 0.4000000060
51387  31.934  -21.668  -46.766 0.5000000000
128133  31.232  -21.808  -46.754 0.5000000000
51389  30.020  -21.786  -46.857 0.5000000000
54576  38.594  -18.188  -40.881 0.3000000119
53453  38.054  -18.894  -41.123 0.3000000119
53471  37.254  -19.124  -41.563 0.3000000119
126176  37.127  -19.919  -41.793 0.3000000119
52391  35.982  -20.604  -43.208 0.3000000119
52411  34.911  -20.437  -45.128 0.3000000119
52423  34.437  -20.349  -45.835 0.3000000119
52447  33.922  -20.533  -46.508 0.3000000119
51405  33.058  -20.977  -47.117 0.3000000119
51407  31.380  -21.184  -47.143 0.4000000060
51408  30.436  -21.152  -47.218 0.5000000000
52462  29.988  -20.586  -47.651 0.5000000000
51409  29.519  -21.222  -47.204 0.5000000000
54577  37.967  -18.062  -40.927 0.3000000119
54587  37.403  -18.256  -41.325 0.3000000119
124875  36.767  -18.429  -41.875 0.3000000119
53498  36.574  -19.304  -42.226 0.3000000119
127167  36.080  -19.772  -43.053 0.3000000119
52402  35.636  -20.136  -43.838 0.3000000119
53526  34.793  -19.755  -45.354 0.3000000119
53557  34.134  -19.839  -46.430 0.3000000119
52460  31.953  -20.572  -47.700 0.4000000060
52461  30.975  -20.577  -47.672 0.4000000060
52478  29.472  -19.992  -48.140 0.4000000060
52463  28.998  -20.605  -47.637 0.5000000000
56617  39.620  -16.389  -40.579 0.3000000119
56618  38.895  -17.007  -40.518 0.3000000119
126732  36.344  -18.469  -42.475 0.3000000119
53499  36.046  -18.870  -43.036 0.3000000119
53512  35.645  -19.300  -43.775 0.3000000119
53525  35.241  -19.766  -44.607 0.3000000119
126123  34.719  -19.076  -45.566 0.3000000119
53558  33.790  -20.058  -46.987 0.3000000119
53571  33.428  -19.901  -47.617 0.3000000119
52459  32.862  -20.470  -47.635 0.3000000119
52476  31.536  -20.018  -48.257 0.4000000060
52477  30.500  -19.993  -48.211 0.3000000119
56619  38.160  -16.786  -40.612 0.3000000119
55641  37.557  -17.377  -41.026 0.3000000119
120697  36.908  -16.932  -41.409 0.3000000119
121880  36.852  -17.626  -41.609 0.3000000119
54615  35.968  -17.997  -43.022 0.3000000119
54628  35.628  -18.419  -43.717 0.3000000119
55686  35.540  -17.517  -43.684 0.3000000119
54641  35.326  -18.866  -44.434 0.3000000119
54642  35.040  -18.523  -45.050 0.3000000119
55700  35.300  -18.022  -44.402 0.3000000119
130210  38.052  -16.095  -40.610 0.3000000119
55660  36.384  -16.973  -42.002 0.3000000119
56633  36.603  -16.264  -41.655 0.3000000119
56641  36.064  -16.216  -42.375 0.3000000119
55661  35.883  -17.021  -42.875 0.3000000119
54651  34.650  -18.224  -45.778 0.3000000119
54660  34.353  -19.088  -46.253 0.3000000119
53570  33.904  -19.315  -47.071 0.3000000119
57590  36.914  -15.574  -41.353 0.3000000119
58589  36.610  -14.815  -41.650 0.3000000119
56642  35.656  -16.094  -43.093 0.3000000119
57599  36.290  -15.505  -41.987 0.4000000060
56670  35.437  -16.615  -43.661 0.3000000119
119421  35.146  -17.068  -44.484 0.3000000119
55710  34.785  -17.209  -45.434 0.3000000119
57621  35.504  -15.369  -43.331 0.4000000060
57600  35.826  -15.441  -42.677 0.4000000060
56688  35.152  -16.097  -44.230 0.4000000060
125771  36.354  -13.962  -41.949 0.3000000119
58603  35.649  -14.731  -42.988 0.4000000060
40368  38.699  -31.236  -47.513 1.0000000000
40367  38.931  -30.355  -47.664 1.0000000000
45921  34.386  -26.610  -44.294 0.6999999881
47027  33.005  -25.057  -45.038 0.8000000119
128816  33.317  -24.152  -45.175 0.6999999881
29341  42.558  -42.342  -50.691 0.6000000238
29342  41.893  -42.294  -50.745 0.6000000238
31218  43.603  -40.988  -50.762 0.6000000238
28348  45.547  -44.393  -53.041 0.4000000060
30296  45.351  -41.829  -52.302 0.5000000000
36197  40.190  -35.187  -47.276 0.8000000119
26411  45.816  -45.308  -53.405 0.4000000060
125751  38.974  -34.991  -48.533 0.8000000119
35191  42.043  -36.317  -48.620 0.6999999881
35204  43.799  -36.182  -50.023 0.6000000238
33093  46.217  -38.846  -53.124 0.4000000060
38163  40.706  -33.120  -47.572 0.8000000119
131449  39.176  -30.908  -48.198 1.0000000000
35226  44.821  -36.852  -51.196 0.5000000000
41444  37.842  -30.053  -46.777 1.0000000000
37205  44.722  -34.927  -50.182 0.6999999881
41491  39.853  -30.448  -49.538 1.0000000000
43596  37.380  -28.291  -50.075 1.0000000000
41497  43.764  -30.958  -53.396 0.8000000119
44760  40.161  -26.916  -51.488 1.0000000000
45996  42.993  -26.907  -51.985 0.8000000119
43592  42.802  -28.605  -49.627 0.6999999881
125855  41.390  -24.943  -53.141 0.8000000119
114553  39.516  -25.580  -50.985 1.0000000000
45977  38.872  -26.497  -50.194 1.0000000000
43574  43.653  -28.599  -47.525 0.6000000238
43575  43.096  -28.689  -48.225 0.6999999881
51337  45.306  -21.693  -43.950 0.4000000060
42502  31.867  -29.117  -47.867 1.0000000000
43601  31.242  -27.300  -49.963 1.0000000000
52399  44.552  -20.368  -43.695 0.4000000060
44729  36.976  -27.130  -48.293 1.0000000000
50229  44.921  -22.495  -44.365 0.4000000060
51328  44.186  -21.049  -43.875 0.5000000000
50230  44.125  -22.421  -44.349 0.5000000000
54686  42.168  -18.421  -48.458 0.4000000060
52444  42.321  -20.766  -46.401 0.5000000000
47017  32.841  -26.236  -44.975 0.8000000119
53605  40.443  -18.630  -50.954 0.5000000000
122708  39.462  -22.919  -48.646 0.6999999881
123844  39.577  -23.305  -46.885 0.5000000000
48148  39.620  -24.161  -46.848 0.5000000000
125458  39.699  -22.809  -46.230 0.5000000000
47007  34.692  -25.580  -44.114 0.6999999881
49152  33.875  -23.625  -45.093 0.6000000238
119298  35.596  -20.798  -43.862 0.3000000119
34149  38.173  -37.487  -52.014 0.5000000000
34141  37.425  -37.270  -51.530 0.5000000000
33074  38.122  -38.952  -51.297 0.5000000000
33084  37.945  -38.098  -51.815 0.5000000000
32122  38.347  -39.791  -51.442 0.5000000000
33083  38.808  -38.713  -52.309 0.5000000000
31221  39.221  -40.202  -52.349 0.5000000000
127016  39.996  -40.771  -52.482 0.4000000060
32135  40.058  -39.718  -52.691 0.5000000000
30289  40.525  -41.722  -51.766 0.5000000000
31219  40.130  -40.319  -52.436 0.5000000000
40355  31.991  -31.294  -46.380 0.6999999881
39232  31.426  -32.246  -46.463 0.6999999881
41440  33.428  -31.118  -45.651 0.8000000119
132433  34.946  -30.704  -45.542 0.8000000119
39219  34.016  -31.648  -45.118 0.8000000119
41445  35.429  -30.329  -45.954 0.8999999762
40356  31.117  -31.468  -46.793 0.6999999881
121874  34.246  -30.857  -45.533 0.8999999762
41447  33.649  -30.417  -46.170 0.8999999762
41446  34.548  -30.325  -46.106 0.8999999762
42479  35.001  -29.883  -46.756 0.8999999762
41449  31.503  -30.581  -46.831 0.6000000238
118232  32.192  -30.406  -46.615 0.8000000119
42480  33.942  -29.818  -46.965 0.8999999762
42500  34.561  -29.544  -47.545 0.8999999762
42499  35.395  -29.503  -47.647 0.8999999762
41469  45.761  -30.098  -48.608 0.5000000000
41470  45.102  -30.690  -48.511 0.5000000000
133038  45.501  -32.014  -49.455 0.6000000238
39258  44.909  -32.092  -48.997 0.5000000000
40373  44.428  -31.388  -48.382 0.5000000000
39275  45.302  -32.664  -49.601 0.6000000238
41450  30.819  -30.844  -47.099 0.6000000238
127979  32.789  -29.893  -46.892 0.8999999762
125942  33.892  -29.374  -47.935 0.8999999762
42523  34.569  -29.118  -48.660 0.8999999762
132340  45.106  -29.237  -47.809 0.5000000000
43572  44.826  -28.733  -47.476 0.5000000000
42491  45.691  -29.395  -48.182 0.5000000000
42515  44.926  -29.871  -48.102 0.5000000000
43590  46.333  -28.807  -48.255 0.5000000000
42481  31.728  -29.757  -47.129 0.6999999881
42501  32.992  -29.345  -47.864 0.8999999762
118660  45.346  -27.947  -47.274 0.5000000000
43573  44.146  -28.740  -47.453 0.5000000000
44742  46.252  -28.045  -47.805 0.5000000000
42524  33.289  -28.849  -48.957 0.8999999762
44699  45.524  -27.095  -47.028 0.5000000000
44700  44.653  -27.306  -46.666 0.5000000000
44721  46.154  -27.224  -47.454 0.5000000000
45944  45.306  -26.452  -46.683 0.4000000060
123225  29.231  -28.238  -47.733 0.6000000238
43580  28.693  -27.819  -47.723 0.6000000238
43579  29.898  -27.598  -47.978 0.8000000119
44736  29.354  -27.418  -47.804 0.6999999881
132682  28.973  -27.190  -47.762 0.6999999881
44737  28.459  -27.182  -47.698 0.6999999881
136292  27.485  -26.636  -47.556 0.6999999881
43603  30.215  -27.049  -48.748 0.8000000119
45965  28.806  -26.813  -47.503 0.6999999881
45966  28.146  -26.712  -47.534 0.6999999881
45952  28.502  -26.363  -46.962 0.6999999881
135822  30.157  -27.169  -47.834 0.8000000119
44711  30.133  -27.011  -47.039 0.8000000119
44734  30.256  -26.992  -48.722 0.8000000119
47043  28.966  -26.032  -46.222 0.6999999881
45951  29.175  -26.542  -46.806 0.6999999881
45950  29.771  -26.685  -46.620 0.8000000119
45936  29.725  -26.278  -46.062 0.6999999881
45935  30.506  -26.683  -45.953 0.8000000119
48138  28.597  -24.772  -45.839 0.6000000238
44710  30.827  -27.210  -46.995 0.8000000119
44692  30.914  -27.118  -46.165 0.8000000119
127927  29.528  -25.558  -45.810 0.6000000238
48137  29.260  -24.767  -45.761 0.6000000238
49196  28.391  -23.524  -46.126 0.6000000238
47030  30.472  -25.775  -45.642 0.8000000119
133005  30.100  -24.807  -45.672 0.6000000238
49176  29.749  -23.961  -45.854 0.6000000238
45934  31.395  -26.914  -45.711 0.8000000119
49195  29.293  -23.294  -46.190 0.6000000238
49194  30.199  -23.151  -46.203 0.6999999881
50278  29.673  -22.523  -46.529 0.6000000238
133389  30.890  -24.869  -45.583 0.6999999881
48136  31.667  -24.345  -45.575 0.6999999881
29350  40.593  -42.290  -51.966 0.4000000060
30290  40.064  -41.495  -52.215 0.5000000000
120626  40.300  -41.070  -52.001 0.5000000000
32136  39.717  -39.395  -52.532 0.5000000000
131473  39.508  -38.536  -52.466 0.5000000000
45962  46.029  -26.473  -47.158 0.3000000119
31220  39.890  -40.177  -52.649 0.5000000000
41448  32.798  -30.737  -46.204 0.8000000119
41488  45.900  -30.837  -49.086 0.5000000000
44735  29.969  -27.322  -47.952 0.8000000119
44712  29.401  -26.944  -47.548 0.6999999881
47031  28.747  -25.384  -45.941 0.6999999881
35234  46.347  -36.417  -52.732 0.4000000060
36242  46.477  -35.543  -52.548 0.4000000060
36235  46.115  -35.115  -51.785 0.4000000060
37213  45.689  -34.678  -51.101 0.5000000000
36234  46.669  -34.647  -52.349 0.4000000060
37222  47.029  -35.106  -53.081 0.4000000060
38194  45.718  -33.283  -50.356 0.5000000000
38201  46.734  -33.198  -51.629 0.5000000000
38210  46.859  -33.880  -52.176 0.4000000060
37212  46.315  -34.144  -51.556 0.4000000060
37219  47.292  -34.137  -52.902 0.4000000060
38209  47.290  -33.285  -52.442 0.4000000060
114566  47.869  -33.999  -53.483 0.4000000060
39274  45.989  -32.311  -50.069 0.5000000000
38193  46.198  -33.483  -51.055 0.5000000000
39300  47.340  -32.533  -51.996 0.4000000060
39315  47.787  -32.636  -52.718 0.4000000060
134122  49.485  -31.531  -53.902 0.4000000060
39313  48.978  -31.882  -53.589 0.4000000060
39314  48.372  -32.658  -53.367 0.4000000060
40424  49.908  -31.200  -54.049 0.4000000060
39322  49.569  -31.959  -54.370 0.4000000060
39289  46.362  -32.798  -50.824 0.5000000000
39288  46.892  -32.288  -51.248 0.4000000060
122901  53.249  -26.591  -51.421 0.3000000119
44782  52.767  -27.453  -51.397 0.3000000119
134898  47.819  -32.069  -52.308 0.4000000060
127368  53.431  -28.032  -51.775 0.3000000119
42544  52.913  -28.943  -51.862 0.3000000119
42556  51.116  -29.679  -52.318 0.3000000119
41513  50.656  -30.158  -52.974 0.3000000119
41521  49.809  -30.658  -53.493 0.4000000060
40414  49.408  -31.154  -53.497 0.4000000060
39307  48.290  -31.985  -52.894 0.4000000060
42555  52.388  -29.908  -52.161 0.3000000119
121039  51.516  -30.295  -52.657 0.3000000119
41520  50.324  -30.667  -53.560 0.4000000060
40388  46.449  -31.690  -50.115 0.4000000060
121082  46.534  -32.115  -50.600 0.4000000060
40398  47.589  -31.692  -51.582 0.4000000060
40399  47.040  -31.473  -50.632 0.4000000060
45991  52.601  -26.086  -50.912 0.3000000119
44769  51.064  -27.047  -50.867 0.3000000119
46003  52.171  -26.904  -50.913 0.3000000119
43630  51.115  -28.382  -51.488 0.3000000119
42546  50.640  -29.038  -51.938 0.3000000119
42558  49.772  -29.714  -52.534 0.4000000060
41515  49.404  -30.468  -52.910 0.4000000060
40415  48.795  -31.261  -52.937 0.4000000060
42545  51.723  -29.090  -51.745 0.3000000119
42557  50.250  -29.587  -52.564 0.3000000119
40389  45.971  -31.544  -49.583 0.4000000060
44771  49.534  -27.211  -50.798 0.3000000119
43621  48.739  -28.199  -50.278 0.3000000119
43633  48.971  -28.805  -50.779 0.4000000060
42532  48.338  -28.979  -50.120 0.4000000060
41494  47.980  -30.265  -50.597 0.4000000060
41495  47.384  -30.617  -50.242 0.4000000060
45993  50.561  -26.378  -50.634 0.3000000119
44785  49.887  -27.822  -51.179 0.3000000119
43620  49.356  -27.984  -50.828 0.3000000119
42548  49.103  -29.457  -51.372 0.4000000060
41503  48.502  -30.320  -51.312 0.4000000060
41504  47.764  -30.903  -50.980 0.4000000060
44770  50.108  -27.125  -50.952 0.3000000119
43632  49.636  -28.648  -51.442 0.3000000119
131415  49.614  -29.355  -51.944 0.4000000060
41502  49.209  -30.010  -52.060 0.4000000060
133535  48.142  -31.039  -51.648 0.4000000060
44784  50.566  -27.758  -51.209 0.3000000119
43631  50.223  -28.416  -51.596 0.3000000119
40406  48.706  -30.767  -52.193 0.4000000060
43589  46.954  -28.085  -48.460 0.4000000060
43609  47.040  -28.886  -48.859 0.4000000060
42514  46.406  -29.521  -48.709 0.4000000060
41487  46.472  -30.214  -49.200 0.4000000060
44756  48.414  -27.678  -49.769 0.3000000119
120881  47.682  -28.980  -49.510 0.4000000060
41486  47.073  -30.250  -49.682 0.4000000060
41496  46.636  -30.960  -49.769 0.4000000060
43607  48.198  -28.394  -49.747 0.4000000060
42533  47.724  -29.778  -49.991 0.4000000060
47044  28.224  -25.786  -46.394 0.6000000238
120786  27.460  -25.481  -46.505 0.6000000238
48139  28.095  -24.383  -45.914 0.5000000000
48149  28.042  -25.143  -46.019 0.5000000000
49197  27.412  -23.905  -46.063 0.5000000000
50280  27.761  -22.976  -46.349 0.5000000000
50279  28.726  -22.696  -46.453 0.5000000000
51390  29.090  -21.901  -46.764 0.5000000000
55721  33.986  -17.659  -47.161 0.3000000119
55728  33.713  -17.861  -48.085 0.3000000119
55740  33.366  -17.937  -49.085 0.3000000119
56689  34.863  -16.276  -45.050 0.3000000119
55720  34.407  -17.456  -46.315 0.3000000119
118771  33.591  -17.020  -48.523 0.3000000119
55752  33.134  -17.854  -50.219 0.3000000119
56726  33.247  -17.058  -50.683 0.3000000119
57643  34.922  -15.397  -44.670 0.3000000119
56700  34.523  -16.486  -45.934 0.3000000119
56709  34.213  -16.739  -46.801 0.3000000119
56710  33.872  -16.918  -47.626 0.3000000119
125322  33.790  -16.168  -48.092 0.3000000119
125205  33.484  -16.204  -49.008 0.3000000119
123314  33.380  -16.242  -50.140 0.3000000119
122735  33.971  -16.238  -52.632 0.3000000119
57642  35.203  -15.350  -43.945 0.3000000119
57654  34.604  -15.451  -45.600 0.3000000119
57667  34.373  -15.840  -46.487 0.3000000119
124847  34.442  -15.098  -46.321 0.3000000119
57668  34.127  -16.051  -47.293 0.3000000119
57675  34.033  -15.370  -47.780 0.3000000119
57679  33.665  -15.444  -48.602 0.3000000119
57682  33.488  -15.452  -49.662 0.3000000119
119526  33.625  -15.530  -51.323 0.3000000119
59513  35.201  -13.977  -43.822 0.3000000119
59514  34.867  -13.870  -44.524 0.3000000119
58637  34.732  -14.602  -45.015 0.3000000119
58669  34.418  -14.469  -46.675 0.3000000119
58677  34.258  -14.575  -47.516 0.3000000119
58678  33.907  -14.704  -48.364 0.3000000119
59577  33.801  -14.062  -49.338 0.3000000119
59539  34.637  -13.783  -45.316 0.3000000119
58656  34.533  -14.513  -45.840 0.3000000119
125181  34.502  -13.718  -46.181 0.3000000119
59566  34.192  -13.946  -48.160 0.3000000119
126292  35.098  -13.191  -44.065 0.3000000119
117530  34.605  -12.971  -45.635 0.3000000119
61483  34.784  -12.167  -45.081 0.3000000119
59556  34.506  -12.932  -46.514 0.3000000119
131025  35.028  -12.533  -44.382 0.3000000119
115505  35.397  -11.107  -44.244 0.3000000119
38215  48.460  -33.447  -53.790 0.4000000060
36248  46.824  -35.983  -53.270 0.4000000060
37220  48.242  -34.345  -53.981 0.4000000060
37221  47.619  -34.735  -53.560 0.4000000060
40427  50.340  -31.750  -54.632 0.4000000060
135366  48.941  -33.214  -54.227 0.4000000060
44781  53.937  -27.102  -51.958 0.3000000119
43637  54.147  -28.571  -52.256 0.3000000119
41511  53.521  -30.504  -52.596 0.3000000119
41512  52.348  -30.777  -52.736 0.3000000119
40423  50.752  -31.307  -54.059 0.3000000119
47078  52.182  -25.364  -50.592 0.3000000119
45994  49.720  -26.489  -50.620 0.3000000119
47079  51.056  -25.551  -50.412 0.3000000119
44741  46.901  -27.169  -48.105 0.4000000060
44740  47.452  -27.415  -48.716 0.4000000060
43608  47.684  -28.091  -49.177 0.4000000060
45982  48.629  -26.843  -49.870 0.3000000119
45995  49.135  -26.607  -50.413 0.3000000119
45961  46.624  -26.450  -47.663 0.4000000060
45953  27.695  -26.158  -47.190 0.6000000238
59499  35.509  -14.149  -43.287 0.3000000119
126934  35.569  -13.350  -43.282 0.3000000119
60440  35.417  -12.385  -43.691 0.3000000119
61470  35.476  -11.600  -43.792 0.3000000119
132929  36.131  -10.792  -42.740 0.3000000119
48196  53.077  -24.911  -51.020 0.3000000119
36243  45.920  -36.004  -52.043 0.4000000060
37203  45.839  -33.966  -50.889 0.5000000000
44783  51.632  -27.678  -51.132 0.3000000119
42534  47.066  -29.617  -49.315 0.4000000060
58636  35.024  -14.643  -44.251 0.3000000119
59565  34.409  -13.673  -47.177 0.3000000119
62590  35.912  -10.139  -43.481 0.3000000119
34154  46.276  -37.254  -52.876 0.3000000119
35239  46.726  -36.840  -53.403 0.3000000119
36185  35.173  -35.539  -46.600 0.6000000238
37156  35.863  -34.975  -46.049 0.6999999881
36173  35.136  -35.285  -45.603 0.6999999881
36247  47.401  -35.598  -53.700 0.3000000119
27355  46.580  -44.776  -53.634 0.3000000119
37141  33.602  -34.444  -44.648 0.6999999881
33098  46.675  -38.476  -53.609 0.3000000119
37140  34.413  -34.283  -44.648 0.6999999881
36164  34.828  -34.848  -44.944 0.6999999881
34158  47.144  -37.293  -53.990 0.3000000119
35238  47.237  -36.455  -53.857 0.3000000119
37148  35.555  -34.612  -45.318 0.6999999881
35243  47.689  -36.941  -54.395 0.3000000119
36251  49.263  -35.427  -54.948 0.3000000119
36252  48.500  -35.741  -54.596 0.3000000119
36253  47.805  -36.080  -54.264 0.3000000119
38226  50.069  -34.092  -55.207 0.3000000119
129407  49.552  -33.672  -54.829 0.3000000119
37225  48.665  -34.818  -54.486 0.3000000119
29363  46.659  -42.690  -53.598 0.3000000119
38135  33.846  -33.570  -44.616 0.6999999881
124151  47.222  -38.957  -54.152 0.3000000119
32143  46.746  -39.259  -53.666 0.3000000119
38134  34.746  -33.445  -44.652 0.6999999881
37139  35.185  -34.122  -44.843 0.6999999881
33097  47.139  -38.127  -54.092 0.3000000119
34163  47.684  -37.800  -54.490 0.3000000119
35242  48.419  -36.659  -54.696 0.3000000119
37226  48.002  -35.213  -54.111 0.3000000119
37230  50.816  -34.759  -55.485 0.3000000119
30299  46.980  -41.806  -53.788 0.4000000060
38143  33.228  -32.916  -44.950 0.6999999881
31228  47.688  -40.410  -54.528 0.3000000119
31229  46.965  -40.100  -53.765 0.3000000119
33102  47.799  -38.682  -54.597 0.3000000119
39209  34.170  -32.609  -44.730 0.6999999881
34162  48.407  -37.535  -54.752 0.3000000119
39208  35.177  -32.650  -44.759 0.6999999881
124776  49.438  -32.947  -54.585 0.3000000119
38221  48.915  -33.825  -54.422 0.3000000119
38225  50.889  -33.649  -55.448 0.3000000119
38220  50.057  -33.183  -55.136 0.3000000119
32146  47.998  -39.664  -54.711 0.3000000119
40341  34.791  -31.974  -44.859 0.6999999881
33105  49.651  -39.033  -55.232 0.3000000119
33101  48.734  -39.283  -55.047 0.3000000119
40347  35.629  -31.825  -45.026 0.6999999881
39321  50.618  -32.779  -55.278 0.3000000119
32145  49.047  -40.201  -55.293 0.3000000119
41438  35.610  -30.944  -45.369 0.6999999881
115999  50.101  -32.382  -54.948 0.3000000119
45974  47.604  -26.544  -48.689 0.3000000119
36210  34.547  -35.630  -49.128 0.5000000000
116901  34.583  -36.000  -46.054 0.6999999881
36186  34.414  -36.282  -47.243 0.6000000238
35171  33.878  -36.840  -46.679 0.6000000238
36199  34.865  -35.628  -47.830 0.6000000238
37142  32.657  -34.642  -44.962 0.6999999881
38136  32.977  -33.717  -44.871 0.6999999881
28355  47.462  -43.630  -54.161 0.3000000119
120593  32.582  -33.102  -45.353 0.6999999881
39221  32.692  -32.353  -45.502 0.6999999881
30298  47.826  -41.977  -54.547 0.4000000060
119649  47.303  -41.062  -54.170 0.4000000060
40349  32.682  -31.553  -45.849 0.6999999881
31232  48.530  -40.593  -54.961 0.3000000119
31231  49.444  -41.203  -55.241 0.3000000119
132732  49.865  -41.777  -55.074 0.3000000119
34159  46.671  -37.668  -53.521 0.3000000119
40348  33.205  -31.771  -45.413 0.6999999881
31233  50.029  -40.554  -55.145 0.3000000119
30302  48.478  -41.475  -54.873 0.3000000119
35221  35.350  -35.746  -50.464 0.5000000000
34134  36.278  -36.912  -49.785 0.5000000000
32070  33.110  -39.800  -43.715 0.4000000060
31145  31.704  -40.329  -43.067 0.5000000000
35220  36.217  -36.212  -50.890 0.4000000060
34142  36.659  -36.913  -50.917 0.5000000000
35210  34.532  -36.306  -49.748 0.5000000000
30183  30.654  -41.114  -41.842 0.4000000060
30170  29.641  -41.619  -41.777 0.4000000060
31144  32.661  -40.286  -43.065 0.5000000000
117831  29.094  -41.573  -42.522 0.4000000060
29259  28.943  -42.206  -41.491 0.4000000060
31130  30.743  -40.715  -42.700 0.4000000060
32071  32.293  -39.827  -43.777 0.5000000000
122141  33.102  -39.288  -44.805 0.5000000000
34096  32.648  -38.948  -47.138 0.4000000060
36200  33.945  -36.388  -48.659 0.5000000000
35184  33.096  -37.760  -47.719 0.4000000060
34107  32.916  -38.727  -47.976 0.4000000060
35183  33.489  -37.155  -48.187 0.4000000060
30171  28.791  -41.875  -42.158 0.4000000060
30205  26.850  -41.775  -43.771 0.4000000060
31146  30.694  -40.522  -43.743 0.4000000060
30257  28.552  -42.132  -47.008 0.4000000060
117942  31.418  -40.050  -44.184 0.5000000000
121413  28.708  -42.031  -46.070 0.4000000060
32084  31.944  -39.579  -44.744 0.5000000000
32107  29.553  -40.606  -47.077 0.4000000060
31189  28.963  -41.366  -47.399 0.4000000060
32093  32.500  -39.303  -45.417 0.5000000000
116670  32.576  -39.008  -46.553 0.5000000000
129609  29.087  -39.187  -47.019 0.4000000060
33054  28.278  -38.593  -47.630 0.4000000060
32099  32.868  -39.216  -46.156 0.5000000000
35172  33.129  -37.535  -46.537 0.6000000238
29294  26.900  -41.947  -43.021 0.4000000060
122330  27.585  -41.660  -44.266 0.4000000060
114260  29.027  -41.413  -43.200 0.4000000060
30228  28.420  -41.679  -44.806 0.4000000060
31163  31.203  -40.073  -45.321 0.5000000000
116638  30.649  -40.520  -44.884 0.4000000060
30245  29.570  -41.712  -46.103 0.4000000060
32094  31.537  -39.656  -45.720 0.5000000000
31183  29.766  -41.368  -46.964 0.4000000060
30256  29.324  -41.863  -46.807 0.4000000060
32100  31.931  -39.270  -46.071 0.5000000000
34088  32.665  -37.704  -46.118 0.5000000000
34108  28.902  -37.900  -47.109 0.4000000060
35162  33.239  -36.767  -45.559 0.6000000238
35161  33.917  -36.434  -45.667 0.6000000238
30186  27.509  -41.769  -43.434 0.4000000060
31164  29.933  -40.996  -44.478 0.4000000060
30204  28.247  -41.623  -43.809 0.4000000060
30227  29.307  -41.540  -45.194 0.4000000060
30244  30.080  -41.352  -46.492 0.4000000060
33031  31.887  -38.927  -46.265 0.5000000000
32103  30.260  -40.733  -46.726 0.4000000060
135238  29.414  -38.349  -46.747 0.4000000060
36174  34.405  -35.592  -45.204 0.6000000238
30185  28.268  -41.719  -42.834 0.4000000060
31176  30.119  -41.208  -45.597 0.4000000060
32101  31.172  -39.775  -46.020 0.5000000000
31174  31.007  -40.306  -46.100 0.5000000000
31182  30.498  -40.865  -46.526 0.5000000000
32102  30.751  -40.138  -46.353 0.5000000000
33042  30.659  -39.168  -46.321 0.5000000000
34097  31.126  -38.723  -46.099 0.5000000000
33043  29.905  -38.682  -46.503 0.4000000060
34089  32.135  -37.831  -45.859 0.6000000238
34099  29.690  -37.801  -46.543 0.5000000000
35174  29.300  -36.969  -46.860 0.4000000060
36165  34.110  -35.101  -44.739 0.6000000238
36175  33.667  -35.923  -45.018 0.6000000238
35164  31.775  -36.987  -45.543 0.6000000238
34090  31.392  -37.892  -45.844 0.5000000000
34098  30.542  -38.025  -46.133 0.5000000000
118159  33.026  -36.354  -45.142 0.6000000238
35165  30.889  -37.027  -45.797 0.6000000238
36176  32.895  -35.689  -44.926 0.6000000238
36166  33.444  -35.207  -44.738 0.6000000238
38154  30.847  -33.452  -46.582 0.5000000000
38153  31.487  -33.576  -46.063 0.6000000238
118573  30.411  -34.756  -46.518 0.5000000000
37149  31.696  -34.388  -45.607 0.6000000238
36187  31.134  -35.022  -45.884 0.6000000238
36189  29.816  -35.475  -46.740 0.5000000000
122704  32.290  -36.249  -45.261 0.6000000238
36178  31.274  -36.069  -45.606 0.5000000000
114700  30.082  -37.047  -46.305 0.5000000000
131431  29.702  -36.317  -46.642 0.5000000000
121138  31.318  -32.992  -46.402 0.5000000000
39233  30.771  -32.782  -46.773 0.5000000000
39231  32.132  -32.072  -46.038 0.6000000238
39222  31.950  -32.858  -45.911 0.6000000238
35173  30.382  -36.210  -46.197 0.5000000000
38144  32.193  -33.694  -45.458 0.6000000238
35196  33.585  -37.248  -49.204 0.4000000060
37200  35.272  -34.866  -49.617 0.5000000000
36222  34.878  -35.558  -49.986 0.4000000060
36177  31.996  -35.364  -45.311 0.6000000238
34133  37.163  -37.679  -50.380 0.5000000000
34119  36.048  -37.295  -48.629 0.5000000000
136085  36.188  -36.603  -50.415 0.5000000000
35209  35.502  -36.367  -50.139 0.5000000000
32083  32.786  -39.483  -44.401 0.5000000000
30184  29.827  -41.202  -42.573 0.4000000060
31147  29.860  -40.980  -43.438 0.4000000060
32108  28.593  -40.336  -47.477 0.4000000060
31175  30.735  -40.812  -46.028 0.4000000060
129718  27.557  -41.976  -42.753 0.4000000060
30229  27.694  -41.722  -45.202 0.3000000119
31190  28.016  -41.110  -47.746 0.3000000119
30246  27.819  -41.996  -46.418 0.3000000119
32109  27.675  -40.188  -47.918 0.3000000119
30258  27.650  -41.898  -47.154 0.3000000119
31191  27.034  -40.688  -48.009 0.3000000119
30259  26.864  -41.377  -47.276 0.3000000119
28342  41.799  -43.208  -51.918 0.6999999881
28349  44.413  -43.421  -51.942 0.5000000000
29364  49.807  -42.216  -54.958 0.3000000119
30203  29.095  -41.403  -44.140 0.4000000060
30267  29.037  -41.846  -47.187 0.4000000060
30268  28.335  -41.786  -47.412 0.4000000060
30269  27.366  -41.369  -47.604 0.3000000119
30300  49.998  -41.690  -54.978 0.3000000119
30303  50.058  -41.301  -55.046 0.3000000119
31212  40.503  -40.805  -50.708 0.5000000000
32092  33.377  -39.194  -45.215 0.5000000000
32140  45.789  -39.223  -52.606 0.4000000060
32142  47.290  -39.652  -54.155 0.3000000119
32148  49.588  -39.795  -55.278 0.3000000119
33041  31.265  -39.410  -46.152 0.5000000000
34120  34.664  -36.963  -49.479 0.4000000060
34148  38.585  -37.263  -52.077 0.6000000238
35163  32.597  -36.956  -45.508 0.6000000238
35219  36.942  -36.681  -51.377 0.5000000000
36188  30.583  -35.475  -46.182 0.5000000000
36196  41.074  -35.275  -47.586 0.8000000119
36207  43.035  -35.085  -48.782 0.6999999881
36237  37.361  -35.888  -51.529 0.6999999881
37157  30.992  -34.177  -46.286 0.6000000238
37169  39.922  -34.408  -47.333 0.8000000119
37195  44.578  -34.215  -49.677 0.6999999881
37224  49.368  -34.461  -54.854 0.3000000119
38216  47.810  -33.346  -53.142 0.4000000060
39220  33.413  -32.243  -45.096 0.6999999881
39259  44.208  -32.209  -48.503 0.6999999881
39323  48.958  -32.662  -54.017 0.4000000060
40353  38.182  -30.974  -46.680 1.0000000000
40372  45.328  -31.446  -48.976 0.5000000000
40407  48.219  -31.486  -52.259 0.4000000060
40416  43.662  -31.215  -54.249 0.8000000119
41439  34.879  -31.272  -45.141 0.6999999881
41514  49.978  -30.097  -53.137 0.4000000060
41519  51.304  -30.850  -53.346 0.3000000119
42539  48.460  -29.622  -50.657 0.4000000060
42547  49.980  -29.074  -52.075 0.4000000060
42549  44.065  -30.421  -54.165 0.8000000119
42559  43.940  -30.843  -54.331 0.8000000119
43549  34.850  -27.702  -44.784 1.0000000000
43557  34.220  -27.673  -44.963 1.0000000000
43591  45.603  -28.736  -47.747 0.5000000000
43629  52.256  -28.302  -51.462 0.3000000119
44667  36.097  -27.247  -44.029 0.6999999881
44688  38.247  -27.632  -45.677 0.8999999762
44709  31.985  -27.460  -46.488 0.8999999762
44725  42.378  -27.526  -47.658 0.6999999881
44748  36.936  -26.600  -49.979 1.0000000000
44757  48.019  -27.137  -49.261 0.4000000060
44758  42.679  -27.233  -50.916 0.8000000119
44767  31.755  -26.477  -50.495 1.0000000000
44772  48.960  -27.379  -50.424 0.3000000119
44777  35.233  -26.868  -51.417 1.0000000000
44778  34.426  -26.750  -51.402 1.0000000000
44779  33.130  -26.541  -51.272 1.0000000000
44786  43.252  -27.585  -53.010 0.8000000119
45909  35.097  -26.323  -43.894 0.6999999881
45919  38.015  -27.151  -44.147 0.6999999881
45929  43.598  -26.306  -45.831 0.6000000238
45930  42.804  -26.335  -45.780 0.6999999881
45931  42.248  -26.271  -45.941 0.6999999881
45949  39.215  -26.618  -47.120 0.8999999762
45989  32.411  -26.299  -50.977 1.0000000000
45992  51.635  -26.265  -50.608 0.3000000119
45997  42.678  -26.279  -51.669 0.8000000119
46002  54.431  -26.383  -51.891 0.3000000119
47080  50.062  -25.668  -50.418 0.3000000119
47089  41.076  -25.478  -52.790 0.8999999762
48104  38.766  -25.215  -43.146 0.3000000119
48108  35.322  -24.898  -43.835 0.6000000238
48123  33.892  -24.570  -44.722 0.6999999881
48183  39.645  -24.860  -49.891 0.8999999762
48192  43.072  -24.746  -53.205 0.6999999881
48197  43.031  -24.401  -53.528 0.8000000119
48198  40.856  -24.404  -52.940 0.8000000119
48200  42.480  -24.240  -53.657 0.8000000119
49130  40.081  -23.725  -43.586 0.4000000060
49166  45.248  -23.610  -45.394 0.3000000119
49168  43.768  -23.650  -44.945 0.6000000238
49169  43.157  -23.545  -44.982 0.6000000238
49177  28.903  -24.079  -45.869 0.6000000238
49188  46.537  -23.668  -46.566 0.3000000119
49190  41.531  -23.456  -46.658 0.6000000238
49192  31.900  -22.880  -46.109 0.6000000238
49238  42.472  -23.433  -53.273 0.6999999881
50207  39.207  -22.448  -42.323 0.3000000119
50208  38.616  -22.948  -42.356 0.3000000119
50219  39.555  -23.090  -42.683 0.3000000119
50220  36.779  -22.859  -42.716 0.3000000119
50253  42.537  -23.228  -45.275 0.6000000238
50258  33.527  -22.525  -45.739 0.4000000060
50310  39.560  -22.373  -50.485 0.6000000238
50321  42.048  -22.540  -52.589 0.6999999881
51317  39.650  -21.717  -42.303 0.3000000119
51326  45.523  -21.046  -43.743 0.4000000060
51330  35.810  -21.319  -43.474 0.4000000060
51338  44.533  -21.762  -43.996 0.4000000060
51339  43.869  -21.731  -44.206 0.5000000000
51388  30.735  -21.626  -46.877 0.5000000000
51435  41.740  -21.261  -52.280 0.6000000238
52374  40.114  -19.865  -41.817 0.4000000060
52376  39.024  -20.467  -41.553 0.3000000119
52400  43.940  -20.317  -43.959 0.4000000060
52445  42.072  -21.138  -47.223 0.5000000000
52448  33.438  -20.545  -47.109 0.3000000119
52483  40.174  -20.012  -51.356 0.5000000000
52484  42.047  -20.192  -52.076 0.5000000000
52486  40.752  -20.531  -52.156 0.5000000000
53508  44.957  -19.722  -43.564 0.3000000119
53539  34.478  -19.629  -45.894 0.3000000119
53579  39.529  -19.184  -48.388 0.3000000119
53585  28.445  -19.962  -48.191 0.4000000060
53592  42.057  -18.701  -50.915 0.5000000000
54585  39.756  -18.700  -41.291 0.3000000119
54614  36.352  -17.749  -42.305 0.3000000119
54625  46.141  -17.788  -43.553 0.3000000119
54627  44.773  -18.898  -43.646 0.4000000060
54675  39.438  -17.304  -47.980 0.3000000119
54694  39.662  -17.444  -49.600 0.4000000060
55630  38.938  -17.639  -40.673 0.3000000119
55631  38.349  -17.516  -40.702 0.3000000119
55749  41.122  -17.418  -50.115 0.4000000060
55751  39.945  -16.785  -49.644 0.3000000119
56632  37.395  -16.374  -41.032 0.3000000119
56686  44.934  -16.820  -44.700 0.3000000119
56713  39.824  -15.647  -48.400 0.3000000119
56718  39.791  -16.230  -49.057 0.3000000119
57674  34.310  -15.236  -47.015 0.3000000119
58602  36.056  -14.740  -42.329 0.4000000060
58615  35.344  -14.699  -43.605 0.3000000119
58681  33.606  -14.838  -49.173 0.3000000119
60450  34.796  -13.078  -44.813 0.3000000119
61446  35.810  -11.666  -43.176 0.3000000119
61482  35.176  -11.846  -44.333 0.3000000119
62591  35.682  -10.942  -43.586 0.3000000119
116406  39.807  -19.471  -50.542 0.5000000000
116598  35.383  -15.904  -43.650 0.4000000060
116715  43.594  -46.243  -52.628 0.5000000000
118182  39.497  -23.067  -47.666 0.6999999881
118436  48.534  -38.392  -54.854 0.3000000119
118801  39.947  -18.104  -50.252 0.5000000000
119017  39.465  -22.110  -48.586 0.5000000000
120997  40.254  -22.773  -52.281 0.8000000119
121501  39.295  -25.138  -43.482 0.5000000000
122945  33.366  -17.049  -49.539 0.3000000119
122982  28.247  -39.481  -47.625 0.4000000060
123921  50.877  -32.259  -55.087 0.3000000119
124139  35.623  -21.889  -43.807 0.4000000060
124398  40.272  -22.214  -44.683 0.3000000119
125282  39.301  -36.115  -47.946 0.8000000119
125323  35.034  -17.799  -45.044 0.3000000119
125495  31.413  -25.435  -45.487 0.8000000119
125843  42.479  -40.281  -49.806 0.6999999881
126074  30.055  -39.792  -46.621 0.4000000060
126799  39.672  -24.950  -43.939 0.5000000000
127537  33.579  -19.250  -47.841 0.3000000119
127805  41.871  -39.192  -49.275 0.6999999881
128621  36.605  -26.970  -51.368 1.0000000000
129799  32.426  -38.736  -46.544 0.5000000000
129883  36.678  -35.395  -51.361 0.6000000238
131762  39.007  -26.330  -44.101 0.6999999881
132530  52.850  -25.510  -50.997 0.3000000119
132593  35.812  -34.023  -45.135 0.6999999881
133300  39.686  -21.730  -51.101 0.5000000000
133728  42.544  -23.722  -53.633 0.8000000119
134706  35.055  -21.023  -44.922 0.3000000119
135736  37.853  -27.833  -45.351 0.6999999881
135775  35.020  -19.207  -45.017 0.3000000119
136334  35.931  -27.747  -44.576 0.6999999881
136379  36.084  -28.038  -46.189 1.0000000000
