#!ascii label  , from subject sub-v1s18x0051255_ses-1 vox2ras=TkReg
754
104206  -44.465  -7.629  -27.070 0.5000000000
124619  -44.289  -9.024  -26.968 0.8000000119
10275  -42.196  -10.373  -26.478 0.8000000119
10276  -43.088  -9.974  -26.485 0.8000000119
10943  -43.465  -9.314  -26.916 0.8000000119
119585  -45.778  -7.640  -26.525 0.5000000000
11586  -44.836  -8.476  -27.030 0.5000000000
11585  -43.750  -8.372  -27.162 0.6000000238
9634  -40.464  -11.386  -26.215 0.6999999881
9635  -41.282  -10.782  -26.457 0.6999999881
11584  -42.770  -8.759  -27.105 0.8000000119
12274  -42.896  -7.880  -27.214 0.6999999881
12271  -45.681  -7.243  -26.019 0.6000000238
12270  -44.972  -7.097  -26.577 0.5000000000
106301  -44.010  -6.763  -27.010 0.6000000238
9057  -38.898  -12.155  -25.750 0.6999999881
122192  -43.250  -6.515  -27.279 0.6000000238
9633  -39.047  -11.891  -26.087 0.6999999881
9630  -40.409  -11.683  -25.774 0.6999999881
10941  -41.718  -9.903  -26.660 0.6999999881
12275  -43.495  -7.312  -27.264 0.6000000238
12913  -42.755  -5.880  -27.310 0.6000000238
11583  -41.951  -9.029  -26.879 0.8000000119
109922  -42.080  -8.052  -27.088 0.8000000119
116133  -42.505  -6.960  -27.267 0.6999999881
109704  -44.586  -6.312  -25.069 0.4000000060
12915  -44.208  -6.232  -26.474 0.6000000238
9059  -37.900  -12.094  -25.895 0.6999999881
10272  -38.504  -11.562  -26.120 0.6999999881
10273  -39.544  -11.292  -26.308 0.6999999881
10274  -40.381  -10.680  -26.481 0.6999999881
11582  -40.609  -9.146  -26.461 0.6999999881
113271  -41.274  -8.462  -26.710 0.6000000238
12269  -41.395  -7.310  -26.718 0.6999999881
12907  -40.971  -6.048  -25.172 0.5000000000
10934  -39.885  -9.483  -26.184 0.6000000238
12273  -40.620  -8.177  -26.266 0.6000000238
12268  -40.697  -7.402  -25.765 0.6000000238
12906  -40.677  -6.783  -24.937 0.6000000238
13585  -44.059  -5.716  -25.156 0.4000000060
13588  -44.147  -5.858  -25.848 0.5000000000
9054  -35.944  -12.318  -25.134 0.6999999881
13587  -43.643  -5.440  -26.595 0.6000000238
14329  -42.788  -4.500  -27.387 0.6000000238
10266  -38.892  -10.690  -26.123 0.6999999881
13589  -42.356  -5.109  -27.286 0.6000000238
10933  -39.189  -9.840  -25.825 0.6999999881
13586  -41.790  -5.246  -26.926 0.5000000000
13583  -41.370  -5.375  -25.993 0.6000000238
10926  -39.513  -8.973  -25.417 0.6999999881
11576  -40.138  -8.209  -25.464 0.6000000238
13582  -40.967  -5.461  -24.763 0.5000000000
12265  -40.172  -7.551  -24.732 0.5000000000
9597  -33.835  -11.783  -23.411 0.6000000238
9616  -33.072  -11.822  -24.050 0.6000000238
13577  -43.732  -5.298  -24.610 0.5000000000
14324  -43.519  -4.324  -25.897 0.5000000000
9618  -34.616  -12.041  -24.885 0.6999999881
9051  -35.608  -12.416  -24.809 0.6999999881
13584  -43.649  -5.045  -26.046 0.5000000000
14327  -43.329  -4.223  -27.046 0.5000000000
14323  -43.415  -3.456  -27.018 0.4000000060
9627  -36.911  -11.669  -25.671 0.6999999881
14326  -42.538  -3.879  -27.435 0.5000000000
114671  -37.174  -11.021  -25.653 0.6999999881
10258  -37.577  -10.312  -25.378 0.6999999881
10925  -38.731  -9.415  -25.100 0.6999999881
108580  -39.001  -8.830  -24.638 0.6000000238
14325  -41.808  -4.522  -26.987 0.5000000000
11575  -39.552  -8.276  -24.651 0.6000000238
14315  -41.177  -3.934  -25.142 0.5000000000
11565  -38.860  -8.285  -23.903 0.5000000000
12264  -39.619  -7.620  -23.958 0.5000000000
12905  -40.207  -6.957  -24.004 0.5000000000
14321  -40.867  -4.796  -24.267 0.5000000000
13576  -40.478  -5.560  -23.745 0.5000000000
14314  -40.661  -4.095  -23.771 0.3000000119
107650  -43.422  -2.147  -25.389 0.3000000119
9587  -32.490  -11.342  -22.876 0.6000000238
9605  -32.704  -11.600  -23.701 0.6000000238
14316  -43.421  -3.445  -25.435 0.4000000060
15069  -43.402  -2.525  -26.850 0.4000000060
10256  -34.182  -11.180  -24.708 0.6000000238
117271  -42.739  -2.900  -27.550 0.5000000000
10265  -36.252  -11.338  -25.377 0.6999999881
10257  -36.770  -10.424  -25.155 0.6999999881
110479  -41.811  -3.557  -26.851 0.5000000000
111071  -37.932  -9.649  -24.882 0.5000000000
15068  -41.431  -3.052  -26.065 0.5000000000
11574  -38.288  -8.983  -24.364 0.5000000000
15062  -40.969  -3.200  -24.656 0.4000000060
15061  -40.453  -3.318  -23.347 0.4000000060
13575  -39.851  -5.611  -22.975 0.5000000000
13562  -40.314  -4.893  -23.243 0.4000000060
10231  -31.811  -11.235  -22.992 0.6000000238
10246  -32.036  -11.272  -23.355 0.6000000238
10254  -32.445  -11.364  -23.864 0.6000000238
10255  -33.185  -11.456  -24.320 0.6000000238
120838  -34.331  -10.089  -24.610 0.6000000238
15075  -42.454  -1.664  -27.340 0.3000000119
15073  -42.096  -2.367  -27.060 0.4000000060
117596  -35.194  -11.340  -25.076 0.6000000238
15822  -41.992  -1.337  -27.017 0.3000000119
107648  -35.919  -10.421  -24.873 0.6000000238
123063  -37.229  -9.823  -24.827 0.6999999881
110588  -41.387  -1.242  -25.671 0.3000000119
15815  -41.383  -2.256  -25.882 0.3000000119
10924  -36.542  -9.679  -24.603 0.6000000238
15814  -40.818  -1.253  -24.487 0.3000000119
11563  -36.849  -8.314  -23.778 0.5000000000
11573  -37.291  -9.133  -24.270 0.5000000000
11564  -37.847  -8.422  -23.736 0.5000000000
114921  -40.273  -2.635  -22.999 0.3000000119
110112  -40.741  -2.292  -24.266 0.3000000119
12255  -38.318  -7.688  -23.395 0.5000000000
12256  -39.070  -7.529  -23.496 0.5000000000
15050  -39.794  -3.270  -22.477 0.3000000119
107098  -37.912  -7.026  -23.050 0.5000000000
109348  -39.688  -4.952  -22.673 0.4000000060
14303  -40.011  -4.166  -22.717 0.3000000119
10912  -31.100  -10.341  -23.131 0.5000000000
10245  -31.732  -10.890  -23.458 0.6000000238
10920  -32.207  -10.547  -23.946 0.5000000000
111231  -35.025  -10.287  -24.745 0.6000000238
11570  -34.556  -8.562  -24.238 0.5000000000
16535  -40.610  -0.646  -23.974 0.3000000119
10923  -35.683  -9.485  -24.500 0.6000000238
17304  -39.508  -0.512  -22.259 0.3000000119
15800  -40.356  -1.782  -23.334 0.3000000119
11572  -36.294  -8.865  -24.209 0.6000000238
12254  -37.374  -7.650  -23.443 0.5000000000
12884  -37.585  -6.389  -22.869 0.5000000000
13561  -38.962  -5.458  -22.509 0.4000000060
14301  -38.371  -4.709  -22.283 0.4000000060
10913  -31.606  -10.083  -23.552 0.5000000000
11562  -31.895  -9.033  -23.650 0.5000000000
11568  -32.821  -8.763  -23.920 0.5000000000
10921  -33.037  -9.726  -24.234 0.5000000000
11569  -33.712  -8.622  -24.145 0.5000000000
116621  -39.857  0.661  -22.857 0.3000000119
11571  -35.404  -8.540  -24.196 0.6000000238
12263  -36.054  -8.164  -23.920 0.5000000000
115168  -37.041  -6.865  -23.259 0.5000000000
114836  -39.339  -3.841  -22.208 0.4000000060
15049  -38.022  -4.094  -22.136 0.4000000060
109857  -31.858  -7.373  -23.454 0.5000000000
12259  -32.383  -8.039  -23.683 0.5000000000
12260  -33.374  -7.742  -23.919 0.5000000000
18113  -40.547  2.084  -23.715 0.4000000060
18912  -39.070  2.142  -22.035 0.4000000060
12261  -34.266  -7.799  -24.092 0.5000000000
104867  -34.918  -7.903  -24.109 0.5000000000
18105  -39.339  1.239  -22.208 0.4000000060
119824  -39.100  0.090  -21.888 0.3000000119
12262  -35.502  -7.657  -23.938 0.5000000000
12253  -36.359  -7.438  -23.642 0.4000000060
14300  -37.506  -4.580  -22.490 0.4000000060
12893  -32.165  -6.542  -23.514 0.5000000000
12894  -32.986  -6.374  -23.759 0.5000000000
19759  -40.074  3.588  -23.040 0.4000000060
116656  -34.045  -7.020  -24.031 0.5000000000
121700  -33.414  -6.923  -23.864 0.4000000060
18104  -38.455  1.151  -21.647 0.4000000060
108510  -34.846  -7.091  -24.051 0.4000000060
17303  -38.225  0.223  -21.585 0.4000000060
12895  -35.595  -6.835  -23.831 0.4000000060
13572  -35.703  -6.137  -23.836 0.4000000060
13573  -36.177  -5.596  -23.650 0.4000000060
13574  -36.900  -6.046  -23.056 0.4000000060
13559  -36.855  -5.152  -22.957 0.4000000060
14299  -36.745  -4.310  -22.958 0.4000000060
15787  -37.427  -2.875  -21.995 0.4000000060
15048  -37.288  -3.704  -22.371 0.4000000060
13569  -31.550  -5.917  -23.370 0.5000000000
20595  -39.255  4.704  -22.239 0.4000000060
115442  -38.272  3.529  -21.709 0.4000000060
13570  -32.416  -5.714  -23.609 0.5000000000
13571  -33.330  -5.559  -23.882 0.4000000060
12903  -34.468  -6.303  -24.074 0.4000000060
18910  -37.089  1.447  -21.745 0.4000000060
12904  -35.135  -6.228  -24.084 0.4000000060
13581  -35.494  -5.511  -24.135 0.4000000060
16523  -37.398  -2.094  -21.791 0.3000000119
114474  -31.717  -4.921  -23.477 0.4000000060
115804  -32.705  -4.923  -23.716 0.5000000000
14312  -33.164  -4.348  -23.840 0.4000000060
20593  -37.324  3.326  -21.697 0.4000000060
125164  -33.288  -4.916  -23.905 0.4000000060
13579  -34.081  -5.713  -24.110 0.4000000060
116032  -33.972  -4.855  -24.257 0.4000000060
13580  -34.793  -5.461  -24.315 0.4000000060
14319  -35.400  -4.740  -24.549 0.4000000060
14320  -35.856  -4.803  -24.300 0.4000000060
14313  -36.312  -4.735  -23.703 0.4000000060
16533  -36.597  -1.830  -22.636 0.4000000060
15047  -36.549  -3.544  -23.171 0.4000000060
15813  -36.515  -2.639  -23.273 0.4000000060
14311  -32.340  -4.158  -23.590 0.4000000060
15059  -32.884  -3.535  -23.682 0.4000000060
15064  -33.775  -3.786  -24.228 0.4000000060
14318  -34.865  -4.653  -24.612 0.4000000060
15066  -35.419  -3.927  -25.088 0.4000000060
124848  -35.812  -3.355  -25.391 0.4000000060
110712  -36.116  -4.183  -24.591 0.4000000060
15067  -36.012  -3.603  -25.256 0.4000000060
104673  -36.319  -3.442  -24.446 0.4000000060
108466  -32.576  -2.645  -23.541 0.4000000060
115406  -33.303  -3.010  -23.848 0.4000000060
15819  -33.950  -2.904  -24.318 0.4000000060
15065  -34.670  -3.492  -24.945 0.4000000060
15820  -34.690  -2.718  -25.161 0.4000000060
15070  -35.425  -3.133  -25.453 0.4000000060
15071  -35.999  -2.833  -25.632 0.4000000060
109296  -36.457  -1.638  -23.592 0.3000000119
15821  -36.451  -2.559  -24.701 0.4000000060
15811  -32.760  -1.828  -23.506 0.4000000060
16549  -33.432  -1.298  -23.685 0.4000000060
18125  -33.059  -0.210  -23.321 0.4000000060
15812  -33.350  -2.273  -23.780 0.4000000060
109169  -34.052  -2.094  -24.328 0.4000000060
15824  -35.527  -2.295  -25.759 0.4000000060
16564  -35.893  -1.548  -26.244 0.4000000060
114392  -36.365  -0.485  -23.188 0.4000000060
15825  -36.188  -1.969  -26.032 0.4000000060
16559  -36.567  -1.789  -25.188 0.5000000000
113705  -36.520  -1.035  -24.447 0.4000000060
15826  -36.304  -2.293  -25.675 0.5000000000
18132  -33.684  0.330  -23.581 0.4000000060
17330  -33.940  -0.450  -23.861 0.4000000060
18133  -34.265  0.282  -24.184 0.4000000060
16557  -34.299  -1.328  -24.546 0.4000000060
115122  -36.685  -1.198  -25.571 0.5000000000
18932  -33.022  0.932  -23.300 0.4000000060
18933  -33.896  1.799  -23.811 0.4000000060
115287  -34.263  1.968  -24.519 0.4000000060
16568  -36.675  -0.957  -26.262 0.4000000060
17341  -36.840  -0.840  -26.070 0.5000000000
19780  -33.398  2.600  -23.590 0.4000000060
19781  -34.004  2.655  -24.117 0.4000000060
18146  -36.822  -0.350  -26.371 0.5000000000
21421  -33.400  4.526  -23.857 0.4000000060
20612  -33.545  3.536  -23.805 0.4000000060
21422  -33.933  4.130  -24.394 0.4000000060
121185  -34.311  3.849  -25.129 0.5000000000
12885  -38.420  -6.308  -22.733 0.5000000000
13560  -37.777  -5.538  -22.579 0.5000000000
14295  -38.698  -3.977  -22.038 0.4000000060
12277  -46.067  -8.039  -26.715 0.5000000000
10268  -42.622  -10.530  -25.947 0.8000000119
10267  -41.874  -10.969  -26.146 0.8000000119
9621  -41.086  -11.426  -25.264 0.6999999881
107174  -46.152  -7.504  -25.522 0.5000000000
9629  -39.623  -11.965  -25.487 0.6999999881
12266  -46.126  -7.486  -24.559 0.5000000000
105623  -38.161  -12.366  -25.217 0.6999999881
12909  -45.357  -6.983  -25.025 0.4000000060
9052  -37.284  -12.472  -25.033 0.6999999881
123331  -34.260  -12.287  -24.203 0.6999999881
12908  -44.262  -6.058  -24.286 0.4000000060
14317  -43.354  -4.595  -24.237 0.4000000060
9588  -33.396  -11.319  -22.782 0.6000000238
10218  -31.398  -10.608  -22.610 0.6000000238
10906  -30.903  -10.297  -22.718 0.5000000000
11561  -30.955  -9.398  -23.202 0.5000000000
116141  -31.414  -8.315  -23.386 0.5000000000
111031  -30.972  -7.575  -23.162 0.4000000060
14310  -31.456  -3.964  -23.473 0.4000000060
14309  -30.792  -4.476  -23.359 0.4000000060
120351  -31.722  -2.703  -23.452 0.4000000060
108377  -31.789  -1.871  -23.440 0.4000000060
16548  -32.438  -1.070  -23.402 0.4000000060
18124  -32.322  0.338  -23.324 0.4000000060
19779  -32.686  2.460  -23.399 0.4000000060
22192  -33.262  5.397  -24.030 0.4000000060
10935  -44.136  -9.493  -26.552 0.8000000119
10942  -42.556  -9.634  -26.786 0.8000000119
12911  -44.871  -6.604  -25.838 0.5000000000
9631  -41.225  -11.391  -26.017 0.6999999881
10939  -39.704  -10.347  -26.365 0.6999999881
12914  -43.457  -5.938  -27.031 0.6000000238
12912  -41.938  -6.083  -27.065 0.6999999881
14328  -42.168  -4.545  -27.351 0.6000000238
12910  -41.275  -6.325  -26.140 0.6000000238
9625  -35.529  -12.070  -25.219 0.6999999881
9617  -33.756  -11.985  -24.354 0.6000000238
15074  -42.916  -2.034  -27.485 0.3000000119
12886  -39.300  -6.295  -22.926 0.5000000000
105890  -34.027  -9.407  -24.398 0.6000000238
15039  -38.124  -3.426  -21.884 0.4000000060
15060  -36.362  -4.085  -23.795 0.4000000060
108745  -35.836  -4.178  -24.874 0.4000000060
15058  -32.049  -3.359  -23.486 0.4000000060
15072  -36.192  -2.994  -25.337 0.4000000060
20622  -34.162  3.329  -24.599 0.4000000060
115437  -39.979  -17.493  -22.932 0.4000000060
6348  -40.533  -17.367  -23.095 0.4000000060
6908  -42.408  -16.485  -23.050 0.4000000060
6912  -42.767  -16.737  -24.172 0.4000000060
6904  -42.106  -16.280  -22.085 0.4000000060
7429  -42.756  -15.954  -22.434 0.4000000060
6909  -43.143  -16.180  -23.457 0.4000000060
7430  -43.441  -15.542  -22.714 0.4000000060
7979  -45.022  -14.627  -23.519 0.5000000000
6903  -41.758  -15.958  -21.253 0.4000000060
7426  -43.033  -15.419  -21.920 0.4000000060
7976  -43.582  -14.811  -21.935 0.5000000000
7977  -44.447  -14.254  -22.352 0.5000000000
8508  -44.867  -13.456  -22.295 0.6000000238
7421  -41.445  -15.561  -20.480 0.4000000060
7422  -42.179  -15.301  -20.841 0.4000000060
7972  -43.258  -14.278  -21.082 0.4000000060
112106  -45.211  -14.014  -22.959 0.5000000000
123493  -44.792  -6.603  -24.261 0.3000000119
13578  -44.010  -5.817  -23.583 0.4000000060
14304  -42.956  -4.047  -23.428 0.3000000119
7980  -45.874  -14.266  -23.992 0.5000000000
11578  -48.129  -9.021  -25.135 0.5000000000
12258  -46.735  -7.941  -24.284 0.4000000060
8498  -42.450  -13.526  -19.776 0.4000000060
110127  -43.865  -14.080  -21.571 0.5000000000
7968  -42.222  -14.156  -19.908 0.4000000060
7971  -42.554  -14.566  -20.579 0.4000000060
8509  -45.653  -13.391  -23.147 0.6000000238
8510  -46.546  -13.517  -24.094 0.6000000238
9613  -47.096  -11.448  -24.246 0.6999999881
11577  -47.613  -8.711  -25.551 0.5000000000
9047  -47.099  -12.682  -24.287 0.6999999881
9623  -48.261  -11.604  -24.681 0.6999999881
11581  -47.802  -9.128  -25.715 0.6999999881
9622  -47.942  -11.165  -24.925 0.6999999881
10262  -48.053  -10.290  -25.321 0.6999999881
8504  -43.728  -13.399  -21.045 0.5000000000
9033  -44.464  -12.907  -21.590 0.6000000238
9038  -45.204  -12.544  -22.352 0.6000000238
9603  -45.757  -11.793  -22.855 0.6000000238
9029  -43.284  -12.834  -20.379 0.4000000060
106434  -44.578  -12.109  -21.601 0.6000000238
9046  -46.137  -12.643  -23.360 0.6000000238
9612  -46.175  -11.305  -23.422 0.6000000238
15063  -43.025  -3.072  -23.896 0.3000000119
9039  -46.476  -11.997  -23.569 0.6000000238
10252  -47.208  -10.424  -24.923 0.6999999881
11580  -47.180  -8.626  -26.078 0.6000000238
12272  -46.420  -7.897  -26.221 0.5000000000
9581  -43.184  -11.502  -20.052 0.6000000238
9584  -43.721  -11.439  -20.623 0.6000000238
9591  -43.899  -10.681  -21.037 0.6999999881
9592  -44.277  -11.396  -21.281 0.6000000238
9602  -44.898  -11.386  -22.104 0.6000000238
10251  -46.070  -10.383  -23.945 0.6000000238
9025  -42.899  -12.341  -19.804 0.5000000000
9030  -43.980  -12.311  -20.911 0.6000000238
10937  -46.331  -9.356  -26.160 0.6999999881
10929  -47.317  -9.672  -25.664 0.6999999881
11588  -46.472  -8.537  -26.491 0.6000000238
10938  -47.121  -9.100  -26.157 0.6999999881
10215  -43.280  -10.620  -20.449 0.6000000238
112602  -43.415  -10.128  -21.038 0.6999999881
10240  -43.496  -9.749  -22.165 0.6999999881
10228  -44.331  -10.648  -21.682 0.6999999881
10250  -44.998  -9.922  -23.241 0.6000000238
11587  -45.707  -8.535  -26.811 0.5000000000
10917  -45.177  -9.661  -24.203 0.6999999881
10261  -46.235  -9.807  -25.128 0.6999999881
10945  -46.055  -8.980  -26.563 0.6000000238
10249  -42.850  -9.836  -23.700 0.6999999881
117573  -43.287  -10.089  -25.434 0.6999999881
10914  -43.207  -9.627  -22.865 0.6999999881
10915  -43.743  -9.608  -23.590 0.6000000238
112335  -44.372  -9.590  -24.355 0.5000000000
10909  -44.097  -9.720  -22.821 0.6999999881
10916  -44.454  -9.631  -23.598 0.6000000238
10928  -45.235  -9.593  -25.327 0.6999999881
10944  -45.092  -9.012  -26.797 0.5000000000
106302  -42.545  -10.418  -24.811 0.6999999881
107538  -41.668  -11.022  -24.748 0.6999999881
10269  -43.476  -10.023  -26.112 0.6999999881
11566  -47.461  -8.450  -24.709 0.5000000000
10927  -44.232  -9.701  -25.518 0.6000000238
6907  -41.222  -16.969  -22.869 0.4000000060
7431  -44.219  -15.083  -23.045 0.4000000060
7970  -41.868  -14.890  -20.145 0.4000000060
7975  -42.844  -15.012  -21.284 0.4000000060
8501  -42.901  -13.703  -20.370 0.4000000060
10271  -48.500  -10.072  -25.144 0.6999999881
10270  -47.937  -9.560  -25.502 0.6999999881
10242  -45.450  -10.806  -22.896 0.6000000238
9026  -43.429  -12.107  -20.320 0.6999999881
10241  -44.646  -10.343  -22.432 0.6000000238
10908  -42.730  -9.627  -22.146 0.5000000000
9580  -42.701  -11.489  -19.506 0.4000000060
10208  -42.894  -10.862  -19.868 0.5000000000
10907  -41.931  -9.716  -22.058 0.6000000238
9018  -42.367  -12.206  -19.175 0.4000000060
9576  -42.241  -11.342  -18.943 0.5000000000
10207  -42.385  -10.509  -19.455 0.5000000000
10214  -42.710  -10.215  -20.096 0.5000000000
10226  -41.094  -9.955  -21.877 0.5000000000
10902  -42.365  -9.583  -21.430 0.5000000000
10239  -42.318  -9.841  -22.876 0.6000000238
10248  -41.801  -10.476  -23.761 0.5000000000
10238  -41.435  -10.224  -22.718 0.5000000000
9611  -40.901  -11.198  -24.256 0.6999999881
104497  -40.836  -10.771  -23.358 0.6000000238
9610  -40.082  -11.450  -24.073 0.6000000238
9575  -41.772  -11.148  -18.386 0.5000000000
10206  -41.737  -9.897  -19.180 0.5000000000
10887  -41.439  -9.494  -20.481 0.5000000000
10900  -40.818  -9.657  -21.046 0.5000000000
10901  -41.633  -9.580  -21.285 0.5000000000
10237  -40.525  -10.525  -22.551 0.6000000238
10247  -40.001  -11.069  -23.221 0.5000000000
9619  -39.498  -11.848  -24.664 0.6000000238
10202  -41.458  -10.233  -18.420 0.5000000000
10876  -41.188  -9.499  -19.542 0.5000000000
10886  -40.578  -9.505  -20.175 0.5000000000
10225  -40.116  -10.309  -21.668 0.5000000000
9620  -40.285  -11.673  -24.948 0.6000000238
10236  -39.086  -11.109  -22.804 0.5000000000
9045  -38.604  -11.936  -24.347 0.6000000238
10195  -41.036  -10.262  -17.718 0.5000000000
10869  -40.672  -9.481  -18.812 0.5000000000
10875  -40.274  -9.454  -19.352 0.5000000000
10885  -39.474  -9.711  -19.918 0.5000000000
10884  -38.414  -9.913  -20.184 0.6000000238
10213  -39.025  -10.218  -20.673 0.4000000060
10898  -37.285  -9.846  -21.479 0.4000000060
10212  -38.394  -10.200  -20.931 0.5000000000
10224  -38.720  -10.475  -21.405 0.5000000000
121218  -39.395  -10.362  -21.259 0.4000000060
10897  -36.447  -9.831  -22.048 0.4000000060
116526  -36.427  -10.512  -22.415 0.5000000000
10234  -37.658  -10.826  -22.392 0.5000000000
106581  -35.608  -9.787  -22.206 0.4000000060
9601  -38.189  -11.219  -22.880 0.6000000238
115915  -38.620  -11.487  -23.458 0.6000000238
9044  -37.641  -12.204  -24.464 0.6000000238
105608  -36.783  -12.346  -24.551 0.6000000238
10223  -37.932  -10.386  -21.583 0.5000000000
10222  -35.771  -10.384  -22.440 0.5000000000
10232  -35.875  -11.124  -22.825 0.5000000000
10233  -36.829  -10.948  -22.657 0.5000000000
111241  -34.842  -9.497  -22.035 0.4000000060
10221  -34.974  -10.347  -22.382 0.5000000000
9037  -35.562  -11.893  -23.543 0.6000000238
9600  -37.363  -11.348  -23.082 0.6000000238
9043  -36.233  -12.196  -23.976 0.6000000238
9590  -35.167  -10.924  -22.648 0.5000000000
10893  -31.682  -10.163  -22.057 0.3000000119
10894  -32.565  -9.789  -21.842 0.4000000060
10895  -33.707  -9.622  -21.937 0.4000000060
10220  -34.055  -10.428  -22.338 0.5000000000
9598  -34.863  -11.552  -23.163 0.5000000000
9042  -35.440  -12.364  -24.223 0.6000000238
112742  -30.868  -6.209  -23.164 0.3000000119
12891  -30.534  -6.877  -22.993 0.3000000119
116405  -30.602  -8.456  -22.986 0.4000000060
11560  -30.486  -9.058  -22.770 0.4000000060
15056  -30.633  -3.716  -23.428 0.3000000119
15810  -30.951  -2.431  -23.475 0.3000000119
16547  -31.382  -0.901  -23.434 0.3000000119
119026  -31.959  -0.266  -23.387 0.3000000119
125068  -31.618  0.317  -23.412 0.3000000119
113388  -31.855  0.914  -23.354 0.3000000119
19778  -31.869  2.758  -23.481 0.3000000119
20611  -32.738  3.201  -23.473 0.3000000119
114113  -33.043  -10.587  -22.325 0.5000000000
13568  -30.717  -5.396  -23.219 0.3000000119
10877  -42.090  -9.665  -20.032 0.5000000000
108856  -39.246  -10.651  -21.959 0.5000000000
9607  -37.069  -11.889  -23.838 0.6000000238
9624  -48.625  -11.100  -24.509 0.6000000238
10931  -48.708  -9.972  -24.965 0.6000000238
12881  -44.723  -6.430  -21.229 0.3000000119
12887  -44.632  -6.487  -22.199 0.3000000119
12888  -45.269  -7.060  -22.737 0.3000000119
12900  -44.569  -6.468  -23.314 0.3000000119
12247  -45.895  -7.516  -22.201 0.3000000119
12257  -46.127  -7.583  -23.352 0.3000000119
12901  -45.325  -7.069  -23.836 0.3000000119
10919  -48.732  -10.184  -24.470 0.6000000238
10918  -48.536  -9.596  -24.611 0.5000000000
13552  -43.544  -5.404  -20.590 0.3000000119
13556  -44.091  -5.951  -21.744 0.3000000119
13564  -44.028  -5.936  -22.688 0.3000000119
12248  -46.456  -7.961  -22.628 0.3000000119
11558  -46.981  -8.254  -23.502 0.3000000119
11567  -47.886  -8.861  -23.996 0.4000000060
8491  -42.425  -12.973  -19.442 0.4000000060
112968  -43.493  -5.284  -19.924 0.3000000119
14297  -42.995  -4.979  -21.192 0.3000000119
121871  -43.078  -5.061  -21.943 0.3000000119
112967  -43.521  -5.443  -22.290 0.3000000119
106727  -44.670  -16.395  -25.051 0.5000000000
6918  -45.131  -16.377  -25.045 0.5000000000
6356  -41.888  -16.984  -23.671 0.4000000060
6916  -43.354  -17.070  -24.802 0.4000000060
111653  -44.488  -16.848  -25.009 0.5000000000
7985  -46.601  -14.912  -24.454 0.5000000000
7442  -46.165  -15.642  -24.616 0.5000000000
7439  -44.379  -16.119  -24.885 0.5000000000
7441  -45.634  -15.728  -24.886 0.5000000000
6913  -43.621  -16.458  -24.569 0.4000000060
7982  -48.302  -13.523  -23.706 0.6000000238
8512  -47.870  -13.286  -24.316 0.6000000238
106362  -47.297  -14.076  -24.377 0.5000000000
7987  -46.070  -15.335  -24.678 0.5000000000
7434  -43.895  -15.759  -23.913 0.3000000119
7435  -44.781  -15.388  -24.395 0.4000000060
7436  -45.463  -15.498  -24.819 0.5000000000
9040  -48.699  -12.143  -23.512 0.6000000238
105499  -47.681  -12.840  -24.422 0.6000000238
8511  -47.279  -13.505  -24.425 0.6000000238
7983  -45.488  -14.989  -24.411 0.4000000060
104769  -46.710  -14.314  -24.445 0.5000000000
9615  -48.775  -11.339  -23.887 0.6000000238
111700  -46.907  -8.475  -22.579 0.3000000119
10243  -48.285  -9.830  -23.025 0.4000000060
9048  -48.148  -12.439  -24.461 0.6000000238
12243  -45.790  -7.493  -21.245 0.3000000119
12882  -45.295  -6.974  -21.708 0.3000000119
123407  -47.333  -8.641  -23.190 0.3000000119
10910  -48.665  -9.904  -23.908 0.5000000000
9614  -47.797  -12.108  -24.567 0.6000000238
9053  -48.550  -11.902  -24.235 0.6000000238
9049  -48.453  -12.732  -23.978 0.6000000238
11559  -47.593  -9.093  -22.847 0.3000000119
8507  -48.616  -12.994  -23.044 0.5000000000
9035  -48.640  -12.307  -22.684 0.5000000000
9604  -48.710  -11.568  -23.059 0.5000000000
9593  -48.041  -11.696  -21.655 0.4000000060
10229  -48.400  -11.145  -22.381 0.5000000000
116832  -48.159  -13.054  -21.522 0.5000000000
8506  -48.395  -13.500  -22.156 0.5000000000
9032  -47.712  -12.409  -21.163 0.4000000060
10217  -47.633  -10.772  -21.489 0.4000000060
10244  -48.682  -10.616  -23.466 0.5000000000
7438  -47.408  -14.611  -24.015 0.5000000000
7981  -48.050  -14.248  -23.382 0.5000000000
121394  -48.186  -10.405  -22.438 0.4000000060
3936  -39.150  -22.706  -21.444 0.3000000119
119726  -39.287  -22.942  -20.659 0.3000000119
111616  -39.438  -22.276  -20.901 0.3000000119
4812  -40.174  -20.751  -21.164 0.3000000119
105205  -40.166  -20.149  -20.285 0.4000000060
4363  -39.739  -21.507  -21.099 0.3000000119
4371  -40.090  -21.338  -22.170 0.3000000119
5300  -40.244  -19.637  -19.583 0.4000000060
5305  -40.769  -20.014  -21.164 0.4000000060
4821  -41.242  -20.454  -22.695 0.3000000119
5806  -41.655  -18.415  -19.364 0.4000000060
5811  -42.803  -18.634  -20.517 0.4000000060
5306  -42.291  -19.348  -21.619 0.4000000060
5309  -41.533  -19.916  -21.994 0.4000000060
4828  -41.247  -20.496  -23.395 0.4000000060
115461  -42.371  -19.579  -22.324 0.4000000060
6321  -43.877  -16.920  -18.982 0.3000000119
5807  -43.301  -18.088  -19.904 0.4000000060
5812  -43.667  -18.508  -20.817 0.4000000060
5817  -43.850  -18.729  -21.699 0.4000000060
5310  -43.091  -19.210  -22.309 0.4000000060
5316  -42.535  -19.641  -23.063 0.4000000060
7412  -45.025  -15.415  -18.807 0.3000000119
6327  -44.780  -17.524  -19.986 0.4000000060
6333  -45.011  -17.933  -20.747 0.4000000060
6332  -44.227  -18.012  -20.362 0.4000000060
5818  -44.630  -18.291  -21.588 0.4000000060
111811  -45.404  -17.754  -21.663 0.4000000060
106821  -44.237  -18.554  -22.411 0.4000000060
117555  -44.824  -18.156  -22.302 0.4000000060
110938  -43.648  -18.904  -22.582 0.4000000060
5317  -43.169  -19.188  -23.222 0.4000000060
6885  -45.805  -16.649  -19.927 0.4000000060
6895  -46.055  -16.943  -20.528 0.4000000060
109472  -46.004  -17.140  -22.344 0.4000000060
6351  -45.263  -17.713  -22.950 0.4000000060
5324  -43.186  -18.939  -24.043 0.4000000060
5823  -43.807  -18.630  -23.398 0.4000000060
5323  -42.584  -19.469  -23.855 0.4000000060
6896  -46.586  -16.494  -20.923 0.4000000060
6906  -46.610  -16.530  -21.840 0.4000000060
6911  -46.489  -16.427  -23.050 0.4000000060
6910  -45.843  -16.999  -23.588 0.4000000060
5838  -44.136  -17.535  -24.705 0.4000000060
6363  -44.880  -17.088  -24.862 0.4000000060
7427  -47.080  -15.923  -21.348 0.4000000060
7432  -47.086  -15.827  -22.441 0.4000000060
7437  -46.843  -15.543  -23.803 0.4000000060
8503  -47.955  -13.828  -21.271 0.4000000060
7428  -47.498  -15.213  -21.778 0.4000000060
7433  -47.580  -15.026  -22.953 0.4000000060
9586  -47.319  -11.611  -20.827 0.3000000119
10216  -46.819  -10.755  -20.460 0.3000000119
6915  -46.159  -16.263  -24.236 0.4000000060
7978  -48.072  -14.372  -22.173 0.4000000060
10891  -47.060  -10.095  -21.015 0.3000000119
5810  -41.722  -18.824  -20.185 0.4000000060
124494  -42.332  -19.026  -20.963 0.4000000060
5816  -43.035  -18.970  -21.407 0.4000000060
124937  -42.742  -19.287  -21.907 0.4000000060
6322  -44.480  -17.048  -19.428 0.4000000060
6326  -44.009  -17.534  -19.626 0.4000000060
6876  -44.550  -16.299  -18.946 0.3000000119
5813  -44.330  -18.342  -21.023 0.4000000060
7418  -45.830  -15.224  -19.400 0.3000000119
6884  -45.114  -16.858  -19.637 0.4000000060
6328  -45.455  -17.284  -20.250 0.4000000060
6905  -46.117  -17.116  -21.287 0.4000000060
6886  -46.345  -16.280  -20.242 0.4000000060
5831  -44.247  -18.061  -24.018 0.4000000060
7974  -47.620  -14.654  -21.073 0.4000000060
6319  -41.693  -17.610  -18.063 0.3000000119
5289  -40.216  -19.743  -17.679 0.3000000119
4797  -39.887  -20.535  -18.493 0.3000000119
109359  -40.470  -18.839  -18.202 0.3000000119
5802  -41.225  -18.240  -18.604 0.3000000119
5298  -40.062  -19.591  -18.746 0.3000000119
5801  -40.748  -18.894  -19.291 0.3000000119
6320  -42.611  -17.252  -18.348 0.3000000119
5803  -42.324  -17.898  -19.031 0.3000000119
6325  -43.255  -17.446  -19.077 0.3000000119
7969  -46.457  -14.834  -19.779 0.3000000119
7973  -47.038  -14.961  -20.341 0.3000000119
8502  -47.286  -14.065  -20.510 0.3000000119
116338  -47.501  -13.216  -20.752 0.3000000119
104386  -43.283  -16.918  -18.507 0.3000000119
7424  -47.319  -15.361  -20.953 0.3000000119
3513  -38.883  -23.426  -20.988 0.3000000119
4820  -40.745  -20.595  -22.048 0.3000000119
4827  -40.731  -20.984  -22.921 0.3000000119
5301  -40.784  -19.434  -20.264 0.4000000060
5315  -41.853  -20.082  -22.881 0.4000000060
5824  -44.522  -18.203  -23.113 0.4000000060
5830  -43.635  -18.286  -24.315 0.4000000060
6334  -45.654  -17.462  -20.841 0.4000000060
6349  -41.195  -17.350  -23.640 0.4000000060
6350  -44.737  -17.795  -23.709 0.4000000060
6358  -44.611  -17.565  -24.359 0.4000000060
6359  -45.186  -17.377  -24.091 0.4000000060
6877  -45.410  -16.104  -19.393 0.4000000060
6914  -45.512  -16.704  -24.608 0.4000000060
6917  -44.105  -16.703  -24.977 0.4000000060
6919  -45.732  -16.131  -24.836 0.4000000060
7419  -46.472  -15.533  -19.971 0.3000000119
7423  -46.862  -15.793  -20.590 0.3000000119
7425  -42.453  -15.671  -21.588 0.4000000060
7440  -45.039  -15.919  -25.119 0.5000000000
7984  -46.035  -15.053  -24.675 0.5000000000
7986  -47.840  -13.948  -24.135 0.5000000000
8505  -44.280  -13.619  -21.714 0.6000000238
9028  -42.785  -13.084  -19.952 0.4000000060
9034  -48.368  -12.373  -21.880 0.4000000060
9036  -34.530  -12.244  -23.900 0.6999999881
9041  -34.827  -12.354  -24.443 0.6999999881
9050  -35.091  -12.288  -24.889 0.6999999881
9055  -36.673  -12.275  -25.354 0.6999999881
9056  -37.407  -12.304  -25.455 0.6999999881
9058  -37.147  -12.105  -25.672 0.6999999881
9060  -38.520  -12.072  -25.977 0.6999999881
9589  -34.366  -11.148  -22.690 0.5000000000
9594  -48.508  -11.826  -22.317 0.5000000000
9595  -32.325  -11.435  -23.286 0.6000000238
9596  -32.945  -11.663  -23.425 0.6000000238
9599  -36.492  -11.552  -23.295 0.6000000238
9606  -33.577  -12.093  -24.014 0.6000000238
9608  -37.917  -11.687  -23.645 0.6000000238
9609  -39.314  -11.492  -23.748 0.5000000000
9626  -36.400  -12.082  -25.454 0.6999999881
9628  -38.993  -12.201  -25.172 0.6000000238
9632  -37.602  -11.593  -25.889 0.6999999881
10203  -41.949  -10.591  -18.856 0.5000000000
10211  -37.874  -9.964  -20.848 0.4000000060
10219  -32.109  -10.689  -22.433 0.6000000238
10227  -43.763  -10.112  -21.562 0.6999999881
10230  -31.432  -10.862  -23.091 0.5000000000
10235  -38.462  -10.775  -22.159 0.5000000000
10253  -48.744  -10.706  -24.298 0.6000000238
10259  -41.851  -11.071  -25.569 0.8000000119
10260  -43.527  -9.749  -24.480 0.6999999881
10263  -48.391  -10.752  -24.911 0.6999999881
10264  -48.671  -10.409  -24.779 0.6000000238
10870  -41.219  -9.632  -18.828 0.5000000000
10888  -42.748  -9.804  -20.755 0.5000000000
10889  -43.097  -9.726  -21.508 0.5000000000
10899  -39.922  -9.916  -20.759 0.4000000060
10905  -30.605  -9.600  -22.278 0.4000000060
10911  -30.615  -9.718  -22.811 0.4000000060
10922  -34.855  -9.344  -24.455 0.6000000238
10930  -48.347  -9.569  -25.238 0.6000000238
10932  -38.398  -10.136  -25.576 0.6999999881
10936  -45.230  -9.344  -26.395 0.5000000000
10940  -40.934  -10.009  -26.617 0.6999999881
11579  -40.137  -8.780  -25.965 0.6000000238
12244  -46.386  -8.091  -21.709 0.3000000119
12251  -30.189  -7.662  -22.776 0.3000000119
12252  -32.724  -7.154  -23.696 0.5000000000
12267  -46.887  -8.081  -25.378 0.5000000000
12276  -45.398  -7.896  -26.893 0.5000000000
12892  -31.339  -6.738  -23.284 0.4000000060
12896  -36.279  -6.508  -23.543 0.4000000060
12897  -38.791  -6.985  -23.090 0.5000000000
12898  -39.526  -6.946  -23.449 0.5000000000
12899  -40.039  -6.289  -23.479 0.5000000000
12902  -33.747  -6.320  -23.955 0.4000000060
13553  -44.165  -5.892  -20.837 0.3000000119
13555  -43.536  -5.471  -21.419 0.3000000119
13590  -43.037  -5.142  -27.202 0.6000000238
14302  -39.200  -4.538  -22.325 0.4000000060
14322  -41.330  -4.622  -25.698 0.5000000000
14330  -43.346  -4.775  -26.992 0.6000000238
15057  -31.197  -3.200  -23.466 0.4000000060
15798  -36.848  -3.020  -22.556 0.4000000060
15827  -42.846  -1.372  -27.286 0.3000000119
15828  -42.470  -1.285  -27.310 0.3000000119
16534  -39.944  -1.186  -22.727 0.3000000119
16565  -36.384  -1.330  -26.237 0.4000000060
16566  -36.564  -1.460  -26.027 0.5000000000
17312  -36.543  -1.082  -22.463 0.4000000060
17313  -40.291  0.032  -23.440 0.3000000119
18911  -38.055  1.735  -21.587 0.4000000060
18920  -40.319  2.852  -23.331 0.4000000060
18931  -32.106  1.802  -23.341 0.3000000119
18937  -33.955  0.995  -23.671 0.4000000060
19758  -38.665  2.851  -21.852 0.4000000060
105267  -36.507  -12.456  -25.067 0.6000000238
105478  -33.153  1.846  -23.403 0.4000000060
106733  -40.584  -6.211  -24.263 0.5000000000
107667  -41.307  -16.555  -21.879 0.4000000060
107895  -41.781  -16.642  -22.686 0.4000000060
108024  -39.670  -11.820  -26.006 0.6999999881
108506  -38.011  -10.878  -25.892 0.6999999881
109324  -36.085  -12.412  -24.579 0.6000000238
109667  -48.285  -9.445  -23.695 0.4000000060
111240  -42.401  -18.379  -19.781 0.4000000060
112025  -34.577  -4.177  -24.668 0.4000000060
112586  -33.562  -10.449  -24.478 0.6000000238
115002  -36.852  -2.334  -22.274 0.4000000060
115500  -42.078  -9.522  -20.789 0.5000000000
116205  -39.776  -10.749  -22.443 0.5000000000
117464  -37.112  -10.382  -22.094 0.5000000000
118778  -48.388  -13.744  -22.889 0.5000000000
118797  -32.302  -9.624  -23.897 0.5000000000
118920  -33.526  1.400  -23.507 0.4000000060
119138  -38.192  -12.220  -25.729 0.6999999881
119934  -48.523  -12.866  -22.223 0.5000000000
120161  -41.307  -9.308  -26.677 0.6999999881
120361  -32.777  -10.821  -24.260 0.6000000238
120654  -46.023  -15.999  -19.742 0.4000000060
121291  -41.560  -19.409  -21.053 0.4000000060
121544  -34.320  -12.198  -24.466 0.6999999881
121665  -44.086  -10.037  -22.102 0.6999999881
124808  -34.190  4.470  -24.917 0.4000000060
125494  -40.302  -9.950  -26.505 0.6999999881
125680  -40.447  -11.143  -23.707 0.6000000238
