#!ascii label  , from subject sub-v1s18x0051251_ses-1 vox2ras=TkReg
858
49478  9.706  2.217  58.921 0.0000000000
39076  5.505  -8.977  42.244 0.0000000000
43005  4.816  -4.989  54.961 0.0000000000
46744  9.076  0.054  50.742 0.0000000000
50570  8.186  3.338  43.287 0.0000000000
46672  6.560  -1.120  57.669 0.0000000000
48584  6.284  1.526  56.019 0.0000000000
48552  12.335  1.224  57.810 0.0000000000
44882  9.620  -1.821  56.036 0.0000000000
39883  6.542  -7.137  55.554 0.0000000000
51496  3.580  4.719  50.520 0.0000000000
49579  8.669  2.330  47.244 0.0000000000
53398  4.641  5.738  46.803 0.0000000000
38988  3.795  -8.532  51.698 0.0000000000
41045  4.169  -6.177  48.713 0.0000000000
44920  5.983  -2.742  52.465 0.0000000000
50460  5.574  3.844  53.674 0.0000000000
98073  5.996  -3.743  46.498 0.0000000000
45050  7.813  -2.653  42.512 0.0000000000
46905  5.799  -0.207  39.550 0.0000000000
51622  5.363  4.533  40.591 0.0000000000
48544  8.082  1.474  58.449 0.0000000000
49481  6.852  2.478  58.220 0.0000000000
103861  11.489  1.672  58.701 0.0000000000
46675  10.865  -0.170  56.547 0.0000000000
47610  10.031  -0.015  57.799 0.0000000000
44872  7.957  -2.178  57.342 0.0000000000
94311  3.677  4.704  48.537 0.0000000000
95701  4.225  -6.587  53.065 0.0000000000
42034  4.385  -5.199  51.293 0.0000000000
43953  4.946  -3.866  53.349 0.0000000000
51387  5.342  4.908  57.010 0.0000000000
50442  6.263  3.365  55.059 0.0000000000
40974  5.411  -6.373  55.863 0.0000000000
38056  5.885  -8.775  55.080 0.0000000000
39903  4.743  -7.394  54.746 0.0000000000
37143  3.962  -10.455  53.272 0.0000000000
43986  6.290  -3.328  49.511 0.0000000000
43073  4.853  -4.499  47.490 0.0000000000
44951  8.224  -2.225  48.770 0.0000000000
99378  8.858  2.683  45.023 0.0000000000
46841  10.407  -0.067  45.041 0.0000000000
47772  10.189  0.823  43.035 0.0000000000
46874  6.993  -1.384  41.223 0.0000000000
48720  9.394  1.693  40.944 0.0000000000
99615  5.596  -2.798  56.319 0.0000000000
45817  5.478  -1.693  55.133 0.0000000000
47612  5.630  -0.043  57.102 0.0000000000
95088  6.332  3.764  57.947 0.0000000000
48582  13.620  1.566  55.782 0.0000000000
47673  12.711  0.334  52.538 0.0000000000
47642  11.689  -0.025  54.777 0.0000000000
45815  10.545  -1.728  54.500 0.0000000000
43002  8.093  -4.675  55.686 0.0000000000
100667  6.476  -4.100  56.637 0.0000000000
49535  6.010  2.725  50.966 0.0000000000
48646  9.117  1.052  48.900 0.0000000000
93448  5.627  2.580  48.863 0.0000000000
50516  4.680  2.934  46.850 0.0000000000
50542  5.058  2.920  45.096 0.0000000000
51355  11.187  4.805  59.432 0.0000000000
47654  16.963  0.866  53.762 0.0000000000
49493  17.603  2.055  57.541 0.0000000000
102177  14.219  2.645  58.549 0.0000000000
49458  13.182  2.847  59.193 0.0000000000
36277  4.553  -11.512  51.217 0.0000000000
37168  5.328  -10.678  50.003 0.0000000000
39950  4.197  -8.234  50.111 0.0000000000
43038  5.034  -4.322  50.673 0.0000000000
46727  8.069  -1.003  51.969 0.0000000000
46693  6.573  -0.249  54.487 0.0000000000
103136  7.803  0.898  53.772 0.0000000000
49533  7.363  2.343  52.207 0.0000000000
50468  4.632  3.969  52.363 0.0000000000
106610  6.642  -9.290  48.053 0.0000000000
39992  6.960  -7.549  46.098 0.0000000000
40010  6.509  -7.035  44.027 0.0000000000
45904  9.418  -1.114  46.849 0.0000000000
44052  7.108  -3.539  44.829 0.0000000000
42141  5.435  -5.348  42.716 0.0000000000
43155  4.171  -4.757  41.460 0.0000000000
45074  3.382  -2.791  40.018 0.0000000000
103609  6.518  6.930  45.775 0.0000000000
52582  5.584  4.292  43.933 0.0000000000
53446  6.313  6.233  42.491 0.0000000000
51596  6.190  3.760  42.149 0.0000000000
50641  8.202  3.234  38.963 0.0000000000
48543  9.173  1.369  58.536 0.0000000000
50428  8.142  3.284  59.121 0.0000000000
49462  9.149  3.262  59.283 0.0000000000
49477  10.757  1.953  58.879 0.0000000000
47602  10.626  0.590  58.074 0.0000000000
48542  10.212  1.267  58.485 0.0000000000
46666  9.106  -0.235  57.933 0.0000000000
38165  4.982  -9.837  41.836 0.0000000000
39077  4.847  -8.988  41.641 0.0000000000
105229  4.553  -5.943  53.991 0.0000000000
42021  4.431  -5.698  53.031 0.0000000000
43022  4.846  -4.334  54.135 0.0000000000
47671  14.296  0.879  52.098 0.0000000000
41974  5.044  -5.760  55.582 0.0000000000
39886  4.969  -6.688  55.325 0.0000000000
40982  4.627  -6.594  54.438 0.0000000000
39919  4.384  -7.188  53.757 0.0000000000
45856  7.899  -2.121  50.726 0.0000000000
44952  7.254  -2.752  49.173 0.0000000000
46768  9.159  -1.018  49.835 0.0000000000
50552  8.514  2.951  44.159 0.0000000000
49607  10.011  2.135  43.986 0.0000000000
49608  9.548  2.672  43.412 0.0000000000
48703  9.718  1.466  41.758 0.0000000000
50605  9.185  3.231  41.949 0.0000000000
44885  5.756  -2.442  56.760 0.0000000000
45801  5.524  -1.238  56.692 0.0000000000
46673  5.715  -0.737  57.237 0.0000000000
92703  6.669  3.231  58.244 0.0000000000
51378  5.573  5.312  58.001 0.0000000000
48567  13.260  1.454  56.745 0.0000000000
48596  12.778  0.923  54.905 0.0000000000
47615  12.016  0.572  56.518 0.0000000000
45799  9.918  -1.111  56.492 0.0000000000
45808  10.340  -1.324  55.574 0.0000000000
44894  10.070  -2.162  55.136 0.0000000000
43927  8.686  -3.054  56.203 0.0000000000
45792  7.344  -1.797  57.625 0.0000000000
43917  7.495  -2.953  57.043 0.0000000000
43918  6.685  -3.062  57.065 0.0000000000
43919  6.014  -3.023  56.766 0.0000000000
50477  5.082  3.070  50.738 0.0000000000
49543  5.602  2.652  50.180 0.0000000000
97079  4.125  3.416  49.619 0.0000000000
53388  4.114  5.803  47.618 0.0000000000
50517  4.304  3.252  47.427 0.0000000000
51565  4.394  3.959  46.628 0.0000000000
50527  4.811  2.916  45.997 0.0000000000
52561  4.663  4.677  46.314 0.0000000000
49495  15.351  2.269  57.109 0.0000000000
37154  4.331  -10.210  51.399 0.0000000000
38093  4.477  -9.872  50.804 0.0000000000
39002  3.851  -8.409  50.837 0.0000000000
43968  5.177  -4.028  51.775 0.0000000000
91254  4.604  -4.784  50.693 0.0000000000
44930  5.629  -3.474  51.964 0.0000000000
44929  6.270  -3.036  51.566 0.0000000000
44919  6.758  -2.322  52.036 0.0000000000
46687  5.707  -0.179  55.700 0.0000000000
46694  5.607  -0.925  55.421 0.0000000000
47644  6.347  0.301  55.135 0.0000000000
50450  6.292  3.354  54.160 0.0000000000
48597  7.420  1.420  54.275 0.0000000000
49518  6.846  2.760  53.678 0.0000000000
47658  8.281  1.138  53.085 0.0000000000
49527  6.737  2.814  52.744 0.0000000000
50466  5.900  3.262  52.384 0.0000000000
51454  4.859  4.247  53.180 0.0000000000
46711  12.014  -0.490  52.458 0.0000000000
46725  12.408  -0.225  51.767 0.0000000000
40980  7.539  -6.605  54.793 0.0000000000
39918  7.369  -7.714  54.100 0.0000000000
38949  6.885  -8.132  54.591 0.0000000000
38063  5.524  -9.608  54.584 0.0000000000
37132  5.935  -10.424  54.342 0.0000000000
38078  3.850  -9.977  52.812 0.0000000000
36266  4.067  -11.545  52.502 0.0000000000
39968  4.333  -7.235  48.854 0.0000000000
94702  5.503  -9.143  49.011 0.0000000000
39967  4.992  -7.260  48.161 0.0000000000
43086  5.067  -4.347  47.188 0.0000000000
39993  5.580  -6.626  46.866 0.0000000000
41088  5.319  -5.354  46.226 0.0000000000
40004  6.726  -7.009  45.277 0.0000000000
94318  5.551  -4.926  45.639 0.0000000000
48657  8.870  1.684  48.412 0.0000000000
93982  9.777  -0.160  47.877 0.0000000000
46805  10.012  0.250  47.253 0.0000000000
45954  9.215  -1.935  43.489 0.0000000000
45020  8.391  -2.553  44.925 0.0000000000
44064  7.338  -3.482  43.822 0.0000000000
43128  6.390  -4.328  43.558 0.0000000000
43142  6.242  -4.191  42.749 0.0000000000
43144  4.992  -4.876  41.946 0.0000000000
44091  6.162  -3.097  41.770 0.0000000000
46889  6.247  -0.665  40.272 0.0000000000
45072  4.747  -2.111  40.735 0.0000000000
45993  3.705  -1.408  39.668 0.0000000000
103956  7.685  7.902  45.060 0.0000000000
53407  6.530  6.309  45.234 0.0000000000
53419  7.396  6.932  44.196 0.0000000000
53463  3.940  5.531  41.311 0.0000000000
52612  4.667  4.710  41.551 0.0000000000
52602  5.205  4.341  42.321 0.0000000000
51608  5.557  4.170  41.629 0.0000000000
51634  8.065  4.003  40.463 0.0000000000
51635  7.584  4.207  39.835 0.0000000000
47611  7.043  -0.280  57.916 0.0000000000
47606  6.634  0.691  57.727 0.0000000000
48545  7.110  1.564  58.176 0.0000000000
48540  12.221  1.459  58.299 0.0000000000
47607  11.893  0.766  57.392 0.0000000000
47608  11.359  0.607  57.534 0.0000000000
46668  10.181  -0.209  57.355 0.0000000000
46677  9.607  -0.862  57.077 0.0000000000
45800  8.586  -2.015  57.001 0.0000000000
45791  8.752  -1.407  57.287 0.0000000000
46667  8.091  -0.311  58.010 0.0000000000
53362  3.422  6.060  50.536 0.0000000000
101137  3.581  4.805  49.275 0.0000000000
53370  3.872  6.398  49.339 0.0000000000
54236  4.470  6.889  48.848 0.0000000000
54245  5.118  7.370  47.600 0.0000000000
39933  3.764  -7.826  52.103 0.0000000000
41007  3.770  -7.023  51.690 0.0000000000
96231  4.085  -6.386  52.264 0.0000000000
93191  4.569  -4.967  52.238 0.0000000000
44912  5.684  -2.497  53.423 0.0000000000
50439  6.217  3.301  56.028 0.0000000000
94941  6.664  2.106  55.390 0.0000000000
50443  5.772  4.002  55.493 0.0000000000
51412  5.211  4.571  54.972 0.0000000000
51413  4.530  4.994  54.445 0.0000000000
51433  4.351  4.794  53.551 0.0000000000
40965  5.926  -6.135  56.187 0.0000000000
39884  5.992  -7.574  55.590 0.0000000000
39885  5.472  -7.146  55.565 0.0000000000
38057  5.395  -8.768  54.921 0.0000000000
38064  4.896  -9.148  54.492 0.0000000000
37135  4.392  -10.881  53.845 0.0000000000
38961  4.420  -8.666  54.100 0.0000000000
38974  4.092  -8.078  53.383 0.0000000000
43061  5.073  -4.246  48.615 0.0000000000
41059  4.456  -5.541  48.036 0.0000000000
43999  5.639  -3.720  48.588 0.0000000000
44011  5.799  -3.605  47.884 0.0000000000
44992  6.710  -3.121  47.181 0.0000000000
108635  8.784  2.463  46.449 0.0000000000
47751  10.285  0.851  46.196 0.0000000000
48682  10.196  1.564  45.587 0.0000000000
46840  10.401  0.427  44.223 0.0000000000
45962  9.047  -1.666  42.664 0.0000000000
45060  7.296  -2.109  41.747 0.0000000000
46872  9.175  -0.412  41.828 0.0000000000
46887  8.224  -0.145  40.795 0.0000000000
47793  7.869  0.293  40.142 0.0000000000
51624  3.701  5.020  40.669 0.0000000000
51637  5.283  4.866  39.285 0.0000000000
52630  4.238  5.293  38.613 0.0000000000
94066  5.358  -4.130  55.863 0.0000000000
109776  5.170  -3.171  54.820 0.0000000000
44896  5.411  -2.271  55.736 0.0000000000
46688  5.503  -0.658  56.144 0.0000000000
47618  5.895  0.851  56.657 0.0000000000
48554  6.524  1.634  57.592 0.0000000000
48568  6.212  1.639  57.087 0.0000000000
49496  6.307  2.574  56.779 0.0000000000
50435  5.876  4.387  57.530 0.0000000000
100791  13.891  1.370  54.151 0.0000000000
104844  13.719  1.171  53.474 0.0000000000
48608  13.134  1.025  54.014 0.0000000000
47629  11.428  -0.004  55.905 0.0000000000
45814  10.856  -1.077  54.788 0.0000000000
45824  10.734  -1.968  53.596 0.0000000000
41970  7.736  -5.458  55.448 0.0000000000
43003  7.376  -5.059  56.069 0.0000000000
43928  7.948  -3.467  56.608 0.0000000000
42989  7.647  -4.255  56.314 0.0000000000
41957  6.736  -5.290  56.287 0.0000000000
41958  6.051  -5.422  56.327 0.0000000000
42992  5.655  -4.766  56.169 0.0000000000
48639  7.935  1.854  50.659 0.0000000000
47703  9.097  0.342  50.090 0.0000000000
105806  7.931  1.747  49.900 0.0000000000
102463  7.117  2.345  49.305 0.0000000000
91671  6.924  2.494  48.048 0.0000000000
50505  4.141  3.217  48.181 0.0000000000
49563  4.931  2.661  48.157 0.0000000000
105911  7.121  2.525  47.188 0.0000000000
104877  6.737  2.512  46.341 0.0000000000
49602  6.129  2.575  44.895 0.0000000000
50553  6.338  2.788  44.180 0.0000000000
103766  10.394  4.527  59.545 0.0000000000
48605  16.074  1.255  53.657 0.0000000000
48560  19.897  1.089  57.124 0.0000000000
49486  18.855  2.025  58.108 0.0000000000
48577  18.621  1.017  56.103 0.0000000000
104008  17.381  1.439  56.076 0.0000000000
48579  16.684  1.560  55.760 0.0000000000
48593  15.550  1.529  54.386 0.0000000000
98799  13.900  1.775  56.483 0.0000000000
49490  13.589  2.073  58.059 0.0000000000
49474  13.410  2.346  58.692 0.0000000000
48539  12.830  1.709  58.250 0.0000000000
49476  12.024  1.809  58.792 0.0000000000
49460  11.422  2.568  59.180 0.0000000000
39013  4.575  -8.789  49.975 0.0000000000
106887  3.980  -6.711  49.258 0.0000000000
41017  3.683  -6.897  50.769 0.0000000000
42045  4.206  -5.372  50.253 0.0000000000
42057  4.374  -5.022  49.211 0.0000000000
43974  5.834  -3.612  50.156 0.0000000000
44928  7.072  -2.604  51.153 0.0000000000
46726  8.720  -0.447  51.382 0.0000000000
103133  5.320  -2.793  54.205 0.0000000000
45827  5.585  -2.031  54.329 0.0000000000
45826  6.128  -1.673  53.719 0.0000000000
48598  6.754  1.257  55.149 0.0000000000
47643  7.161  0.626  54.462 0.0000000000
45825  6.824  -1.359  53.180 0.0000000000
46713  7.704  -0.546  52.972 0.0000000000
47674  8.376  0.486  52.668 0.0000000000
47687  8.759  0.530  51.494 0.0000000000
49534  6.417  2.753  51.819 0.0000000000
50476  5.482  3.163  51.587 0.0000000000
51477  3.618  4.854  51.385 0.0000000000
52496  3.870  5.219  53.035 0.0000000000
52497  3.517  5.720  52.501 0.0000000000
53353  3.397  6.164  51.360 0.0000000000
38973  7.430  -8.687  52.907 0.0000000000
38950  6.375  -8.538  54.929 0.0000000000
39979  5.598  -7.248  47.449 0.0000000000
39038  6.917  -8.059  46.848 0.0000000000
40017  6.558  -8.009  43.284 0.0000000000
45868  9.363  -1.087  49.112 0.0000000000
44975  8.217  -2.228  47.455 0.0000000000
44991  7.311  -2.854  46.699 0.0000000000
45920  9.520  -1.234  45.948 0.0000000000
97872  8.056  -2.560  45.969 0.0000000000
44039  6.645  -3.530  45.840 0.0000000000
99679  5.882  -4.782  44.966 0.0000000000
41107  5.863  -6.595  43.457 0.0000000000
100868  5.402  -6.671  42.833 0.0000000000
95370  4.812  -6.810  42.207 0.0000000000
45062  5.519  -2.413  41.251 0.0000000000
44104  3.843  -3.086  40.638 0.0000000000
54255  5.187  7.400  46.954 0.0000000000
55145  6.330  8.302  46.455 0.0000000000
53397  5.224  6.567  46.596 0.0000000000
53408  5.835  5.466  45.345 0.0000000000
51583  5.365  3.604  44.209 0.0000000000
109089  5.477  3.308  43.728 0.0000000000
53432  6.650  6.145  43.118 0.0000000000
51598  5.324  3.864  42.770 0.0000000000
50589  7.117  3.572  42.651 0.0000000000
50606  8.598  3.611  41.520 0.0000000000
49653  8.804  2.624  39.967 0.0000000000
48739  8.024  1.497  39.039 0.0000000000
48758  6.703  1.488  37.828 0.0000000000
49461  10.283  3.215  59.313 0.0000000000
38164  5.661  -9.924  42.463 0.0000000000
42006  4.649  -5.209  54.023 0.0000000000
48618  14.772  1.148  52.768 0.0000000000
47670  15.181  0.825  52.070 0.0000000000
41990  4.721  -5.861  54.790 0.0000000000
46745  8.949  -0.778  50.587 0.0000000000
45855  8.608  -1.559  50.282 0.0000000000
100663  7.510  3.023  43.967 0.0000000000
50569  9.025  3.073  43.593 0.0000000000
49619  9.623  2.519  42.499 0.0000000000
50587  9.088  3.244  42.848 0.0000000000
45794  5.937  -1.588  57.283 0.0000000000
102406  12.520  1.047  57.091 0.0000000000
44902  9.798  -2.881  54.773 0.0000000000
44895  9.376  -2.592  55.678 0.0000000000
43938  9.124  -3.382  55.392 0.0000000000
44883  8.933  -2.271  56.454 0.0000000000
45793  6.602  -1.927  57.492 0.0000000000
44873  7.056  -2.454  57.403 0.0000000000
44874  6.198  -2.382  57.166 0.0000000000
51476  3.959  4.145  50.968 0.0000000000
50487  4.342  3.496  50.434 0.0000000000
51495  3.828  3.980  50.061 0.0000000000
52552  4.205  4.811  47.052 0.0000000000
38085  4.082  -9.353  51.336 0.0000000000
44921  5.515  -3.113  52.834 0.0000000000
45837  6.377  -2.004  52.862 0.0000000000
47630  5.992  0.629  55.911 0.0000000000
50459  6.193  3.337  53.233 0.0000000000
50467  5.377  3.714  52.827 0.0000000000
40981  7.059  -6.626  55.453 0.0000000000
39901  7.120  -7.345  54.934 0.0000000000
37133  5.314  -10.585  54.414 0.0000000000
97246  3.911  -9.303  52.261 0.0000000000
38086  4.125  -10.097  52.109 0.0000000000
36271  4.309  -10.940  51.850 0.0000000000
39019  5.081  -8.247  48.791 0.0000000000
41044  4.511  -6.496  48.267 0.0000000000
44026  5.483  -4.067  46.717 0.0000000000
91401  5.249  -4.562  46.525 0.0000000000
42110  5.735  -5.581  45.457 0.0000000000
43100  5.708  -4.373  45.894 0.0000000000
48666  9.218  1.898  47.625 0.0000000000
48656  9.400  1.225  48.037 0.0000000000
47743  9.735  1.463  47.252 0.0000000000
45049  8.580  -2.363  42.993 0.0000000000
45035  8.588  -2.521  43.932 0.0000000000
45036  7.969  -2.942  43.396 0.0000000000
44065  6.810  -3.856  43.260 0.0000000000
44077  7.336  -3.302  42.868 0.0000000000
44078  6.619  -3.565  42.416 0.0000000000
45051  7.009  -2.917  42.096 0.0000000000
45991  5.365  -1.127  40.352 0.0000000000
94925  5.315  -0.645  39.895 0.0000000000
94523  7.817  8.598  45.287 0.0000000000
54277  7.678  7.559  44.517 0.0000000000
51610  3.921  4.831  41.120 0.0000000000
53462  4.969  5.664  41.728 0.0000000000
51609  4.672  4.573  41.367 0.0000000000
51621  6.610  4.452  40.598 0.0000000000
47605  7.551  0.605  58.121 0.0000000000
103240  11.719  1.288  58.296 0.0000000000
48553  11.820  1.014  57.894 0.0000000000
47601  11.312  0.814  57.958 0.0000000000
47609  10.771  0.353  57.636 0.0000000000
46669  9.395  -0.642  57.494 0.0000000000
47604  8.629  0.534  58.254 0.0000000000
46670  8.540  -0.946  57.683 0.0000000000
46671  7.617  -1.080  57.810 0.0000000000
53361  3.801  6.560  50.168 0.0000000000
54235  5.250  7.523  49.216 0.0000000000
103631  4.987  7.284  48.402 0.0000000000
53377  4.532  6.719  48.006 0.0000000000
55121  5.562  7.750  48.355 0.0000000000
39932  3.968  -7.279  52.712 0.0000000000
43028  4.701  -4.632  53.182 0.0000000000
43960  4.884  -4.231  52.458 0.0000000000
102222  5.280  -3.217  53.467 0.0000000000
50440  5.780  4.116  56.465 0.0000000000
51400  4.704  5.193  55.422 0.0000000000
94982  5.902  -6.831  55.904 0.0000000000
38945  5.118  -7.502  55.228 0.0000000000
100773  4.907  -8.235  54.818 0.0000000000
38070  4.374  -9.465  53.892 0.0000000000
109051  3.866  -7.918  52.725 0.0000000000
97215  3.830  -8.565  52.647 0.0000000000
43987  5.474  -3.865  49.414 0.0000000000
43998  6.416  -3.216  48.494 0.0000000000
44964  7.276  -2.702  48.232 0.0000000000
44977  6.552  -3.143  47.739 0.0000000000
44963  7.983  -2.338  47.961 0.0000000000
49589  9.220  2.448  45.875 0.0000000000
49577  9.786  2.127  46.006 0.0000000000
49600  9.685  2.323  45.173 0.0000000000
48695  10.170  1.514  43.444 0.0000000000
48689  10.303  1.326  44.159 0.0000000000
46850  10.308  0.032  43.441 0.0000000000
46851  10.076  -0.790  43.482 0.0000000000
95255  9.961  -0.536  42.886 0.0000000000
45973  8.748  -1.190  41.991 0.0000000000
46862  9.745  -0.130  42.294 0.0000000000
47791  9.389  0.948  41.220 0.0000000000
47792  8.876  0.823  40.554 0.0000000000
52613  3.523  5.378  40.964 0.0000000000
52620  3.468  5.652  40.282 0.0000000000
51638  4.144  5.038  39.891 0.0000000000
52631  3.723  5.445  39.634 0.0000000000
43940  5.317  -3.221  55.633 0.0000000000
46678  5.491  -0.361  56.761 0.0000000000
47619  5.573  0.074  56.388 0.0000000000
106010  5.588  0.205  56.836 0.0000000000
49491  6.442  2.701  57.563 0.0000000000
50434  6.158  3.506  57.031 0.0000000000
93415  14.133  1.620  54.965 0.0000000000
48595  13.382  1.308  54.923 0.0000000000
47628  12.175  0.532  55.411 0.0000000000
47641  12.387  0.540  54.373 0.0000000000
47616  11.386  0.346  56.939 0.0000000000
103645  10.914  -1.418  53.981 0.0000000000
44911  10.574  -2.601  53.282 0.0000000000
43952  9.835  -3.777  53.597 0.0000000000
44884  8.255  -2.672  56.848 0.0000000000
43929  7.104  -3.754  56.787 0.0000000000
42990  6.959  -4.564  56.492 0.0000000000
42991  6.234  -4.675  56.462 0.0000000000
43931  5.798  -3.794  56.377 0.0000000000
49541  7.144  2.405  51.089 0.0000000000
49542  6.461  2.479  50.371 0.0000000000
104042  5.366  2.634  49.492 0.0000000000
49550  6.292  2.473  49.601 0.0000000000
49562  6.603  2.478  48.799 0.0000000000
49561  7.476  2.337  48.687 0.0000000000
51514  3.822  3.882  49.028 0.0000000000
49571  4.490  2.890  47.660 0.0000000000
91739  5.185  2.645  47.268 0.0000000000
91533  6.210  2.527  47.465 0.0000000000
49580  5.959  2.521  46.676 0.0000000000
49593  5.087  2.760  45.549 0.0000000000
50541  5.358  2.707  45.069 0.0000000000
50554  5.483  2.820  44.483 0.0000000000
108463  10.486  5.069  59.499 0.0000000000
91198  17.306  0.543  53.040 0.0000000000
92847  18.067  2.325  58.128 0.0000000000
48551  18.460  1.773  57.512 0.0000000000
48561  18.947  1.243  56.915 0.0000000000
48562  17.997  1.570  56.662 0.0000000000
48578  17.946  1.187  55.872 0.0000000000
48580  15.829  1.712  55.367 0.0000000000
49489  14.578  2.363  57.794 0.0000000000
48565  14.530  2.024  56.807 0.0000000000
48566  13.780  1.874  57.300 0.0000000000
50427  14.080  3.155  59.111 0.0000000000
49475  12.661  2.025  58.759 0.0000000000
49459  12.338  2.652  59.213 0.0000000000
50411  11.822  3.707  59.418 0.0000000000
50412  11.009  3.755  59.435 0.0000000000
35397  4.718  -12.122  50.859 0.0000000000
106065  4.957  -11.297  50.567 0.0000000000
39001  4.303  -9.030  50.525 0.0000000000
38105  4.766  -9.505  50.241 0.0000000000
39020  4.517  -8.165  49.464 0.0000000000
39957  4.080  -7.452  49.623 0.0000000000
41006  3.943  -6.086  51.211 0.0000000000
43039  4.658  -4.682  49.858 0.0000000000
41028  4.027  -5.910  49.425 0.0000000000
43049  5.056  -4.291  49.577 0.0000000000
43975  5.397  -3.954  50.305 0.0000000000
45846  7.613  -1.873  51.605 0.0000000000
45845  8.408  -1.343  51.140 0.0000000000
44903  5.314  -2.501  54.964 0.0000000000
105334  5.925  -0.481  55.097 0.0000000000
45816  5.919  -1.127  54.560 0.0000000000
103283  6.487  2.792  55.445 0.0000000000
47659  7.419  0.027  53.856 0.0000000000
109326  8.019  0.431  53.301 0.0000000000
48621  8.026  1.770  52.688 0.0000000000
48620  8.468  1.168  52.154 0.0000000000
48631  8.010  1.884  51.660 0.0000000000
109388  5.137  3.532  52.129 0.0000000000
50478  4.598  3.633  51.463 0.0000000000
101562  4.015  4.284  51.887 0.0000000000
47655  13.274  0.869  53.073 0.0000000000
47672  13.508  0.732  52.294 0.0000000000
38960  7.174  -8.430  53.794 0.0000000000
38943  6.081  -8.199  55.328 0.0000000000
35382  4.475  -12.248  51.475 0.0000000000
34491  4.573  -12.886  51.089 0.0000000000
38115  6.108  -9.618  48.713 0.0000000000
37176  6.266  -10.477  48.794 0.0000000000
38123  6.750  -10.079  48.184 0.0000000000
42083  4.620  -4.810  47.633 0.0000000000
41058  4.871  -6.302  47.576 0.0000000000
42082  4.576  -5.295  47.428 0.0000000000
41073  6.256  -6.796  46.215 0.0000000000
99291  6.297  -7.361  46.808 0.0000000000
39028  7.341  -8.900  46.896 0.0000000000
39041  7.659  -8.789  45.300 0.0000000000
41100  6.143  -6.174  44.911 0.0000000000
40009  7.204  -7.627  44.595 0.0000000000
40016  7.138  -7.917  43.944 0.0000000000
47715  8.849  0.914  49.739 0.0000000000
103252  9.385  -0.533  49.429 0.0000000000
47714  9.352  0.244  49.360 0.0000000000
98694  9.572  -0.780  47.515 0.0000000000
45884  9.422  -1.019  48.244 0.0000000000
45905  8.741  -1.772  47.146 0.0000000000
44990  8.126  -2.370  46.835 0.0000000000
101299  10.375  0.690  45.516 0.0000000000
46828  10.345  0.081  45.912 0.0000000000
46829  10.126  -0.628  45.648 0.0000000000
45935  9.031  -1.975  45.469 0.0000000000
45007  7.521  -3.080  45.359 0.0000000000
99428  6.488  -3.850  45.243 0.0000000000
43099  6.146  -4.243  45.136 0.0000000000
43115  6.627  -3.992  44.281 0.0000000000
43129  5.969  -4.781  43.263 0.0000000000
42127  5.869  -5.275  43.965 0.0000000000
98050  5.568  -5.968  43.288 0.0000000000
107666  5.225  -7.289  42.449 0.0000000000
41113  4.996  -6.091  42.481 0.0000000000
43154  4.867  -4.079  41.641 0.0000000000
109920  3.708  -4.991  41.163 0.0000000000
45974  7.901  -1.346  41.594 0.0000000000
45061  6.470  -2.461  41.619 0.0000000000
45975  6.278  -1.857  41.268 0.0000000000
45073  3.859  -2.205  40.319 0.0000000000
45063  4.546  -2.697  40.926 0.0000000000
109777  3.307  -4.020  40.069 0.0000000000
53396  5.893  7.341  46.440 0.0000000000
93657  5.913  6.377  45.926 0.0000000000
52560  5.250  5.594  46.082 0.0000000000
52571  6.273  5.481  44.454 0.0000000000
52572  5.504  4.419  44.734 0.0000000000
50573  5.477  3.567  43.565 0.0000000000
54306  6.716  7.154  42.231 0.0000000000
110385  6.948  6.795  42.774 0.0000000000
53431  7.243  6.851  43.369 0.0000000000
52594  5.749  5.205  42.803 0.0000000000
51597  5.431  3.851  42.418 0.0000000000
50590  5.689  3.496  43.097 0.0000000000
51595  7.750  3.946  41.744 0.0000000000
109180  8.254  3.859  41.279 0.0000000000
50629  8.404  3.455  39.831 0.0000000000
49671  8.473  2.730  39.226 0.0000000000
48738  8.576  1.994  39.470 0.0000000000
48756  8.260  2.225  38.882 0.0000000000
51646  7.276  4.139  38.819 0.0000000000
49479  8.629  2.327  58.856 0.0000000000
50414  8.652  4.246  59.524 0.0000000000
48541  11.107  1.206  58.362 0.0000000000
47603  9.695  0.474  58.215 0.0000000000
39078  4.577  -8.246  41.444 0.0000000000
40990  4.432  -6.395  53.658 0.0000000000
43947  5.072  -3.530  54.188 0.0000000000
41973  5.510  -5.598  56.060 0.0000000000
94574  4.482  -7.933  54.212 0.0000000000
44940  7.207  -2.750  50.187 0.0000000000
44939  8.086  -2.258  49.796 0.0000000000
45869  8.812  -1.653  49.447 0.0000000000
109353  9.836  2.261  44.554 0.0000000000
99680  9.397  2.643  44.291 0.0000000000
49618  9.917  2.131  43.198 0.0000000000
47773  9.959  0.754  42.344 0.0000000000
48702  9.959  1.634  42.608 0.0000000000
108776  9.762  2.043  42.071 0.0000000000
49633  9.501  2.427  41.544 0.0000000000
96201  5.538  -2.015  56.405 0.0000000000
44875  5.704  -1.942  56.930 0.0000000000
50430  6.720  3.981  58.605 0.0000000000
51371  6.248  4.850  58.541 0.0000000000
48583  12.800  1.078  55.908 0.0000000000
46686  10.424  -0.693  56.265 0.0000000000
43001  8.805  -4.184  55.138 0.0000000000
43939  8.390  -3.856  55.923 0.0000000000
104084  8.081  -1.562  57.569 0.0000000000
43930  6.370  -3.573  56.776 0.0000000000
50486  4.707  2.921  49.773 0.0000000000
49551  4.786  2.729  48.910 0.0000000000
110570  3.733  5.439  48.266 0.0000000000
51529  3.916  3.876  48.008 0.0000000000
52544  3.859  4.750  47.762 0.0000000000
51546  4.150  3.920  47.253 0.0000000000
49581  5.086  2.689  46.249 0.0000000000
50528  4.508  3.287  46.674 0.0000000000
51564  4.731  3.491  45.853 0.0000000000
47640  17.609  0.891  54.482 0.0000000000
49488  15.567  2.578  58.037 0.0000000000
98751  15.070  2.966  58.643 0.0000000000
50410  12.759  3.742  59.406 0.0000000000
37161  4.562  -10.714  51.016 0.0000000000
39951  3.835  -7.579  50.392 0.0000000000
95776  4.785  -4.553  51.513 0.0000000000
110118  5.403  -3.906  51.160 0.0000000000
43967  5.814  -3.589  50.990 0.0000000000
94451  7.233  -1.554  52.453 0.0000000000
49509  6.753  2.642  54.660 0.0000000000
49517  7.346  2.117  54.051 0.0000000000
48609  7.810  1.629  53.524 0.0000000000
49526  7.484  2.265  53.217 0.0000000000
37149  3.878  -10.822  52.787 0.0000000000
98208  4.363  -11.692  51.845 0.0000000000
38104  5.043  -9.085  49.590 0.0000000000
96926  5.623  -9.978  49.423 0.0000000000
39018  5.947  -8.792  48.428 0.0000000000
42097  4.750  -4.799  47.062 0.0000000000
41074  4.982  -5.714  46.886 0.0000000000
109495  5.603  -6.159  46.365 0.0000000000
40003  7.397  -7.892  45.297 0.0000000000
41087  5.986  -6.161  45.750 0.0000000000
47725  9.543  0.446  48.434 0.0000000000
47733  9.796  0.684  47.623 0.0000000000
46806  9.912  -0.335  47.115 0.0000000000
45945  9.788  -1.351  43.936 0.0000000000
45934  9.895  -1.200  44.965 0.0000000000
45946  9.208  -1.993  44.453 0.0000000000
45021  7.857  -3.048  44.384 0.0000000000
43143  5.585  -4.561  42.329 0.0000000000
44079  5.862  -3.845  41.973 0.0000000000
106460  6.869  -0.927  40.774 0.0000000000
45976  5.422  -1.730  40.807 0.0000000000
45992  4.516  -1.567  40.342 0.0000000000
45994  3.305  -1.963  39.541 0.0000000000
55153  7.262  8.053  45.731 0.0000000000
53406  7.217  7.164  45.188 0.0000000000
101947  6.931  6.433  44.584 0.0000000000
53420  6.867  6.211  43.856 0.0000000000
53461  5.849  6.393  41.957 0.0000000000
52601  5.358  5.330  42.172 0.0000000000
95734  5.147  4.241  42.065 0.0000000000
51607  7.027  4.224  41.312 0.0000000000
51620  7.948  4.118  41.069 0.0000000000
110719  7.510  4.269  40.683 0.0000000000
50630  7.892  3.701  39.129 0.0000000000
49480  7.629  2.421  58.606 0.0000000000
50429  7.228  3.378  58.761 0.0000000000
47617  10.824  0.160  57.189 0.0000000000
46676  10.296  -0.424  56.866 0.0000000000
103401  9.200  -1.559  56.751 0.0000000000
51515  3.604  4.531  49.779 0.0000000000
52533  3.432  5.341  49.981 0.0000000000
53371  3.492  6.006  49.816 0.0000000000
52532  3.583  5.576  49.080 0.0000000000
54225  4.436  7.059  49.707 0.0000000000
53378  3.916  6.181  48.485 0.0000000000
53387  4.723  6.661  47.208 0.0000000000
108320  4.279  -5.658  51.998 0.0000000000
43959  5.223  -3.645  52.677 0.0000000000
49500  6.375  2.361  56.082 0.0000000000
51399  5.232  4.663  55.954 0.0000000000
50451  5.715  3.941  54.574 0.0000000000
51432  5.013  4.404  54.054 0.0000000000
40973  6.508  -6.441  55.896 0.0000000000
38944  5.551  -8.046  55.289 0.0000000000
37134  4.817  -10.108  54.212 0.0000000000
38071  3.983  -9.739  53.311 0.0000000000
38962  4.029  -8.975  53.387 0.0000000000
38975  3.842  -9.343  52.895 0.0000000000
42070  4.354  -5.301  48.611 0.0000000000
43050  4.655  -4.697  48.490 0.0000000000
43062  4.865  -4.475  47.910 0.0000000000
96553  5.255  -4.060  47.935 0.0000000000
43072  5.110  -4.267  47.559 0.0000000000
44012  5.439  -3.929  47.493 0.0000000000
95843  6.060  -3.520  47.335 0.0000000000
98365  5.692  -3.790  47.034 0.0000000000
49578  9.450  2.140  46.731 0.0000000000
104031  10.147  1.821  44.731 0.0000000000
47758  10.371  0.976  44.876 0.0000000000
100334  10.273  -0.538  44.175 0.0000000000
45953  9.629  -1.253  43.114 0.0000000000
92982  8.298  -1.946  42.204 0.0000000000
47780  9.565  0.470  41.744 0.0000000000
46873  8.434  -0.622  41.438 0.0000000000
94685  7.604  -0.804  41.077 0.0000000000
46888  7.281  -0.410  40.490 0.0000000000
47794  6.847  -0.033  39.849 0.0000000000
51623  4.263  4.687  40.691 0.0000000000
39063  6.270  -8.898  42.788 0.0000000000
43014  5.038  -3.999  55.088 0.0000000000
96318  5.484  -1.447  55.916 0.0000000000
97822  6.102  -0.110  57.519 0.0000000000
48555  5.945  0.653  57.169 0.0000000000
98638  6.251  1.754  56.594 0.0000000000
48594  14.668  1.518  54.236 0.0000000000
48607  14.362  1.315  53.463 0.0000000000
47656  12.618  0.522  53.452 0.0000000000
46699  12.184  0.001  53.063 0.0000000000
45823  11.197  -1.505  53.196 0.0000000000
46685  10.812  -0.611  55.691 0.0000000000
103628  11.203  -0.512  55.041 0.0000000000
46692  11.351  -0.774  54.083 0.0000000000
44910  10.902  -2.173  52.806 0.0000000000
43945  10.133  -3.097  53.865 0.0000000000
41988  8.088  -5.822  54.603 0.0000000000
41989  7.460  -6.105  55.275 0.0000000000
41971  7.056  -5.874  55.849 0.0000000000
41972  6.490  -5.871  56.163 0.0000000000
43004  5.204  -4.884  55.698 0.0000000000
48630  8.489  1.334  51.148 0.0000000000
47704  8.819  0.789  50.587 0.0000000000
48638  8.395  1.344  50.229 0.0000000000
48647  8.461  1.575  49.304 0.0000000000
92598  7.227  2.162  50.028 0.0000000000
48648  7.769  2.079  49.329 0.0000000000
49560  8.243  2.068  48.623 0.0000000000
48667  8.653  2.088  47.975 0.0000000000
91219  7.914  2.342  47.875 0.0000000000
50495  4.236  3.091  48.941 0.0000000000
49564  4.400  2.887  48.317 0.0000000000
93709  5.892  2.529  48.109 0.0000000000
109090  7.957  2.463  47.235 0.0000000000
91752  7.850  2.531  46.558 0.0000000000
49590  8.280  2.581  45.730 0.0000000000
49592  5.779  2.517  45.702 0.0000000000
49591  7.040  2.534  45.646 0.0000000000
49601  7.548  2.706  44.782 0.0000000000
50413  9.566  4.339  59.574 0.0000000000
51356  9.892  5.094  59.571 0.0000000000
48606  15.192  1.365  53.517 0.0000000000
48550  19.243  1.546  57.609 0.0000000000
48592  17.421  1.239  55.318 0.0000000000
104727  16.579  1.351  54.643 0.0000000000
91663  13.014  1.518  57.610 0.0000000000
37169  4.894  -10.336  50.464 0.0000000000
101756  5.164  -9.913  49.999 0.0000000000
39942  3.656  -7.711  51.201 0.0000000000
41016  3.896  -6.213  50.302 0.0000000000
39958  3.877  -6.791  49.942 0.0000000000
103718  4.753  -4.556  49.067 0.0000000000
44941  6.404  -3.216  50.614 0.0000000000
49508  7.084  1.935  54.747 0.0000000000
46701  6.740  -0.838  53.803 0.0000000000
46712  8.495  -0.108  52.168 0.0000000000
51455  4.218  4.578  52.703 0.0000000000
51456  3.697  4.988  52.226 0.0000000000
52510  3.422  5.591  51.723 0.0000000000
52521  3.415  5.500  50.906 0.0000000000
54218  3.681  6.679  51.016 0.0000000000
48619  13.966  1.105  52.825 0.0000000000
47685  13.723  0.573  51.496 0.0000000000
39902  6.521  -7.840  55.207 0.0000000000
38061  6.677  -8.856  54.249 0.0000000000
38069  6.525  -9.569  53.950 0.0000000000
37177  5.855  -10.983  49.373 0.0000000000
39030  5.721  -7.998  47.970 0.0000000000
39978  6.254  -7.842  47.345 0.0000000000
39029  6.605  -8.545  47.614 0.0000000000
38122  7.271  -9.713  47.399 0.0000000000
37187  7.600  -10.577  46.796 0.0000000000
46767  9.226  -0.285  50.021 0.0000000000
102957  8.991  -1.587  48.725 0.0000000000
46788  9.570  -0.376  48.767 0.0000000000
44976  7.441  -2.664  47.430 0.0000000000
44025  6.461  -3.394  46.686 0.0000000000
47742  10.110  0.865  46.936 0.0000000000
46816  10.190  0.214  46.647 0.0000000000
45921  8.835  -1.874  46.366 0.0000000000
105212  7.164  -3.112  46.118 0.0000000000
44040  6.016  -3.923  45.944 0.0000000000
42126  5.834  -5.411  44.827 0.0000000000
43116  6.171  -4.609  44.231 0.0000000000
41101  5.891  -6.053  44.111 0.0000000000
40018  5.872  -7.391  42.975 0.0000000000
40023  5.926  -8.241  42.687 0.0000000000
100258  5.266  -8.078  42.184 0.0000000000
40024  4.733  -7.520  41.875 0.0000000000
103460  4.357  -7.025  41.611 0.0000000000
44092  5.229  -3.234  41.472 0.0000000000
44094  3.921  -3.878  41.074 0.0000000000
43156  3.618  -4.504  40.899 0.0000000000
55134  5.541  8.142  46.893 0.0000000000
97321  5.146  4.517  45.529 0.0000000000
51576  5.121  3.476  44.886 0.0000000000
50555  5.359  3.131  44.211 0.0000000000
50572  5.630  3.070  43.839 0.0000000000
50571  6.654  3.195  43.474 0.0000000000
52581  6.080  5.277  43.544 0.0000000000
52595  5.365  4.196  43.101 0.0000000000
50588  8.418  3.604  42.321 0.0000000000
49652  9.192  2.517  40.680 0.0000000000
50618  8.506  3.630  40.817 0.0000000000
97656  8.862  3.122  40.474 0.0000000000
48721  8.969  1.804  40.191 0.0000000000
47807  8.401  1.160  39.768 0.0000000000
47808  7.479  0.660  39.430 0.0000000000
47809  6.421  0.365  39.105 0.0000000000
51636  6.538  4.559  39.510 0.0000000000
48757  7.687  2.020  38.301 0.0000000000
47828  7.137  1.032  38.607 0.0000000000
47810  5.235  0.201  38.722 0.0000000000
37142  4.292  -10.129  53.693 0.0000000000
44093  4.403  -3.353  41.151 0.0000000000
45885  8.688  -1.782  47.958 0.0000000000
46817  10.006  -0.512  46.370 0.0000000000
46861  10.119  0.144  42.765 0.0000000000
46875  6.187  -1.299  40.804 0.0000000000
46890  4.439  -0.932  39.803 0.0000000000
47764  10.321  0.834  43.659 0.0000000000
47781  9.017  0.170  41.229 0.0000000000
48675  10.021  1.583  46.484 0.0000000000
49678  8.077  2.784  38.580 0.0000000000
50617  9.077  3.161  41.133 0.0000000000
54305  7.383  7.401  42.808 0.0000000000
92163  9.398  -0.898  42.441 0.0000000000
103542  9.186  -1.285  47.522 0.0000000000
107306  4.555  -4.866  48.075 0.0000000000
108934  7.048  -9.082  47.529 0.0000000000
109412  5.311  7.764  47.099 0.0000000000
109934  5.294  -4.103  47.271 0.0000000000
110147  8.574  0.549  52.133 0.0000000000
110292  6.297  9.005  46.583 0.0000000000
