#!ascii label  , from subject sub-v1s18x0051251_ses-1 vox2ras=TkReg
1345
36248  12.639  -11.857  54.442 0.0000000000
54459  38.233  7.684  28.715 0.0000000000
93449  27.057  -0.711  46.967 0.0000000000
50489  35.094  3.831  49.317 0.0000000000
42093  21.397  -5.303  46.651 0.0000000000
42999  17.831  -4.955  55.387 0.0000000000
59002  43.563  12.312  19.487 0.0000000000
60697  43.698  15.372  29.714 0.0000000000
53496  32.949  6.596  38.181 0.0000000000
59981  45.082  13.097  10.896 0.0000000000
44915  26.590  -2.546  52.712 0.0000000000
39916  14.274  -8.002  54.005 0.0000000000
59830  42.992  13.370  24.324 0.0000000000
58951  39.494  12.308  24.782 0.0000000000
55291  39.507  8.217  34.638 0.0000000000
94114  42.241  10.687  34.199 0.0000000000
52678  36.201  5.198  34.241 0.0000000000
47767  32.052  1.093  43.247 0.0000000000
47720  31.629  0.871  48.450 0.0000000000
41994  24.330  -5.415  53.675 0.0000000000
41943  21.911  -5.176  57.694 0.0000000000
93769  19.595  -5.745  51.073 0.0000000000
39954  16.388  -7.349  49.544 0.0000000000
44986  23.700  -2.154  46.857 0.0000000000
60791  46.749  14.967  19.623 0.0000000000
60748  48.088  15.756  24.160 0.0000000000
109078  40.800  11.501  29.394 0.0000000000
56170  34.255  9.471  38.556 0.0000000000
102269  34.599  5.265  44.183 0.0000000000
91812  44.432  13.521  15.099 0.0000000000
61735  47.792  15.424  14.364 0.0000000000
98567  50.834  16.860  10.941 0.0000000000
94319  26.319  -3.388  55.238 0.0000000000
38059  13.564  -9.601  54.342 0.0000000000
39856  13.061  -7.194  57.494 0.0000000000
38049  12.291  -9.416  57.420 0.0000000000
58119  39.418  11.352  22.690 0.0000000000
55251  39.455  8.413  37.393 0.0000000000
103490  40.900  9.442  36.966 0.0000000000
32559  9.486  -15.663  57.375 0.0000000000
51753  35.916  3.730  31.690 0.0000000000
96963  27.338  -0.485  43.964 0.0000000000
46820  29.936  0.056  44.725 0.0000000000
46809  29.098  -0.409  46.963 0.0000000000
42050  22.672  -5.425  49.523 0.0000000000
42012  22.365  -5.868  52.528 0.0000000000
91475  21.083  -5.853  48.830 0.0000000000
44009  22.804  -3.767  47.043 0.0000000000
43972  24.085  -3.885  50.090 0.0000000000
42984  19.476  -4.891  56.215 0.0000000000
59869  44.983  13.036  19.564 0.0000000000
94976  47.441  15.438  22.085 0.0000000000
99657  44.709  13.756  21.801 0.0000000000
60734  42.947  14.594  26.694 0.0000000000
61650  45.346  15.642  26.965 0.0000000000
55380  37.499  8.304  26.395 0.0000000000
56285  39.166  9.984  26.844 0.0000000000
56259  39.708  9.478  29.686 0.0000000000
53509  30.644  7.069  36.053 0.0000000000
54387  32.986  7.556  35.948 0.0000000000
55239  32.838  8.723  38.294 0.0000000000
49574  33.653  2.615  46.479 0.0000000000
50559  33.663  3.136  43.464 0.0000000000
51548  35.319  4.887  46.586 0.0000000000
93797  41.867  12.311  17.601 0.0000000000
59925  41.811  13.535  14.852 0.0000000000
59028  43.783  12.581  17.610 0.0000000000
59888  46.233  13.611  17.100 0.0000000000
59102  48.276  12.392  10.145 0.0000000000
59966  47.330  12.977  11.527 0.0000000000
62532  48.909  16.562  12.957 0.0000000000
60857  46.503  13.674  12.769 0.0000000000
45864  26.319  -1.264  49.687 0.0000000000
46734  28.867  -0.800  50.346 0.0000000000
45832  28.667  -1.600  52.564 0.0000000000
40978  15.455  -6.036  54.415 0.0000000000
42960  16.302  -4.140  59.021 0.0000000000
40952  14.433  -5.332  57.999 0.0000000000
107816  41.471  11.783  19.596 0.0000000000
96044  43.380  12.773  21.919 0.0000000000
58117  41.340  11.777  22.630 0.0000000000
99517  41.020  12.809  24.833 0.0000000000
59804  41.433  13.882  26.944 0.0000000000
54429  38.777  7.182  31.785 0.0000000000
56240  40.222  9.361  31.697 0.0000000000
56217  40.607  9.351  34.734 0.0000000000
50650  33.044  3.978  37.601 0.0000000000
53355  35.287  6.896  50.449 0.0000000000
34438  11.532  -13.588  54.821 0.0000000000
36231  11.778  -11.735  57.256 0.0000000000
33449  10.540  -14.394  57.251 0.0000000000
107837  36.867  6.263  28.815 0.0000000000
53570  38.025  5.785  31.638 0.0000000000
53535  38.005  6.498  34.450 0.0000000000
54366  37.598  7.294  36.604 0.0000000000
46854  30.086  -0.093  41.938 0.0000000000
47746  31.971  1.066  45.552 0.0000000000
49556  33.497  2.355  48.552 0.0000000000
47697  30.815  -0.015  50.533 0.0000000000
48626  33.258  1.268  51.332 0.0000000000
97664  25.010  -4.492  56.514 0.0000000000
41932  24.208  -4.645  58.906 0.0000000000
41963  23.135  -5.697  55.850 0.0000000000
106768  21.065  -5.548  54.786 0.0000000000
41982  18.822  -5.247  53.924 0.0000000000
41055  18.678  -6.424  47.761 0.0000000000
41025  17.583  -6.563  49.662 0.0000000000
42018  16.835  -5.778  52.804 0.0000000000
39928  15.341  -7.217  52.205 0.0000000000
38081  14.191  -9.243  51.501 0.0000000000
37151  13.037  -11.119  52.178 0.0000000000
46837  25.296  -0.731  44.452 0.0000000000
96530  23.583  -1.213  43.905 0.0000000000
45912  24.810  -1.076  46.447 0.0000000000
44935  25.183  -2.156  50.195 0.0000000000
43025  25.442  -3.635  53.107 0.0000000000
60764  49.866  15.998  22.947 0.0000000000
97999  44.848  14.243  24.476 0.0000000000
58095  37.558  11.446  24.582 0.0000000000
58075  40.237  12.285  26.913 0.0000000000
59773  41.661  13.231  29.181 0.0000000000
98344  41.501  10.699  32.093 0.0000000000
58882  42.626  12.534  31.504 0.0000000000
52699  33.486  5.126  34.057 0.0000000000
106285  35.634  7.286  36.568 0.0000000000
56167  37.090  9.237  38.951 0.0000000000
50614  33.675  3.383  40.478 0.0000000000
52617  34.296  5.411  40.527 0.0000000000
54248  35.529  7.278  46.985 0.0000000000
109488  34.483  7.405  43.304 0.0000000000
54314  33.870  8.195  41.143 0.0000000000
56134  33.868  10.053  40.497 0.0000000000
57924  35.690  11.091  40.880 0.0000000000
59954  44.338  13.527  12.901 0.0000000000
106911  46.321  14.277  14.828 0.0000000000
60807  47.568  14.643  17.120 0.0000000000
98282  27.313  -3.694  57.189 0.0000000000
37131  13.131  -10.855  54.217 0.0000000000
38055  12.906  -9.996  55.714 0.0000000000
37127  12.747  -10.956  55.597 0.0000000000
55235  39.232  8.514  38.256 0.0000000000
56144  40.748  9.155  39.158 0.0000000000
31719  7.920  -16.928  56.361 0.0000000000
46824  26.817  -0.588  45.470 0.0000000000
46822  28.470  -0.445  45.660 0.0000000000
46811  27.886  -0.607  46.867 0.0000000000
42064  22.395  -5.356  48.757 0.0000000000
42051  21.883  -5.704  49.230 0.0000000000
42066  20.813  -5.847  47.953 0.0000000000
43095  22.207  -4.116  45.829 0.0000000000
102265  21.863  -4.899  46.648 0.0000000000
43059  22.790  -4.823  48.395 0.0000000000
42985  18.755  -4.724  56.584 0.0000000000
42986  17.960  -4.619  56.814 0.0000000000
92422  44.348  12.595  19.150 0.0000000000
59858  45.086  13.576  20.482 0.0000000000
58976  43.766  12.766  21.118 0.0000000000
97055  43.047  15.114  28.236 0.0000000000
60719  43.833  15.557  28.127 0.0000000000
54476  38.019  7.823  27.988 0.0000000000
56273  38.823  8.868  27.835 0.0000000000
55346  39.192  8.791  29.084 0.0000000000
52654  31.498  5.916  36.591 0.0000000000
53508  31.096  6.962  36.584 0.0000000000
54356  32.025  8.039  37.301 0.0000000000
53489  32.579  7.692  38.280 0.0000000000
50509  34.665  3.449  48.012 0.0000000000
50520  34.597  3.650  46.306 0.0000000000
51518  35.515  4.542  48.310 0.0000000000
91844  42.841  12.143  18.888 0.0000000000
104478  42.377  12.512  17.057 0.0000000000
59016  43.655  12.398  18.534 0.0000000000
59015  44.458  12.671  18.285 0.0000000000
59104  46.692  12.443  10.477 0.0000000000
59967  46.500  12.753  11.599 0.0000000000
59951  46.900  13.354  12.204 0.0000000000
59968  45.630  12.855  11.516 0.0000000000
109594  26.203  -1.759  50.822 0.0000000000
45842  27.579  -1.507  51.466 0.0000000000
44914  27.410  -2.203  52.755 0.0000000000
40979  15.004  -6.649  54.133 0.0000000000
41969  14.856  -5.769  56.379 0.0000000000
39881  14.338  -6.869  55.622 0.0000000000
39857  12.511  -7.467  58.001 0.0000000000
40954  12.759  -6.524  58.500 0.0000000000
103057  40.196  11.547  19.883 0.0000000000
97588  40.935  11.513  21.035 0.0000000000
58142  40.275  11.435  20.697 0.0000000000
91706  38.820  11.704  23.592 0.0000000000
91186  39.745  11.771  23.483 0.0000000000
58950  40.277  12.640  25.022 0.0000000000
59821  40.918  13.059  25.510 0.0000000000
58941  40.400  12.863  25.805 0.0000000000
54408  39.303  7.737  33.087 0.0000000000
55307  39.768  8.457  32.745 0.0000000000
55290  40.032  8.835  35.125 0.0000000000
58169  40.551  11.938  18.651 0.0000000000
34417  11.273  -13.872  55.575 0.0000000000
33472  10.743  -14.628  55.456 0.0000000000
52765  35.785  5.557  28.672 0.0000000000
52750  37.390  5.693  30.242 0.0000000000
52740  36.997  5.011  30.617 0.0000000000
51707  36.136  4.366  33.084 0.0000000000
105171  37.371  5.215  32.988 0.0000000000
94496  37.339  6.052  34.617 0.0000000000
54384  37.995  7.075  35.923 0.0000000000
53518  36.889  6.335  35.401 0.0000000000
46855  29.325  -0.320  42.363 0.0000000000
47737  30.479  0.204  46.552 0.0000000000
92161  30.784  0.329  44.996 0.0000000000
47736  31.587  0.795  46.156 0.0000000000
102897  32.571  1.692  46.756 0.0000000000
48653  32.226  1.354  48.312 0.0000000000
46719  29.932  -0.706  51.481 0.0000000000
46753  30.117  -0.237  50.024 0.0000000000
46718  30.737  -0.266  51.321 0.0000000000
47663  32.510  0.631  52.365 0.0000000000
48625  33.913  1.841  51.366 0.0000000000
43008  24.797  -5.022  54.351 0.0000000000
41962  23.964  -5.549  55.715 0.0000000000
41995  23.557  -5.747  53.928 0.0000000000
91576  21.067  -5.706  51.843 0.0000000000
109900  21.298  -5.741  53.238 0.0000000000
41998  20.571  -5.620  53.243 0.0000000000
91684  19.652  -5.406  53.636 0.0000000000
42015  19.028  -5.546  52.357 0.0000000000
41054  19.464  -6.205  47.514 0.0000000000
100736  16.410  -7.498  48.843 0.0000000000
39963  17.289  -6.948  48.448 0.0000000000
41026  16.903  -6.881  50.001 0.0000000000
41001  17.218  -6.184  51.255 0.0000000000
41002  16.554  -6.417  51.569 0.0000000000
41003  15.929  -6.737  51.896 0.0000000000
101820  15.725  -7.503  50.657 0.0000000000
38082  13.739  -9.887  51.870 0.0000000000
46858  25.802  -0.748  42.729 0.0000000000
91428  24.917  -0.807  43.080 0.0000000000
45002  23.139  -2.303  45.639 0.0000000000
45928  23.615  -1.608  45.365 0.0000000000
45927  24.188  -1.120  45.076 0.0000000000
44985  24.173  -1.540  46.698 0.0000000000
45880  24.693  -1.673  48.040 0.0000000000
95460  24.189  -2.234  48.175 0.0000000000
42024  24.314  -5.060  51.858 0.0000000000
43964  24.731  -3.993  51.650 0.0000000000
43019  24.893  -4.734  53.530 0.0000000000
105107  25.100  -4.410  54.168 0.0000000000
41933  23.219  -4.811  59.062 0.0000000000
98965  10.432  -12.015  58.713 0.0000000000
37118  11.346  -10.383  58.404 0.0000000000
61687  47.936  16.095  21.320 0.0000000000
60765  46.879  15.095  22.741 0.0000000000
103248  48.844  16.282  22.678 0.0000000000
60756  48.863  16.194  23.427 0.0000000000
60739  49.969  15.915  24.310 0.0000000000
59829  43.468  13.325  23.512 0.0000000000
59828  44.443  13.815  23.456 0.0000000000
59819  43.836  13.707  24.240 0.0000000000
61649  46.732  16.122  27.020 0.0000000000
57198  40.035  10.996  27.869 0.0000000000
57203  39.460  10.959  26.638 0.0000000000
58069  40.383  11.792  27.860 0.0000000000
58912  40.813  12.407  28.275 0.0000000000
58897  41.394  12.501  29.451 0.0000000000
56233  41.275  10.092  33.009 0.0000000000
91930  40.595  9.949  31.461 0.0000000000
57136  41.635  10.538  32.730 0.0000000000
52700  32.471  5.371  33.922 0.0000000000
55271  33.906  8.292  37.020 0.0000000000
54386  34.083  7.177  36.010 0.0000000000
55270  34.940  8.067  37.099 0.0000000000
55254  36.451  8.226  37.847 0.0000000000
56168  36.085  9.473  38.790 0.0000000000
47776  31.347  0.457  41.326 0.0000000000
48708  32.303  1.339  41.781 0.0000000000
50577  33.943  3.822  43.001 0.0000000000
100755  33.561  3.043  42.055 0.0000000000
51605  34.196  4.547  41.569 0.0000000000
51616  34.224  4.680  40.765 0.0000000000
103247  34.325  5.077  41.956 0.0000000000
53374  35.651  6.896  48.654 0.0000000000
55157  34.296  9.007  43.968 0.0000000000
54313  34.214  7.622  41.900 0.0000000000
104775  33.992  9.145  42.375 0.0000000000
55198  33.674  9.179  41.142 0.0000000000
56117  33.937  10.233  41.790 0.0000000000
59924  42.780  13.528  14.604 0.0000000000
59937  44.292  13.594  13.710 0.0000000000
59921  45.028  13.650  14.102 0.0000000000
105613  44.999  13.645  14.717 0.0000000000
59880  46.472  13.728  18.071 0.0000000000
60808  47.023  14.192  17.605 0.0000000000
60801  46.939  14.703  18.644 0.0000000000
60800  47.526  15.043  18.054 0.0000000000
60880  50.056  14.786  10.443 0.0000000000
61743  48.374  16.006  13.684 0.0000000000
103794  48.897  16.885  14.920 0.0000000000
62507  48.786  16.624  16.248 0.0000000000
44908  26.492  -2.976  53.628 0.0000000000
44907  27.360  -2.598  53.692 0.0000000000
44893  26.962  -3.176  55.407 0.0000000000
107297  13.934  -8.430  54.309 0.0000000000
39882  13.817  -7.380  56.078 0.0000000000
38941  13.593  -8.564  55.363 0.0000000000
38938  12.783  -8.757  56.770 0.0000000000
38933  11.825  -8.725  58.286 0.0000000000
92302  37.659  11.244  22.486 0.0000000000
58120  37.913  11.522  23.392 0.0000000000
55268  39.418  8.296  36.502 0.0000000000
55282  39.961  8.760  36.006 0.0000000000
55250  40.242  8.904  37.267 0.0000000000
56164  41.328  9.438  38.538 0.0000000000
32566  9.888  -15.589  56.259 0.0000000000
31725  9.404  -16.119  55.743 0.0000000000
31711  8.189  -16.572  57.932 0.0000000000
51768  35.392  4.124  30.290 0.0000000000
51708  35.271  4.233  33.344 0.0000000000
94374  28.546  -0.461  42.813 0.0000000000
46834  28.287  -0.423  44.864 0.0000000000
47738  29.586  -0.168  46.333 0.0000000000
47729  30.498  0.192  47.471 0.0000000000
42025  23.566  -5.612  51.780 0.0000000000
104793  23.225  -5.817  52.466 0.0000000000
91438  22.314  -5.814  50.989 0.0000000000
42039  21.587  -5.811  50.491 0.0000000000
93768  20.393  -5.881  49.852 0.0000000000
39009  15.399  -8.290  49.416 0.0000000000
39016  14.821  -8.796  48.265 0.0000000000
44035  22.607  -3.207  45.540 0.0000000000
44021  23.200  -2.953  46.871 0.0000000000
44961  23.749  -2.921  48.309 0.0000000000
102234  23.508  -3.687  48.529 0.0000000000
43046  23.448  -4.756  49.613 0.0000000000
42971  20.538  -4.843  57.292 0.0000000000
59868  45.635  13.312  19.026 0.0000000000
60781  46.777  15.101  20.466 0.0000000000
109111  45.506  14.120  20.932 0.0000000000
95950  46.109  14.606  21.944 0.0000000000
60766  45.493  14.309  23.063 0.0000000000
108057  43.401  14.168  25.672 0.0000000000
60743  44.592  14.538  25.463 0.0000000000
60733  44.220  14.944  26.516 0.0000000000
61635  46.096  16.255  27.885 0.0000000000
56293  37.699  10.119  25.497 0.0000000000
55379  38.189  8.688  26.694 0.0000000000
56272  39.280  9.573  27.773 0.0000000000
57173  40.000  10.205  29.068 0.0000000000
57993  43.034  11.277  34.754 0.0000000000
53541  30.886  6.989  34.895 0.0000000000
53540  32.043  6.787  34.845 0.0000000000
53522  31.492  7.276  35.449 0.0000000000
55273  32.325  8.204  37.017 0.0000000000
106938  33.108  8.922  37.992 0.0000000000
48685  33.001  1.969  44.355 0.0000000000
48691  33.028  2.070  43.003 0.0000000000
49596  33.953  3.045  45.064 0.0000000000
50544  34.144  3.573  44.638 0.0000000000
100730  34.783  5.125  45.002 0.0000000000
59903  41.088  13.011  15.995 0.0000000000
59914  41.237  13.396  15.363 0.0000000000
108455  41.730  12.861  16.150 0.0000000000
59901  43.293  13.015  16.075 0.0000000000
59900  44.125  13.209  15.912 0.0000000000
104747  44.824  13.396  15.865 0.0000000000
59027  44.613  12.852  17.424 0.0000000000
59014  45.315  12.992  18.152 0.0000000000
59103  47.470  12.339  10.335 0.0000000000
59084  47.775  12.628  10.851 0.0000000000
60868  49.456  15.072  11.230 0.0000000000
61755  49.330  16.397  12.160 0.0000000000
60855  48.154  14.761  12.338 0.0000000000
61757  47.865  15.079  12.971 0.0000000000
60840  47.329  14.716  13.357 0.0000000000
46781  26.709  -0.858  47.845 0.0000000000
46780  27.749  -0.746  48.335 0.0000000000
46735  27.972  -0.896  50.097 0.0000000000
45850  28.182  -1.067  50.928 0.0000000000
45831  29.368  -1.377  52.966 0.0000000000
107198  16.550  -5.247  55.013 0.0000000000
94805  17.129  -4.656  56.995 0.0000000000
41954  15.896  -5.199  56.229 0.0000000000
41944  15.200  -5.093  57.525 0.0000000000
40953  13.531  -6.622  57.445 0.0000000000
41945  13.503  -5.710  58.515 0.0000000000
59003  42.076  11.948  19.305 0.0000000000
58977  43.065  12.286  21.233 0.0000000000
58978  42.453  11.994  21.340 0.0000000000
58128  42.009  11.796  21.898 0.0000000000
94490  42.269  12.646  23.523 0.0000000000
58118  40.371  11.460  22.500 0.0000000000
58961  41.492  12.273  23.461 0.0000000000
108712  42.418  13.297  24.656 0.0000000000
59814  41.624  13.523  25.783 0.0000000000
60735  42.063  14.322  26.886 0.0000000000
60706  41.974  14.277  28.163 0.0000000000
108641  38.504  7.484  29.859 0.0000000000
55323  39.458  8.591  30.843 0.0000000000
55315  39.736  8.655  31.769 0.0000000000
56226  40.681  9.430  33.873 0.0000000000
57113  41.655  10.279  34.847 0.0000000000
56198  41.013  9.646  36.115 0.0000000000
57099  41.719  10.238  35.862 0.0000000000
57098  42.604  10.767  36.189 0.0000000000
52645  32.953  5.587  37.729 0.0000000000
99515  35.286  5.294  50.277 0.0000000000
59043  39.829  12.939  16.863 0.0000000000
59030  41.036  12.399  17.429 0.0000000000
58160  41.367  11.907  18.936 0.0000000000
61784  44.906  14.619  9.515 0.0000000000
60892  44.244  14.592  9.918 0.0000000000
35337  12.297  -12.538  54.109 0.0000000000
36237  12.429  -11.614  55.883 0.0000000000
35321  11.771  -12.711  56.351 0.0000000000
35317  11.147  -12.935  57.506 0.0000000000
34383  9.819  -13.354  58.749 0.0000000000
33440  9.875  -14.910  57.789 0.0000000000
54477  37.384  7.405  27.673 0.0000000000
53624  36.195  6.503  27.680 0.0000000000
94772  37.440  6.626  29.002 0.0000000000
53593  37.751  6.421  29.838 0.0000000000
94089  38.430  6.530  31.309 0.0000000000
107912  38.473  6.537  33.003 0.0000000000
52726  37.132  4.731  31.423 0.0000000000
53560  38.037  5.965  33.027 0.0000000000
54398  38.567  7.075  34.217 0.0000000000
106782  38.489  7.475  35.826 0.0000000000
55252  38.589  8.144  37.718 0.0000000000
55236  38.377  8.477  38.398 0.0000000000
47768  31.485  0.693  42.934 0.0000000000
46832  29.850  0.043  43.819 0.0000000000
47761  31.071  0.496  43.516 0.0000000000
47759  32.064  1.105  44.046 0.0000000000
48670  32.953  1.974  46.072 0.0000000000
49568  33.634  2.591  47.653 0.0000000000
49555  34.147  2.798  49.126 0.0000000000
46779  28.698  -0.566  48.407 0.0000000000
46777  30.246  -0.018  49.164 0.0000000000
101329  31.031  0.448  48.844 0.0000000000
94238  31.979  0.312  51.781 0.0000000000
47695  32.097  0.567  50.759 0.0000000000
47719  31.991  1.107  49.067 0.0000000000
95939  33.315  1.676  49.968 0.0000000000
49546  34.316  2.631  50.005 0.0000000000
50471  34.789  3.999  51.183 0.0000000000
42981  25.638  -4.075  57.133 0.0000000000
41940  24.314  -4.940  57.669 0.0000000000
41950  23.724  -5.429  56.678 0.0000000000
41951  22.882  -5.556  56.806 0.0000000000
92725  22.720  -5.817  54.253 0.0000000000
41964  21.655  -5.578  55.385 0.0000000000
41952  21.475  -5.391  56.225 0.0000000000
42997  20.173  -5.080  55.869 0.0000000000
41966  19.483  -5.064  55.370 0.0000000000
41983  18.136  -5.226  54.142 0.0000000000
41053  20.165  -6.002  47.334 0.0000000000
42067  19.887  -6.093  48.747 0.0000000000
42054  19.029  -6.070  49.833 0.0000000000
41056  17.878  -6.698  48.120 0.0000000000
41024  18.369  -6.351  49.363 0.0000000000
42042  18.882  -5.917  50.636 0.0000000000
93786  18.283  -5.636  52.184 0.0000000000
42017  17.641  -5.633  52.578 0.0000000000
41984  17.385  -5.346  54.011 0.0000000000
40985  16.158  -5.941  53.148 0.0000000000
40986  15.581  -6.271  53.624 0.0000000000
39915  14.694  -7.575  53.325 0.0000000000
106736  14.910  -8.518  50.539 0.0000000000
38985  14.686  -8.547  51.236 0.0000000000
38957  14.345  -8.347  53.169 0.0000000000
38067  13.655  -9.676  53.507 0.0000000000
37138  13.435  -10.361  53.171 0.0000000000
36264  12.815  -11.638  52.978 0.0000000000
35350  12.372  -12.444  53.245 0.0000000000
35351  11.935  -12.991  52.778 0.0000000000
93483  26.983  -0.618  43.142 0.0000000000
46836  26.663  -0.546  44.574 0.0000000000
107098  26.047  -0.715  45.812 0.0000000000
46838  24.618  -0.896  44.573 0.0000000000
46825  25.313  -0.834  45.773 0.0000000000
46798  26.190  -0.839  47.072 0.0000000000
45878  25.896  -1.133  48.371 0.0000000000
45865  25.755  -1.592  49.925 0.0000000000
98932  25.496  -2.277  50.849 0.0000000000
44936  24.555  -2.879  50.177 0.0000000000
43963  24.993  -3.144  51.456 0.0000000000
44909  25.903  -3.067  52.931 0.0000000000
43944  25.842  -3.554  54.621 0.0000000000
42996  25.409  -4.069  56.018 0.0000000000
37125  12.082  -11.016  56.932 0.0000000000
38050  11.655  -9.570  58.225 0.0000000000
61678  48.472  16.296  22.025 0.0000000000
59849  44.077  13.319  21.829 0.0000000000
59838  44.590  13.781  22.483 0.0000000000
60749  46.264  14.896  24.355 0.0000000000
60732  45.567  15.304  26.156 0.0000000000
60741  47.541  15.624  25.034 0.0000000000
61662  49.293  16.204  24.707 0.0000000000
58109  37.326  11.591  23.871 0.0000000000
58094  38.336  11.807  24.801 0.0000000000
57210  38.153  10.812  25.540 0.0000000000
58086  38.659  11.648  25.458 0.0000000000
58085  39.400  12.164  25.703 0.0000000000
58932  40.534  12.854  26.656 0.0000000000
59781  41.536  13.604  28.378 0.0000000000
59780  42.116  14.006  29.002 0.0000000000
56248  39.700  9.173  30.459 0.0000000000
57158  40.769  10.517  30.733 0.0000000000
57157  41.333  11.303  30.708 0.0000000000
94533  42.944  11.536  33.231 0.0000000000
58027  42.303  11.744  31.912 0.0000000000
58890  41.624  12.194  30.255 0.0000000000
58889  42.263  12.837  30.575 0.0000000000
59766  42.671  13.709  30.480 0.0000000000
51735  33.700  3.759  32.975 0.0000000000
104067  34.991  4.712  34.042 0.0000000000
53539  33.201  6.390  34.914 0.0000000000
53520  34.763  6.428  35.499 0.0000000000
53519  35.876  6.325  35.544 0.0000000000
54367  36.695  7.222  36.647 0.0000000000
98449  37.610  8.660  38.541 0.0000000000
56146  38.524  9.346  39.561 0.0000000000
49624  32.852  2.017  41.270 0.0000000000
50626  33.750  3.950  39.151 0.0000000000
51641  33.689  4.639  38.662 0.0000000000
100047  33.881  6.220  39.390 0.0000000000
52535  35.739  5.344  48.167 0.0000000000
52555  35.342  5.682  46.262 0.0000000000
53400  34.917  6.454  45.133 0.0000000000
54269  34.767  7.209  44.803 0.0000000000
53424  34.569  6.550  43.495 0.0000000000
53454  34.371  6.614  41.891 0.0000000000
53471  34.071  6.824  40.500 0.0000000000
53488  33.325  7.133  38.920 0.0000000000
99950  33.229  8.595  39.863 0.0000000000
55210  33.309  9.307  39.867 0.0000000000
56133  34.143  10.121  39.818 0.0000000000
57904  34.470  11.193  41.963 0.0000000000
57023  34.703  10.809  41.205 0.0000000000
57059  35.051  10.293  39.868 0.0000000000
104100  36.380  10.472  40.143 0.0000000000
60882  43.269  14.751  10.606 0.0000000000
59970  43.860  13.693  11.693 0.0000000000
59953  45.067  13.294  12.417 0.0000000000
60829  46.372  14.263  14.232 0.0000000000
60820  46.992  14.744  14.765 0.0000000000
59898  46.147  13.838  16.039 0.0000000000
60821  46.713  14.380  15.543 0.0000000000
102333  48.180  15.445  16.316 0.0000000000
61721  48.438  16.173  17.159 0.0000000000
43926  26.260  -3.969  57.745 0.0000000000
91304  12.872  -11.188  54.716 0.0000000000
56145  39.481  9.171  39.570 0.0000000000
102584  40.259  9.185  39.562 0.0000000000
95383  27.382  -0.601  46.222 0.0000000000
42078  21.507  -5.509  47.520 0.0000000000
42065  21.659  -5.629  48.377 0.0000000000
42092  22.020  -5.024  47.158 0.0000000000
105378  18.158  -4.791  56.130 0.0000000000
105988  44.255  12.746  20.202 0.0000000000
58986  43.356  12.300  20.424 0.0000000000
60705  43.757  15.605  28.902 0.0000000000
55347  38.616  8.341  28.411 0.0000000000
55334  38.679  7.987  29.394 0.0000000000
100724  32.416  6.466  37.592 0.0000000000
53507  31.699  6.785  37.141 0.0000000000
53497  32.134  7.458  37.611 0.0000000000
50508  35.187  4.012  47.694 0.0000000000
50498  35.146  3.889  48.513 0.0000000000
59029  42.832  12.338  17.847 0.0000000000
59087  45.900  12.669  10.764 0.0000000000
95738  26.227  -2.264  51.831 0.0000000000
45834  27.049  -1.998  52.027 0.0000000000
100530  14.688  -7.285  53.912 0.0000000000
94184  14.894  -6.433  54.910 0.0000000000
39898  14.451  -7.301  54.677 0.0000000000
58162  39.484  11.628  19.447 0.0000000000
58143  39.377  11.391  20.367 0.0000000000
58107  39.332  12.070  24.182 0.0000000000
58942  39.781  12.452  25.421 0.0000000000
54397  39.141  7.690  33.933 0.0000000000
55299  39.699  8.343  33.650 0.0000000000
100273  35.091  5.365  28.358 0.0000000000
51778  35.989  5.190  29.387 0.0000000000
52751  36.695  5.418  29.803 0.0000000000
52696  36.615  4.866  33.518 0.0000000000
53536  36.526  5.760  34.806 0.0000000000
92947  31.240  0.599  47.013 0.0000000000
107894  31.083  0.477  46.389 0.0000000000
106172  31.794  1.036  47.688 0.0000000000
46707  29.937  -0.947  52.513 0.0000000000
46706  30.594  -0.531  52.207 0.0000000000
41978  24.208  -5.498  54.524 0.0000000000
42011  23.738  -5.689  53.074 0.0000000000
42027  20.403  -5.704  51.360 0.0000000000
42014  20.346  -5.621  52.285 0.0000000000
91578  19.696  -5.535  52.831 0.0000000000
42028  19.630  -5.622  51.816 0.0000000000
41041  16.997  -7.036  49.106 0.0000000000
41012  16.720  -6.625  50.790 0.0000000000
39946  16.280  -7.145  50.339 0.0000000000
41013  16.118  -6.915  51.107 0.0000000000
39947  15.848  -7.697  49.874 0.0000000000
102490  23.359  -2.413  46.334 0.0000000000
45913  23.681  -1.848  46.141 0.0000000000
44971  24.177  -1.874  47.449 0.0000000000
42010  24.423  -5.243  52.812 0.0000000000
41942  22.651  -5.309  57.771 0.0000000000
36223  9.834  -11.514  59.414 0.0000000000
61698  47.740  16.053  20.647 0.0000000000
61668  49.721  16.005  24.184 0.0000000000
57185  40.240  10.954  28.545 0.0000000000
58061  40.621  11.614  28.763 0.0000000000
58898  40.999  12.114  29.053 0.0000000000
57121  41.554  10.233  34.111 0.0000000000
57129  41.680  10.401  33.478 0.0000000000
51711  31.309  5.538  33.724 0.0000000000
56188  33.856  9.036  38.028 0.0000000000
55256  34.355  8.637  37.556 0.0000000000
56187  34.768  9.028  38.125 0.0000000000
55238  35.724  8.937  38.267 0.0000000000
56169  35.153  9.535  38.641 0.0000000000
47775  31.923  0.976  42.443 0.0000000000
106658  31.771  0.813  41.768 0.0000000000
48699  32.468  1.498  42.739 0.0000000000
51587  34.329  4.662  43.433 0.0000000000
51593  34.193  4.531  42.427 0.0000000000
102519  34.398  5.294  42.624 0.0000000000
56088  34.206  9.906  44.302 0.0000000000
55170  34.161  9.079  43.079 0.0000000000
56099  34.100  9.898  43.417 0.0000000000
55186  33.818  9.606  41.786 0.0000000000
93520  34.022  10.477  43.051 0.0000000000
59912  43.492  13.367  15.248 0.0000000000
59923  43.730  13.564  14.350 0.0000000000
59938  43.595  13.624  13.608 0.0000000000
59922  44.498  13.596  14.392 0.0000000000
59867  46.315  13.920  18.842 0.0000000000
61776  50.416  15.895  10.685 0.0000000000
61734  48.472  16.205  14.358 0.0000000000
61728  48.340  15.875  15.226 0.0000000000
43943  26.373  -3.226  54.491 0.0000000000
38948  13.718  -8.819  54.632 0.0000000000
38054  13.397  -9.435  55.149 0.0000000000
38052  12.688  -9.679  56.521 0.0000000000
38932  12.412  -8.380  57.659 0.0000000000
55267  39.905  8.661  36.750 0.0000000000
55234  40.008  8.791  38.060 0.0000000000
31738  9.163  -16.155  55.017 0.0000000000
31718  8.403  -16.777  56.985 0.0000000000
30831  7.694  -17.048  57.665 0.0000000000
96964  28.271  -0.404  43.851 0.0000000000
108827  27.820  -0.453  44.383 0.0000000000
91261  28.866  -0.416  46.235 0.0000000000
47730  29.791  -0.126  47.152 0.0000000000
47722  29.919  -0.100  47.859 0.0000000000
42037  23.076  -5.489  50.403 0.0000000000
91230  23.130  -5.677  51.205 0.0000000000
93251  21.195  -5.825  49.742 0.0000000000
42040  20.699  -5.800  50.532 0.0000000000
42052  20.477  -5.950  49.177 0.0000000000
43110  22.037  -3.877  45.033 0.0000000000
44022  22.690  -3.557  46.346 0.0000000000
44034  22.994  -2.869  46.154 0.0000000000
44008  23.256  -3.511  47.728 0.0000000000
43047  22.952  -5.007  49.018 0.0000000000
43031  23.735  -5.261  51.084 0.0000000000
42956  20.177  -4.487  58.398 0.0000000000
95562  45.500  13.627  19.820 0.0000000000
59848  44.487  13.367  21.128 0.0000000000
59847  45.253  14.045  21.392 0.0000000000
59837  45.425  14.235  22.248 0.0000000000
104722  43.558  15.106  27.293 0.0000000000
61636  45.037  16.058  28.325 0.0000000000
55391  37.035  8.691  25.806 0.0000000000
56289  37.805  9.218  25.956 0.0000000000
99424  39.099  8.988  28.362 0.0000000000
94975  39.511  9.536  28.721 0.0000000000
53542  30.179  6.750  34.833 0.0000000000
53523  30.813  7.193  35.578 0.0000000000
54389  31.224  7.458  36.020 0.0000000000
55258  32.662  8.482  37.597 0.0000000000
48678  32.996  1.979  45.093 0.0000000000
49597  33.419  2.480  44.684 0.0000000000
49585  33.537  2.517  45.545 0.0000000000
50519  35.099  4.151  46.851 0.0000000000
50531  34.455  3.756  45.407 0.0000000000
51549  34.911  4.299  46.042 0.0000000000
107731  34.741  4.484  45.366 0.0000000000
51568  35.079  4.995  45.773 0.0000000000
59041  41.596  12.626  16.730 0.0000000000
59040  43.121  12.640  16.913 0.0000000000
59039  43.959  12.834  16.728 0.0000000000
59890  44.729  13.137  16.582 0.0000000000
59001  44.979  12.842  18.838 0.0000000000
59085  46.988  12.384  11.031 0.0000000000
59965  48.186  13.458  11.304 0.0000000000
59964  49.084  14.033  10.957 0.0000000000
60869  48.561  14.429  11.640 0.0000000000
60870  47.731  13.863  11.982 0.0000000000
60856  47.286  14.249  12.736 0.0000000000
46757  26.730  -1.015  48.948 0.0000000000
45863  27.046  -1.082  49.870 0.0000000000
45833  27.902  -1.814  52.272 0.0000000000
45841  28.449  -1.362  51.718 0.0000000000
45840  29.248  -1.182  52.026 0.0000000000
41986  15.927  -5.545  54.858 0.0000000000
41967  16.218  -5.236  55.608 0.0000000000
41968  15.488  -5.572  55.752 0.0000000000
41956  14.824  -5.498  57.088 0.0000000000
41955  15.369  -5.352  56.621 0.0000000000
42977  14.821  -4.745  58.670 0.0000000000
39869  13.477  -7.363  56.774 0.0000000000
58159  41.977  11.820  20.098 0.0000000000
58987  42.585  11.998  20.649 0.0000000000
58129  41.169  11.520  21.767 0.0000000000
58969  42.176  12.204  22.703 0.0000000000
58131  39.168  11.155  21.916 0.0000000000
109802  39.825  11.224  21.981 0.0000000000
91157  40.804  12.468  24.238 0.0000000000
58106  40.618  11.967  23.468 0.0000000000
58949  41.601  12.721  24.228 0.0000000000
59820  41.731  13.170  24.934 0.0000000000
59805  41.021  13.329  26.296 0.0000000000
59803  41.628  13.816  26.460 0.0000000000
60721  41.964  14.329  27.498 0.0000000000
91764  38.728  7.270  31.025 0.0000000000
54428  39.172  7.888  31.333 0.0000000000
55298  40.158  8.860  34.215 0.0000000000
55306  40.234  8.973  33.312 0.0000000000
56216  41.131  9.831  34.403 0.0000000000
56199  40.430  9.111  36.449 0.0000000000
56209  40.534  9.259  35.599 0.0000000000
95481  42.039  10.345  36.766 0.0000000000
57097  43.615  11.304  36.662 0.0000000000
92676  32.675  4.125  37.046 0.0000000000
51666  32.336  4.806  36.711 0.0000000000
51655  32.840  4.774  37.343 0.0000000000
59031  40.251  12.519  17.427 0.0000000000
102098  40.816  11.725  19.412 0.0000000000
61785  44.412  15.285  9.510 0.0000000000
103273  11.806  -13.285  54.076 0.0000000000
35331  11.960  -12.835  54.869 0.0000000000
100827  11.717  -13.131  55.614 0.0000000000
34418  10.944  -14.148  56.322 0.0000000000
34403  11.052  -13.590  57.002 0.0000000000
34393  10.637  -13.601  57.874 0.0000000000
35311  10.567  -12.777  58.356 0.0000000000
33450  10.120  -15.114  57.006 0.0000000000
54497  37.134  7.640  26.854 0.0000000000
54478  36.701  7.057  27.317 0.0000000000
53607  36.314  6.123  28.389 0.0000000000
53623  36.959  6.735  28.200 0.0000000000
52739  37.597  5.327  31.104 0.0000000000
53581  37.978  6.071  30.751 0.0000000000
53569  38.403  6.323  32.260 0.0000000000
91318  36.089  3.968  30.938 0.0000000000
98580  36.656  4.452  30.964 0.0000000000
51752  36.582  4.244  31.599 0.0000000000
53552  37.684  5.898  33.794 0.0000000000
53551  38.276  6.448  33.665 0.0000000000
54383  38.369  7.147  35.116 0.0000000000
54365  38.310  7.529  36.471 0.0000000000
54353  38.022  7.693  37.214 0.0000000000
47777  30.776  0.180  41.611 0.0000000000
47769  30.746  0.314  42.634 0.0000000000
46833  29.103  -0.250  44.356 0.0000000000
46844  29.183  -0.262  43.357 0.0000000000
47747  31.474  0.690  45.283 0.0000000000
47755  30.593  0.300  44.136 0.0000000000
106676  31.398  0.659  44.348 0.0000000000
47754  32.011  1.057  44.850 0.0000000000
48679  32.471  1.477  45.371 0.0000000000
105802  33.100  2.141  47.835 0.0000000000
48661  33.125  2.192  47.068 0.0000000000
49567  34.125  2.922  48.293 0.0000000000
110581  28.267  -0.697  48.842 0.0000000000
46755  28.788  -0.629  49.367 0.0000000000
47712  30.866  0.187  49.700 0.0000000000
47662  33.119  1.060  52.092 0.0000000000
47678  32.565  0.730  51.426 0.0000000000
47711  32.084  0.838  49.959 0.0000000000
48627  32.784  1.122  50.543 0.0000000000
48642  32.632  1.354  49.593 0.0000000000
95189  33.476  1.550  50.728 0.0000000000
49538  34.386  2.526  50.951 0.0000000000
50483  34.697  3.230  50.572 0.0000000000
42982  25.022  -4.424  57.470 0.0000000000
92235  22.828  -5.876  53.317 0.0000000000
41997  21.328  -5.719  53.871 0.0000000000
41980  21.890  -5.725  54.540 0.0000000000
41953  20.893  -5.345  55.623 0.0000000000
41965  20.264  -5.274  55.061 0.0000000000
41999  18.925  -5.409  53.134 0.0000000000
101296  19.548  -5.240  54.501 0.0000000000
43009  18.633  -5.106  54.813 0.0000000000
93911  18.864  -6.376  46.963 0.0000000000
41038  19.312  -6.235  48.267 0.0000000000
42053  19.793  -6.010  49.497 0.0000000000
41023  19.168  -6.240  49.057 0.0000000000
41070  17.933  -6.713  47.191 0.0000000000
39974  17.194  -7.052  47.768 0.0000000000
41040  17.757  -6.667  48.888 0.0000000000
41010  18.191  -6.185  50.147 0.0000000000
42029  18.727  -5.734  51.533 0.0000000000
42043  18.006  -6.016  50.957 0.0000000000
42031  17.037  -5.973  52.039 0.0000000000
42001  17.300  -5.527  53.251 0.0000000000
42002  16.693  -5.606  53.567 0.0000000000
39938  15.557  -7.338  51.432 0.0000000000
40995  15.647  -6.576  52.763 0.0000000000
40987  15.081  -6.858  53.404 0.0000000000
40996  15.073  -7.143  52.834 0.0000000000
39010  14.888  -8.835  49.013 0.0000000000
38997  15.341  -8.122  50.208 0.0000000000
38970  14.407  -8.587  52.203 0.0000000000
38971  13.938  -9.071  52.943 0.0000000000
38074  13.993  -9.298  52.236 0.0000000000
107230  13.331  -10.640  51.425 0.0000000000
37146  13.417  -10.461  52.378 0.0000000000
37147  13.178  -10.909  52.858 0.0000000000
35364  12.344  -12.416  52.384 0.0000000000
35365  11.789  -12.956  51.959 0.0000000000
46847  25.645  -0.663  43.651 0.0000000000
107814  25.997  -0.604  44.315 0.0000000000
101785  25.869  -0.673  45.076 0.0000000000
45948  24.005  -0.926  43.416 0.0000000000
45939  24.063  -1.008  44.255 0.0000000000
45926  24.643  -1.019  45.683 0.0000000000
46813  25.696  -0.845  46.437 0.0000000000
45896  25.382  -1.025  47.154 0.0000000000
45895  25.854  -1.001  47.678 0.0000000000
92769  25.267  -1.264  47.873 0.0000000000
44947  25.193  -1.781  49.385 0.0000000000
45879  25.229  -1.499  48.619 0.0000000000
44934  25.822  -1.851  50.566 0.0000000000
43996  23.851  -3.194  48.889 0.0000000000
43982  24.142  -3.080  49.472 0.0000000000
43956  25.291  -3.294  52.227 0.0000000000
43950  25.881  -3.358  53.761 0.0000000000
43007  25.305  -4.158  54.860 0.0000000000
42969  25.076  -4.386  58.676 0.0000000000
42975  16.758  -4.443  57.901 0.0000000000
36238  12.058  -11.872  56.496 0.0000000000
37119  10.584  -10.218  59.178 0.0000000000
38046  10.961  -9.516  58.982 0.0000000000
103642  11.280  -8.919  58.864 0.0000000000
38929  10.608  -8.640  59.818 0.0000000000
60772  46.965  15.244  21.274 0.0000000000
60758  45.439  14.357  23.787 0.0000000000
61658  47.168  15.835  26.030 0.0000000000
61657  48.910  16.293  25.713 0.0000000000
61656  49.638  16.020  25.041 0.0000000000
58096  36.809  11.351  24.196 0.0000000000
58110  36.593  11.518  23.566 0.0000000000
58108  38.102  11.737  24.147 0.0000000000
109416  38.244  10.014  25.870 0.0000000000
57204  38.822  10.613  26.096 0.0000000000
58070  39.948  11.435  27.183 0.0000000000
58077  39.195  11.565  26.051 0.0000000000
58076  39.721  11.916  26.419 0.0000000000
58933  40.084  12.590  26.122 0.0000000000
58911  41.230  12.855  28.683 0.0000000000
59782  41.060  13.189  27.855 0.0000000000
56241  39.907  9.221  31.107 0.0000000000
57143  41.163  10.611  31.483 0.0000000000
58868  43.009  12.296  32.289 0.0000000000
58039  41.966  11.940  31.094 0.0000000000
51710  33.181  4.534  33.562 0.0000000000
51709  34.250  4.383  33.617 0.0000000000
52698  34.274  4.993  34.198 0.0000000000
96492  32.523  7.137  35.409 0.0000000000
54368  34.509  7.633  36.563 0.0000000000
54385  35.121  6.892  36.050 0.0000000000
108355  35.778  6.779  36.057 0.0000000000
105389  36.386  6.765  36.046 0.0000000000
55237  36.769  8.738  38.415 0.0000000000
56147  37.524  9.673  39.548 0.0000000000
101056  33.387  2.640  43.094 0.0000000000
48698  32.863  1.997  42.180 0.0000000000
49611  33.304  2.559  42.470 0.0000000000
50597  33.646  3.238  41.330 0.0000000000
91886  33.326  2.688  40.817 0.0000000000
49640  33.327  2.842  39.924 0.0000000000
102930  33.632  3.476  39.714 0.0000000000
51628  34.194  4.853  40.123 0.0000000000
51629  33.984  4.711  39.462 0.0000000000
52624  34.139  5.451  39.774 0.0000000000
52625  33.858  5.426  39.037 0.0000000000
52524  35.491  6.012  49.852 0.0000000000
51498  35.569  5.132  49.151 0.0000000000
92924  35.690  6.000  48.870 0.0000000000
53381  35.687  6.652  47.593 0.0000000000
53391  35.521  6.438  46.700 0.0000000000
52564  35.040  5.745  45.450 0.0000000000
53399  35.234  6.391  45.889 0.0000000000
100996  34.583  8.081  44.431 0.0000000000
100717  34.786  7.935  45.287 0.0000000000
53411  34.710  6.532  44.365 0.0000000000
98842  34.583  7.293  44.007 0.0000000000
53438  34.493  6.132  42.659 0.0000000000
54296  34.442  7.046  42.663 0.0000000000
54330  34.144  7.169  41.139 0.0000000000
53480  33.790  6.989  39.784 0.0000000000
54331  33.718  7.768  40.337 0.0000000000
54341  33.285  7.939  39.463 0.0000000000
56118  33.784  9.873  41.133 0.0000000000
98604  33.630  9.809  39.972 0.0000000000
56150  33.665  9.657  39.243 0.0000000000
57887  34.330  11.386  42.745 0.0000000000
57903  35.275  11.525  41.549 0.0000000000
57046  35.123  10.585  40.567 0.0000000000
57045  35.734  10.570  40.305 0.0000000000
57058  35.834  10.255  39.786 0.0000000000
110086  36.260  10.867  40.564 0.0000000000
60893  43.601  15.141  9.994 0.0000000000
59926  40.997  13.738  14.891 0.0000000000
59955  43.593  13.711  12.457 0.0000000000
102704  44.283  13.482  12.217 0.0000000000
60830  45.676  13.876  14.610 0.0000000000
60842  45.709  13.779  13.806 0.0000000000
59899  45.453  13.457  16.377 0.0000000000
60814  46.902  14.160  16.584 0.0000000000
60813  47.462  14.729  16.121 0.0000000000
110190  47.876  14.973  16.767 0.0000000000
61715  47.980  15.503  17.469 0.0000000000
102116  47.985  16.400  18.950 0.0000000000
58238  47.986  12.207  9.598 0.0000000000
59116  48.778  12.349  9.359 0.0000000000
59101  49.192  12.778  9.807 0.0000000000
43925  26.763  -3.704  57.065 0.0000000000
37130  13.401  -10.326  53.961 0.0000000000
38060  13.164  -10.353  54.830 0.0000000000
37124  12.583  -10.544  56.362 0.0000000000
55221  39.914  8.845  38.896 0.0000000000
46835  27.442  -0.494  44.800 0.0000000000
46823  27.766  -0.516  45.536 0.0000000000
92286  28.172  -0.525  46.218 0.0000000000
46810  28.523  -0.512  46.768 0.0000000000
43083  22.303  -4.401  46.668 0.0000000000
43070  22.667  -4.463  47.585 0.0000000000
42077  22.229  -5.224  47.954 0.0000000000
42972  19.545  -4.671  57.222 0.0000000000
42973  18.555  -4.472  57.465 0.0000000000
42958  18.207  -4.163  58.425 0.0000000000
60720  42.753  14.823  27.544 0.0000000000
61625  44.896  16.160  28.990 0.0000000000
55367  37.813  7.985  27.138 0.0000000000
55366  38.376  8.428  27.511 0.0000000000
54372  31.223  7.333  36.419 0.0000000000
53498  31.551  7.456  36.959 0.0000000000
54348  32.376  8.229  37.953 0.0000000000
49573  33.971  2.899  47.098 0.0000000000
49584  34.133  3.085  45.884 0.0000000000
102199  34.586  3.478  47.156 0.0000000000
51532  35.513  4.762  47.461 0.0000000000
59086  46.353  12.534  11.080 0.0000000000
59952  45.997  13.113  12.280 0.0000000000
45852  26.414  -1.467  50.404 0.0000000000
45851  27.279  -1.233  50.677 0.0000000000
45843  26.656  -1.740  51.190 0.0000000000
40971  15.309  -5.880  55.088 0.0000000000
40972  14.868  -6.100  55.634 0.0000000000
97804  14.467  -6.315  56.248 0.0000000000
58141  41.084  11.611  20.229 0.0000000000
58962  39.996  12.245  24.256 0.0000000000
99548  40.603  13.001  26.325 0.0000000000
54417  39.299  7.830  32.220 0.0000000000
56185  41.575  9.809  37.501 0.0000000000
58161  40.164  11.725  19.218 0.0000000000
33502  11.267  -14.101  53.947 0.0000000000
33471  11.094  -14.206  54.845 0.0000000000
52764  36.478  5.761  29.060 0.0000000000
53594  37.107  6.041  29.443 0.0000000000
51732  36.406  4.195  32.346 0.0000000000
52715  36.777  4.605  32.847 0.0000000000
52677  37.035  5.416  34.018 0.0000000000
53517  37.662  6.637  35.255 0.0000000000
53506  37.244  6.855  35.989 0.0000000000
47748  30.131  0.104  45.649 0.0000000000
97330  30.950  0.407  45.838 0.0000000000
48671  32.269  1.364  46.140 0.0000000000
48663  31.982  1.220  46.891 0.0000000000
48662  32.526  1.643  47.556 0.0000000000
48652  32.827  1.827  48.359 0.0000000000
98645  29.417  -0.523  49.951 0.0000000000
46733  29.622  -0.602  50.610 0.0000000000
46732  30.249  -0.366  50.779 0.0000000000
48614  32.968  1.111  53.002 0.0000000000
104336  24.681  -5.076  55.423 0.0000000000
108383  24.084  -5.540  55.093 0.0000000000
93381  23.426  -5.711  54.887 0.0000000000
42013  21.355  -5.753  52.594 0.0000000000
91579  21.907  -5.844  53.228 0.0000000000
41981  20.397  -5.479  54.187 0.0000000000
39964  16.716  -7.322  48.316 0.0000000000
41011  17.414  -6.397  50.469 0.0000000000
40994  16.357  -6.209  52.360 0.0000000000
97361  13.816  -9.901  50.944 0.0000000000
45015  23.068  -1.902  44.849 0.0000000000
45940  23.578  -1.390  44.568 0.0000000000
97034  24.162  -1.334  45.908 0.0000000000
91470  24.722  -1.377  47.289 0.0000000000
44960  24.676  -1.986  48.775 0.0000000000
44948  24.641  -2.373  49.490 0.0000000000
43034  24.231  -4.457  50.969 0.0000000000
43026  24.890  -4.342  52.621 0.0000000000
43018  25.364  -3.900  53.906 0.0000000000
36232  11.231  -12.079  57.933 0.0000000000
36221  11.605  -11.165  57.797 0.0000000000
36222  10.779  -11.191  58.688 0.0000000000
36215  9.969  -10.712  59.553 0.0000000000
60755  49.781  15.804  23.854 0.0000000000
60746  49.961  15.920  24.234 0.0000000000
60747  50.076  16.051  24.270 0.0000000000
58968  42.964  12.787  22.833 0.0000000000
59839  43.786  13.309  22.643 0.0000000000
57211  37.526  10.923  25.172 0.0000000000
57199  39.618  10.517  27.419 0.0000000000
58926  40.661  12.698  27.401 0.0000000000
93758  40.575  9.632  32.169 0.0000000000
57137  41.057  10.151  32.275 0.0000000000
58881  43.430  13.176  32.024 0.0000000000
107049  32.300  4.746  33.510 0.0000000000
54369  33.444  7.911  36.515 0.0000000000
54355  36.047  7.747  37.250 0.0000000000
55255  35.347  8.464  37.695 0.0000000000
50558  34.034  3.760  43.892 0.0000000000
50578  33.633  3.149  42.696 0.0000000000
50596  33.883  3.769  42.010 0.0000000000
50613  33.979  3.955  41.029 0.0000000000
51617  33.974  4.124  40.094 0.0000000000
52609  34.344  5.260  41.290 0.0000000000
53364  35.548  6.627  49.479 0.0000000000
54221  35.398  7.451  49.791 0.0000000000
54228  35.394  7.979  49.042 0.0000000000
54238  35.542  7.572  47.942 0.0000000000
100551  34.426  8.152  43.585 0.0000000000
95220  34.279  8.146  42.686 0.0000000000
55185  33.936  8.686  41.843 0.0000000000
104311  33.436  8.825  40.496 0.0000000000
59913  42.607  13.230  15.447 0.0000000000
59940  42.109  13.865  13.956 0.0000000000
94107  43.788  13.608  13.156 0.0000000000
59936  45.013  13.523  13.339 0.0000000000
97151  45.921  13.300  17.806 0.0000000000
59979  49.655  13.676  10.141 0.0000000000
106215  51.034  15.642  9.958 0.0000000000
99236  49.010  17.057  13.808 0.0000000000
62511  49.471  18.051  14.489 0.0000000000
91422  26.945  -2.976  54.398 0.0000000000
43935  27.252  -3.447  56.513 0.0000000000
39899  13.929  -8.112  54.724 0.0000000000
103037  13.887  -7.714  55.424 0.0000000000
38937  13.404  -8.136  56.212 0.0000000000
38942  13.038  -9.069  55.911 0.0000000000
39870  12.925  -7.896  57.094 0.0000000000
38927  11.909  -7.823  58.624 0.0000000000
58132  38.356  11.115  21.729 0.0000000000
92303  38.547  11.266  22.656 0.0000000000
91627  38.807  12.001  24.470 0.0000000000
55283  39.481  8.291  35.628 0.0000000000
56186  40.747  9.228  37.828 0.0000000000
56165  40.532  9.059  38.525 0.0000000000
32585  10.148  -15.382  54.560 0.0000000000
32573  9.877  -15.689  55.209 0.0000000000
31717  9.207  -16.248  56.584 0.0000000000
31726  8.641  -16.556  55.852 0.0000000000
31710  8.882  -16.279  57.403 0.0000000000
51733  35.611  3.881  32.538 0.0000000000
52697  35.806  4.679  33.795 0.0000000000
46821  29.200  -0.275  45.413 0.0000000000
47728  31.101  0.537  47.957 0.0000000000
109638  23.914  -5.556  52.370 0.0000000000
92225  22.787  -5.841  51.791 0.0000000000
42038  22.157  -5.751  50.069 0.0000000000
91577  21.896  -5.832  51.815 0.0000000000
42026  21.341  -5.794  51.170 0.0000000000
108845  20.126  -5.760  50.815 0.0000000000
39965  15.988  -7.860  48.182 0.0000000000
39955  15.934  -7.872  49.070 0.0000000000
39015  15.395  -8.359  48.603 0.0000000000
45003  22.744  -2.541  45.042 0.0000000000
44972  23.701  -2.575  47.573 0.0000000000
43983  23.753  -3.842  49.224 0.0000000000
43069  23.104  -4.202  48.215 0.0000000000
43058  23.277  -4.413  48.828 0.0000000000
43035  23.772  -4.815  50.403 0.0000000000
60792  46.063  14.172  19.669 0.0000000000
60782  45.901  14.325  20.555 0.0000000000
60773  46.109  14.570  21.342 0.0000000000
60757  46.695  15.024  23.560 0.0000000000
59812  43.355  13.741  24.852 0.0000000000
61651  44.573  15.623  27.491 0.0000000000
56294  37.130  9.576  25.432 0.0000000000
98704  38.545  9.560  26.404 0.0000000000
56286  38.793  9.122  27.116 0.0000000000
57186  39.798  10.293  28.257 0.0000000000
57172  40.458  10.849  29.376 0.0000000000
57111  43.285  11.303  35.688 0.0000000000
52683  30.581  6.430  34.314 0.0000000000
52682  31.658  6.251  34.306 0.0000000000
54388  32.012  7.645  35.980 0.0000000000
54371  31.798  7.774  36.600 0.0000000000
54370  32.527  7.989  36.524 0.0000000000
55272  32.964  8.385  36.998 0.0000000000
55257  33.429  8.663  37.532 0.0000000000
48692  32.654  1.632  43.677 0.0000000000
49604  33.278  2.396  43.792 0.0000000000
50545  33.719  3.070  44.253 0.0000000000
104186  34.459  4.346  44.563 0.0000000000
103363  41.813  13.122  15.664 0.0000000000
59902  42.377  12.821  16.273 0.0000000000
59889  45.381  13.190  17.239 0.0000000000
59881  45.959  13.386  18.376 0.0000000000
59117  47.314  12.349  9.756 0.0000000000
59980  48.655  13.103  10.570 0.0000000000
61767  49.824  16.178  11.414 0.0000000000
61768  48.946  15.392  11.921 0.0000000000
61756  48.539  15.642  12.601 0.0000000000
107920  48.260  15.718  13.154 0.0000000000
61744  47.776  15.291  13.582 0.0000000000
46797  27.586  -0.693  47.507 0.0000000000
46756  27.759  -0.846  49.251 0.0000000000
46720  29.070  -0.970  51.166 0.0000000000
45822  28.191  -2.095  53.256 0.0000000000
45821  28.789  -2.013  53.954 0.0000000000
103761  28.886  -1.754  53.353 0.0000000000
42094  20.612  -5.622  46.270 0.0000000000
43000  16.939  -5.009  55.532 0.0000000000
96725  17.432  -4.820  56.188 0.0000000000
42987  16.545  -4.935  56.358 0.0000000000
42988  15.857  -4.971  56.954 0.0000000000
42976  15.816  -4.654  58.082 0.0000000000
42961  15.313  -4.309  59.475 0.0000000000
40964  13.947  -6.746  56.504 0.0000000000
40963  14.218  -5.983  57.121 0.0000000000
91456  42.749  12.047  19.815 0.0000000000
91376  42.701  12.261  21.967 0.0000000000
58140  41.770  11.738  20.995 0.0000000000
58960  42.834  13.027  23.673 0.0000000000
97004  39.688  11.307  21.264 0.0000000000
58130  40.385  11.378  21.533 0.0000000000
58948  42.337  13.031  24.220 0.0000000000
94920  42.551  13.597  25.189 0.0000000000
59813  42.304  14.012  26.158 0.0000000000
102516  42.432  14.711  28.010 0.0000000000
92592  42.788  14.817  28.784 0.0000000000
54439  38.882  7.836  30.390 0.0000000000
55314  40.228  9.119  32.441 0.0000000000
56234  40.765  9.596  32.956 0.0000000000
56225  41.180  9.923  33.635 0.0000000000
104279  41.446  9.897  36.632 0.0000000000
56208  41.106  9.778  35.250 0.0000000000
57112  42.404  10.739  35.253 0.0000000000
52646  32.361  5.720  37.145 0.0000000000
51480  35.018  4.652  50.731 0.0000000000
100491  35.294  4.484  49.760 0.0000000000
59042  40.654  12.754  16.744 0.0000000000
110389  40.606  12.211  17.970 0.0000000000
59018  41.243  12.123  18.186 0.0000000000
59017  42.046  12.108  18.448 0.0000000000
59997  44.684  13.810  10.208 0.0000000000
35330  12.350  -12.254  54.860 0.0000000000
36244  12.557  -11.697  55.216 0.0000000000
36245  12.151  -12.308  55.637 0.0000000000
35316  11.623  -12.414  57.106 0.0000000000
34402  11.421  -13.445  56.296 0.0000000000
35322  11.440  -13.031  56.851 0.0000000000
32572  10.304  -15.230  55.652 0.0000000000
33456  10.465  -14.872  56.328 0.0000000000
33439  10.020  -14.201  58.223 0.0000000000
34384  8.789  -13.065  59.669 0.0000000000
55381  36.786  7.964  26.206 0.0000000000
54460  37.695  7.233  28.489 0.0000000000
53592  38.112  7.175  29.356 0.0000000000
53580  38.372  6.936  30.351 0.0000000000
54418  38.798  7.140  32.624 0.0000000000
54409  38.735  7.112  33.424 0.0000000000
51767  36.196  4.700  30.238 0.0000000000
52725  37.556  5.155  31.970 0.0000000000
51731  37.042  4.612  32.217 0.0000000000
52714  37.899  5.650  32.388 0.0000000000
104069  38.912  7.606  34.645 0.0000000000
54382  38.944  7.787  35.334 0.0000000000
54364  38.900  7.878  36.138 0.0000000000
55269  38.785  7.952  36.936 0.0000000000
55222  38.973  8.777  38.952 0.0000000000
101334  31.353  0.567  42.121 0.0000000000
46843  29.944  -0.003  42.918 0.0000000000
105322  30.443  0.248  43.408 0.0000000000
47760  31.622  0.805  43.619 0.0000000000
48686  32.544  1.521  44.556 0.0000000000
105113  34.194  3.054  47.639 0.0000000000
50499  34.646  3.355  48.813 0.0000000000
46796  28.429  -0.566  47.518 0.0000000000
46795  29.266  -0.388  47.752 0.0000000000
46754  29.630  -0.353  49.428 0.0000000000
46778  29.565  -0.297  48.618 0.0000000000
47721  30.398  0.121  48.313 0.0000000000
109203  31.543  0.764  48.933 0.0000000000
46717  31.313  -0.104  51.999 0.0000000000
47679  31.493  0.179  51.115 0.0000000000
109254  32.043  0.430  51.255 0.0000000000
47696  31.484  0.365  50.261 0.0000000000
97726  32.542  1.534  48.869 0.0000000000
48641  33.077  1.861  49.130 0.0000000000
48635  33.929  2.022  50.398 0.0000000000
49547  33.731  2.220  49.521 0.0000000000
50490  34.685  3.260  49.652 0.0000000000
50482  35.015  3.869  50.193 0.0000000000
102023  25.642  -4.165  58.036 0.0000000000
41949  24.432  -5.105  56.536 0.0000000000
41941  23.518  -5.246  57.783 0.0000000000
97184  22.067  -5.419  56.901 0.0000000000
41996  22.147  -5.826  53.835 0.0000000000
41979  22.488  -5.725  55.133 0.0000000000
92170  22.257  -5.607  56.029 0.0000000000
42970  21.331  -5.095  57.093 0.0000000000
42983  20.753  -5.105  56.419 0.0000000000
92005  20.108  -4.912  56.576 0.0000000000
42998  18.735  -4.913  55.746 0.0000000000
42079  20.794  -5.768  47.065 0.0000000000
110288  20.458  -5.969  48.537 0.0000000000
41037  20.025  -6.056  48.045 0.0000000000
42041  19.791  -5.862  50.315 0.0000000000
41039  18.524  -6.435  48.585 0.0000000000
42016  18.365  -5.503  52.720 0.0000000000
42030  17.787  -5.847  51.752 0.0000000000
42000  18.063  -5.374  53.380 0.0000000000
43011  17.166  -5.148  54.800 0.0000000000
41985  16.608  -5.424  54.356 0.0000000000
42003  16.043  -5.735  53.961 0.0000000000
38984  15.181  -7.948  50.963 0.0000000000
39939  14.941  -7.843  51.749 0.0000000000
39929  14.763  -7.765  52.576 0.0000000000
38958  13.877  -8.846  53.842 0.0000000000
38075  13.697  -9.787  52.692 0.0000000000
37139  13.163  -10.931  53.533 0.0000000000
103907  12.912  -11.417  53.948 0.0000000000
36269  12.693  -11.818  51.921 0.0000000000
106351  12.641  -11.991  53.749 0.0000000000
103739  12.006  -12.960  53.489 0.0000000000
34457  11.613  -13.529  53.259 0.0000000000
107728  26.322  -0.635  43.154 0.0000000000
46846  26.503  -0.562  43.790 0.0000000000
46812  26.534  -0.700  46.322 0.0000000000
46848  24.731  -0.815  43.919 0.0000000000
46826  24.959  -0.860  45.119 0.0000000000
91272  25.820  -1.351  49.176 0.0000000000
44925  25.968  -2.058  51.133 0.0000000000
43995  24.201  -2.601  48.858 0.0000000000
93229  24.599  -3.471  50.855 0.0000000000
43971  25.024  -2.714  50.851 0.0000000000
44926  25.518  -2.624  51.537 0.0000000000
44916  25.873  -2.725  52.258 0.0000000000
43937  25.884  -3.650  55.560 0.0000000000
96338  26.091  -3.744  56.645 0.0000000000
42974  17.646  -4.399  57.671 0.0000000000
101116  12.430  -11.218  56.279 0.0000000000
105597  12.348  -10.225  56.963 0.0000000000
37121  11.895  -10.322  57.583 0.0000000000
38928  11.317  -8.169  59.285 0.0000000000
60750  43.984  14.018  24.922 0.0000000000
60742  45.879  15.001  25.214 0.0000000000
94111  37.056  11.509  23.184 0.0000000000
58087  37.984  11.473  25.115 0.0000000000
58093  39.033  12.168  25.103 0.0000000000
97672  40.939  13.305  26.965 0.0000000000
59795  41.439  13.815  27.593 0.0000000000
55333  39.295  8.641  29.978 0.0000000000
109506  40.239  9.580  31.216 0.0000000000
98702  40.210  9.802  30.575 0.0000000000
56258  40.178  10.153  29.756 0.0000000000
58040  40.831  11.075  30.003 0.0000000000
57128  42.326  10.949  33.193 0.0000000000
58013  42.016  11.080  32.353 0.0000000000
58012  42.646  11.573  32.641 0.0000000000
58028  41.694  11.214  31.617 0.0000000000
58048  41.166  11.776  29.788 0.0000000000
58896  41.784  12.845  29.832 0.0000000000
59758  42.990  13.430  31.203 0.0000000000
59772  42.196  13.506  29.824 0.0000000000
60692  42.861  14.467  29.911 0.0000000000
51734  34.700  3.729  32.771 0.0000000000
103976  35.464  5.084  34.327 0.0000000000
52681  32.798  5.908  34.430 0.0000000000
52680  33.821  5.595  34.537 0.0000000000
53521  33.644  6.781  35.451 0.0000000000
53538  34.286  5.985  34.997 0.0000000000
52679  34.735  5.315  34.527 0.0000000000
53537  35.439  5.668  34.885 0.0000000000
54354  37.098  7.654  37.288 0.0000000000
55253  37.597  8.132  37.956 0.0000000000
56166  38.037  8.967  39.000 0.0000000000
49623  33.282  2.571  41.693 0.0000000000
50635  33.433  3.888  38.331 0.0000000000
51654  33.306  4.677  37.956 0.0000000000
52635  33.450  5.474  38.336 0.0000000000
100396  33.562  6.172  38.753 0.0000000000
92385  35.763  6.098  48.092 0.0000000000
94493  35.630  5.687  47.252 0.0000000000
52565  34.791  5.843  44.691 0.0000000000
55137  35.256  8.262  47.246 0.0000000000
55138  34.842  8.758  46.478 0.0000000000
54249  35.105  7.814  46.214 0.0000000000
54257  35.350  6.989  46.266 0.0000000000
52574  34.653  5.957  44.026 0.0000000000
52587  34.530  5.638  43.398 0.0000000000
105150  34.402  5.744  41.908 0.0000000000
53470  34.318  6.148  41.057 0.0000000000
53479  34.179  6.163  40.159 0.0000000000
54347  32.791  8.253  38.660 0.0000000000
55223  33.003  8.960  39.122 0.0000000000
56171  33.373  9.197  38.542 0.0000000000
92107  34.651  9.899  39.160 0.0000000000
57012  34.038  10.738  42.424 0.0000000000
57024  34.151  10.685  41.705 0.0000000000
57047  34.457  10.348  40.522 0.0000000000
56149  35.531  9.951  39.234 0.0000000000
56148  36.476  9.962  39.488 0.0000000000
57057  37.116  10.345  40.078 0.0000000000
60881  43.861  14.322  10.463 0.0000000000
59982  44.201  13.633  10.981 0.0000000000
59969  44.670  13.298  11.615 0.0000000000
59935  45.759  13.550  13.027 0.0000000000
60841  46.563  14.130  13.446 0.0000000000
60828  47.109  14.793  13.955 0.0000000000
59911  45.375  13.670  15.425 0.0000000000
60822  46.038  14.009  15.235 0.0000000000
109106  47.192  14.752  15.410 0.0000000000
61729  47.654  15.137  15.322 0.0000000000
61714  48.420  16.918  18.510 0.0000000000
43010  17.823  -5.136  54.618 0.0000000000
54258  35.046  7.109  45.589 0.0000000000
56110  33.926  9.948  42.538 0.0000000000
57025  34.088  10.341  41.150 0.0000000000
98797  33.569  9.574  40.499 0.0000000000
100276  40.493  10.461  30.107 0.0000000000
103573  16.406  -4.745  57.216 0.0000000000
104754  35.369  4.345  48.997 0.0000000000
104897  31.501  0.605  49.446 0.0000000000
106291  34.210  3.142  46.576 0.0000000000
109167  33.577  2.572  47.081 0.0000000000
109379  25.160  -4.088  53.287 0.0000000000
109583  19.677  -5.571  52.320 0.0000000000
