#!ascii label  , from subject sub-v1s18x0051251_ses-1 vox2ras=TkReg
1846
5996  39.736  -55.872  -0.378 0.2000000030
6571  39.941  -55.063  -1.167 0.2000000030
5982  39.651  -57.182  0.388 0.2000000030
6598  40.324  -56.803  -3.266 0.1000000015
6553  40.868  -55.550  0.696 0.3000000119
6584  39.596  -56.103  -1.732 0.1000000015
103090  39.196  -56.939  -1.257 0.2000000030
6583  40.263  -55.689  -2.345 0.1000000015
6597  40.925  -56.374  -3.701 0.1000000015
6596  41.446  -55.889  -3.959 0.1000000015
7141  42.340  -54.601  -4.736 0.1000000015
6614  41.143  -56.276  -3.958 0.1000000015
6624  41.654  -55.414  -4.348 0.1000000015
7612  43.518  -53.319  -5.340 0.2000000030
7160  42.742  -54.293  -5.098 0.1000000015
93495  42.357  -52.936  -2.554 0.1000000015
7972  42.875  -52.585  -3.221 0.1000000015
7106  40.524  -54.608  -1.740 0.2000000030
7117  41.777  -55.028  -3.666 0.1000000015
7105  41.307  -54.285  -2.454 0.1000000015
7118  41.154  -55.464  -3.055 0.1000000015
7584  43.021  -53.825  -4.300 0.1000000015
103360  43.784  -53.028  -5.239 0.1000000015
8925  44.729  -50.878  -6.187 0.2000000030
7997  44.486  -51.970  -5.761 0.2000000030
8915  44.885  -49.723  -6.327 0.1000000015
8017  43.584  -52.904  -5.620 0.2000000030
100560  45.089  -48.698  -6.789 0.2000000030
9400  44.081  -49.315  -6.861 0.1000000015
10429  44.501  -47.654  -6.973 0.1000000015
7573  42.723  -53.544  -3.652 0.1000000015
7971  43.435  -52.256  -3.739 0.1000000015
7583  43.443  -53.485  -4.796 0.1000000015
98266  45.897  -48.005  -6.018 0.2000000030
104200  46.108  -47.455  -6.213 0.2000000030
11024  46.620  -46.790  -6.103 0.2000000030
10428  45.184  -47.837  -7.030 0.2000000030
11025  45.717  -46.758  -6.458 0.1000000015
11042  44.031  -46.983  -6.619 0.2000000030
7984  43.278  -53.085  -4.099 0.1000000015
8420  43.877  -51.850  -4.278 0.1000000015
7983  43.833  -52.606  -4.625 0.1000000015
8439  44.533  -51.742  -5.410 0.2000000030
9861  45.168  -48.496  -5.429 0.2000000030
9390  45.133  -49.476  -6.027 0.3000000119
11597  46.589  -46.287  -5.769 0.3000000119
11598  45.087  -46.131  -5.666 0.2000000030
93865  43.510  -46.550  -6.106 0.2000000030
10419  42.010  -47.619  -5.510 0.2000000030
10404  45.836  -47.795  -5.477 0.3000000119
8906  44.849  -49.977  -5.776 0.2000000030
11582  47.541  -45.923  -4.816 0.3000000119
11561  46.972  -45.568  -4.416 0.3000000119
12144  46.162  -45.068  -3.364 0.3000000119
11583  46.192  -45.759  -5.141 0.3000000119
11584  44.906  -45.682  -4.680 0.2000000030
92238  42.557  -47.075  -5.903 0.2000000030
11028  41.741  -46.701  -5.397 0.2000000030
11549  47.522  -45.524  -2.375 0.4000000060
10988  47.464  -46.349  -3.929 0.3000000119
11550  47.548  -45.712  -3.446 0.3000000119
10403  46.554  -47.270  -5.039 0.2000000030
10402  47.072  -46.714  -5.369 0.2000000030
11562  45.492  -45.379  -4.080 0.3000000119
11599  43.639  -46.166  -5.665 0.2000000030
11563  44.179  -45.365  -3.859 0.2000000030
11600  42.585  -46.232  -5.530 0.2000000030
12106  47.523  -45.013  -1.750 0.3000000119
12121  47.368  -45.214  -2.610 0.3000000119
107210  43.935  -44.933  -3.064 0.2000000030
11564  42.601  -45.411  -3.805 0.2000000030
11551  43.318  -45.182  -3.378 0.2000000030
98832  41.702  -45.516  -4.359 0.1000000015
11586  42.705  -45.730  -4.885 0.2000000030
11602  40.760  -45.818  -4.932 0.2000000030
100596  41.825  -45.800  -5.098 0.2000000030
11029  40.929  -46.233  -5.087 0.2000000030
12093  46.994  -44.484  -1.129 0.3000000119
12107  45.990  -44.319  -1.699 0.3000000119
12122  46.654  -44.793  -2.605 0.3000000119
12095  44.937  -43.934  -1.181 0.2000000030
97137  44.881  -44.301  -1.852 0.3000000119
12108  44.039  -44.123  -1.569 0.2000000030
12123  45.424  -44.619  -2.506 0.3000000119
12124  43.325  -44.722  -2.592 0.1000000015
11552  42.733  -45.081  -3.054 0.1000000015
12146  41.106  -45.134  -3.238 0.1000000015
94168  41.949  -45.226  -3.244 0.1000000015
12125  42.478  -44.736  -2.454 0.1000000015
11588  40.225  -45.528  -4.626 0.1000000015
91835  46.511  -44.291  -0.210 0.3000000119
12094  45.793  -43.979  -0.783 0.2000000030
12662  45.439  -43.861  0.030 0.2000000030
12663  44.443  -43.601  0.254 0.2000000030
12664  43.609  -43.396  0.519 0.1000000015
12702  44.181  -43.736  -0.899 0.1000000015
12684  43.754  -43.541  -0.295 0.1000000015
12703  43.431  -43.813  -1.020 0.1000000015
12109  43.085  -44.317  -1.771 0.1000000015
12126  41.619  -44.784  -2.444 0.1000000015
12147  40.215  -44.931  -3.490 0.1000000015
12665  42.945  -43.354  0.148 0.1000000015
91353  42.097  -43.515  -0.148 0.1000000015
12685  42.880  -43.617  -0.519 0.1000000015
109501  42.347  -43.769  -0.673 0.1000000015
12704  42.611  -43.983  -1.094 0.1000000015
12096  41.744  -44.052  -0.898 0.1000000015
12111  41.203  -44.483  -1.668 0.1000000015
12110  42.132  -44.398  -1.709 0.1000000015
12666  41.317  -43.294  0.559 0.1000000015
12112  40.226  -44.539  -1.685 0.1000000015
12128  39.805  -44.661  -2.606 0.1000000015
93794  42.251  -43.079  0.703 0.1000000015
7126  42.314  -54.638  -4.444 0.1000000015
7574  42.067  -53.931  -3.133 0.1000000015
9399  44.511  -50.169  -6.606 0.1000000015
9738  31.184  -48.001  8.444 0.5000000000
9732  30.793  -47.710  9.101 0.5000000000
10250  30.542  -47.381  8.182 0.5000000000
10255  30.583  -47.307  7.230 0.5000000000
10231  30.294  -47.827  11.165 0.2000000030
9723  30.860  -48.230  10.702 0.2000000030
106442  30.918  -47.958  9.916 0.3000000119
110344  30.399  -47.472  9.624 0.5000000000
10251  30.184  -47.163  8.962 0.5000000000
108396  29.705  -46.655  8.829 0.5000000000
10810  29.960  -46.791  8.226 0.5000000000
103055  29.468  -46.229  8.237 0.5000000000
104553  30.183  -46.881  7.596 0.5000000000
10254  31.148  -47.933  6.827 0.5000000000
10815  30.176  -46.548  6.825 0.5000000000
100579  31.510  -48.306  6.179 0.5000000000
8800  32.733  -50.094  5.763 0.5000000000
100384  29.738  -47.434  11.688 0.3000000119
10232  29.731  -47.201  10.797 0.3000000119
10242  29.724  -46.869  9.743 0.5000000000
11432  29.338  -45.645  7.637 0.5000000000
10816  29.712  -45.907  7.019 0.5000000000
10261  30.770  -47.182  6.396 0.5000000000
109530  31.428  -47.567  5.602 0.5000000000
7903  35.600  -52.170  4.841 0.4000000060
95814  35.192  -51.749  4.391 0.5000000000
106490  34.438  -51.379  5.187 0.5000000000
91655  33.076  -50.199  5.063 0.5000000000
9280  32.487  -49.451  5.275 0.5000000000
7902  36.347  -52.539  4.584 0.4000000060
9707  30.193  -48.106  11.948 0.3000000119
107017  29.203  -46.633  11.378 0.4000000060
10792  28.854  -45.979  10.736 0.4000000060
10801  28.953  -45.957  9.893 0.5000000000
11422  28.643  -45.272  9.001 0.5000000000
10806  29.231  -46.128  8.988 0.5000000000
11427  29.071  -45.674  8.352 0.5000000000
11428  28.857  -45.082  8.079 0.5000000000
104025  29.157  -44.977  7.463 0.5000000000
11436  29.519  -45.229  6.944 0.5000000000
10836  30.629  -46.406  5.916 0.5000000000
9760  31.686  -48.104  5.518 0.6000000238
8798  33.838  -50.845  4.937 0.5000000000
9289  32.943  -49.578  4.452 0.5000000000
9772  32.530  -48.832  4.552 0.5000000000
100071  37.243  -52.863  4.276 0.4000000060
8340  35.159  -51.491  3.774 0.5000000000
10192  30.021  -47.555  16.142 0.1000000015
102484  29.907  -46.237  15.777 0.1000000015
100833  29.933  -45.037  15.773 0.1000000015
10744  29.548  -46.542  15.210 0.1000000015
11364  29.690  -45.749  15.444 0.1000000015
11920  29.662  -44.138  15.533 0.1000000015
10761  29.246  -46.470  14.369 0.1000000015
11380  29.288  -45.749  14.746 0.1000000015
98827  29.104  -44.093  14.826 0.1000000015
104404  29.328  -46.970  12.281 0.2000000030
10770  29.089  -46.494  13.509 0.1000000015
108680  28.673  -45.567  10.351 0.5000000000
10773  28.897  -46.218  12.193 0.4000000060
10780  28.721  -45.753  11.473 0.4000000060
11967  28.208  -44.352  10.364 0.4000000060
11975  28.274  -44.365  9.502 0.5000000000
12556  28.221  -43.567  9.151 0.5000000000
12565  28.628  -43.516  8.213 0.5000000000
11991  28.882  -44.385  7.753 0.5000000000
10276  31.147  -47.090  5.684 0.5000000000
104901  34.080  -50.728  4.115 0.5000000000
7915  36.489  -52.372  3.652 0.4000000060
7521  38.176  -53.133  4.041 0.5000000000
10697  32.943  -46.487  18.536 0.1000000015
93790  31.592  -47.022  17.831 0.1000000015
10712  30.994  -46.959  17.201 0.1000000015
10727  30.885  -46.255  16.834 0.1000000015
92557  30.318  -46.274  16.258 0.1000000015
102233  30.411  -45.113  16.258 0.1000000015
102823  30.936  -43.850  16.753 0.1000000015
11350  31.300  -45.481  17.123 0.1000000015
11351  30.671  -45.627  16.526 0.1000000015
12481  30.609  -43.226  16.473 0.1000000015
96756  29.027  -41.667  13.562 0.2000000030
14317  29.972  -40.922  13.038 0.2000000030
100318  29.318  -47.150  13.930 0.1000000015
11395  28.944  -45.779  13.918 0.1000000015
11381  28.895  -44.886  14.297 0.1000000015
11937  28.690  -43.978  14.204 0.1000000015
13059  28.745  -42.511  14.038 0.2000000030
10771  28.765  -45.805  13.012 0.2000000030
95411  28.536  -44.353  13.585 0.1000000015
11952  28.276  -43.880  12.848 0.2000000030
13091  28.241  -42.337  12.398 0.2000000030
13695  29.253  -41.283  13.024 0.2000000030
105014  29.626  -40.804  12.408 0.2000000030
11401  28.507  -44.836  12.878 0.2000000030
95630  28.598  -45.347  12.193 0.2000000030
11960  28.212  -44.338  11.153 0.3000000119
12538  27.958  -43.164  11.139 0.3000000119
13111  28.046  -42.367  10.461 0.4000000060
13120  28.129  -42.796  9.771 0.5000000000
109933  31.992  -47.309  4.596 0.5000000000
101125  28.316  -42.802  8.917 0.4000000060
110634  33.092  -46.926  3.247 0.5000000000
10314  32.747  -46.662  3.509 0.5000000000
10852  32.217  -46.251  3.922 0.5000000000
9771  33.415  -48.711  3.403 0.5000000000
9777  32.757  -48.170  3.903 0.5000000000
10296  32.353  -47.216  4.070 0.5000000000
12000  29.778  -44.666  6.387 0.5000000000
11990  29.339  -44.465  7.064 0.5000000000
8819  34.061  -50.142  3.505 0.5000000000
9294  33.823  -49.389  3.240 0.5000000000
101793  33.423  -49.538  3.790 0.5000000000
11471  31.670  -45.842  4.412 0.5000000000
8339  35.838  -51.683  3.144 0.5000000000
8818  34.617  -50.899  3.614 0.5000000000
105930  32.945  -49.007  3.975 0.5000000000
10275  31.630  -47.314  5.098 0.6000000238
8810  33.530  -50.211  4.281 0.5000000000
11319  34.184  -45.689  18.362 0.1000000015
10710  32.445  -45.913  18.033 0.1000000015
11336  32.677  -45.109  17.828 0.1000000015
11889  33.779  -44.278  17.856 0.1000000015
12479  35.825  -42.837  16.402 0.1000000015
10711  31.623  -46.230  17.573 0.1000000015
11337  31.961  -45.324  17.605 0.1000000015
11902  31.602  -44.779  17.285 0.1000000015
13021  31.767  -43.002  17.135 0.1000000015
13039  31.153  -42.525  16.545 0.1000000015
13050  30.364  -42.457  16.041 0.1000000015
100418  30.468  -41.424  14.743 0.1000000015
12493  29.385  -43.269  15.207 0.1000000015
13670  29.850  -41.532  14.550 0.2000000030
91333  29.564  -41.363  13.743 0.2000000030
13058  29.246  -42.519  14.758 0.1000000015
13671  29.204  -41.879  14.232 0.2000000030
13101  28.089  -42.207  11.580 0.3000000119
13707  28.420  -41.680  12.012 0.3000000119
14947  29.962  -40.230  11.868 0.2000000030
13715  27.999  -42.083  10.966 0.3000000119
14334  28.687  -41.073  11.494 0.2000000030
14341  28.526  -41.027  10.723 0.3000000119
13119  28.276  -42.228  9.369 0.4000000060
110531  28.305  -41.567  9.971 0.4000000060
12050  32.952  -44.994  3.622 0.5000000000
12033  32.480  -44.555  4.199 0.5000000000
103851  28.731  -42.688  8.284 0.5000000000
12601  33.476  -43.266  5.390 0.5000000000
13180  32.998  -42.769  5.825 0.5000000000
12602  32.488  -43.318  5.218 0.5000000000
12618  32.009  -44.012  4.663 0.5000000000
12034  31.630  -44.901  4.497 0.6000000238
106355  29.518  -43.160  7.100 0.5000000000
101479  29.148  -42.946  7.676 0.5000000000
13181  32.031  -42.817  5.702 0.5000000000
99643  31.336  -44.265  4.920 0.6000000238
11452  31.185  -45.501  4.846 0.5000000000
12016  30.322  -44.806  5.703 0.5000000000
12015  30.913  -44.834  5.043 0.5000000000
11453  30.681  -45.583  5.429 0.5000000000
7519  40.396  -53.497  4.120 0.4000000060
7520  39.173  -53.323  3.936 0.4000000060
7507  38.082  -53.210  4.966 0.4000000060
12529  36.440  -44.106  12.808 0.1000000015
13033  35.986  -42.904  15.320 0.1000000015
13048  34.523  -43.015  13.799 0.1000000015
12463  33.143  -43.430  17.557 0.1000000015
12462  34.029  -43.252  17.539 0.1000000015
95482  33.808  -42.083  16.161 0.1000000015
13019  33.397  -42.462  17.101 0.1000000015
13036  33.166  -41.966  16.339 0.1000000015
13049  33.880  -42.355  14.632 0.1000000015
13650  31.577  -41.734  16.027 0.1000000015
96327  32.585  -41.816  14.472 0.1000000015
13668  32.047  -41.808  13.404 0.1000000015
13692  32.341  -41.845  12.875 0.2000000030
14315  31.664  -41.260  12.782 0.2000000030
14937  31.415  -40.384  12.645 0.2000000030
14326  30.321  -40.562  12.441 0.2000000030
14946  30.470  -39.954  12.129 0.2000000030
18262  33.230  -34.275  6.567 0.2000000030
14955  29.698  -40.002  11.211 0.2000000030
16850  33.437  -36.206  6.629 0.2000000030
106898  33.099  -36.509  7.088 0.2000000030
16841  33.034  -37.149  7.459 0.2000000030
16839  32.446  -37.137  8.209 0.2000000030
14333  29.033  -40.470  10.956 0.2000000030
16184  33.613  -37.107  6.738 0.2000000030
16178  33.489  -37.743  7.309 0.2000000030
15545  32.844  -38.637  7.794 0.2000000030
15539  32.385  -38.113  8.275 0.3000000119
15546  32.052  -38.872  8.017 0.2000000030
14971  30.860  -39.894  7.764 0.4000000060
14967  34.153  -39.723  7.313 0.2000000030
15543  34.136  -38.929  7.305 0.3000000119
14968  33.351  -39.348  7.546 0.3000000119
14361  32.548  -40.077  7.415 0.4000000060
99213  31.750  -39.592  7.682 0.3000000119
14353  30.002  -40.367  8.050 0.5000000000
14354  29.270  -40.642  8.658 0.4000000060
13735  28.898  -41.350  8.632 0.5000000000
106667  34.734  -41.954  6.730 0.5000000000
91365  34.006  -41.705  6.732 0.4000000060
13745  33.763  -40.975  7.096 0.4000000060
105280  33.011  -40.727  7.157 0.4000000060
13746  32.184  -40.856  6.976 0.4000000060
13765  31.015  -41.819  6.646 0.5000000000
13747  31.280  -41.080  6.954 0.5000000000
14363  30.678  -40.669  7.429 0.5000000000
13141  29.164  -42.045  7.961 0.5000000000
13763  32.977  -41.458  6.726 0.5000000000
13160  32.495  -42.222  6.265 0.5000000000
13161  31.556  -42.345  6.231 0.5000000000
12604  30.777  -43.985  5.471 0.5000000000
98011  30.117  -44.109  5.997 0.5000000000
12585  29.692  -43.758  6.617 0.5000000000
12527  38.381  -44.250  12.429 0.1000000015
12528  37.715  -44.466  12.622 0.1000000015
99984  37.001  -44.195  12.670 0.1000000015
107569  36.314  -43.170  12.757 0.1000000015
13055  34.916  -43.507  12.912 0.1000000015
13688  35.696  -42.955  12.724 0.1000000015
102963  34.314  -43.047  12.742 0.1000000015
103843  35.074  -42.800  12.675 0.1000000015
13057  33.555  -42.711  12.840 0.1000000015
13690  33.648  -42.619  12.774 0.1000000015
13667  32.761  -42.282  13.011 0.1000000015
14313  33.273  -41.677  12.820 0.2000000030
14299  33.983  -40.417  13.693 0.2000000030
14314  32.443  -41.526  12.796 0.2000000030
14325  30.934  -40.653  12.565 0.2000000030
18263  32.547  -34.112  7.098 0.1000000015
17532  32.781  -34.986  6.925 0.2000000030
16851  32.884  -35.836  7.055 0.2000000030
14957  30.041  -39.239  10.925 0.2000000030
18960  32.315  -33.335  7.329 0.1000000015
18254  32.144  -34.581  7.600 0.1000000015
16843  32.059  -36.038  8.287 0.1000000015
15540  31.638  -38.443  8.579 0.1000000015
14970  31.213  -39.166  8.191 0.2000000030
14340  28.892  -40.467  10.142 0.3000000119
14958  29.506  -39.864  10.491 0.2000000030
16176  31.899  -37.639  8.821 0.1000000015
15541  30.799  -38.769  8.847 0.1000000015
14963  30.386  -39.533  8.457 0.3000000119
14348  29.061  -40.389  9.386 0.2000000030
13139  30.248  -42.118  6.870 0.5000000000
13748  30.512  -41.396  7.134 0.5000000000
98886  29.835  -41.689  7.417 0.5000000000
13140  29.640  -42.467  7.250 0.5000000000
13162  30.719  -42.587  6.364 0.5000000000
13163  29.971  -42.886  6.661 0.5000000000
12584  30.390  -43.377  6.126 0.5000000000
12526  39.366  -43.642  12.646 0.1000000015
107222  39.111  -42.033  13.428 0.1000000015
97916  38.225  -42.305  13.271 0.1000000015
97775  37.193  -42.722  13.002 0.1000000015
13687  37.885  -41.425  13.454 0.1000000015
14311  35.047  -41.655  13.294 0.1000000015
14933  36.600  -40.701  13.665 0.1000000015
14312  34.074  -41.772  12.904 0.1000000015
14298  34.840  -40.411  13.879 0.2000000030
14924  33.066  -40.215  13.513 0.2000000030
14925  32.694  -39.268  13.789 0.2000000030
15508  32.224  -38.775  13.606 0.2000000030
15509  31.598  -39.239  13.000 0.2000000030
14945  31.026  -39.658  12.456 0.2000000030
15517  30.687  -39.022  12.121 0.2000000030
14954  30.238  -39.500  11.590 0.2000000030
19754  32.082  -32.607  7.708 0.1000000015
101024  32.062  -33.885  7.602 0.1000000015
96248  31.713  -34.954  8.382 0.1000000015
17522  31.606  -35.682  9.088 0.1000000015
16840  31.854  -36.688  8.954 0.1000000015
15534  30.523  -38.519  10.672 0.1000000015
16173  31.599  -37.234  9.624 0.1000000015
15536  31.368  -38.083  9.336 0.1000000015
94354  30.074  -39.246  9.256 0.2000000030
14961  29.461  -39.811  9.712 0.2000000030
14306  40.023  -41.357  13.429 0.1000000015
96897  42.138  -40.979  12.516 0.1000000015
13686  38.884  -41.281  13.479 0.1000000015
14323  40.656  -40.517  12.943 0.1000000015
14307  39.492  -40.467  13.277 0.1000000015
14309  37.544  -40.387  13.559 0.1000000015
14297  35.803  -40.311  13.884 0.1000000015
14922  35.162  -39.347  14.261 0.1000000015
103883  34.474  -39.544  14.247 0.1000000015
15495  35.312  -38.447  14.177 0.1000000015
15496  34.387  -38.584  14.402 0.1000000015
15498  32.835  -38.435  14.196 0.2000000030
16143  31.775  -38.130  13.330 0.2000000030
102414  31.258  -38.599  12.640 0.2000000030
16152  31.476  -37.617  12.752 0.2000000030
16161  31.255  -37.297  12.004 0.1000000015
15527  30.992  -38.145  12.106 0.2000000030
21340  32.969  -30.836  8.039 0.1000000015
19738  32.093  -32.121  8.782 0.1000000015
18942  31.549  -33.240  9.096 0.1000000015
98465  31.432  -34.841  9.239 0.1000000015
16162  30.951  -37.891  11.315 0.2000000030
98516  31.486  -33.668  9.624 0.1000000015
18238  31.387  -34.319  9.818 0.1000000015
16171  31.171  -37.749  10.342 0.2000000030
107824  41.453  -40.306  12.165 0.1000000015
14941  40.461  -39.755  12.226 0.1000000015
14943  38.513  -39.215  12.738 0.1000000015
14944  37.703  -39.334  13.259 0.1000000015
15507  36.015  -38.570  13.844 0.1000000015
16128  34.571  -37.729  14.251 0.1000000015
16129  33.793  -37.660  14.390 0.2000000030
16788  34.000  -37.014  14.177 0.1000000015
16789  33.271  -36.989  14.268 0.1000000015
16804  32.748  -36.499  13.853 0.2000000030
16790  32.692  -37.110  14.136 0.2000000030
16813  32.204  -36.122  13.146 0.1000000015
101359  32.070  -37.075  13.487 0.2000000030
19710  33.246  -32.423  10.417 0.1000000015
18931  32.870  -32.991  10.896 0.1000000015
18918  32.546  -33.640  11.349 0.1000000015
18223  32.273  -34.273  11.772 0.1000000015
18206  32.000  -34.897  12.150 0.1000000015
17496  31.748  -35.729  12.309 0.1000000015
20559  32.510  -31.500  8.410 0.1000000015
19725  32.237  -32.337  9.540 0.1000000015
19712  31.799  -33.036  9.859 0.1000000015
18919  31.862  -33.951  11.115 0.1000000015
17516  31.419  -35.181  11.049 0.1000000015
103426  31.461  -35.807  11.479 0.1000000015
16824  31.405  -36.490  11.822 0.1000000015
18933  31.609  -33.751  10.342 0.1000000015
18233  31.489  -34.475  10.673 0.1000000015
16833  31.429  -35.972  10.660 0.1000000015
96009  31.458  -36.823  10.452 0.1000000015
16170  31.294  -37.120  11.175 0.1000000015
14942  39.449  -39.273  12.306 0.1000000015
15515  37.867  -38.522  12.464 0.1000000015
15505  37.090  -38.733  13.240 0.1000000015
93050  35.854  -37.936  13.590 0.1000000015
16141  34.774  -37.085  13.770 0.1000000015
18232  35.996  -34.159  10.728 0.1000000015
18220  35.318  -34.556  11.261 0.1000000015
17507  34.846  -34.920  11.887 0.1000000015
17493  34.233  -35.216  12.577 0.1000000015
16802  34.264  -36.456  13.589 0.1000000015
18929  35.638  -33.210  10.631 0.1000000015
18221  34.234  -34.185  11.669 0.1000000015
17494  33.224  -35.155  12.910 0.1000000015
17485  32.932  -35.769  13.467 0.1000000015
19708  35.202  -32.387  10.427 0.1000000015
18930  33.766  -32.915  10.837 0.1000000015
106226  34.261  -33.482  11.145 0.1000000015
18204  33.570  -34.602  12.360 0.1000000015
17495  32.420  -35.355  12.750 0.1000000015
16149  37.592  -37.738  11.977 0.1000000015
16160  37.389  -37.161  11.674 0.1000000015
16151  36.223  -36.827  12.357 0.1000000015
16822  36.848  -36.711  11.705 0.1000000015
16801  34.960  -36.600  13.181 0.1000000015
100189  36.898  -34.258  10.687 0.1000000015
18219  35.995  -34.889  10.966 0.1000000015
108106  36.502  -35.459  11.045 0.1000000015
16823  36.106  -36.053  11.772 0.1000000015
16812  34.657  -36.005  12.892 0.1000000015
18928  36.626  -33.255  10.650 0.1000000015
17506  35.677  -35.260  11.470 0.1000000015
10241  30.334  -47.595  10.330 0.4000000060
100662  30.059  -45.614  6.279 0.5000000000
10791  29.300  -46.558  10.510 0.4000000060
11413  28.448  -45.150  10.790 0.4000000060
10743  29.919  -46.834  15.900 0.1000000015
12492  29.957  -43.255  15.897 0.1000000015
109958  29.047  -46.548  12.806 0.2000000030
12542  28.065  -43.671  10.777 0.4000000060
12549  28.095  -43.614  10.014 0.4000000060
11320  33.281  -45.646  18.238 0.1000000015
12465  31.563  -43.935  17.188 0.1000000015
13696  28.635  -41.770  12.940 0.3000000119
14316  30.920  -41.049  12.734 0.2000000030
12508  28.444  -43.312  13.618 0.2000000030
12533  28.180  -43.050  12.704 0.2000000030
98477  28.138  -43.542  12.175 0.2000000030
12537  28.081  -43.645  11.505 0.3000000119
13706  28.928  -41.191  12.299 0.2000000030
13722  28.218  -41.677  10.469 0.3000000119
11470  32.239  -45.375  3.957 0.5000000000
12461  35.447  -43.290  17.279 0.1000000015
13018  34.320  -42.459  16.917 0.1000000015
12464  32.344  -43.625  17.440 0.1000000015
13038  32.033  -42.264  16.694 0.1000000015
13020  32.528  -42.796  17.242 0.1000000015
13659  31.009  -41.508  15.373 0.1000000015
13051  29.742  -42.472  15.448 0.1000000015
13661  29.612  -41.953  14.935 0.1000000015
13669  31.215  -41.399  14.259 0.1000000015
13693  31.604  -41.429  12.961 0.2000000030
13714  28.265  -41.614  11.212 0.3000000119
14355  28.780  -40.883  9.153 0.4000000060
12617  32.915  -43.800  4.644 0.5000000000
12616  33.938  -43.710  4.854 0.5000000000
13159  33.491  -42.274  6.360 0.5000000000
13047  35.269  -43.418  13.803 0.1000000015
12506  35.553  -43.803  12.966 0.1000000015
13035  34.571  -42.320  15.771 0.1000000015
13649  32.496  -41.735  15.915 0.1000000015
98872  33.269  -42.423  13.657 0.1000000015
13056  33.771  -43.025  13.037 0.1000000015
14936  32.128  -40.187  13.021 0.2000000030
107670  33.292  -35.545  6.641 0.2000000030
17531  33.572  -34.970  6.379 0.2000000030
16179  32.983  -37.884  7.782 0.2000000030
92021  34.101  -38.065  6.871 0.2000000030
15544  33.543  -38.422  7.487 0.2000000030
14969  32.511  -39.311  7.689 0.3000000119
14360  33.546  -40.234  7.330 0.4000000060
14362  31.531  -40.357  7.348 0.5000000000
13749  29.522  -41.172  8.008 0.5000000000
14964  29.602  -39.907  8.867 0.3000000119
13762  34.557  -41.230  6.955 0.5000000000
13744  34.339  -40.473  7.182 0.5000000000
13764  31.901  -41.604  6.596 0.5000000000
13077  38.679  -43.086  12.976 0.1000000015
13078  37.553  -43.693  12.622 0.1000000015
13080  35.829  -43.718  12.782 0.1000000015
13689  34.263  -42.935  12.664 0.1000000015
14310  35.901  -41.637  13.391 0.1000000015
13691  32.991  -42.284  12.878 0.1000000015
17525  32.326  -35.459  7.614 0.1000000015
13076  40.377  -42.973  13.258 0.1000000015
101557  39.732  -42.452  13.351 0.1000000015
96624  36.775  -41.812  13.379 0.1000000015
14308  38.529  -40.470  13.433 0.1000000015
14923  33.780  -39.314  14.254 0.2000000030
16130  33.068  -37.645  14.359 0.2000000030
92594  32.380  -31.970  7.511 0.1000000015
19739  31.779  -32.736  8.456 0.1000000015
18951  31.591  -33.475  8.491 0.1000000015
18255  31.674  -34.041  8.118 0.1000000015
14960  29.968  -39.167  10.132 0.2000000030
16835  31.551  -36.302  9.794 0.1000000015
15537  30.628  -38.565  9.733 0.1000000015
13705  41.451  -41.415  13.259 0.1000000015
14324  39.781  -39.931  12.787 0.1000000015
14932  38.277  -39.800  13.298 0.1000000015
14934  36.775  -39.612  13.692 0.1000000015
14935  35.935  -39.180  14.041 0.1000000015
16814  31.656  -36.674  12.638 0.1000000015
107608  32.110  -31.990  8.082 0.1000000015
19726  31.803  -32.658  9.160 0.1000000015
97795  31.421  -34.066  8.940 0.1000000015
17519  31.383  -35.247  10.045 0.1000000015
102755  36.467  -38.889  13.706 0.1000000015
15506  36.477  -38.287  13.336 0.1000000015
98854  35.225  -37.672  13.888 0.1000000015
16803  33.466  -36.383  13.866 0.1000000015
19709  34.176  -32.281  10.373 0.1000000015
20517  32.867  -32.039  9.863 0.1000000015
19711  32.479  -32.645  10.253 0.1000000015
18222  33.054  -34.013  11.981 0.1000000015
18917  33.432  -33.490  11.373 0.1000000015
18205  32.691  -34.654  12.388 0.1000000015
18224  31.713  -34.623  11.459 0.1000000015
17508  31.610  -35.196  11.739 0.1000000015
14953  40.233  -39.094  11.721 0.1000000015
15514  38.783  -38.656  12.050 0.1000000015
15516  37.065  -38.006  12.640 0.1000000015
16139  36.364  -37.574  12.828 0.1000000015
16140  35.578  -37.142  13.142 0.1000000015
18916  35.037  -33.804  10.987 0.1000000015
18231  36.514  -34.787  10.792 0.1000000015
17492  35.200  -35.607  12.214 0.1000000015
105071  34.228  -34.696  12.174 0.1000000015
17484  33.763  -35.778  13.295 0.1000000015
97191  34.711  -33.038  10.709 0.1000000015
16150  36.927  -37.325  12.173 0.1000000015
16811  35.466  -36.358  12.575 0.1000000015
101120  36.852  -36.147  11.258 0.1000000015
16821  37.576  -36.622  11.225 0.1000000015
18218  37.499  -33.560  10.871 0.1000000015
17515  37.144  -35.055  10.724 0.1000000015
94028  33.175  -50.268  10.674 0.1000000015
8286  33.401  -50.963  10.558 0.1000000015
9236  32.539  -49.391  10.402 0.1000000015
9237  31.906  -49.071  10.514 0.1000000015
8752  32.042  -50.127  11.269 0.1000000015
9227  31.601  -49.681  11.559 0.1000000015
9715  30.747  -48.492  11.490 0.1000000015
8285  34.493  -50.687  10.400 0.2000000030
8760  34.135  -50.245  10.302 0.1000000015
8297  35.225  -50.897  10.446 0.2000000030
9235  33.432  -49.764  10.276 0.1000000015
9722  31.465  -48.547  10.270 0.1000000015
7877  35.533  -52.060  10.033 0.2000000030
105317  35.047  -50.380  10.171 0.2000000030
8767  34.541  -49.955  9.999 0.2000000030
9246  32.786  -49.280  9.821 0.2000000030
9247  32.093  -48.880  9.977 0.3000000119
9731  31.469  -48.342  9.373 0.3000000119
9245  33.494  -49.596  9.569 0.2000000030
7865  36.384  -51.559  10.207 0.2000000030
9256  32.732  -49.259  8.946 0.2000000030
8775  35.829  -50.384  9.941 0.2000000030
6414  39.092  -55.799  9.638 0.1000000015
8284  35.646  -50.466  10.130 0.2000000030
8296  36.116  -50.813  10.216 0.2000000030
9730  32.148  -48.861  9.199 0.3000000119
110394  31.686  -48.507  8.599 0.4000000060
7445  38.246  -53.573  9.444 0.1000000015
7864  37.182  -51.992  9.988 0.1000000015
8777  34.021  -49.951  8.948 0.2000000030
8778  33.195  -49.618  8.637 0.2000000030
6954  38.691  -54.680  9.539 0.1000000015
9257  32.105  -48.938  8.285 0.4000000060
7863  37.690  -52.725  9.573 0.2000000030
8776  35.094  -50.215  9.635 0.2000000030
6953  39.316  -54.226  9.360 0.1000000015
7456  39.302  -53.785  9.071 0.2000000030
7457  38.370  -53.223  9.283 0.1000000015
8306  36.319  -50.780  9.810 0.2000000030
8785  34.642  -50.410  8.631 0.2000000030
96495  32.578  -49.452  7.962 0.4000000060
8316  33.907  -50.491  7.712 0.4000000060
9741  31.525  -48.432  7.688 0.4000000060
104460  36.768  -51.320  9.668 0.3000000119
7875  37.625  -52.443  9.526 0.2000000030
97809  37.652  -52.277  9.296 0.4000000060
8786  33.136  -50.018  7.635 0.4000000060
9745  31.657  -48.679  6.722 0.4000000060
8307  35.541  -50.595  9.086 0.3000000119
7889  36.205  -51.899  7.612 0.4000000060
7888  37.107  -51.825  8.780 0.3000000119
19774  33.988  -32.650  5.781 0.1000000015
101823  33.587  -33.726  6.271 0.1000000015
9261  32.027  -49.090  7.354 0.4000000060
9260  32.438  -49.648  7.019 0.5000000000
108294  35.275  -51.557  7.258 0.4000000060
8314  36.152  -51.264  8.697 0.3000000119
8315  34.678  -50.947  7.692 0.4000000060
8319  34.489  -51.327  6.630 0.4000000060
18976  34.115  -33.517  5.836 0.1000000015
18975  34.769  -33.146  5.308 0.1000000015
18274  33.966  -34.278  6.053 0.1000000015
9267  32.047  -49.216  6.599 0.4000000060
9266  32.364  -49.620  6.158 0.5000000000
8791  32.812  -50.166  6.524 0.5000000000
9759  31.908  -48.924  5.911 0.5000000000
17548  34.334  -35.026  5.911 0.1000000015
91841  35.112  -35.148  5.578 0.1000000015
16183  34.333  -37.385  6.145 0.1000000015
93650  32.495  -50.997  10.885 0.1000000015
104212  32.681  -49.849  10.779 0.1000000015
9714  31.427  -48.928  11.066 0.1000000015
8751  32.021  -49.524  10.916 0.1000000015
109717  32.482  -50.402  10.992 0.1000000015
10249  31.006  -47.787  7.678 0.4000000060
16849  34.072  -36.528  6.153 0.1000000015
8299  32.946  -51.901  9.821 0.1000000015
8790  33.347  -50.520  6.861 0.4000000060
17547  34.566  -35.884  5.807 0.1000000015
8744  31.553  -50.537  11.888 0.1000000015
7017  31.129  -54.774  5.776 0.1000000015
7029  30.974  -54.572  4.802 0.1000000015
5952  31.814  -56.649  3.344 0.1000000015
7018  30.420  -54.170  5.703 0.1000000015
5940  32.171  -57.433  3.512 0.1000000015
7001  30.520  -54.630  6.458 0.1000000015
7019  29.643  -53.681  5.807 0.1000000015
7488  27.914  -53.323  6.221 0.1000000015
7496  29.154  -53.263  5.219 0.1000000015
5340  24.879  -57.856  19.379 0.1000000015
7449  25.884  -53.887  9.866 0.1000000015
6977  25.788  -54.366  8.409 0.1000000015
5928  32.077  -56.139  5.422 0.1000000015
6988  26.177  -54.328  7.627 0.1000000015
6475  31.623  -55.381  5.044 0.1000000015
7004  27.577  -53.756  6.834 0.1000000015
5927  32.386  -57.432  4.478 0.1000000015
7489  26.921  -53.472  6.445 0.1000000015
5951  32.127  -57.175  3.156 0.1000000015
5330  24.272  -57.870  20.729 0.1000000015
5339  25.317  -57.183  18.397 0.1000000015
5796  25.554  -56.562  17.720 0.1000000015
5771  23.529  -57.160  22.550 0.1000000015
5778  24.171  -57.005  21.152 0.1000000015
5786  24.785  -56.807  19.564 0.1000000015
97515  25.845  -55.951  16.669 0.1000000015
6915  26.499  -54.384  13.835 0.1000000015
7430  25.985  -53.907  11.509 0.1000000015
102682  31.606  -55.389  5.890 0.1000000015
6461  31.132  -55.238  6.547 0.1000000015
7002  29.270  -53.999  6.557 0.1000000015
5485  32.456  -57.769  3.451 0.1000000015
5950  32.662  -57.290  3.168 0.1000000015
5785  25.235  -56.396  18.525 0.1000000015
93761  25.449  -55.759  18.166 0.1000000015
6316  23.867  -56.460  22.527 0.1000000015
6332  25.074  -55.867  19.145 0.1000000015
6871  25.794  -54.926  17.834 0.1000000015
6340  25.694  -55.841  17.315 0.1000000015
6348  26.417  -54.489  16.310 0.1000000015
6889  26.704  -54.216  15.531 0.1000000015
6902  26.573  -54.463  14.770 0.1000000015
7388  27.122  -53.852  15.047 0.1000000015
7412  26.980  -53.721  13.234 0.1000000015
7423  26.562  -53.781  12.308 0.1000000015
94026  26.898  -53.554  11.458 0.1000000015
6942  26.541  -53.912  10.011 0.1000000015
6987  27.663  -54.594  7.543 0.1000000015
6447  30.448  -55.246  7.161 0.1000000015
6985  29.814  -54.620  6.961 0.1000000015
6986  28.875  -54.602  7.283 0.1000000015
6860  26.440  -54.112  18.103 0.1000000015
6304  23.858  -55.712  23.739 0.1000000015
6315  24.550  -55.770  21.713 0.1000000015
6325  24.620  -56.134  20.486 0.1000000015
6324  25.126  -55.364  20.027 0.1000000015
110252  25.940  -54.513  18.656 0.1000000015
6870  26.371  -54.335  17.220 0.1000000015
7379  27.152  -53.729  15.961 0.1000000015
7387  27.682  -53.502  15.246 0.1000000015
7410  28.346  -53.385  13.542 0.1000000015
109935  24.713  -55.261  23.023 0.1000000015
6833  25.325  -55.044  21.294 0.1000000015
6848  25.735  -54.668  19.591 0.1000000015
7397  27.054  -53.878  14.200 0.1000000015
7411  27.578  -53.509  13.865 0.1000000015
7422  27.467  -53.483  12.338 0.1000000015
6406  27.854  -54.194  10.474 0.1000000015
7436  26.791  -53.675  10.668 0.1000000015
94691  27.447  -54.611  9.726 0.1000000015
6941  27.182  -53.946  10.241 0.1000000015
5868  27.569  -55.678  8.816 0.1000000015
6957  27.172  -55.027  9.040 0.1000000015
6433  28.678  -56.280  8.355 0.1000000015
6435  27.644  -55.461  8.276 0.1000000015
104338  26.727  -54.687  8.866 0.1000000015
6446  31.094  -55.956  7.195 0.1000000015
6448  29.461  -55.491  7.670 0.1000000015
5901  32.339  -56.824  6.083 0.1000000015
98921  32.731  -57.804  5.641 0.1000000015
5474  32.884  -58.248  3.542 0.1000000015
5475  32.589  -58.207  3.678 0.1000000015
5459  34.128  -58.986  4.450 0.1000000015
5019  32.967  -58.941  3.895 0.1000000015
7354  27.280  -53.665  18.344 0.1000000015
7368  27.025  -53.691  17.459 0.1000000015
6816  26.193  -54.732  22.509 0.1000000015
6832  26.154  -54.493  20.836 0.1000000015
7314  26.592  -54.408  21.081 0.1000000015
7339  26.799  -54.074  19.987 0.1000000015
6847  26.499  -54.066  19.123 0.1000000015
7378  27.470  -53.529  16.762 0.1000000015
94295  27.888  -53.381  16.048 0.1000000015
7395  28.944  -53.450  14.085 0.1000000015
91912  25.535  -54.892  22.312 0.1000000015
7409  29.097  -53.656  13.108 0.1000000015
7421  28.333  -53.482  12.673 0.1000000015
7428  28.168  -53.491  11.981 0.1000000015
6925  28.766  -53.727  12.133 0.1000000015
6935  28.263  -53.831  11.333 0.1000000015
106564  28.925  -54.231  11.560 0.1000000015
106298  28.550  -54.798  10.695 0.1000000015
5867  27.991  -56.435  9.130 0.1000000015
5902  31.856  -56.838  7.157 0.1000000015
5430  31.404  -57.746  7.794 0.1000000015
100006  30.904  -56.824  7.745 0.1000000015
5903  30.005  -57.062  8.268 0.1000000015
5887  28.318  -56.830  8.909 0.1000000015
6434  27.943  -56.144  8.668 0.1000000015
5429  32.170  -57.857  7.291 0.1000000015
110352  29.518  -56.371  8.124 0.1000000015
106992  32.381  -57.413  6.643 0.1000000015
5445  32.705  -58.188  6.558 0.1000000015
5460  32.728  -58.675  4.172 0.1000000015
5458  35.281  -58.850  5.277 0.1000000015
104482  26.131  -54.900  23.427 0.1000000015
6800  24.822  -55.084  24.255 0.1000000015
100387  24.821  -55.128  23.766 0.1000000015
92857  27.265  -54.807  22.266 0.1000000015
6815  27.275  -54.448  21.253 0.1000000015
7367  27.741  -53.467  17.523 0.1000000015
7338  27.602  -53.848  19.605 0.1000000015
100262  27.998  -53.473  18.156 0.1000000015
7377  28.207  -53.373  16.818 0.1000000015
94016  28.648  -53.391  16.121 0.1000000015
92515  28.812  -53.386  14.834 0.1000000015
7376  29.067  -53.575  16.870 0.1000000015
6901  29.466  -53.803  14.746 0.1000000015
6914  29.773  -54.471  13.335 0.1000000015
6934  29.425  -54.419  12.338 0.1000000015
6378  29.985  -55.141  12.851 0.1000000015
6397  29.273  -55.123  11.420 0.1000000015
6404  28.936  -56.046  10.583 0.1000000015
6405  28.238  -55.837  9.815 0.1000000015
5857  28.613  -56.812  9.834 0.1000000015
107141  30.688  -57.648  8.193 0.1000000015
5886  29.030  -56.997  8.593 0.1000000015
4981  31.772  -58.971  7.845 0.1000000015
5418  30.858  -58.694  8.368 0.1000000015
103414  32.504  -58.642  7.220 0.1000000015
5444  33.154  -58.868  5.337 0.1000000015
5008  33.423  -59.303  4.565 0.1000000015
5007  33.654  -59.515  4.769 0.1000000015
6830  29.224  -54.860  19.934 0.1000000015
6323  29.642  -55.217  19.483 0.1000000015
6275  26.965  -55.834  24.392 0.1000000015
6787  26.757  -55.218  23.685 0.1000000015
6814  28.188  -55.227  21.874 0.1000000015
7326  27.399  -54.129  20.362 0.1000000015
7337  28.331  -53.909  19.351 0.1000000015
105588  29.357  -54.263  18.393 0.1000000015
6858  29.828  -54.649  17.802 0.1000000015
7325  28.015  -53.993  19.982 0.1000000015
6869  29.611  -54.118  17.161 0.1000000015
107105  30.665  -55.425  15.918 0.1000000015
6370  30.552  -55.311  14.494 0.1000000015
6878  29.693  -54.077  16.459 0.1000000015
6888  29.675  -53.987  15.653 0.1000000015
6386  30.265  -55.975  12.849 0.1000000015
5850  29.494  -56.380  11.425 0.1000000015
5856  29.193  -57.152  10.654 0.1000000015
4976  29.530  -58.347  9.270 0.1000000015
5401  28.679  -57.160  9.339 0.1000000015
5419  30.064  -58.167  8.658 0.1000000015
110028  29.427  -57.606  8.787 0.1000000015
4980  33.139  -59.128  6.577 0.1000000015
5764  29.171  -57.487  21.749 0.1000000015
6274  27.751  -56.250  23.494 0.1000000015
5759  28.759  -57.726  22.329 0.1000000015
6302  29.232  -56.046  21.212 0.1000000015
6313  29.593  -55.794  20.309 0.1000000015
110757  29.931  -55.544  19.149 0.1000000015
5743  26.402  -56.208  25.528 0.1000000015
5752  27.420  -56.976  24.291 0.1000000015
6289  27.959  -55.611  22.640 0.1000000015
6303  28.739  -56.217  22.004 0.1000000015
91122  28.812  -55.001  20.651 0.1000000015
96592  28.598  -54.383  19.933 0.1000000015
100607  30.195  -55.402  18.187 0.1000000015
6339  30.387  -55.419  17.480 0.1000000015
6347  30.652  -55.567  16.569 0.1000000015
5823  30.805  -56.040  14.062 0.1000000015
100060  30.580  -56.219  13.423 0.1000000015
5839  30.450  -56.955  12.926 0.1000000015
5392  29.655  -57.660  11.526 0.1000000015
96618  29.346  -58.204  10.714 0.1000000015
5400  29.051  -57.641  10.039 0.1000000015
4965  29.508  -59.274  9.879 0.1000000015
4975  31.137  -60.166  8.563 0.1000000015
4580  31.980  -60.481  8.178 0.1000000015
4579  32.871  -60.961  7.858 0.1000000015
5308  28.300  -58.920  22.853 0.1000000015
5770  29.647  -57.211  20.973 0.1000000015
6312  30.035  -56.050  19.606 0.1000000015
5760  28.430  -56.981  22.819 0.1000000015
93827  30.574  -56.155  18.071 0.1000000015
99006  31.218  -57.035  17.276 0.1000000015
5805  31.143  -56.494  16.591 0.1000000015
5814  31.476  -56.960  15.871 0.1000000015
5822  31.152  -56.703  14.417 0.1000000015
5830  30.853  -56.806  13.678 0.1000000015
5391  30.174  -58.582  11.979 0.1000000015
5381  30.133  -57.558  12.272 0.1000000015
93392  29.696  -59.042  11.301 0.1000000015
4544  29.761  -60.197  10.353 0.1000000015
4954  29.500  -59.247  10.578 0.1000000015
4557  30.487  -61.297  9.727 0.1000000015
4569  30.920  -61.461  9.229 0.1000000015
4964  30.236  -59.777  9.243 0.1000000015
4568  31.559  -61.567  8.784 0.1000000015
4190  34.065  -61.963  7.916 0.1000000015
92860  35.187  -61.467  7.162 0.1000000015
5307  28.766  -59.129  22.187 0.1000000015
5777  30.383  -57.343  19.601 0.1000000015
5784  30.699  -57.099  18.707 0.1000000015
5794  30.999  -57.098  17.949 0.1000000015
4844  28.183  -59.369  23.243 0.1000000015
97421  31.515  -57.525  16.762 0.1000000015
5370  31.171  -57.573  13.973 0.1000000015
107058  30.803  -57.550  13.318 0.1000000015
5380  30.541  -58.042  12.713 0.1000000015
4925  30.723  -59.333  12.478 0.1000000015
4163  30.931  -61.941  10.482 0.1000000015
4531  30.063  -60.393  11.022 0.1000000015
4558  29.946  -60.679  9.935 0.1000000015
4184  31.522  -61.959  9.294 0.1000000015
4183  32.196  -62.120  8.913 0.1000000015
3812  33.690  -62.120  8.551 0.1000000015
4972  35.290  -60.480  7.991 0.1000000015
103584  36.829  -58.799  8.610 0.1000000015
4854  29.130  -59.696  21.787 0.1000000015
5313  29.574  -60.045  20.883 0.1000000015
5329  30.127  -59.280  19.827 0.1000000015
94223  30.761  -60.088  18.366 0.1000000015
5346  31.347  -58.291  17.713 0.1000000015
5321  29.834  -58.700  20.506 0.1000000015
5338  30.627  -58.294  19.205 0.1000000015
5357  31.750  -58.132  16.035 0.1000000015
100670  31.773  -58.889  15.239 0.1000000015
4530  30.728  -61.061  11.500 0.1000000015
5866  32.505  -56.158  9.783 0.1000000015
5399  32.434  -57.012  9.908 0.1000000015
104216  32.278  -57.973  9.935 0.1000000015
4952  31.937  -59.211  10.524 0.1000000015
4953  31.503  -61.514  10.654 0.1000000015
4154  31.161  -61.766  11.127 0.1000000015
4155  30.832  -61.575  11.033 0.1000000015
5885  32.759  -56.621  9.256 0.1000000015
5406  32.666  -57.570  9.413 0.1000000015
4962  32.404  -59.036  9.630 0.1000000015
6415  32.498  -55.406  9.511 0.1000000015
5884  33.212  -56.110  8.727 0.1000000015
5417  33.149  -57.183  8.861 0.1000000015
4973  33.258  -59.894  9.111 0.1000000015
4567  32.603  -61.212  9.550 0.1000000015
4173  32.026  -62.024  9.393 0.1000000015
6432  32.865  -55.258  8.838 0.1000000015
6431  33.613  -55.183  8.451 0.1000000015
98550  33.799  -56.846  8.452 0.1000000015
4171  33.290  -62.251  8.874 0.1000000015
5416  34.597  -57.461  8.303 0.1000000015
4566  33.423  -61.943  9.010 0.1000000015
95103  35.228  -54.737  8.443 0.1000000015
93691  35.083  -58.874  8.188 0.1000000015
5881  36.427  -56.603  8.744 0.1000000015
4853  30.018  -59.774  21.674 0.1000000015
4864  29.678  -60.075  20.882 0.1000000015
4877  29.906  -60.427  20.124 0.1000000015
97856  29.984  -60.371  19.927 0.1000000015
92429  29.810  -60.234  20.271 0.1000000015
5328  30.323  -60.000  19.232 0.1000000015
4893  31.010  -59.994  17.742 0.1000000015
5352  31.603  -58.922  17.011 0.1000000015
4900  31.681  -59.800  16.293 0.1000000015
100826  31.502  -58.623  14.277 0.1000000015
4915  31.594  -59.838  13.693 0.1000000015
4519  31.006  -60.776  12.103 0.1000000015
4528  31.906  -61.267  12.092 0.1000000015
5390  32.337  -57.614  10.633 0.1000000015
4529  31.331  -61.680  11.418 0.1000000015
5849  32.518  -56.487  10.719 0.1000000015
7462  32.781  -53.654  8.802 0.1000000015
6974  33.072  -54.450  8.597 0.1000000015
106793  31.201  -59.023  21.646 0.1000000015
4450  30.140  -60.398  20.183 0.1000000015
4863  30.604  -59.810  21.141 0.1000000015
4466  30.777  -60.542  18.800 0.1000000015
107534  31.031  -60.827  18.142 0.1000000015
4456  30.254  -60.419  19.630 0.1000000015
97907  30.940  -60.841  18.036 0.1000000015
95987  31.284  -60.558  17.387 0.1000000015
4482  31.600  -60.802  16.929 0.1000000015
105742  31.812  -60.043  15.488 0.1000000015
4908  31.786  -59.847  14.655 0.1000000015
4134  31.782  -61.079  13.015 0.1000000015
4500  32.019  -60.815  14.188 0.1000000015
4518  32.416  -61.147  12.659 0.1000000015
4132  32.720  -61.273  13.003 0.1000000015
4146  31.608  -61.335  12.143 0.1000000015
100568  32.632  -57.171  11.298 0.1000000015
4934  32.443  -59.783  12.159 0.1000000015
4147  31.216  -61.603  11.543 0.1000000015
6933  32.329  -54.890  11.030 0.1000000015
6396  32.654  -55.752  11.351 0.1000000015
7434  32.061  -54.099  10.070 0.1000000015
6940  32.250  -54.926  9.988 0.1000000015
4869  31.005  -59.976  20.603 0.1000000015
4449  31.096  -60.299  19.887 0.1000000015
4455  30.994  -60.634  19.033 0.1000000015
4475  31.278  -60.784  17.575 0.1000000015
4083  31.603  -60.828  16.933 0.1000000015
4095  32.016  -60.981  15.792 0.1000000015
4106  32.437  -60.924  15.174 0.1000000015
109061  33.332  -60.890  13.291 0.1000000015
4133  32.200  -61.324  12.909 0.1000000015
4517  33.280  -60.635  12.877 0.1000000015
5379  32.893  -58.366  12.211 0.1000000015
6403  32.425  -55.598  10.386 0.1000000015
7448  32.334  -53.626  9.354 0.1000000015
7868  32.618  -52.803  9.305 0.1000000015
4862  32.143  -59.107  20.341 0.1000000015
4875  33.009  -59.180  18.708 0.1000000015
4885  32.048  -60.238  18.644 0.1000000015
4884  32.955  -59.539  18.154 0.1000000015
4465  32.013  -60.509  18.087 0.1000000015
4082  32.464  -60.606  16.766 0.1000000015
4474  31.620  -60.734  17.511 0.1000000015
4094  31.990  -61.024  16.207 0.1000000015
4105  33.239  -60.631  15.111 0.1000000015
4120  32.583  -61.071  14.259 0.1000000015
95669  32.870  -61.189  13.536 0.1000000015
4933  33.522  -59.191  12.757 0.1000000015
5389  33.085  -57.356  12.056 0.1000000015
5848  32.939  -56.486  11.748 0.1000000015
105779  32.170  -52.089  10.271 0.1000000015
4892  33.656  -59.077  17.493 0.1000000015
4473  32.782  -59.983  17.546 0.1000000015
91393  33.624  -59.512  16.871 0.1000000015
4898  34.289  -58.905  16.205 0.1000000015
4481  33.595  -59.931  15.956 0.1000000015
105376  33.918  -59.831  15.044 0.1000000015
4119  33.080  -60.993  14.311 0.1000000015
4131  33.624  -60.578  13.837 0.1000000015
4507  33.895  -59.883  13.412 0.1000000015
7435  31.743  -52.997  10.624 0.1000000015
7426  31.921  -53.900  11.164 0.1000000015
106865  31.668  -52.294  11.130 0.1000000015
4899  34.066  -58.734  16.793 0.1000000015
5356  34.683  -57.813  15.598 0.1000000015
5351  34.462  -58.212  16.271 0.1000000015
5820  34.671  -56.984  14.635 0.1000000015
5362  34.770  -57.753  15.048 0.1000000015
4490  34.297  -59.146  15.532 0.1000000015
5829  34.330  -57.039  13.747 0.1000000015
4506  34.143  -59.475  14.151 0.1000000015
4923  34.066  -58.740  13.383 0.1000000015
7427  31.643  -53.089  11.594 0.1000000015
7419  31.969  -53.792  12.291 0.1000000015
6924  32.342  -54.532  12.068 0.1000000015
6395  33.099  -55.913  12.162 0.1000000015
5378  33.782  -57.823  12.911 0.1000000015
108067  31.876  -51.594  11.000 0.1000000015
6385  32.718  -55.265  12.071 0.1000000015
5821  34.351  -56.115  14.307 0.1000000015
4922  34.354  -58.708  14.043 0.1000000015
101331  34.581  -58.376  14.765 0.1000000015
106487  33.906  -56.125  13.545 0.1000000015
5369  34.298  -58.002  13.713 0.1000000015
106543  32.828  -54.885  12.721 0.1000000015
6384  33.313  -55.555  12.951 0.1000000015
5838  33.541  -56.584  12.741 0.1000000015
6937  25.174  -54.363  11.153 0.1000000015
101621  26.327  -53.684  10.911 0.1000000015
92654  26.868  -54.358  9.526 0.1000000015
6958  26.211  -54.261  9.196 0.1000000015
6976  26.440  -54.599  8.328 0.1000000015
6489  31.503  -55.678  3.928 0.1000000015
99273  26.814  -54.593  7.779 0.1000000015
5941  31.907  -56.512  4.144 0.1000000015
7487  28.800  -53.388  6.033 0.1000000015
7003  28.375  -53.859  6.757 0.1000000015
103762  24.357  -58.611  20.532 0.1000000015
6959  25.430  -54.124  9.140 0.1000000015
7437  25.672  -53.900  10.582 0.1000000015
7474  26.915  -53.995  7.206 0.1000000015
6879  25.943  -55.157  16.893 0.1000000015
6926  26.257  -54.324  13.000 0.1000000015
5916  31.750  -55.994  6.448 0.1000000015
6861  25.493  -55.142  18.827 0.1000000015
6349  26.031  -55.501  16.198 0.1000000015
100823  26.868  -53.823  16.755 0.1000000015
94145  27.736  -53.447  13.126 0.1000000015
7429  27.665  -53.515  11.608 0.1000000015
6449  28.274  -55.510  7.943 0.1000000015
6975  27.107  -55.002  8.350 0.1000000015
5904  30.286  -56.095  7.724 0.1000000015
7386  28.359  -53.348  15.369 0.1000000015
98893  28.174  -53.345  14.492 0.1000000015
93668  26.142  -54.416  20.080 0.1000000015
6416  27.636  -55.539  9.263 0.1000000015
109293  28.000  -54.940  9.931 0.1000000015
7353  27.838  -53.646  18.844 0.1000000015
96693  27.222  -53.771  19.174 0.1000000015
94584  28.070  -54.734  21.303 0.1000000015
7366  28.503  -53.506  17.589 0.1000000015
7352  28.655  -53.761  18.467 0.1000000015
95231  29.242  -53.610  16.124 0.1000000015
6859  29.219  -53.856  17.724 0.1000000015
6900  30.146  -54.596  15.079 0.1000000015
6913  30.035  -54.536  14.184 0.1000000015
6377  30.370  -55.371  13.586 0.1000000015
6387  29.796  -55.597  12.171 0.1000000015
5420  28.947  -57.452  9.098 0.1000000015
100642  32.630  -59.628  7.469 0.1000000015
4993  33.721  -59.883  5.501 0.1000000015
4600  34.020  -60.226  5.355 0.1000000015
6846  29.142  -54.399  19.202 0.1000000015
6314  28.636  -55.385  21.369 0.1000000015
6831  28.026  -54.348  20.559 0.1000000015
6868  30.112  -54.733  16.918 0.1000000015
6358  31.066  -55.999  15.745 0.1000000015
6369  31.021  -55.956  14.829 0.1000000015
5840  29.961  -56.692  12.205 0.1000000015
5407  29.202  -57.998  9.649 0.1000000015
4979  33.562  -60.198  6.891 0.1000000015
98554  30.290  -56.012  18.866 0.1000000015
5795  30.810  -56.252  17.314 0.1000000015
110501  31.306  -56.581  15.128 0.1000000015
4191  33.147  -61.998  8.448 0.1000000015
4578  33.907  -61.299  7.420 0.1000000015
5769  30.031  -56.886  20.236 0.1000000015
5314  29.269  -59.111  21.479 0.1000000015
5363  31.514  -57.546  14.953 0.1000000015
4944  30.338  -59.988  11.754 0.1000000015
4174  31.038  -62.062  9.858 0.1000000015
3811  33.968  -62.042  8.172 0.1000000015
4189  34.468  -61.680  7.443 0.1000000015
4577  35.181  -61.235  7.672 0.1000000015
103209  36.055  -60.487  7.683 0.1000000015
5337  30.952  -58.357  18.566 0.1000000015
5371  31.091  -58.633  13.304 0.1000000015
110354  35.920  -58.784  8.283 0.1000000015
92448  34.235  -61.551  8.374 0.1000000015
104583  34.259  -60.041  8.485 0.1000000015
5415  35.633  -57.865  8.369 0.1000000015
4924  31.317  -59.942  12.876 0.1000000015
4974  32.973  -58.208  9.058 0.1000000015
4963  32.020  -60.632  10.032 0.1000000015
4556  32.004  -61.948  9.673 0.1000000015
4543  31.178  -61.879  10.465 0.1000000015
96074  31.364  -61.515  11.738 0.1000000015
6956  32.474  -54.495  9.208 0.1000000015
5883  33.881  -55.992  8.388 0.1000000015
108947  33.849  -61.053  8.834 0.1000000015
103337  33.776  -58.221  8.557 0.1000000015
109839  35.062  -57.092  8.310 0.1000000015
6430  35.610  -55.818  8.505 0.1000000015
106289  35.640  -56.871  8.460 0.1000000015
4145  31.892  -61.321  12.447 0.1000000015
106535  32.370  -58.401  11.485 0.1000000015
4943  31.966  -60.269  11.442 0.1000000015
4491  31.962  -60.791  15.251 0.1000000015
4121  32.326  -61.076  13.731 0.1000000015
109864  31.874  -53.551  10.381 0.1000000015
100022  32.005  -53.127  9.833 0.1000000015
4499  33.953  -59.863  14.430 0.1000000015
8320  33.902  -50.926  6.720 0.4000000060
7892  36.799  -52.510  7.076 0.3000000119
7893  35.714  -52.151  6.468 0.3000000119
8322  34.851  -51.702  5.946 0.3000000119
8323  34.082  -51.198  5.839 0.4000000060
8799  33.318  -50.650  5.911 0.4000000060
5947  41.215  -56.328  3.235 0.1000000015
6495  41.696  -55.561  3.507 0.1000000015
7038  41.883  -54.836  3.918 0.2000000030
9297  34.354  -49.573  2.828 0.4000000060
7913  38.388  -52.877  3.182 0.4000000060
7914  37.416  -52.650  3.366 0.4000000060
7518  41.360  -53.752  3.942 0.2000000030
7912  39.536  -53.044  3.030 0.3000000119
7928  37.662  -52.349  2.533 0.4000000060
8823  34.860  -50.371  2.859 0.4000000060
102117  40.799  -56.902  2.927 0.1000000015
7517  41.875  -54.159  3.571 0.3000000119
7929  36.764  -52.095  2.757 0.4000000060
94287  35.579  -50.940  2.550 0.4000000060
5957  41.063  -56.836  2.800 0.1000000015
9298  34.021  -48.838  2.793 0.5000000000
7911  40.852  -53.224  3.200 0.3000000119
7927  38.574  -52.508  2.389 0.3000000119
8347  36.306  -51.408  2.268 0.4000000060
10328  33.449  -47.248  2.987 0.4000000060
11485  32.782  -45.824  3.483 0.4000000060
8822  35.439  -50.200  2.113 0.4000000060
9296  34.952  -49.548  2.305 0.5000000000
5968  41.481  -56.338  2.540 0.2000000030
6513  41.902  -55.710  2.868 0.2000000030
6512  42.235  -55.038  2.622 0.2000000030
7532  41.703  -53.528  3.079 0.2000000030
6494  42.095  -55.151  3.226 0.2000000030
5491  40.466  -57.429  2.520 0.1000000015
8346  37.140  -51.752  1.906 0.4000000060
8345  37.941  -52.009  1.846 0.4000000060
8821  36.047  -50.704  1.847 0.4000000060
101582  34.572  -48.971  2.428 0.5000000000
10327  34.122  -47.342  2.485 0.5000000000
10873  33.309  -46.367  3.056 0.4000000060
108691  37.618  -51.643  1.543 0.4000000060
8830  35.907  -50.046  1.579 0.4000000060
9783  35.080  -48.663  1.949 0.5000000000
9784  34.477  -48.176  2.329 0.5000000000
10894  33.832  -46.668  2.657 0.4000000060
6532  41.952  -55.565  2.207 0.2000000030
7516  42.225  -54.491  3.032 0.2000000030
7531  42.221  -53.874  2.794 0.2000000030
7925  41.363  -52.906  2.466 0.4000000060
7926  40.309  -52.682  2.410 0.3000000119
7936  40.929  -52.388  1.788 0.4000000060
103040  39.372  -52.521  2.218 0.3000000119
9306  35.535  -49.433  1.714 0.5000000000
10893  34.434  -46.546  2.319 0.5000000000
11504  33.949  -45.948  2.657 0.4000000060
11484  33.486  -45.489  3.179 0.4000000060
7937  39.817  -52.166  1.612 0.4000000060
92908  38.116  -51.544  1.187 0.4000000060
8355  36.691  -51.079  1.524 0.4000000060
97777  35.377  -47.883  1.595 0.5000000000
7053  42.392  -54.415  2.379 0.2000000030
7923  42.399  -53.679  2.178 0.2000000030
12049  33.834  -44.717  3.530 0.4000000060
7924  42.113  -53.255  2.332 0.2000000030
7938  38.775  -52.118  1.673 0.3000000119
8828  37.063  -50.631  0.937 0.4000000060
8829  36.467  -50.329  1.282 0.4000000060
5969  40.816  -57.168  2.237 0.2000000030
7539  42.505  -53.912  1.799 0.2000000030
7935  41.902  -52.646  1.784 0.3000000119
8352  40.653  -51.910  1.193 0.4000000060
12032  33.378  -44.279  4.121 0.4000000060
94732  39.067  -51.670  1.074 0.3000000119
9793  35.769  -48.616  1.369 0.5000000000
10892  35.176  -46.288  1.898 0.5000000000
12582  33.968  -42.927  6.049 0.4000000060
6533  41.422  -56.163  1.786 0.2000000030
7072  42.333  -54.697  1.915 0.2000000030
8368  37.770  -50.868  0.656 0.4000000060
8844  36.825  -49.953  0.778 0.4000000060
11503  34.750  -45.674  2.402 0.5000000000
12048  34.877  -44.501  3.622 0.4000000060
109504  34.583  -39.371  7.121 0.4000000060
5981  40.560  -56.695  1.165 0.2000000030
7085  42.292  -54.085  1.034 0.2000000030
7934  42.381  -53.136  1.537 0.2000000030
7946  42.170  -52.451  1.168 0.2000000030
8366  39.448  -51.355  0.485 0.4000000060
10332  36.046  -47.771  1.123 0.5000000000
10333  35.728  -46.928  1.413 0.5000000000
5499  40.268  -57.895  1.709 0.2000000030
8353  39.855  -51.704  1.021 0.4000000060
8367  38.588  -51.112  0.511 0.3000000119
9792  36.466  -48.488  0.824 0.5000000000
13761  35.351  -41.598  6.783 0.4000000060
14979  34.798  -39.971  7.105 0.2000000030
12600  34.434  -43.458  5.682 0.4000000060
12031  34.403  -44.147  4.305 0.4000000060
6552  41.830  -55.130  1.386 0.2000000030
8351  41.628  -52.141  1.219 0.4000000060
11482  35.320  -44.883  2.879 0.4000000060
12030  35.363  -44.314  4.634 0.4000000060
7544  42.448  -53.263  0.948 0.2000000030
7945  42.326  -52.565  0.713 0.2000000030
12581  34.835  -43.201  6.259 0.4000000060
12014  34.884  -43.919  5.211 0.4000000060
12013  35.706  -44.287  5.586 0.4000000060
8843  37.466  -50.046  0.425 0.3000000119
11502  35.638  -45.406  2.181 0.5000000000
8365  40.363  -51.540  0.565 0.4000000060
8842  38.321  -50.265  0.043 0.4000000060
9315  37.904  -49.326  -0.113 0.3000000119
9316  37.054  -49.150  0.464 0.4000000060
107966  36.384  -47.088  0.956 0.5000000000
12580  35.605  -43.480  6.384 0.4000000060
91288  36.346  -44.918  2.824 0.5000000000
9804  37.569  -48.411  0.041 0.4000000060
10342  36.722  -47.649  0.664 0.5000000000
10906  36.005  -45.925  1.606 0.5000000000
10922  37.105  -46.787  0.637 0.5000000000
10341  37.383  -47.563  0.254 0.5000000000
8348  35.186  -51.102  3.175 0.4000000060
96556  34.412  -42.466  6.455 0.4000000060
11516  36.796  -45.650  1.576 0.5000000000
7486  37.951  -52.969  7.026 0.3000000119
7896  37.208  -52.846  6.138 0.3000000119
99774  36.243  -52.534  5.665 0.2000000030
7897  35.437  -52.089  5.549 0.2000000030
7484  40.413  -53.983  7.211 0.2000000030
7485  39.151  -53.462  6.851 0.3000000119
99772  40.177  -53.744  6.346 0.2000000030
7492  40.109  -53.678  5.499 0.2000000030
7506  39.023  -53.415  4.767 0.2000000030
7503  41.497  -54.396  4.467 0.2000000030
5063  39.474  -58.823  0.907 0.1000000015
5050  38.907  -59.375  0.564 0.1000000015
8883  42.772  -50.926  -2.952 0.1000000015
99405  38.434  -52.930  9.086 0.1000000015
7887  37.838  -52.569  8.305 0.2000000030
7473  38.745  -53.204  8.044 0.2000000030
6970  40.050  -54.450  9.140 0.1000000015
7471  40.467  -54.289  7.956 0.1000000015
7472  39.766  -53.754  7.940 0.2000000030
6969  40.630  -54.922  8.942 0.1000000015
6984  40.777  -54.790  8.267 0.1000000015
5512  39.797  -58.272  1.115 0.1000000015
7553  41.581  -53.290  -0.726 0.1000000015
7954  42.366  -52.088  -0.869 0.1000000015
8376  42.301  -51.800  -0.781 0.1000000015
8388  42.177  -51.355  -1.318 0.1000000015
100388  42.419  -51.808  -1.438 0.1000000015
8867  41.747  -50.656  -1.646 0.1000000015
8387  42.540  -51.642  -2.136 0.1000000015
8884  42.049  -50.199  -2.459 0.1000000015
9827  41.007  -48.605  -2.292 0.1000000015
10373  41.053  -47.827  -2.410 0.1000000015
109840  39.304  -53.583  8.707 0.2000000030
7455  40.189  -54.242  8.696 0.1000000015
8378  41.124  -51.419  -0.043 0.1000000015
108723  38.471  -49.670  -0.334 0.3000000119
7086  41.246  -54.566  0.317 0.1000000015
7098  41.598  -53.808  0.038 0.1000000015
8854  40.486  -50.767  -0.617 0.2000000030
8855  39.066  -49.991  -0.525 0.3000000119
10340  38.105  -47.631  -0.278 0.3000000119
10353  38.564  -46.692  -0.289 0.3000000119
5525  39.197  -57.838  -0.206 0.1000000015
108826  40.373  -54.977  -0.344 0.1000000015
8377  42.070  -51.613  -0.374 0.1000000015
8868  40.770  -50.230  -1.349 0.1000000015
9330  39.453  -49.322  -0.994 0.2000000030
10352  38.965  -47.422  -0.785 0.3000000119
7099  40.710  -54.215  -0.761 0.1000000015
101510  40.668  -49.265  -1.820 0.1000000015
10364  39.785  -47.665  -1.409 0.2000000030
10940  39.226  -46.610  -0.613 0.3000000119
10363  40.556  -47.373  -1.899 0.1000000015
10957  40.194  -46.815  -1.445 0.2000000030
11526  40.392  -45.641  0.357 0.4000000060
10372  41.802  -47.556  -2.844 0.1000000015
96895  40.845  -46.770  -1.761 0.1000000015
91363  40.939  -46.267  -1.146 0.3000000119
7878  34.294  -52.553  9.015 0.1000000015
11501  37.065  -45.209  2.306 0.4000000060
10905  37.282  -45.963  1.037 0.4000000060
92188  37.834  -46.799  0.134 0.4000000060
93114  37.721  -46.260  0.607 0.4000000060
10921  38.397  -46.105  0.395 0.4000000060
11527  38.981  -45.640  1.048 0.4000000060
10920  39.324  -45.917  0.116 0.4000000060
11511  40.745  -45.624  1.384 0.5000000000
11534  41.079  -45.722  -0.298 0.3000000119
10976  42.311  -46.791  -2.524 0.2000000030
10956  41.618  -46.480  -1.737 0.1000000015
11525  41.350  -45.585  0.705 0.4000000060
10389  43.072  -47.894  -3.860 0.1000000015
10371  42.686  -47.396  -3.259 0.1000000015
10955  42.688  -46.308  -1.636 0.2000000030
10938  42.017  -45.861  -0.840 0.2000000030
9851  43.529  -48.545  -4.313 0.1000000015
107702  43.278  -46.557  -2.276 0.2000000030
9369  44.000  -49.360  -4.707 0.1000000015
10388  44.130  -47.765  -4.326 0.1000000015
11481  36.767  -44.927  3.795 0.4000000060
12047  35.964  -44.614  3.862 0.3000000119
98553  37.282  -45.149  3.313 0.4000000060
11515  37.654  -45.428  1.738 0.4000000060
11514  38.680  -45.438  1.988 0.4000000060
11500  37.976  -45.336  2.759 0.4000000060
92499  39.849  -45.560  1.070 0.4000000060
11512  40.172  -45.738  1.989 0.4000000060
11513  39.445  -45.576  1.681 0.4000000060
10902  41.683  -45.965  1.805 0.4000000060
11524  42.821  -45.707  0.027 0.3000000119
104750  41.896  -45.620  0.080 0.4000000060
10919  42.327  -45.723  0.895 0.4000000060
10991  44.534  -47.147  -3.516 0.2000000030
98250  44.239  -46.666  -2.539 0.2000000030
10937  43.296  -45.974  -0.828 0.2000000030
10387  45.414  -47.475  -4.277 0.1000000015
7613  43.142  -53.723  -5.337 0.1000000015
94139  36.818  -45.002  4.711 0.4000000060
11479  38.141  -45.775  4.101 0.4000000060
11499  38.941  -45.983  3.417 0.4000000060
10872  38.889  -46.447  4.445 0.4000000060
10891  39.710  -46.482  3.443 0.4000000060
10903  40.883  -46.007  2.214 0.4000000060
10890  40.417  -46.407  2.973 0.4000000060
10889  41.352  -46.529  2.792 0.3000000119
10901  42.828  -46.186  1.791 0.4000000060
10888  42.254  -46.583  2.628 0.4000000060
92470  43.988  -45.914  -0.023 0.3000000119
10918  43.441  -45.980  0.886 0.3000000119
10990  45.840  -47.113  -3.531 0.2000000030
10973  46.224  -46.796  -2.861 0.2000000030
10953  45.102  -46.526  -1.788 0.2000000030
10954  43.842  -46.347  -1.646 0.2000000030
10405  45.196  -47.926  -4.926 0.2000000030
7128  40.532  -54.702  -4.328 0.1000000015
7596  41.743  -53.866  -5.062 0.1000000015
8018  42.766  -53.120  -5.491 0.1000000015
11999  35.966  -44.156  6.147 0.3000000119
11468  37.495  -45.398  5.193 0.4000000060
11469  36.933  -44.965  5.470 0.3000000119
11467  37.945  -45.839  4.952 0.4000000060
10834  38.917  -46.269  5.320 0.4000000060
10851  38.555  -46.271  4.987 0.4000000060
10871  39.531  -46.771  4.205 0.4000000060
10869  41.101  -47.276  3.719 0.4000000060
10870  40.216  -47.092  3.921 0.4000000060
10325  41.855  -47.074  3.319 0.4000000060
10916  45.787  -46.604  0.688 0.3000000119
110435  45.200  -46.608  1.419 0.3000000119
103722  44.104  -46.452  1.783 0.3000000119
10887  43.269  -46.700  2.651 0.3000000119
10972  47.035  -46.475  -2.861 0.2000000030
10952  46.356  -46.571  -2.051 0.2000000030
92317  46.032  -46.580  -0.363 0.3000000119
10917  44.621  -46.352  0.770 0.3000000119
10989  46.725  -46.870  -3.630 0.2000000030
10935  45.460  -46.451  -0.911 0.2000000030
10386  46.305  -47.252  -4.249 0.2000000030
12579  36.329  -43.660  6.377 0.3000000119
13156  36.680  -43.015  6.466 0.3000000119
11998  36.686  -44.326  6.132 0.4000000060
12012  36.423  -44.590  5.785 0.3000000119
12009  39.109  -44.978  5.624 0.3000000119
12010  38.192  -44.964  5.807 0.4000000060
10833  39.706  -46.554  5.220 0.4000000060
11449  39.426  -45.810  5.499 0.4000000060
10832  40.559  -46.743  5.252 0.4000000060
10850  39.409  -46.703  4.895 0.4000000060
10831  41.488  -46.875  5.262 0.3000000119
10312  40.735  -47.395  4.374 0.4000000060
10295  40.150  -47.133  4.640 0.4000000060
10308  45.785  -46.946  3.430 0.3000000119
105572  45.144  -47.323  3.880 0.2000000030
10309  44.253  -47.609  3.994 0.2000000030
10293  42.908  -47.706  4.636 0.2000000030
10311  42.031  -47.677  3.933 0.3000000119
94537  41.487  -47.601  4.434 0.3000000119
10899  46.435  -46.597  1.151 0.3000000119
10886  45.113  -46.739  2.238 0.3000000119
107989  44.226  -46.797  2.680 0.2000000030
10323  43.711  -47.244  3.387 0.2000000030
10324  42.662  -47.230  3.399 0.2000000030
10971  47.681  -46.003  -3.281 0.2000000030
10933  46.823  -46.351  -0.726 0.3000000119
94541  46.502  -46.497  -0.155 0.3000000119
10915  46.352  -46.557  0.394 0.3000000119
13760  36.202  -41.552  6.582 0.3000000119
13158  35.263  -42.607  6.610 0.3000000119
13157  36.023  -42.944  6.615 0.3000000119
11447  41.139  -45.961  5.403 0.3000000119
10828  44.568  -46.785  5.316 0.2000000030
10829  43.571  -47.062  5.240 0.2000000030
10830  42.480  -46.939  5.257 0.2000000030
10270  45.558  -47.094  4.594 0.2000000030
10271  44.494  -47.354  4.857 0.2000000030
10272  43.518  -47.545  4.816 0.2000000030
10273  42.878  -47.478  4.976 0.2000000030
101664  35.435  -40.090  6.714 0.2000000030
9380  44.698  -49.276  -5.400 0.1000000015
9862  44.429  -48.533  -4.861 0.1000000015
10950  47.349  -45.919  -1.364 0.3000000119
10385  47.062  -46.796  -4.551 0.2000000030
8330  34.987  -51.744  5.016 0.3000000119
99806  37.168  -52.897  5.233 0.3000000119
107783  39.839  -53.542  4.660 0.2000000030
7866  34.781  -51.701  10.073 0.1000000015
8364  42.095  -51.929  0.555 0.1000000015
8841  39.158  -50.757  -0.022 0.3000000119
14374  35.820  -40.813  6.656 0.3000000119
12029  36.218  -44.649  5.084 0.3000000119
8840  39.995  -51.165  -0.068 0.3000000119
9803  38.140  -48.529  -0.334 0.2000000030
95537  39.709  -50.560  -0.426 0.2000000030
103121  42.313  -52.583  -0.045 0.1000000015
7494  38.069  -53.163  5.948 0.3000000119
7493  39.057  -53.448  5.698 0.2000000030
8866  42.367  -51.057  -2.179 0.1000000015
7560  42.129  -52.572  -1.330 0.1000000015
8363  42.356  -52.070  -0.058 0.1000000015
8853  41.449  -51.035  -0.892 0.1000000015
95364  41.311  -49.976  -1.941 0.1000000015
9828  40.449  -48.229  -1.908 0.1000000015
9331  38.663  -49.076  -0.604 0.3000000119
9341  40.107  -49.556  -1.331 0.2000000030
9816  39.201  -48.404  -0.996 0.3000000119
9829  39.905  -48.745  -1.436 0.3000000119
10958  39.545  -46.897  -1.106 0.3000000119
11498  39.567  -45.829  2.556 0.4000000060
10370  43.522  -47.411  -3.649 0.2000000030
11480  37.416  -45.365  4.410 0.4000000060
10974  45.317  -46.796  -2.796 0.2000000030
92294  45.101  -46.329  -0.120 0.3000000119
10936  44.482  -46.198  -0.866 0.2000000030
92316  45.957  -46.593  -1.403 0.2000000030
11451  37.523  -45.128  5.676 0.4000000060
12011  37.403  -44.548  6.032 0.4000000060
11450  38.190  -45.730  5.399 0.4000000060
10900  45.908  -46.694  1.672 0.3000000119
10951  46.824  -46.361  -1.750 0.2000000030
10934  46.384  -46.487  -1.066 0.2000000030
12577  37.915  -43.117  6.112 0.4000000060
10294  40.880  -47.364  4.957 0.4000000060
10274  42.030  -47.527  4.925 0.2000000030
10868  46.311  -46.750  3.603 0.2000000030
10290  45.696  -47.136  4.028 0.2000000030
10291  44.827  -47.423  4.318 0.2000000030
10292  43.818  -47.646  4.465 0.2000000030
12598  37.999  -43.979  6.101 0.3000000119
12578  37.195  -43.636  6.285 0.2000000030
12597  38.626  -43.199  5.829 0.3000000119
99828  36.516  -42.294  6.505 0.2000000030
13759  37.027  -41.608  6.267 0.2000000030
110386  40.782  -53.997  6.092 0.1000000015
7014  41.478  -54.899  6.152 0.1000000015
7491  41.061  -54.251  5.756 0.1000000015
7505  40.587  -53.821  5.031 0.1000000015
7024  41.543  -54.864  4.811 0.1000000015
7504  41.090  -54.075  4.854 0.1000000015
106377  35.058  -39.436  6.767 0.1000000015
14978  35.680  -39.444  6.236 0.1000000015
15574  36.084  -38.261  5.569 0.1000000015
14998  35.824  -38.797  5.783 0.1000000015
14977  36.175  -40.116  6.262 0.1000000015
14997  36.455  -39.320  5.750 0.1000000015
14373  36.647  -40.863  6.288 0.1000000015
14394  37.029  -40.173  5.832 0.1000000015
14372  37.463  -40.919  5.943 0.1000000015
13155  37.381  -42.499  6.252 0.1000000015
13782  37.823  -41.632  5.951 0.1000000015
104717  38.237  -40.955  5.693 0.2000000030
97456  38.801  -44.107  5.751 0.2000000030
98864  38.876  -41.043  5.573 0.2000000030
13179  38.362  -42.282  5.863 0.2000000030
13178  39.308  -42.452  5.620 0.2000000030
106988  39.725  -40.017  5.502 0.2000000030
13781  39.102  -41.626  5.604 0.2000000030
102019  39.473  -43.382  5.594 0.2000000030
105402  39.559  -44.221  5.558 0.2000000030
12008  40.084  -44.883  5.469 0.2000000030
100436  40.837  -45.190  5.435 0.2000000030
97968  41.646  -44.945  5.413 0.1000000015
14392  38.901  -40.277  5.552 0.2000000030
12596  40.271  -43.830  5.485 0.2000000030
99886  40.953  -44.364  5.435 0.1000000015
99887  41.677  -43.984  5.425 0.1000000015
15554  35.203  -38.821  6.209 0.1000000015
105926  35.777  -37.617  5.560 0.1000000015
110042  36.296  -38.714  5.624 0.1000000015
93266  36.874  -38.507  5.513 0.1000000015
109778  38.463  -41.519  5.720 0.2000000030
13780  39.984  -41.706  5.492 0.2000000030
10932  47.261  -46.108  -0.235 0.2000000030
10914  46.733  -46.497  0.632 0.2000000030
10913  47.207  -46.267  0.677 0.2000000030
11542  47.607  -45.265  -1.422 0.2000000030
12080  47.585  -45.140  -0.046 0.2000000030
10884  46.939  -46.422  2.465 0.2000000030
11523  47.555  -45.730  0.389 0.2000000030
10898  46.995  -46.384  1.523 0.2000000030
105356  47.333  -44.726  -0.413 0.2000000030
92911  46.436  -46.674  2.904 0.2000000030
11510  47.545  -45.945  1.451 0.1000000015
12069  47.563  -45.306  0.910 0.2000000030
10883  47.294  -46.148  2.172 0.2000000030
10867  46.873  -46.485  3.210 0.2000000030
12070  47.180  -44.865  1.305 0.1000000015
92252  47.440  -45.437  1.890 0.1000000015
11497  47.494  -45.843  2.469 0.1000000015
12071  45.415  -44.294  1.644 0.1000000015
12083  44.998  -43.888  0.832 0.1000000015
14995  38.422  -39.414  5.537 0.1000000015
102520  46.731  -46.475  3.831 0.1000000015
12059  47.368  -45.447  3.019 0.1000000015
10866  47.315  -46.195  2.895 0.1000000015
104788  46.389  -44.632  1.707 0.1000000015
12060  47.158  -45.048  2.238 0.1000000015
108363  44.581  -43.896  1.571 0.1000000015
12061  45.966  -44.663  2.667 0.1000000015
12641  43.857  -43.561  2.150 0.1000000015
14994  39.351  -39.373  5.510 0.1000000015
16200  39.302  -37.713  5.453 0.1000000015
15573  38.849  -38.532  5.497 0.1000000015
94253  45.485  -46.829  5.173 0.1000000015
10848  46.286  -46.756  4.239 0.1000000015
11478  47.411  -45.780  3.424 0.1000000015
11465  47.416  -45.623  4.534 0.1000000015
12062  44.752  -44.168  2.497 0.1000000015
15572  39.804  -38.528  5.488 0.1000000015
94156  39.656  -40.829  5.509 0.1000000015
12003  47.229  -45.352  5.648 0.1000000015
105479  46.369  -46.110  5.444 0.1000000015
12025  47.618  -44.653  5.275 0.1000000015
11443  47.512  -45.183  5.363 0.1000000015
10847  46.982  -46.247  4.511 0.1000000015
10827  46.343  -46.612  4.883 0.1000000015
12026  47.601  -44.512  5.153 0.1000000015
12043  47.402  -45.193  4.241 0.1000000015
12614  46.496  -43.565  4.822 0.1000000015
12027  46.870  -44.284  4.660 0.1000000015
98400  47.122  -45.074  3.124 0.1000000015
12044  47.379  -45.002  4.061 0.1000000015
12615  45.007  -43.361  4.267 0.1000000015
12028  45.574  -44.003  4.263 0.1000000015
12045  46.314  -44.613  3.818 0.1000000015
109886  44.715  -43.733  3.848 0.1000000015
11444  45.133  -45.934  5.581 0.1000000015
12613  47.946  -43.967  5.539 0.1000000015
109397  44.313  -45.442  5.565 0.1000000015
12081  47.185  -44.727  0.385 0.1000000015
12082  46.163  -44.326  0.785 0.1000000015
12046  45.117  -44.223  3.480 0.1000000015
12627  44.219  -43.759  3.230 0.1000000015
8885  39.277  -50.571  -2.919 0.1000000015
9372  39.515  -49.825  -3.235 0.1000000015
8886  38.497  -50.634  -2.451 0.1000000015
110532  38.635  -51.952  -2.402 0.1000000015
7563  36.464  -53.296  -1.472 0.1000000015
7108  35.418  -54.239  -1.441 0.1000000015
6602  33.049  -55.728  -2.042 0.1000000015
8899  39.936  -50.546  -3.414 0.1000000015
9371  40.193  -49.789  -3.723 0.1000000015
8406  37.493  -51.901  -1.752 0.1000000015
7975  37.668  -52.815  -1.848 0.1000000015
97846  39.740  -49.049  -3.561 0.1000000015
9864  40.762  -48.236  -4.453 0.1000000015
9875  42.349  -48.670  -5.658 0.1000000015
9381  41.563  -49.736  -4.779 0.1000000015
100410  39.662  -51.175  -3.147 0.1000000015
9355  38.850  -49.895  -2.737 0.1000000015
10418  42.879  -47.911  -6.159 0.1000000015
9874  43.221  -48.726  -6.373 0.1000000015
9373  39.035  -49.132  -3.026 0.1000000015
10406  41.116  -47.253  -4.933 0.1000000015
10407  40.311  -46.504  -4.700 0.1000000015
9855  39.239  -48.202  -3.322 0.1000000015
9854  40.039  -48.198  -3.898 0.1000000015
10408  39.553  -47.089  -3.906 0.1000000015
96886  41.117  -49.031  -4.586 0.1000000015
6603  32.470  -55.426  -2.480 0.1000000015
4093  32.626  -60.726  15.854 0.1000000015
4104  33.583  -60.466  14.465 0.1000000015
4107  32.260  -60.925  14.770 0.1000000015
4156  30.329  -61.157  10.468 0.1000000015
4172  32.857  -62.179  9.099 0.1000000015
4175  30.567  -61.644  10.092 0.1000000015
4181  33.625  -62.180  8.618 0.1000000015
4182  33.126  -62.223  8.930 0.1000000015
4192  32.265  -61.681  8.547 0.1000000015
4199  34.605  -61.501  6.911 0.1000000015
4445  30.110  -60.300  20.610 0.1000000015
4565  34.284  -61.806  7.877 0.1000000015
4855  28.673  -59.438  22.638 0.1000000015
4870  29.812  -60.281  20.377 0.1000000015
4907  34.597  -58.408  15.496 0.1000000015
4914  34.367  -59.066  14.859 0.1000000015
5018  33.283  -58.940  3.897 0.1000000015
5368  34.583  -57.794  14.372 0.1000000015
5414  36.894  -57.709  8.867 0.1000000015
5946  41.516  -56.246  2.997 0.2000000030
5958  40.367  -57.104  2.804 0.1000000015
6037  41.326  -56.041  -4.079 0.1000000015
6331  29.797  -55.015  18.730 0.1000000015
6359  30.632  -55.347  15.349 0.1000000015
6360  26.260  -54.940  15.581 0.1000000015
6371  26.164  -55.262  15.008 0.1000000015
6588  33.519  -55.166  -1.723 0.1000000015
6612  41.836  -55.187  -4.312 0.1000000015
6613  41.471  -55.783  -4.104 0.1000000015
6887  30.267  -54.787  15.997 0.1000000015
6936  27.472  -53.670  10.951 0.1000000015
6952  40.212  -55.003  9.356 0.1000000015
7109  34.616  -54.536  -1.489 0.1000000015
7116  42.377  -54.534  -4.008 0.1000000015
7127  41.873  -55.272  -4.091 0.1000000015
7140  43.084  -54.027  -5.113 0.2000000030
7385  29.068  -53.457  15.482 0.1000000015
7396  27.503  -53.592  14.561 0.1000000015
7530  42.428  -54.069  2.447 0.2000000030
7545  42.194  -53.296  0.353 0.1000000015
7594  43.382  -53.640  -5.131 0.1000000015
7595  42.987  -54.141  -4.863 0.1000000015
7597  41.195  -54.219  -4.688 0.1000000015
7614  42.455  -53.914  -5.271 0.1000000015
7867  33.555  -52.188  9.415 0.1000000015
7876  37.195  -51.795  9.783 0.3000000119
7916  35.711  -52.053  4.029 0.4000000060
7959  36.934  -52.644  -1.564 0.1000000015
7974  38.238  -52.302  -2.162 0.1000000015
7998  44.235  -52.340  -5.325 0.1000000015
8015  44.547  -51.739  -6.029 0.2000000030
8016  44.096  -52.500  -5.680 0.2000000030
8295  36.694  -51.304  10.011 0.2000000030
8341  34.578  -51.300  4.401 0.5000000000
8354  37.361  -51.282  1.252 0.4000000060
8404  39.036  -51.450  -2.678 0.1000000015
8405  38.297  -51.501  -2.232 0.1000000015
8440  44.275  -52.030  -4.854 0.1000000015
8457  44.735  -51.399  -5.922 0.2000000030
8766  35.382  -50.241  10.022 0.2000000030
8916  44.907  -50.522  -6.004 0.2000000030
9305  36.285  -49.441  1.123 0.4000000060
9329  39.903  -50.102  -0.918 0.2000000030
9340  41.435  -49.323  -2.377 0.1000000015
9379  45.078  -49.101  -5.801 0.2000000030
9382  40.836  -49.774  -4.273 0.1000000015
9773  32.163  -47.950  4.707 0.5000000000
9785  33.762  -48.051  2.849 0.5000000000
9805  37.025  -48.255  0.427 0.4000000060
9817  38.594  -48.200  -0.613 0.3000000119
9853  40.441  -49.028  -4.075 0.1000000015
9863  41.507  -48.315  -5.001 0.2000000030
9865  40.376  -47.467  -4.357 0.1000000015
9872  45.353  -48.753  -6.221 0.2000000030
9873  45.464  -48.567  -5.867 0.3000000119
9881  44.659  -48.514  -7.007 0.1000000015
9882  43.819  -48.236  -6.775 0.1000000015
10260  31.256  -47.713  6.030 0.5000000000
10310  43.070  -47.756  4.112 0.2000000030
10313  33.261  -47.918  3.326 0.5000000000
10322  44.911  -47.053  3.231 0.2000000030
10326  34.860  -47.309  1.946 0.5000000000
10362  41.270  -47.076  -2.285 0.1000000015
10417  46.488  -47.335  -5.737 0.2000000030
10427  45.579  -47.993  -6.571 0.2000000030
10430  43.470  -47.382  -6.473 0.2000000030
10728  30.420  -46.914  16.520 0.1000000015
10811  29.766  -46.346  7.561 0.5000000000
10826  46.988  -46.126  5.143 0.1000000015
10835  31.239  -46.354  5.113 0.5000000000
10846  47.189  -46.143  3.698 0.1000000015
10849  40.104  -47.049  5.047 0.4000000060
10853  31.826  -46.724  4.514 0.5000000000
10885  45.878  -46.775  2.609 0.3000000119
10904  38.115  -45.702  1.085 0.4000000060
10939  40.063  -46.209  -0.640 0.3000000119
10975  43.400  -46.889  -3.039 0.2000000030
10987  47.688  -45.921  -4.201 0.3000000119
11009  47.500  -46.168  -4.816 0.3000000119
11026  44.515  -46.622  -6.423 0.2000000030
11027  43.040  -46.744  -6.067 0.2000000030
11040  45.716  -47.271  -6.663 0.2000000030
11041  45.067  -47.159  -7.004 0.1000000015
11335  33.281  -44.904  17.942 0.1000000015
11363  30.137  -45.715  16.014 0.1000000015
11396  28.706  -45.156  13.540 0.1000000015
11405  28.420  -44.973  11.519 0.3000000119
11448  40.278  -45.920  5.421 0.2000000030
11466  47.341  -45.793  5.073 0.1000000015
11483  34.307  -45.158  2.949 0.4000000060
11533  47.583  -45.491  -0.600 0.2000000030
11565  40.707  -45.315  -4.225 0.1000000015
11585  43.906  -45.762  -4.804 0.2000000030
11587  41.060  -45.670  -4.859 0.2000000030
11596  47.203  -46.192  -5.376 0.3000000119
11601  41.564  -46.053  -5.236 0.2000000030
11874  33.808  -45.104  18.128 0.1000000015
11890  32.892  -44.300  17.719 0.1000000015
11891  32.179  -44.501  17.527 0.1000000015
11903  30.981  -44.711  16.792 0.1000000015
11919  30.344  -44.192  16.239 0.1000000015
11936  29.385  -44.989  15.133 0.1000000015
11958  28.274  -44.353  12.033 0.2000000030
11982  28.496  -44.384  8.574 0.5000000000
12092  47.667  -44.948  -0.934 0.2000000030
12097  40.645  -44.277  -0.888 0.1000000015
12127  40.721  -44.784  -2.495 0.1000000015
12143  47.241  -45.370  -3.460 0.3000000119
12145  44.848  -44.965  -3.184 0.2000000030
12480  31.212  -43.263  16.872 0.1000000015
12507  28.861  -43.256  14.489 0.1000000015
12534  28.016  -42.922  11.802 0.3000000119
12543  27.990  -43.033  10.543 0.4000000060
12564  29.171  -43.723  7.377 0.5000000000
12583  31.176  -43.049  5.793 0.5000000000
12599  35.250  -43.836  5.988 0.4000000060
12603  31.617  -43.542  5.262 0.6000000238
12683  44.750  -43.721  -0.477 0.1000000015
13017  35.095  -42.605  16.616 0.1000000015
13034  35.310  -42.637  15.459 0.1000000015
13037  32.735  -42.191  16.722 0.1000000015
13046  35.845  -43.618  14.012 0.1000000015
13079  36.596  -43.825  12.662 0.1000000015
13081  35.000  -43.379  12.720 0.1000000015
13082  33.857  -42.943  12.745 0.1000000015
13083  28.443  -42.459  13.255 0.3000000119
13102  27.948  -42.618  11.084 0.3000000119
13110  28.172  -42.007  9.904 0.4000000060
13130  28.538  -42.084  8.764 0.4000000060
13651  30.809  -41.894  15.999 0.1000000015
13657  33.222  -41.882  15.384 0.1000000015
13658  31.832  -41.519  15.049 0.1000000015
13660  30.196  -41.803  15.387 0.1000000015
13672  28.762  -42.026  13.643 0.2000000030
13694  30.439  -41.209  13.732 0.2000000030
13730  28.452  -41.486  9.442 0.4000000060
14349  28.673  -40.832  9.653 0.3000000119
14364  30.088  -41.047  7.578 0.5000000000
14375  35.060  -40.701  6.962 0.2000000030
14931  39.025  -39.791  13.061 0.1000000015
15497  33.510  -38.392  14.395 0.2000000030
15528  30.535  -38.674  11.490 0.2000000030
15575  35.383  -38.219  5.755 0.1000000015
16142  32.399  -37.798  13.935 0.2000000030
16842  32.614  -36.341  7.596 0.2000000030
17530  33.885  -35.707  6.217 0.1000000015
18932  32.140  -33.312  10.675 0.1000000015
18961  31.800  -33.328  7.915 0.1000000015
20516  33.528  -31.968  10.039 0.1000000015
20540  32.604  -31.689  9.186 0.1000000015
91222  44.246  -44.562  -2.396 0.3000000119
92449  47.367  -46.091  -2.371 0.2000000030
93061  44.003  -46.032  5.458 0.1000000015
93172  29.283  -58.446  10.178 0.1000000015
94444  47.191  -45.924  -5.274 0.3000000119
94806  41.289  -51.756  0.738 0.4000000060
95571  43.296  -45.506  -4.123 0.2000000030
95737  31.789  -60.776  16.132 0.1000000015
96227  44.409  -50.369  -5.006 0.1000000015
96914  29.307  -40.620  11.696 0.2000000030
96920  32.133  -48.678  5.181 0.5000000000
97764  45.868  -46.690  -2.208 0.2000000030
98492  44.724  -50.983  -5.584 0.2000000030
99265  28.454  -45.101  9.975 0.4000000060
99301  29.323  -47.146  13.091 0.1000000015
99387  46.478  -46.563  2.048 0.2000000030
100325  39.571  -55.078  9.567 0.1000000015
100505  35.858  -42.216  6.679 0.3000000119
100591  36.540  -46.367  1.170 0.5000000000
100687  29.968  -54.157  6.336 0.1000000015
100953  46.860  -46.405  0.074 0.2000000030
101354  33.188  -39.064  14.182 0.2000000030
101703  34.763  -43.043  17.356 0.1000000015
102251  32.535  -54.313  12.975 0.1000000015
102362  37.158  -53.289  -1.669 0.1000000015
102452  28.452  -41.127  10.069 0.4000000060
102474  42.300  -46.519  -5.581 0.2000000030
102609  44.686  -49.309  -6.799 0.2000000030
102661  36.358  -45.331  2.019 0.4000000060
103710  47.054  -44.711  -1.966 0.3000000119
103866  33.940  -58.401  17.092 0.1000000015
104968  47.598  -45.774  -4.167 0.3000000119
105095  42.299  -47.729  4.433 0.3000000119
105231  32.922  -47.374  3.489 0.5000000000
105385  38.707  -45.653  5.548 0.3000000119
105412  35.656  -51.431  10.334 0.2000000030
105877  36.981  -44.801  5.875 0.3000000119
106262  26.260  -53.762  10.404 0.1000000015
106825  29.464  -53.873  13.897 0.1000000015
107176  32.749  -55.902  9.151 0.1000000015
108349  41.747  -49.070  -5.067 0.1000000015
108414  42.756  -51.485  -2.761 0.1000000015
108504  31.387  -36.442  11.124 0.1000000015
108591  35.350  -51.135  8.145 0.4000000060
108669  34.935  -48.008  1.934 0.5000000000
109063  31.796  -60.908  16.496 0.1000000015
109085  43.645  -44.421  -2.071 0.1000000015
109574  23.875  -56.060  23.133 0.1000000015
109843  45.877  -47.531  -4.786 0.2000000030
110255  41.375  -45.323  -3.757 0.1000000015
110459  34.385  -58.841  14.487 0.1000000015
