#!ascii label  , from subject sub-v1s18x0051271_ses-1 vox2ras=TkReg
1012
55964  -9.706  -9.528  51.903 0.0000000000
61315  -36.082  -4.161  37.063 0.0000000000
63467  -35.905  -1.950  33.123 0.0000000000
63338  -28.871  -2.836  41.774 0.0000000000
72206  -40.422  6.532  23.750 0.0000000000
126596  -36.077  3.192  27.366 0.0000000000
61232  -38.775  -3.588  41.808 0.0000000000
119272  -33.935  -1.152  40.126 0.0000000000
73791  -45.043  8.595  27.946 0.0000000000
73015  -48.863  7.892  25.006 0.0000000000
74765  -51.286  10.017  23.643 0.0000000000
130408  -40.099  0.996  31.735 0.0000000000
65418  -35.329  -0.182  29.633 0.0000000000
70316  -40.703  4.509  30.866 0.0000000000
73772  -39.395  8.721  31.106 0.0000000000
63333  -20.549  -2.752  41.637 0.0000000000
56993  -7.612  -9.144  56.710 0.0000000000
60308  -37.344  -5.200  35.305 0.0000000000
65353  -39.946  -0.511  35.309 0.0000000000
62304  -23.277  -3.796  37.707 0.0000000000
62319  -27.465  -3.618  36.494 0.0000000000
73076  -51.138  7.840  17.753 0.0000000000
76532  -53.111  11.734  21.232 0.0000000000
72170  -37.244  6.700  26.279 0.0000000000
75634  -42.209  10.532  29.914 0.0000000000
56039  -12.398  -9.582  48.069 0.0000000000
49653  -5.104  -14.802  55.686 0.0000000000
72980  -47.134  7.847  26.989 0.0000000000
67211  -40.531  2.066  30.505 0.0000000000
60220  -18.272  -5.197  40.434 0.0000000000
123666  -8.674  -8.896  54.611 0.0000000000
60305  -34.963  -6.124  34.497 0.0000000000
60272  -36.698  -5.516  36.562 0.0000000000
61271  -26.256  -4.346  39.575 0.0000000000
61313  -25.510  -4.552  37.732 0.0000000000
62268  -27.908  -2.766  39.912 0.0000000000
63386  -35.137  -2.260  38.004 0.0000000000
64397  -32.350  -1.219  36.971 0.0000000000
63414  -33.844  -2.324  35.883 0.0000000000
61205  -27.941  -4.529  43.267 0.0000000000
140407  -24.954  -3.306  41.221 0.0000000000
72252  -46.076  6.437  20.453 0.0000000000
73074  -49.606  7.785  18.287 0.0000000000
127054  -52.036  10.883  22.100 0.0000000000
66286  -35.882  0.941  28.129 0.0000000000
71324  -36.157  5.563  26.841 0.0000000000
75612  -40.558  10.243  30.960 0.0000000000
59241  -16.129  -6.035  44.660 0.0000000000
59215  -15.409  -6.679  46.781 0.0000000000
124688  -14.579  -7.183  48.673 0.0000000000
55113  -12.804  -10.031  46.356 0.0000000000
49661  -6.554  -15.182  55.110 0.0000000000
61274  -37.329  -3.918  39.194 0.0000000000
61297  -37.696  -5.190  38.318 0.0000000000
61277  -39.751  -4.254  40.421 0.0000000000
125216  -32.179  -0.522  44.303 0.0000000000
65301  -31.605  -0.546  41.356 0.0000000000
65295  -34.531  -0.647  42.803 0.0000000000
63362  -36.602  -2.429  40.771 0.0000000000
72990  -42.715  7.664  26.256 0.0000000000
73027  -44.952  7.061  24.843 0.0000000000
72235  -46.082  7.082  23.087 0.0000000000
73866  -47.799  8.339  21.946 0.0000000000
74778  -48.780  9.136  21.164 0.0000000000
73859  -49.332  8.708  23.755 0.0000000000
65389  -37.337  -0.223  32.599 0.0000000000
64462  -35.028  -1.218  31.809 0.0000000000
66269  -38.099  0.933  30.472 0.0000000000
67217  -37.970  1.663  29.271 0.0000000000
143054  -37.866  3.954  29.030 0.0000000000
72149  -37.948  6.688  29.569 0.0000000000
72142  -39.696  6.205  31.217 0.0000000000
62198  -19.464  -2.909  43.488 0.0000000000
59255  -16.821  -5.989  42.262 0.0000000000
74813  -55.429  9.847  17.594 0.0000000000
55901  -5.353  -9.275  57.582 0.0000000000
128963  -35.711  -5.921  33.940 0.0000000000
62367  -36.920  -3.136  34.101 0.0000000000
61331  -39.530  -4.459  36.411 0.0000000000
63430  -38.741  -2.814  35.460 0.0000000000
64443  -38.000  -0.833  34.146 0.0000000000
66231  -40.195  0.494  33.463 0.0000000000
64381  -29.498  -1.059  38.593 0.0000000000
63336  -23.193  -2.229  42.407 0.0000000000
135065  -21.706  -2.840  39.433 0.0000000000
74788  -50.277  9.770  20.386 0.0000000000
74795  -51.837  9.836  18.907 0.0000000000
75710  -53.167  9.944  18.485 0.0000000000
77449  -54.525  12.543  19.827 0.0000000000
52963  -9.562  -12.569  50.539 0.0000000000
52929  -8.668  -12.688  52.182 0.0000000000
72184  -39.495  6.828  25.020 0.0000000000
72973  -38.261  7.941  28.869 0.0000000000
73789  -39.974  9.189  28.025 0.0000000000
73820  -41.288  8.415  26.937 0.0000000000
138209  -44.023  9.600  28.827 0.0000000000
55045  -10.858  -9.859  49.933 0.0000000000
52902  -7.337  -12.470  54.554 0.0000000000
52881  -6.219  -12.217  56.639 0.0000000000
52891  -4.132  -12.194  56.234 0.0000000000
55955  -9.002  -9.430  53.284 0.0000000000
61326  -35.082  -4.504  35.631 0.0000000000
142344  -35.673  -5.468  35.637 0.0000000000
61328  -36.485  -4.914  36.969 0.0000000000
62232  -27.898  -4.132  41.146 0.0000000000
61272  -26.933  -4.392  39.581 0.0000000000
63350  -28.322  -2.994  40.852 0.0000000000
62306  -35.543  -3.122  37.291 0.0000000000
63399  -34.729  -2.466  37.079 0.0000000000
136281  -34.988  -3.023  36.612 0.0000000000
62337  -34.211  -3.501  35.233 0.0000000000
63308  -29.914  -1.950  44.408 0.0000000000
62191  -29.203  -3.287  44.642 0.0000000000
61216  -28.179  -4.516  42.484 0.0000000000
61229  -26.541  -4.504  41.245 0.0000000000
73064  -48.233  7.730  19.169 0.0000000000
62365  -35.583  -3.492  33.211 0.0000000000
63465  -34.518  -2.705  32.221 0.0000000000
67227  -35.743  1.545  27.417 0.0000000000
125165  -35.369  1.070  26.738 0.0000000000
69399  -35.883  4.029  27.164 0.0000000000
132732  -15.342  -7.458  44.655 0.0000000000
59230  -15.654  -6.511  45.883 0.0000000000
57181  -14.847  -7.970  45.797 0.0000000000
57164  -14.497  -8.184  46.569 0.0000000000
56094  -13.616  -9.759  45.367 0.0000000000
62270  -37.874  -3.984  40.146 0.0000000000
61275  -38.165  -4.574  39.569 0.0000000000
61252  -39.026  -4.054  41.164 0.0000000000
124618  -33.765  -0.372  44.034 0.0000000000
65284  -33.762  -0.419  43.209 0.0000000000
140715  -35.179  -0.654  43.766 0.0000000000
62219  -38.330  -3.066  42.318 0.0000000000
63341  -36.997  -2.123  42.549 0.0000000000
62234  -37.285  -2.886  41.218 0.0000000000
63374  -36.527  -2.684  39.827 0.0000000000
132214  -43.944  8.296  27.269 0.0000000000
73010  -43.877  7.262  25.503 0.0000000000
72977  -44.843  7.747  26.696 0.0000000000
72995  -47.733  7.727  26.371 0.0000000000
121413  -46.725  7.408  25.416 0.0000000000
73030  -47.426  7.540  24.336 0.0000000000
139533  -46.843  7.516  22.630 0.0000000000
122020  -48.217  7.886  24.143 0.0000000000
73858  -48.660  8.386  23.487 0.0000000000
73849  -48.936  8.201  24.221 0.0000000000
66245  -38.694  0.541  32.138 0.0000000000
66244  -37.861  0.279  31.984 0.0000000000
120185  -39.346  0.929  31.347 0.0000000000
69371  -40.761  3.291  30.493 0.0000000000
67219  -39.408  1.827  29.950 0.0000000000
68261  -39.311  2.477  29.633 0.0000000000
68260  -38.519  2.587  29.242 0.0000000000
70328  -39.389  4.135  29.913 0.0000000000
71303  -39.147  5.170  30.254 0.0000000000
71296  -40.292  5.302  31.082 0.0000000000
63320  -21.582  -2.217  42.717 0.0000000000
63300  -20.911  -2.160  44.152 0.0000000000
62213  -20.059  -2.831  42.218 0.0000000000
60194  -17.426  -5.475  41.746 0.0000000000
76548  -55.710  11.270  17.917 0.0000000000
76551  -56.262  11.076  17.356 0.0000000000
55902  -6.283  -9.490  57.151 0.0000000000
131123  -36.786  -5.568  35.522 0.0000000000
60306  -35.083  -6.347  33.931 0.0000000000
60307  -36.582  -5.386  34.680 0.0000000000
60319  -36.099  -5.207  33.772 0.0000000000
144369  -37.209  -4.701  34.770 0.0000000000
61318  -40.219  -4.513  38.028 0.0000000000
61330  -39.023  -5.310  36.788 0.0000000000
62308  -40.235  -3.993  37.233 0.0000000000
63432  -40.147  -1.602  36.263 0.0000000000
63431  -39.591  -2.319  35.964 0.0000000000
64424  -39.689  -1.294  35.708 0.0000000000
63441  -38.277  -2.275  34.871 0.0000000000
64436  -39.215  -0.885  35.073 0.0000000000
65363  -38.825  -0.512  34.380 0.0000000000
65365  -40.331  0.084  34.756 0.0000000000
137490  -26.150  -4.850  37.097 0.0000000000
65311  -32.235  -0.548  40.771 0.0000000000
65309  -30.634  -0.564  39.917 0.0000000000
64369  -32.239  -0.714  39.186 0.0000000000
64411  -30.761  -1.398  36.183 0.0000000000
63324  -25.229  -2.479  43.634 0.0000000000
62265  -23.858  -3.163  39.320 0.0000000000
62247  -23.122  -2.743  39.860 0.0000000000
62284  -22.631  -3.271  38.270 0.0000000000
61290  -21.036  -3.995  38.032 0.0000000000
74772  -50.283  9.747  22.515 0.0000000000
74787  -49.431  9.417  20.581 0.0000000000
74781  -50.839  10.151  21.944 0.0000000000
76531  -52.633  11.372  21.841 0.0000000000
75685  -52.022  10.971  21.159 0.0000000000
76535  -52.625  11.312  20.732 0.0000000000
75699  -52.436  10.364  19.101 0.0000000000
76539  -53.560  11.379  19.462 0.0000000000
75701  -54.023  11.096  18.792 0.0000000000
76537  -53.860  11.941  20.042 0.0000000000
65407  -35.132  -0.534  30.481 0.0000000000
63488  -33.702  -2.147  30.722 0.0000000000
71356  -38.406  5.740  23.911 0.0000000000
72183  -38.536  6.629  25.245 0.0000000000
72967  -38.700  7.664  30.302 0.0000000000
72970  -37.819  7.272  29.116 0.0000000000
73777  -39.005  8.545  30.362 0.0000000000
75613  -41.470  10.625  30.545 0.0000000000
74695  -40.098  9.917  29.563 0.0000000000
74711  -40.446  9.737  28.741 0.0000000000
131162  -40.768  8.781  27.421 0.0000000000
74712  -41.559  9.843  28.717 0.0000000000
74728  -42.864  9.090  27.930 0.0000000000
74697  -43.317  9.866  28.991 0.0000000000
56040  -12.847  -8.908  48.578 0.0000000000
56022  -12.547  -8.573  49.353 0.0000000000
57087  -12.241  -8.215  50.081 0.0000000000
55061  -11.395  -9.895  48.894 0.0000000000
54040  -10.544  -10.970  49.096 0.0000000000
55090  -11.314  -10.768  47.898 0.0000000000
119392  -8.140  -14.295  53.047 0.0000000000
52913  -7.888  -12.079  53.716 0.0000000000
51814  -7.813  -13.868  53.676 0.0000000000
49660  -6.167  -15.036  55.412 0.0000000000
50703  -6.540  -13.638  55.545 0.0000000000
51786  -5.813  -13.485  55.979 0.0000000000
52880  -5.570  -12.287  56.632 0.0000000000
50698  -5.113  -13.884  55.917 0.0000000000
119135  -36.217  -1.099  44.006 0.0000000000
74716  -46.180  9.121  28.715 0.0000000000
73807  -45.659  8.176  27.435 0.0000000000
73793  -46.796  8.597  28.282 0.0000000000
67199  -40.947  1.832  30.999 0.0000000000
62244  -19.768  -3.677  40.115 0.0000000000
61228  -19.134  -3.940  41.264 0.0000000000
56995  -8.544  -7.936  56.354 0.0000000000
55925  -8.186  -9.524  55.656 0.0000000000
61343  -35.019  -5.455  35.033 0.0000000000
60289  -36.308  -5.606  35.756 0.0000000000
60290  -37.489  -5.594  35.948 0.0000000000
65366  -41.108  0.274  34.882 0.0000000000
62286  -24.445  -3.686  38.800 0.0000000000
61312  -24.647  -4.529  37.471 0.0000000000
61293  -25.840  -4.365  38.600 0.0000000000
61295  -26.994  -4.057  38.675 0.0000000000
63384  -27.705  -2.686  38.003 0.0000000000
64371  -34.546  -1.575  39.415 0.0000000000
64385  -33.054  -1.118  38.670 0.0000000000
64399  -34.248  -1.858  37.546 0.0000000000
63413  -33.432  -1.895  36.214 0.0000000000
62351  -33.326  -3.513  34.668 0.0000000000
143996  -27.259  -3.875  43.988 0.0000000000
62200  -25.742  -3.115  43.143 0.0000000000
62216  -26.252  -4.076  42.071 0.0000000000
62249  -25.034  -3.548  40.577 0.0000000000
72243  -45.398  6.638  21.748 0.0000000000
73075  -50.487  7.820  17.930 0.0000000000
75672  -52.518  10.485  24.171 0.0000000000
144472  -51.535  10.382  23.087 0.0000000000
144313  -35.506  0.096  29.200 0.0000000000
69416  -35.710  4.061  25.293 0.0000000000
72169  -36.588  6.227  26.571 0.0000000000
74665  -40.869  9.937  32.808 0.0000000000
74678  -39.948  9.540  31.275 0.0000000000
75585  -41.176  10.590  32.309 0.0000000000
60167  -16.638  -4.553  45.191 0.0000000000
61190  -16.572  -4.545  46.047 0.0000000000
60149  -15.753  -5.597  47.928 0.0000000000
58211  -14.606  -7.521  48.057 0.0000000000
56057  -13.705  -8.738  47.410 0.0000000000
55092  -12.645  -9.819  47.249 0.0000000000
54064  -11.531  -11.041  47.077 0.0000000000
54077  -11.825  -11.374  46.226 0.0000000000
143398  -36.696  -3.919  38.006 0.0000000000
60240  -37.182  -5.070  37.870 0.0000000000
130662  -37.699  -4.739  38.895 0.0000000000
61299  -39.575  -4.881  38.938 0.0000000000
64331  -30.222  -1.378  43.609 0.0000000000
64351  -29.684  -1.452  41.918 0.0000000000
64343  -31.520  -0.592  42.951 0.0000000000
129563  -33.021  -0.477  42.080 0.0000000000
64353  -33.910  -0.875  41.035 0.0000000000
64344  -35.921  -1.280  43.028 0.0000000000
64355  -35.268  -1.385  41.576 0.0000000000
64361  -35.285  -1.602  40.653 0.0000000000
63373  -35.823  -2.206  39.372 0.0000000000
62289  -36.256  -2.756  38.932 0.0000000000
64322  -31.055  -1.304  45.237 0.0000000000
72185  -41.698  7.131  24.976 0.0000000000
72221  -41.329  6.539  23.408 0.0000000000
72208  -42.773  6.839  24.200 0.0000000000
72209  -43.582  6.801  24.101 0.0000000000
72224  -44.529  6.649  23.120 0.0000000000
73012  -46.063  7.399  25.929 0.0000000000
72211  -45.339  6.960  24.267 0.0000000000
72234  -45.449  6.783  22.557 0.0000000000
72244  -46.053  7.080  22.117 0.0000000000
73049  -46.602  7.423  21.542 0.0000000000
73873  -47.682  8.372  21.144 0.0000000000
73883  -48.021  8.504  20.398 0.0000000000
73874  -48.293  8.725  21.626 0.0000000000
73868  -49.069  8.928  22.881 0.0000000000
74764  -50.539  9.625  23.468 0.0000000000
73838  -50.485  8.434  25.811 0.0000000000
74760  -51.729  9.540  25.047 0.0000000000
65373  -36.875  -0.802  33.110 0.0000000000
64453  -35.415  -1.549  32.496 0.0000000000
65388  -36.546  -0.518  32.384 0.0000000000
66256  -36.758  0.189  31.058 0.0000000000
66267  -36.481  0.286  30.306 0.0000000000
66270  -39.447  1.383  30.543 0.0000000000
123737  -38.131  1.331  29.741 0.0000000000
129125  -36.944  0.719  29.732 0.0000000000
67229  -37.407  1.721  28.804 0.0000000000
67228  -37.196  2.358  28.350 0.0000000000
69389  -36.877  3.153  28.000 0.0000000000
70336  -36.875  4.056  28.133 0.0000000000
70337  -37.820  4.668  29.268 0.0000000000
71294  -39.043  6.071  30.545 0.0000000000
72963  -39.622  7.830  31.593 0.0000000000
131260  -40.906  8.123  32.980 0.0000000000
73762  -40.781  8.939  32.923 0.0000000000
62186  -18.763  -3.229  44.106 0.0000000000
61227  -18.547  -4.327  41.707 0.0000000000
61211  -17.642  -4.442  43.024 0.0000000000
61202  -17.406  -4.254  43.905 0.0000000000
58283  -16.214  -6.251  43.779 0.0000000000
61371  -36.083  -4.277  33.615 0.0000000000
63453  -36.436  -2.466  33.627 0.0000000000
60255  -37.612  -5.462  37.572 0.0000000000
61329  -38.277  -5.507  36.323 0.0000000000
61344  -38.141  -4.986  35.628 0.0000000000
62340  -39.331  -3.522  35.990 0.0000000000
62338  -37.804  -4.327  35.094 0.0000000000
63440  -37.538  -2.685  34.513 0.0000000000
63454  -37.047  -2.100  34.005 0.0000000000
64441  -36.591  -1.573  33.427 0.0000000000
65374  -37.649  -0.501  33.376 0.0000000000
66229  -38.946  0.386  32.985 0.0000000000
131165  -40.375  0.798  32.549 0.0000000000
66219  -41.743  0.609  34.209 0.0000000000
66232  -41.572  0.811  33.368 0.0000000000
133091  -29.009  -1.418  40.385 0.0000000000
64380  -28.773  -1.509  38.964 0.0000000000
63397  -28.266  -2.078  37.446 0.0000000000
136440  -31.170  -0.788  37.733 0.0000000000
121995  -29.795  -1.409  36.529 0.0000000000
63302  -22.677  -1.655  43.963 0.0000000000
63335  -22.290  -2.287  42.166 0.0000000000
63349  -23.921  -2.590  41.807 0.0000000000
63359  -22.633  -2.565  40.719 0.0000000000
62245  -21.250  -2.844  40.122 0.0000000000
62282  -20.687  -3.594  38.866 0.0000000000
73889  -49.230  8.947  19.584 0.0000000000
73890  -50.004  9.093  19.153 0.0000000000
74805  -50.724  9.160  18.767 0.0000000000
75684  -51.433  10.548  21.521 0.0000000000
127254  -50.978  10.039  20.012 0.0000000000
74806  -51.576  9.147  18.416 0.0000000000
73903  -52.356  8.709  17.913 0.0000000000
73904  -53.126  9.119  17.990 0.0000000000
73910  -53.870  8.683  17.655 0.0000000000
74809  -54.628  10.034  17.993 0.0000000000
76547  -54.840  11.450  18.499 0.0000000000
54009  -9.562  -11.137  51.012 0.0000000000
55012  -8.805  -10.883  52.528 0.0000000000
52943  -9.072  -12.870  51.372 0.0000000000
63476  -34.060  -2.436  31.589 0.0000000000
72205  -39.600  6.485  24.051 0.0000000000
72153  -36.702  5.824  28.007 0.0000000000
72154  -37.031  6.641  28.057 0.0000000000
72975  -37.497  7.368  27.629 0.0000000000
74694  -39.533  9.569  29.851 0.0000000000
73787  -38.668  8.435  28.218 0.0000000000
73801  -38.918  8.092  26.964 0.0000000000
72987  -39.359  7.789  26.291 0.0000000000
72988  -40.211  7.959  26.215 0.0000000000
138058  -40.911  7.172  25.068 0.0000000000
73821  -42.122  8.175  26.771 0.0000000000
73805  -43.396  8.664  27.606 0.0000000000
74714  -44.465  9.134  28.394 0.0000000000
57049  -10.899  -7.740  52.111 0.0000000000
58154  -11.463  -7.657  51.584 0.0000000000
55983  -10.615  -8.859  51.054 0.0000000000
131283  -9.937  -10.900  50.345 0.0000000000
127123  -10.047  -12.681  49.281 0.0000000000
55001  -8.317  -10.803  53.418 0.0000000000
54987  -7.921  -10.865  54.287 0.0000000000
54974  -7.881  -11.040  55.971 0.0000000000
50712  -6.893  -13.861  55.063 0.0000000000
128301  -7.266  -12.006  56.127 0.0000000000
54963  -6.945  -11.062  56.774 0.0000000000
54962  -5.863  -11.169  57.204 0.0000000000
125450  -4.862  -11.431  57.310 0.0000000000
49658  -4.316  -15.468  55.454 0.0000000000
128896  -4.464  -13.844  55.480 0.0000000000
57034  -10.035  -8.023  53.123 0.0000000000
57047  -9.661  -8.900  52.590 0.0000000000
62322  -35.412  -3.835  36.492 0.0000000000
61327  -35.964  -5.085  36.363 0.0000000000
62233  -28.532  -3.660  41.529 0.0000000000
62250  -27.750  -3.610  40.390 0.0000000000
134379  -29.561  -2.240  43.421 0.0000000000
62203  -29.141  -3.284  43.723 0.0000000000
62217  -28.774  -3.868  42.204 0.0000000000
61231  -28.302  -4.248  41.806 0.0000000000
63452  -35.873  -2.745  33.320 0.0000000000
62378  -34.840  -3.493  32.551 0.0000000000
63466  -35.210  -2.524  32.770 0.0000000000
68281  -36.382  2.378  27.712 0.0000000000
68280  -35.643  2.453  27.018 0.0000000000
69408  -35.572  3.344  26.596 0.0000000000
142457  -14.748  -8.490  44.345 0.0000000000
57197  -14.982  -8.032  44.910 0.0000000000
57180  -14.441  -8.687  45.069 0.0000000000
56095  -13.952  -9.154  45.638 0.0000000000
61251  -38.375  -3.945  41.049 0.0000000000
65276  -34.675  -0.442  44.376 0.0000000000
65277  -35.588  -0.727  44.195 0.0000000000
63354  -37.549  -2.748  42.069 0.0000000000
62235  -38.041  -3.398  41.592 0.0000000000
62252  -37.633  -3.503  40.740 0.0000000000
65262  -34.488  -0.368  45.356 0.0000000000
73806  -44.746  8.155  27.267 0.0000000000
73823  -44.156  7.859  26.768 0.0000000000
73014  -48.306  7.723  25.724 0.0000000000
138933  -47.286  7.444  25.004 0.0000000000
123557  -47.973  7.587  24.978 0.0000000000
66246  -39.522  0.708  32.294 0.0000000000
70329  -40.327  3.928  30.348 0.0000000000
69382  -39.972  3.155  29.924 0.0000000000
69381  -39.007  3.259  29.503 0.0000000000
70315  -39.929  4.723  30.532 0.0000000000
120062  -20.743  -2.519  42.439 0.0000000000
62212  -19.722  -3.304  41.597 0.0000000000
76549  -56.253  11.854  17.677 0.0000000000
140069  -7.415  -8.716  57.004 0.0000000000
56985  -6.742  -8.664  57.372 0.0000000000
55903  -7.113  -9.456  56.865 0.0000000000
62309  -40.678  -3.577  37.675 0.0000000000
64425  -40.467  -0.795  36.006 0.0000000000
65364  -39.620  -0.224  34.594 0.0000000000
62303  -22.508  -3.860  37.542 0.0000000000
61310  -22.891  -4.432  37.093 0.0000000000
65312  -33.090  -0.666  40.641 0.0000000000
65321  -32.287  -0.601  40.011 0.0000000000
119095  -33.017  -0.894  39.544 0.0000000000
62285  -23.599  -3.375  38.476 0.0000000000
125374  -23.139  -2.904  38.964 0.0000000000
73902  -51.664  8.263  17.831 0.0000000000
74773  -50.963  10.126  22.859 0.0000000000
75693  -52.852  11.060  19.726 0.0000000000
76536  -53.244  11.578  20.310 0.0000000000
77446  -53.540  12.004  20.762 0.0000000000
65417  -34.532  -0.804  29.529 0.0000000000
71335  -36.493  5.520  25.363 0.0000000000
71354  -36.885  5.303  24.774 0.0000000000
71336  -37.222  5.875  25.053 0.0000000000
72182  -37.646  6.427  25.494 0.0000000000
72968  -39.134  7.815  30.971 0.0000000000
75633  -41.495  10.322  29.610 0.0000000000
140418  -40.812  10.107  29.328 0.0000000000
74696  -42.417  10.129  29.230 0.0000000000
57109  -13.321  -8.233  49.061 0.0000000000
56021  -12.031  -9.335  48.908 0.0000000000
55075  -11.063  -10.508  48.612 0.0000000000
55076  -11.691  -10.028  48.308 0.0000000000
49654  -5.642  -15.073  55.586 0.0000000000
50700  -6.144  -14.142  55.595 0.0000000000
50699  -5.649  -14.241  55.745 0.0000000000
51785  -5.395  -12.990  56.255 0.0000000000
68245  -42.066  2.506  31.368 0.0000000000
136160  -19.356  -4.221  39.844 0.0000000000
57017  -9.089  -8.374  54.564 0.0000000000
57005  -8.858  -8.089  55.514 0.0000000000
57016  -8.514  -8.788  55.161 0.0000000000
57004  -8.339  -8.732  56.010 0.0000000000
137195  -36.978  -5.674  36.116 0.0000000000
61270  -25.329  -4.072  39.148 0.0000000000
61292  -25.010  -4.228  38.294 0.0000000000
61273  -27.389  -3.750  39.527 0.0000000000
61294  -26.493  -4.369  38.749 0.0000000000
62287  -27.353  -3.340  38.557 0.0000000000
63370  -27.720  -2.670  38.996 0.0000000000
63372  -35.179  -1.915  38.924 0.0000000000
64386  -34.435  -1.711  38.492 0.0000000000
130510  -34.444  -2.623  36.299 0.0000000000
63398  -34.039  -2.059  36.648 0.0000000000
125766  -33.072  -2.160  35.465 0.0000000000
63439  -33.040  -2.723  34.821 0.0000000000
63429  -33.640  -2.784  35.217 0.0000000000
61356  -33.254  -4.612  34.438 0.0000000000
62190  -28.520  -3.899  44.190 0.0000000000
61193  -28.726  -3.660  45.126 0.0000000000
121311  -27.878  -4.256  44.183 0.0000000000
61198  -27.979  -4.038  45.155 0.0000000000
61204  -27.338  -4.295  43.354 0.0000000000
136774  -26.157  -3.708  42.750 0.0000000000
61214  -26.747  -4.328  42.725 0.0000000000
61248  -26.016  -4.274  40.520 0.0000000000
62267  -25.476  -3.979  39.904 0.0000000000
62266  -24.703  -3.574  39.671 0.0000000000
127613  -45.993  6.842  21.217 0.0000000000
66277  -35.691  0.420  28.771 0.0000000000
130880  -34.934  -0.282  28.759 0.0000000000
65427  -35.180  0.242  27.987 0.0000000000
70353  -35.631  4.290  26.491 0.0000000000
71323  -35.771  5.061  26.332 0.0000000000
140264  -35.941  5.160  25.679 0.0000000000
75569  -41.497  10.629  33.130 0.0000000000
75584  -40.613  10.111  31.859 0.0000000000
75598  -41.953  11.027  31.262 0.0000000000
60166  -16.330  -5.248  44.897 0.0000000000
142094  -16.295  -5.060  45.597 0.0000000000
59231  -16.018  -5.796  45.575 0.0000000000
131497  -15.296  -7.219  45.972 0.0000000000
59216  -15.791  -5.927  46.480 0.0000000000
59200  -15.647  -5.995  47.207 0.0000000000
59199  -15.384  -6.403  47.720 0.0000000000
58230  -15.035  -7.160  47.478 0.0000000000
56076  -13.915  -8.843  46.532 0.0000000000
124692  -14.186  -8.352  47.135 0.0000000000
56056  -13.297  -9.381  46.922 0.0000000000
122617  -13.111  -9.183  47.771 0.0000000000
55112  -12.174  -10.514  46.715 0.0000000000
125906  -36.612  -3.497  38.503 0.0000000000
61296  -37.131  -4.412  38.342 0.0000000000
61276  -39.099  -4.644  39.837 0.0000000000
64332  -30.993  -0.809  43.678 0.0000000000
64342  -30.661  -0.894  42.887 0.0000000000
65283  -31.862  -0.546  43.672 0.0000000000
65294  -33.733  -0.518  42.382 0.0000000000
65303  -33.485  -0.625  41.569 0.0000000000
64354  -34.424  -0.852  41.829 0.0000000000
64335  -36.560  -1.464  43.516 0.0000000000
63353  -36.750  -2.285  41.715 0.0000000000
63340  -36.119  -1.626  42.254 0.0000000000
63352  -36.013  -1.823  41.207 0.0000000000
64372  -35.256  -1.762  39.775 0.0000000000
63361  -35.939  -2.015  40.260 0.0000000000
124013  -36.773  -3.225  39.247 0.0000000000
65274  -32.886  -0.424  44.571 0.0000000000
65273  -31.412  -0.803  44.431 0.0000000000
119218  -30.617  -1.309  44.450 0.0000000000
73008  -42.243  7.419  25.593 0.0000000000
72186  -42.508  7.108  24.918 0.0000000000
73009  -43.053  7.340  25.582 0.0000000000
72188  -44.147  6.969  24.799 0.0000000000
72187  -43.327  7.052  24.863 0.0000000000
72223  -43.707  6.599  23.149 0.0000000000
72210  -44.519  6.788  23.978 0.0000000000
72979  -46.168  7.759  26.786 0.0000000000
73029  -46.684  7.319  24.586 0.0000000000
73028  -45.864  7.216  24.969 0.0000000000
72212  -46.016  7.090  24.022 0.0000000000
72225  -45.275  6.807  23.417 0.0000000000
73043  -47.618  8.021  22.625 0.0000000000
126525  -47.249  7.924  21.810 0.0000000000
73050  -47.070  7.784  20.913 0.0000000000
74763  -49.768  9.305  23.177 0.0000000000
73860  -50.033  9.089  24.100 0.0000000000
74759  -50.964  9.416  24.433 0.0000000000
66257  -37.563  0.474  31.190 0.0000000000
65399  -37.031  0.033  31.837 0.0000000000
66268  -37.254  0.595  30.432 0.0000000000
67198  -40.215  1.406  30.965 0.0000000000
67220  -39.938  1.770  30.364 0.0000000000
67218  -38.657  1.858  29.488 0.0000000000
67210  -38.800  1.380  30.105 0.0000000000
140462  -37.603  0.949  29.926 0.0000000000
66279  -37.462  1.244  29.391 0.0000000000
69391  -38.198  3.311  29.100 0.0000000000
68270  -37.801  2.675  28.764 0.0000000000
143149  -37.373  2.901  28.412 0.0000000000
69390  -37.505  3.475  28.573 0.0000000000
130145  -37.356  4.376  28.696 0.0000000000
72132  -39.468  7.106  31.336 0.0000000000
72951  -41.442  7.554  33.081 0.0000000000
73751  -41.326  8.339  33.378 0.0000000000
73761  -40.439  8.410  32.499 0.0000000000
74653  -41.311  9.973  33.497 0.0000000000
63318  -20.192  -2.495  43.740 0.0000000000
63299  -19.651  -2.624  44.368 0.0000000000
61246  -18.664  -4.528  40.891 0.0000000000
60209  -18.048  -4.978  41.291 0.0000000000
60195  -17.875  -4.717  42.155 0.0000000000
124069  -17.193  -5.193  42.622 0.0000000000
60184  -16.968  -4.941  43.506 0.0000000000
60174  -16.508  -5.512  44.067 0.0000000000
59248  -16.636  -5.715  43.176 0.0000000000
139518  -4.693  -10.028  57.760 0.0000000000
59365  -34.616  -6.978  33.609 0.0000000000
120372  -35.093  -6.604  33.141 0.0000000000
61358  -36.725  -4.345  34.186 0.0000000000
62366  -36.314  -3.420  33.677 0.0000000000
61345  -38.945  -4.691  35.968 0.0000000000
62339  -38.593  -3.980  35.426 0.0000000000
62354  -37.999  -3.258  35.040 0.0000000000
64435  -38.493  -1.309  34.734 0.0000000000
64434  -37.749  -1.711  34.360 0.0000000000
64442  -37.287  -1.223  33.762 0.0000000000
65376  -39.380  0.165  33.791 0.0000000000
66230  -39.672  0.526  33.022 0.0000000000
66206  -41.959  0.403  35.053 0.0000000000
66247  -41.297  1.069  32.596 0.0000000000
60249  -24.271  -5.068  36.767 0.0000000000
60250  -25.177  -5.005  36.914 0.0000000000
138839  -30.790  -0.664  41.573 0.0000000000
122616  -29.408  -1.404  41.158 0.0000000000
64352  -30.129  -0.950  41.349 0.0000000000
64368  -30.110  -0.722  39.213 0.0000000000
64367  -29.361  -1.065  39.592 0.0000000000
63385  -28.189  -2.009  38.473 0.0000000000
64393  -28.839  -1.499  37.984 0.0000000000
121186  -32.812  -1.122  37.819 0.0000000000
64384  -32.393  -0.863  38.496 0.0000000000
122147  -31.954  -0.880  37.753 0.0000000000
63322  -23.420  -1.914  43.214 0.0000000000
63321  -22.476  -1.924  42.985 0.0000000000
62214  -24.835  -2.990  41.820 0.0000000000
63337  -24.891  -2.700  42.745 0.0000000000
62246  -22.163  -2.654  39.975 0.0000000000
63358  -21.867  -2.602  40.656 0.0000000000
62262  -20.485  -3.377  39.726 0.0000000000
62263  -21.132  -3.155  39.361 0.0000000000
73884  -48.668  8.940  20.384 0.0000000000
74793  -49.856  9.438  19.821 0.0000000000
121396  -50.507  9.571  19.530 0.0000000000
75680  -52.055  10.681  22.891 0.0000000000
139050  -51.473  10.470  22.396 0.0000000000
75698  -51.663  10.240  19.603 0.0000000000
75691  -51.491  10.493  20.554 0.0000000000
74794  -51.201  9.707  19.162 0.0000000000
74808  -53.911  9.537  18.032 0.0000000000
75711  -53.906  10.352  18.434 0.0000000000
76540  -54.232  11.797  19.212 0.0000000000
76541  -54.833  12.216  18.979 0.0000000000
54025  -9.774  -11.728  50.431 0.0000000000
54024  -9.427  -12.001  51.173 0.0000000000
64452  -34.623  -1.942  32.139 0.0000000000
72204  -38.828  6.379  24.392 0.0000000000
125803  -37.304  5.132  28.901 0.0000000000
71308  -36.704  5.043  28.331 0.0000000000
71309  -37.133  5.864  28.599 0.0000000000
72972  -37.608  7.325  28.480 0.0000000000
72976  -38.087  7.897  28.001 0.0000000000
74682  -39.425  9.271  30.457 0.0000000000
74683  -39.965  9.859  30.392 0.0000000000
74710  -39.469  9.466  29.016 0.0000000000
73788  -39.180  8.976  28.347 0.0000000000
142935  -38.609  8.187  27.582 0.0000000000
73802  -39.286  8.572  27.596 0.0000000000
73818  -39.713  8.300  26.820 0.0000000000
73819  -40.538  8.374  26.815 0.0000000000
73007  -40.647  7.544  25.671 0.0000000000
72989  -41.191  7.977  26.296 0.0000000000
128688  -41.965  7.726  26.133 0.0000000000
132847  -43.553  9.246  28.265 0.0000000000
73790  -44.180  8.677  27.791 0.0000000000
57086  -11.573  -8.538  50.340 0.0000000000
57069  -11.863  -7.871  50.768 0.0000000000
143813  -11.034  -8.834  50.553 0.0000000000
56000  -10.692  -9.415  50.520 0.0000000000
55044  -10.333  -10.164  50.450 0.0000000000
55059  -10.415  -10.589  49.779 0.0000000000
52978  -10.422  -11.962  49.061 0.0000000000
52988  -10.322  -12.796  48.612 0.0000000000
53995  -8.729  -11.873  52.375 0.0000000000
53994  -8.308  -11.564  53.081 0.0000000000
53967  -7.621  -11.629  54.431 0.0000000000
53966  -7.611  -11.180  55.180 0.0000000000
136484  -7.392  -11.843  55.132 0.0000000000
133563  -6.995  -14.705  54.767 0.0000000000
130021  -6.322  -12.669  56.222 0.0000000000
51796  -6.801  -13.054  55.568 0.0000000000
52892  -6.808  -12.475  56.162 0.0000000000
53949  -7.353  -11.517  56.434 0.0000000000
53948  -6.423  -11.700  56.841 0.0000000000
53946  -4.915  -11.917  56.778 0.0000000000
54961  -3.898  -10.978  57.246 0.0000000000
50702  -4.469  -14.597  55.404 0.0000000000
55940  -8.815  -9.102  54.093 0.0000000000
61249  -26.811  -4.523  40.424 0.0000000000
61250  -27.284  -4.353  40.398 0.0000000000
140904  -34.196  -2.856  35.701 0.0000000000
62321  -34.742  -3.332  35.980 0.0000000000
64321  -30.321  -1.882  45.284 0.0000000000
63307  -29.527  -2.708  44.269 0.0000000000
62202  -28.559  -4.038  43.177 0.0000000000
61215  -27.425  -4.676  42.639 0.0000000000
61230  -27.660  -4.747  41.874 0.0000000000
122048  -27.188  -4.695  41.183 0.0000000000
73057  -46.556  7.142  20.642 0.0000000000
73900  -48.906  8.201  18.910 0.0000000000
61370  -35.418  -4.600  32.934 0.0000000000
66293  -35.342  0.709  27.318 0.0000000000
71315  -35.888  4.828  27.055 0.0000000000
59240  -15.806  -6.418  45.163 0.0000000000
144219  -15.202  -7.536  45.335 0.0000000000
58247  -14.981  -7.522  46.662 0.0000000000
125388  -14.335  -8.563  45.931 0.0000000000
56075  -13.420  -9.553  46.045 0.0000000000
55126  -13.115  -10.343  45.449 0.0000000000
62269  -37.189  -3.380  39.907 0.0000000000
122299  -38.678  -4.327  40.416 0.0000000000
127304  -39.262  -4.283  40.637 0.0000000000
121017  -32.837  -0.411  43.650 0.0000000000
65285  -34.542  -0.521  43.576 0.0000000000
64333  -35.244  -0.830  43.220 0.0000000000
62251  -37.063  -2.948  40.463 0.0000000000
65275  -33.717  -0.334  44.888 0.0000000000
72991  -43.602  7.575  26.228 0.0000000000
72992  -44.526  7.478  26.096 0.0000000000
135047  -44.553  7.215  25.375 0.0000000000
72994  -46.895  7.583  26.209 0.0000000000
73013  -47.497  7.547  25.631 0.0000000000
73035  -46.769  7.359  23.700 0.0000000000
73036  -47.504  7.727  23.479 0.0000000000
73037  -48.065  8.110  23.279 0.0000000000
73867  -48.338  8.521  22.557 0.0000000000
73850  -49.532  8.433  24.601 0.0000000000
65390  -38.132  0.099  32.813 0.0000000000
66258  -38.412  0.702  31.297 0.0000000000
68252  -40.525  2.694  30.329 0.0000000000
68262  -39.983  2.327  30.058 0.0000000000
68271  -38.046  2.074  29.004 0.0000000000
70327  -38.466  4.023  29.429 0.0000000000
71295  -39.636  5.465  30.733 0.0000000000
63301  -21.755  -1.713  44.429 0.0000000000
63319  -20.871  -2.328  43.264 0.0000000000
62199  -20.076  -2.650  42.935 0.0000000000
62211  -19.381  -3.259  42.580 0.0000000000
60208  -17.676  -5.744  40.853 0.0000000000
59254  -16.337  -6.477  42.869 0.0000000000
75713  -55.199  10.629  17.968 0.0000000000
75718  -55.906  10.470  17.530 0.0000000000
75719  -56.363  10.386  17.009 0.0000000000
121943  -35.911  -5.819  34.793 0.0000000000
62353  -37.398  -3.787  34.587 0.0000000000
120825  -39.341  -5.162  38.212 0.0000000000
60256  -38.562  -5.471  37.830 0.0000000000
61317  -39.750  -4.889  37.238 0.0000000000
62323  -39.912  -3.799  36.639 0.0000000000
63416  -40.374  -2.249  36.726 0.0000000000
63442  -38.988  -1.810  35.322 0.0000000000
65377  -40.055  0.249  34.153 0.0000000000
66220  -42.602  0.692  34.375 0.0000000000
65300  -30.748  -0.629  40.844 0.0000000000
65310  -31.509  -0.534  40.409 0.0000000000
65320  -31.513  -0.562  39.539 0.0000000000
65319  -30.843  -0.591  39.106 0.0000000000
64412  -31.785  -1.449  36.185 0.0000000000
64396  -31.418  -1.067  36.972 0.0000000000
63323  -24.354  -2.130  43.390 0.0000000000
62248  -24.109  -3.096  40.236 0.0000000000
62230  -24.407  -2.975  41.081 0.0000000000
62264  -22.408  -2.789  39.149 0.0000000000
62283  -21.596  -3.227  38.649 0.0000000000
62302  -21.838  -3.727  37.786 0.0000000000
142366  -21.498  -4.179  37.589 0.0000000000
74779  -49.322  9.409  21.479 0.0000000000
74780  -50.063  9.776  21.437 0.0000000000
74789  -50.821  10.190  20.967 0.0000000000
75692  -52.140  10.808  20.114 0.0000000000
75700  -53.272  10.750  18.936 0.0000000000
51862  -9.760  -13.037  49.834 0.0000000000
51861  -9.404  -13.558  50.587 0.0000000000
65397  -35.476  -0.647  31.372 0.0000000000
64461  -34.307  -1.625  31.362 0.0000000000
64469  -34.786  -1.005  31.138 0.0000000000
63487  -33.757  -1.815  30.189 0.0000000000
71355  -37.602  5.465  24.412 0.0000000000
72203  -38.036  6.113  24.724 0.0000000000
72140  -38.450  6.809  30.224 0.0000000000
72971  -38.264  7.465  29.645 0.0000000000
73776  -38.669  8.291  29.623 0.0000000000
75632  -40.665  10.277  30.067 0.0000000000
140514  -40.044  8.647  27.336 0.0000000000
74726  -41.061  9.350  27.992 0.0000000000
73803  -41.679  8.738  27.425 0.0000000000
74727  -42.081  9.245  27.957 0.0000000000
74713  -42.644  9.594  28.475 0.0000000000
57110  -14.088  -7.799  48.703 0.0000000000
57088  -12.999  -7.920  49.833 0.0000000000
56002  -11.822  -8.866  49.675 0.0000000000
56020  -11.381  -9.544  49.456 0.0000000000
55060  -10.900  -10.212  49.269 0.0000000000
54053  -10.782  -11.321  48.383 0.0000000000
52989  -10.623  -12.192  48.155 0.0000000000
125726  -8.258  -13.394  52.807 0.0000000000
52928  -8.244  -12.424  52.936 0.0000000000
123996  -7.786  -12.965  53.668 0.0000000000
51806  -7.323  -13.449  54.411 0.0000000000
133924  -6.577  -14.426  55.289 0.0000000000
51787  -6.233  -13.227  55.901 0.0000000000
129301  -5.956  -12.748  56.344 0.0000000000
52879  -4.833  -12.582  56.385 0.0000000000
62204  -38.483  -2.719  42.981 0.0000000000
73792  -45.936  8.569  28.120 0.0000000000
73808  -46.536  8.173  27.562 0.0000000000
73809  -47.421  8.229  27.724 0.0000000000
72996  -48.545  7.920  26.469 0.0000000000
126020  -49.097  7.984  25.900 0.0000000000
66259  -40.906  1.363  31.735 0.0000000000
67200  -41.592  1.925  31.352 0.0000000000
68253  -41.259  2.591  30.821 0.0000000000
69372  -41.449  3.444  30.906 0.0000000000
71297  -41.109  5.101  31.359 0.0000000000
62228  -20.350  -3.139  40.717 0.0000000000
62227  -19.623  -3.603  40.832 0.0000000000
61247  -19.224  -4.098  40.511 0.0000000000
61267  -18.835  -4.651  40.088 0.0000000000
56994  -8.009  -8.583  56.635 0.0000000000
55915  -7.959  -9.462  56.356 0.0000000000
60288  -35.675  -5.739  35.139 0.0000000000
65354  -40.604  -0.176  35.376 0.0000000000
61291  -24.144  -3.939  37.968 0.0000000000
120954  -26.137  -4.499  38.038 0.0000000000
129946  -26.610  -4.272  37.859 0.0000000000
62305  -27.209  -3.595  37.612 0.0000000000
64370  -33.752  -1.369  39.060 0.0000000000
122993  -33.626  -1.433  38.085 0.0000000000
64398  -33.352  -1.540  37.036 0.0000000000
63412  -32.709  -1.645  36.199 0.0000000000
63325  -26.084  -2.867  43.937 0.0000000000
62201  -26.587  -3.675  43.449 0.0000000000
62215  -25.563  -3.388  42.326 0.0000000000
62231  -25.589  -3.749  41.397 0.0000000000
72242  -44.671  6.309  21.589 0.0000000000
75676  -51.958  10.442  23.612 0.0000000000
75677  -52.605  10.795  23.450 0.0000000000
77441  -53.618  12.165  21.527 0.0000000000
72181  -36.814  6.155  25.763 0.0000000000
74664  -40.345  9.377  32.206 0.0000000000
75597  -41.173  10.658  31.484 0.0000000000
75614  -42.509  10.830  30.510 0.0000000000
60160  -16.136  -5.218  46.306 0.0000000000
58229  -14.591  -7.820  47.295 0.0000000000
57144  -14.147  -8.145  47.825 0.0000000000
57128  -13.555  -8.518  48.243 0.0000000000
55091  -11.970  -10.266  47.555 0.0000000000
48626  -5.038  -16.006  55.770 0.0000000000
62307  -36.254  -3.646  37.763 0.0000000000
61316  -36.685  -4.501  37.614 0.0000000000
61298  -38.514  -5.033  38.847 0.0000000000
61253  -39.541  -3.973  41.069 0.0000000000
63339  -29.313  -2.097  42.403 0.0000000000
64341  -29.906  -1.448  42.738 0.0000000000
130675  -30.366  -0.954  42.111 0.0000000000
65291  -31.169  -0.594  42.197 0.0000000000
65293  -32.986  -0.420  42.770 0.0000000000
65292  -32.180  -0.490  42.261 0.0000000000
65302  -32.617  -0.517  41.445 0.0000000000
64334  -35.785  -1.004  43.586 0.0000000000
119333  -35.274  -1.092  42.477 0.0000000000
64345  -36.566  -1.649  42.945 0.0000000000
64360  -34.570  -1.245  40.914 0.0000000000
136981  -34.708  -1.465  40.182 0.0000000000
137389  -35.679  -2.365  38.665 0.0000000000
62288  -35.921  -2.896  38.181 0.0000000000
128089  -41.094  6.845  24.341 0.0000000000
72207  -41.943  6.824  24.235 0.0000000000
131039  -43.014  6.667  23.545 0.0000000000
72978  -45.385  7.840  26.931 0.0000000000
72993  -45.372  7.563  26.349 0.0000000000
73011  -45.228  7.309  25.607 0.0000000000
124735  -44.891  6.637  22.724 0.0000000000
136789  -44.930  6.566  22.176 0.0000000000
73062  -47.151  7.465  20.032 0.0000000000
142120  -47.494  8.071  20.442 0.0000000000
73063  -47.760  7.997  19.813 0.0000000000
129000  -48.264  8.800  20.943 0.0000000000
73875  -48.864  9.081  21.999 0.0000000000
74771  -49.534  9.430  22.253 0.0000000000
73837  -49.687  8.246  25.445 0.0000000000
73851  -50.330  8.669  24.958 0.0000000000
75671  -51.799  10.039  24.325 0.0000000000
64454  -36.143  -1.139  32.819 0.0000000000
65387  -35.758  -0.822  32.144 0.0000000000
65398  -36.268  -0.325  31.617 0.0000000000
65408  -36.001  -0.176  30.843 0.0000000000
144363  -35.813  -0.039  30.177 0.0000000000
141960  -38.848  1.053  30.718 0.0000000000
66278  -36.064  0.344  29.548 0.0000000000
66287  -36.610  1.011  28.935 0.0000000000
127754  -36.574  1.641  28.216 0.0000000000
69400  -36.381  3.797  27.660 0.0000000000
71301  -37.764  5.690  29.330 0.0000000000
123782  -38.494  4.904  29.741 0.0000000000
71302  -38.445  5.885  29.972 0.0000000000
73773  -39.871  8.697  31.854 0.0000000000
72134  -40.671  5.983  31.707 0.0000000000
72114  -40.768  6.817  32.241 0.0000000000
72950  -40.863  7.535  32.633 0.0000000000
72133  -40.041  6.884  31.788 0.0000000000
72964  -40.224  7.674  32.171 0.0000000000
61213  -19.055  -3.768  41.960 0.0000000000
61212  -18.484  -3.949  42.593 0.0000000000
62197  -18.848  -3.431  43.258 0.0000000000
61203  -18.155  -3.806  43.525 0.0000000000
61197  -17.916  -3.680  44.361 0.0000000000
60175  -16.775  -4.725  44.370 0.0000000000
58301  -15.903  -6.938  43.412 0.0000000000
129319  -15.761  -6.781  44.404 0.0000000000
137121  -56.499  10.983  16.781 0.0000000000
60254  -36.979  -5.310  37.272 0.0000000000
60273  -37.450  -5.640  36.710 0.0000000000
60274  -38.179  -5.633  37.099 0.0000000000
65375  -38.468  -0.179  33.611 0.0000000000
66218  -40.822  0.502  34.023 0.0000000000
122580  -40.863  0.719  33.187 0.0000000000
140958  -29.119  -1.896  41.685 0.0000000000
63351  -28.784  -2.025  41.040 0.0000000000
63360  -28.453  -2.092  40.228 0.0000000000
132111  -29.855  -0.860  40.449 0.0000000000
64366  -28.710  -1.574  39.720 0.0000000000
63371  -28.238  -2.048  39.391 0.0000000000
63396  -27.800  -2.814  36.983 0.0000000000
144311  -32.687  -0.925  39.002 0.0000000000
64383  -31.520  -0.669  38.569 0.0000000000
64382  -30.455  -0.737  38.259 0.0000000000
64395  -30.519  -1.017  37.173 0.0000000000
64394  -29.640  -1.139  37.555 0.0000000000
64409  -28.966  -1.631  36.938 0.0000000000
63411  -28.449  -2.294  36.482 0.0000000000
63334  -21.413  -2.469  41.905 0.0000000000
127192  -24.038  -2.358  42.643 0.0000000000
62229  -23.531  -2.690  40.870 0.0000000000
63348  -22.962  -2.423  41.559 0.0000000000
63347  -22.074  -2.482  41.362 0.0000000000
63346  -21.227  -2.651  41.060 0.0000000000
61269  -19.875  -4.048  39.222 0.0000000000
61289  -20.329  -4.257  38.469 0.0000000000
73888  -48.425  8.437  19.673 0.0000000000
142377  -49.575  8.557  18.847 0.0000000000
73901  -50.225  8.517  18.500 0.0000000000
124841  -50.966  8.487  18.171 0.0000000000
74807  -52.408  9.535  18.452 0.0000000000
73909  -53.108  8.221  17.573 0.0000000000
74812  -54.758  9.127  17.599 0.0000000000
75712  -54.514  10.713  18.345 0.0000000000
77456  -55.603  12.208  18.443 0.0000000000
127474  -9.235  -9.874  52.473 0.0000000000
55027  -9.480  -10.423  51.662 0.0000000000
54008  -9.199  -11.433  51.752 0.0000000000
124489  -9.070  -12.182  51.781 0.0000000000
51826  -8.707  -13.368  52.010 0.0000000000
140859  -40.294  6.833  24.583 0.0000000000
70345  -36.266  4.541  27.675 0.0000000000
71316  -36.317  5.334  27.582 0.0000000000
72148  -37.457  6.666  28.882 0.0000000000
72159  -36.601  6.087  27.381 0.0000000000
72160  -36.994  6.799  27.140 0.0000000000
72985  -37.670  7.292  26.779 0.0000000000
73780  -39.041  9.114  29.717 0.0000000000
124987  -38.776  8.831  28.957 0.0000000000
125240  -38.147  7.831  27.206 0.0000000000
72986  -38.507  7.577  26.478 0.0000000000
73005  -38.978  7.215  25.770 0.0000000000
73006  -39.830  7.421  25.683 0.0000000000
143144  -40.243  7.157  25.203 0.0000000000
134693  -41.455  7.506  25.625 0.0000000000
73804  -42.583  8.633  27.445 0.0000000000
73822  -43.228  8.065  26.941 0.0000000000
75635  -43.141  10.444  29.779 0.0000000000
57048  -10.374  -8.230  52.320 0.0000000000
57068  -10.769  -8.268  51.619 0.0000000000
55965  -10.181  -8.893  51.758 0.0000000000
55982  -10.122  -9.673  51.172 0.0000000000
54039  -10.173  -11.398  49.740 0.0000000000
52964  -9.984  -12.245  49.825 0.0000000000
54063  -11.007  -11.618  47.575 0.0000000000
142571  -8.697  -10.190  53.104 0.0000000000
55954  -8.321  -9.978  53.963 0.0000000000
53980  -8.017  -11.383  53.754 0.0000000000
55939  -8.340  -9.406  54.734 0.0000000000
54975  -7.925  -10.303  55.134 0.0000000000
55924  -7.984  -10.311  56.127 0.0000000000
54964  -7.659  -10.868  56.391 0.0000000000
49668  -7.607  -14.932  54.086 0.0000000000
50713  -7.401  -14.260  54.324 0.0000000000
51805  -7.012  -13.060  55.088 0.0000000000
52901  -7.127  -12.311  55.555 0.0000000000
53956  -7.550  -11.666  55.837 0.0000000000
55914  -7.516  -10.169  56.651 0.0000000000
55913  -6.615  -10.352  56.942 0.0000000000
55912  -5.596  -10.215  57.301 0.0000000000
53947  -5.673  -11.773  57.017 0.0000000000
125326  -4.807  -10.746  57.544 0.0000000000
121993  -3.968  -10.219  57.648 0.0000000000
136969  -4.942  -15.519  55.705 0.0000000000
48625  -4.250  -16.131  55.760 0.0000000000
51794  -4.663  -13.231  55.945 0.0000000000
139096  -4.320  -12.715  55.815 0.0000000000
51795  -6.517  -12.979  55.860 0.0000000000
52882  -6.832  -12.013  56.507 0.0000000000
55028  -9.866  -10.468  50.922 0.0000000000
56001  -11.233  -9.171  50.060 0.0000000000
57033  -9.401  -8.566  53.578 0.0000000000
58263  -15.490  -6.974  45.247 0.0000000000
61199  -28.187  -4.072  44.869 0.0000000000
62218  -29.044  -3.044  42.785 0.0000000000
64468  -34.236  -1.295  30.455 0.0000000000
70362  -35.652  4.552  25.761 0.0000000000
72141  -39.004  6.930  30.829 0.0000000000
72171  -38.095  6.980  25.997 0.0000000000
120265  -26.920  -4.754  41.953 0.0000000000
122797  -36.180  5.692  26.067 0.0000000000
123678  -32.288  -0.482  43.051 0.0000000000
139288  -11.222  -8.334  50.978 0.0000000000
141642  -37.650  2.180  28.704 0.0000000000
141777  -24.424  -2.639  42.249 0.0000000000
142798  -29.959  -0.715  39.797 0.0000000000
143396  -28.180  -4.336  43.683 0.0000000000
