#!ascii label  , from subject sub-v1s18x0051267_ses-1 vox2ras=TkReg
864
94639  48.481  26.953  4.855 0.0000000000
119795  55.788  33.522  5.556 0.0000000000
93931  58.085  24.973  10.252 0.0000000000
95237  45.015  27.218  9.035 0.0000000000
93921  48.006  25.604  11.208 0.0000000000
98581  50.961  32.194  3.312 0.0000000000
101082  50.671  36.214  8.846 0.0000000000
100460  48.726  35.353  5.080 0.0000000000
131775  55.446  25.570  15.187 0.0000000000
91872  54.085  22.150  15.432 0.0000000000
95915  53.601  28.098  1.817 0.0000000000
93963  53.300  25.611  7.274 0.0000000000
95275  54.811  27.745  5.150 0.0000000000
95869  52.878  28.850  9.667 0.0000000000
101752  47.194  38.250  1.290 0.0000000000
101125  54.269  37.359  1.419 0.0000000000
93229  51.700  24.371  12.741 0.0000000000
129790  47.276  27.422  7.420 0.0000000000
94585  47.108  26.563  10.082 0.0000000000
120637  49.053  26.969  8.413 0.0000000000
96568  50.052  28.896  3.855 0.0000000000
95895  47.240  27.920  4.990 0.0000000000
101078  47.819  36.799  9.587 0.0000000000
93188  52.911  24.196  16.509 0.0000000000
91832  57.591  21.987  18.192 0.0000000000
90512  54.313  20.609  18.473 0.0000000000
99886  48.845  34.232  -1.628 0.0000000000
97932  55.529  31.427  3.058 0.0000000000
124419  55.662  27.692  2.718 0.0000000000
97241  55.499  31.065  4.454 0.0000000000
99800  53.370  34.508  10.436 0.0000000000
98538  51.811  32.171  7.646 0.0000000000
134741  50.259  31.767  8.465 0.0000000000
96509  51.296  29.569  11.270 0.0000000000
99843  52.050  35.100  4.690 0.0000000000
100478  51.777  36.574  3.575 0.0000000000
125893  54.873  35.868  3.367 0.0000000000
98594  54.717  32.423  1.715 0.0000000000
93281  56.805  24.533  8.179 0.0000000000
117705  53.299  25.369  10.272 0.0000000000
93251  54.999  24.646  11.574 0.0000000000
93234  46.231  24.263  12.194 0.0000000000
127073  47.304  23.053  12.568 0.0000000000
99857  51.437  34.340  0.560 0.0000000000
117201  48.989  32.941  1.765 0.0000000000
99819  53.756  34.400  7.404 0.0000000000
98534  56.578  33.058  7.358 0.0000000000
101714  43.128  37.162  7.061 0.0000000000
101098  45.170  36.368  5.003 0.0000000000
99821  50.138  34.663  7.170 0.0000000000
123896  57.798  26.004  13.418 0.0000000000
93212  57.222  24.322  14.148 0.0000000000
92552  57.919  23.737  15.994 0.0000000000
90545  55.976  19.976  15.916 0.0000000000
94654  50.840  26.834  2.680 0.0000000000
94626  51.430  26.285  5.747 0.0000000000
93995  53.228  25.612  3.460 0.0000000000
93985  56.604  24.981  4.613 0.0000000000
94614  57.220  25.448  7.209 0.0000000000
97904  53.890  31.492  6.100 0.0000000000
95881  53.443  28.423  7.345 0.0000000000
95223  55.997  27.564  10.307 0.0000000000
118013  54.498  27.919  12.504 0.0000000000
125770  52.475  26.866  13.531 0.0000000000
100498  46.545  35.669  0.360 0.0000000000
101160  49.480  36.272  -0.401 0.0000000000
102362  50.688  38.427  0.847 0.0000000000
131677  52.524  36.779  -0.543 0.0000000000
99852  52.287  34.105  1.909 0.0000000000
130019  52.464  30.161  3.058 0.0000000000
94594  51.127  26.175  9.243 0.0000000000
116797  49.755  24.731  12.178 0.0000000000
130495  49.005  22.037  13.058 0.0000000000
92557  52.248  22.687  14.408 0.0000000000
94629  48.348  27.142  5.868 0.0000000000
95246  48.074  27.259  8.284 0.0000000000
94619  49.127  27.155  6.851 0.0000000000
95283  48.984  27.065  3.543 0.0000000000
95903  48.715  28.424  4.352 0.0000000000
95276  47.867  27.291  5.123 0.0000000000
95269  46.483  27.735  5.807 0.0000000000
92539  52.179  23.809  16.855 0.0000000000
92517  54.207  22.864  17.663 0.0000000000
91846  52.586  22.498  17.641 0.0000000000
90570  45.721  20.604  11.500 0.0000000000
99227  55.357  33.033  3.672 0.0000000000
97921  55.676  30.833  3.673 0.0000000000
98556  55.889  32.634  5.394 0.0000000000
100424  50.988  35.189  10.719 0.0000000000
99177  50.879  33.066  8.662 0.0000000000
99841  54.192  34.525  4.800 0.0000000000
100467  54.167  35.480  4.083 0.0000000000
100466  54.853  34.819  4.127 0.0000000000
99849  55.292  34.069  3.087 0.0000000000
93266  57.853  24.788  9.610 0.0000000000
93268  55.862  24.662  10.342 0.0000000000
93250  56.319  24.590  11.606 0.0000000000
94601  44.779  26.713  9.939 0.0000000000
131254  44.957  26.191  10.693 0.0000000000
93938  47.566  26.108  10.668 0.0000000000
93923  46.464  25.510  11.316 0.0000000000
131457  47.421  25.103  11.701 0.0000000000
92567  46.768  23.658  12.440 0.0000000000
93232  47.907  24.537  12.190 0.0000000000
99239  51.378  33.388  2.314 0.0000000000
99251  49.709  33.189  1.363 0.0000000000
98582  50.015  32.328  3.271 0.0000000000
95249  45.192  27.467  7.996 0.0000000000
95238  44.061  27.194  9.144 0.0000000000
122100  51.163  35.523  8.368 0.0000000000
137190  53.530  35.161  8.464 0.0000000000
101075  52.543  36.762  9.458 0.0000000000
101083  49.665  36.260  8.908 0.0000000000
100437  49.087  35.559  8.406 0.0000000000
100436  50.101  35.567  8.325 0.0000000000
99820  51.057  34.641  7.205 0.0000000000
136213  56.339  26.293  14.168 0.0000000000
133155  58.223  24.794  14.867 0.0000000000
93202  57.745  24.477  16.009 0.0000000000
90519  57.062  19.706  18.072 0.0000000000
90530  57.381  20.359  16.986 0.0000000000
89780  56.436  18.817  15.347 0.0000000000
95917  52.016  27.254  2.204 0.0000000000
94663  51.688  26.311  2.777 0.0000000000
95299  53.498  26.634  1.720 0.0000000000
129562  55.383  28.101  3.916 0.0000000000
115809  55.835  26.121  3.194 0.0000000000
94634  56.382  25.485  4.716 0.0000000000
94623  57.199  25.164  6.302 0.0000000000
95264  55.392  26.802  6.297 0.0000000000
131202  56.312  33.671  8.771 0.0000000000
98535  56.179  32.817  7.688 0.0000000000
98536  54.667  32.669  7.589 0.0000000000
96544  51.715  29.978  7.754 0.0000000000
96543  52.333  29.600  7.314 0.0000000000
95875  53.441  28.347  8.341 0.0000000000
95233  54.860  27.658  9.140 0.0000000000
95867  54.186  28.292  9.785 0.0000000000
126862  54.915  28.366  11.029 0.0000000000
95847  54.421  28.525  11.388 0.0000000000
95850  50.834  29.258  11.736 0.0000000000
95201  52.773  28.128  12.457 0.0000000000
101773  46.655  37.306  1.122 0.0000000000
100497  47.419  35.811  0.250 0.0000000000
101771  48.779  37.367  0.498 0.0000000000
100474  46.963  35.764  4.946 0.0000000000
101107  46.462  36.494  4.278 0.0000000000
101104  49.100  36.290  3.917 0.0000000000
101736  53.632  37.924  2.128 0.0000000000
101737  51.278  38.038  2.057 0.0000000000
101748  53.158  38.261  1.360 0.0000000000
120699  52.025  37.892  0.264 0.0000000000
101137  53.486  37.445  0.479 0.0000000000
100486  52.709  35.736  0.307 0.0000000000
99854  54.242  35.441  1.426 0.0000000000
97272  54.611  31.407  1.632 0.0000000000
97947  53.853  31.776  1.856 0.0000000000
96582  52.926  29.382  2.596 0.0000000000
95908  51.589  28.159  2.878 0.0000000000
93971  52.869  25.755  6.546 0.0000000000
94617  51.097  26.512  7.679 0.0000000000
93957  52.488  25.925  8.095 0.0000000000
93253  51.890  24.815  11.997 0.0000000000
93919  51.122  25.225  11.421 0.0000000000
93254  51.040  24.706  12.224 0.0000000000
92565  49.068  23.539  12.883 0.0000000000
92563  49.992  23.414  13.227 0.0000000000
118244  54.969  23.387  14.765 0.0000000000
138185  54.519  23.957  14.058 0.0000000000
121009  53.037  22.371  14.897 0.0000000000
95248  46.227  27.399  8.217 0.0000000000
136079  46.342  26.558  10.102 0.0000000000
94598  47.491  27.019  9.261 0.0000000000
94584  48.040  26.534  10.057 0.0000000000
94583  48.839  26.356  10.088 0.0000000000
97253  50.640  30.757  3.868 0.0000000000
118149  45.782  27.536  7.252 0.0000000000
93882  54.804  25.057  15.782 0.0000000000
93186  56.703  24.377  16.513 0.0000000000
92536  54.979  23.284  17.497 0.0000000000
91169  55.771  20.954  18.582 0.0000000000
97270  55.223  30.322  1.808 0.0000000000
95305  55.106  27.944  1.654 0.0000000000
96580  55.613  29.486  2.406 0.0000000000
97240  55.609  30.076  3.751 0.0000000000
137429  55.051  29.207  4.453 0.0000000000
99808  54.321  33.982  10.034 0.0000000000
99175  53.771  33.307  8.756 0.0000000000
99176  52.074  33.222  8.591 0.0000000000
97889  50.878  31.821  7.974 0.0000000000
97205  50.870  30.162  9.053 0.0000000000
96522  51.973  29.436  10.283 0.0000000000
97193  50.814  30.084  10.069 0.0000000000
96524  50.804  30.032  10.910 0.0000000000
95851  50.115  29.537  11.666 0.0000000000
102341  45.840  38.555  2.445 0.0000000000
100458  50.464  35.173  4.872 0.0000000000
101103  50.022  36.191  3.865 0.0000000000
100469  51.956  35.833  4.097 0.0000000000
100476  54.074  36.446  3.515 0.0000000000
100481  55.030  36.050  2.560 0.0000000000
99248  54.953  35.187  1.953 0.0000000000
99850  55.179  35.062  2.579 0.0000000000
98593  55.166  32.461  1.987 0.0000000000
124515  54.820  25.038  7.561 0.0000000000
93956  53.440  25.568  8.267 0.0000000000
93945  54.596  25.166  9.272 0.0000000000
93270  53.985  24.998  10.904 0.0000000000
93228  52.548  24.523  12.563 0.0000000000
89785  53.659  19.706  13.906 0.0000000000
90555  52.539  20.179  13.979 0.0000000000
93236  44.856  23.877  12.243 0.0000000000
93924  45.603  25.683  11.190 0.0000000000
93259  45.656  24.874  11.810 0.0000000000
92569  45.267  23.326  12.344 0.0000000000
91883  45.792  22.667  12.375 0.0000000000
91219  46.470  21.990  12.301 0.0000000000
91229  46.955  21.271  11.966 0.0000000000
99264  51.088  33.606  -0.501 0.0000000000
98606  49.018  32.885  0.912 0.0000000000
99825  54.716  34.081  6.682 0.0000000000
99199  56.675  33.151  6.970 0.0000000000
99818  55.597  34.161  7.851 0.0000000000
99813  55.985  34.354  8.662 0.0000000000
100428  56.258  35.179  10.134 0.0000000000
100420  56.147  35.151  10.545 0.0000000000
100412  54.899  35.532  11.532 0.0000000000
101094  44.239  36.270  6.308 0.0000000000
133854  46.199  35.454  6.323 0.0000000000
100454  47.800  35.049  6.496 0.0000000000
99830  49.252  34.745  6.320 0.0000000000
99828  50.579  34.601  6.442 0.0000000000
99826  52.887  34.371  6.483 0.0000000000
135284  58.001  25.634  11.802 0.0000000000
93224  57.430  24.690  12.248 0.0000000000
93210  58.347  24.864  13.971 0.0000000000
92555  57.827  24.108  15.168 0.0000000000
91869  55.485  22.055  15.902 0.0000000000
91857  57.953  23.026  17.033 0.0000000000
133035  56.718  22.033  16.373 0.0000000000
90546  54.687  21.149  15.637 0.0000000000
94646  49.493  26.704  3.785 0.0000000000
94637  49.980  26.716  5.602 0.0000000000
94645  51.004  26.430  3.397 0.0000000000
94635  52.148  25.924  5.137 0.0000000000
93979  53.872  25.282  5.238 0.0000000000
94661  55.112  25.975  1.966 0.0000000000
134769  55.696  24.807  4.196 0.0000000000
93969  55.560  24.651  6.126 0.0000000000
93295  56.532  24.609  6.446 0.0000000000
93286  57.848  24.945  7.586 0.0000000000
94607  58.018  25.258  9.055 0.0000000000
98557  56.044  32.623  6.019 0.0000000000
97903  55.152  32.141  6.003 0.0000000000
96558  53.921  29.989  5.388 0.0000000000
97226  52.865  31.035  6.472 0.0000000000
96549  53.270  29.633  6.038 0.0000000000
132288  53.972  28.377  6.050 0.0000000000
129932  55.374  26.927  7.308 0.0000000000
94593  56.673  26.504  8.633 0.0000000000
132472  57.616  26.228  10.286 0.0000000000
131967  56.883  27.083  11.545 0.0000000000
95198  56.096  27.351  12.646 0.0000000000
134364  55.613  26.639  13.809 0.0000000000
95832  53.405  28.551  12.048 0.0000000000
95188  54.006  27.437  13.068 0.0000000000
94538  53.880  26.242  14.291 0.0000000000
93896  53.125  25.710  14.799 0.0000000000
130468  47.451  34.729  -0.589 0.0000000000
100512  48.855  35.423  -0.628 0.0000000000
100511  50.451  35.340  -1.712 0.0000000000
101115  50.330  36.936  3.197 0.0000000000
101750  49.126  38.459  0.930 0.0000000000
101770  49.927  37.856  0.445 0.0000000000
101158  51.382  36.501  -0.946 0.0000000000
100509  51.914  35.640  -1.588 0.0000000000
99864  52.011  35.189  -0.222 0.0000000000
99856  52.028  34.737  1.006 0.0000000000
120106  52.171  33.314  2.462 0.0000000000
99237  54.348  34.440  1.674 0.0000000000
98596  52.491  32.766  2.629 0.0000000000
98580  51.911  32.114  3.198 0.0000000000
96576  50.799  29.758  3.776 0.0000000000
95909  49.994  27.773  3.350 0.0000000000
94618  50.233  26.830  7.634 0.0000000000
94595  50.206  26.461  9.103 0.0000000000
93936  49.374  25.952  10.549 0.0000000000
93948  51.800  25.768  9.875 0.0000000000
117014  50.784  25.602  10.744 0.0000000000
93256  49.097  24.949  11.932 0.0000000000
117957  48.402  24.060  12.562 0.0000000000
91881  47.803  22.423  12.615 0.0000000000
93225  56.133  24.520  12.454 0.0000000000
92559  54.028  24.287  13.236 0.0000000000
92562  51.532  22.984  13.978 0.0000000000
91207  51.795  21.402  14.303 0.0000000000
91211  50.393  21.750  13.611 0.0000000000
90520  52.425  19.562  18.053 0.0000000000
88994  53.565  18.709  17.725 0.0000000000
95267  48.322  27.291  6.776 0.0000000000
94628  49.183  26.923  5.779 0.0000000000
94647  48.723  26.938  3.912 0.0000000000
95284  48.315  27.223  4.534 0.0000000000
92518  52.370  23.247  17.338 0.0000000000
99218  55.917  33.287  5.361 0.0000000000
116969  55.828  32.900  4.918 0.0000000000
115571  55.115  33.958  5.100 0.0000000000
99840  55.256  33.928  4.623 0.0000000000
99846  55.375  33.666  4.246 0.0000000000
122176  56.683  24.615  10.876 0.0000000000
93248  57.804  24.807  10.747 0.0000000000
94600  45.740  26.833  9.672 0.0000000000
93257  48.348  25.081  11.758 0.0000000000
98598  50.654  32.824  2.742 0.0000000000
95250  44.300  27.537  8.265 0.0000000000
100431  51.820  36.147  8.955 0.0000000000
122199  51.273  36.874  9.353 0.0000000000
101076  50.283  36.922  9.347 0.0000000000
94537  55.804  26.071  14.530 0.0000000000
93894  56.915  25.514  15.152 0.0000000000
93881  56.600  25.000  15.850 0.0000000000
89755  57.243  19.522  16.877 0.0000000000
127063  53.080  27.341  1.873 0.0000000000
95306  54.223  27.300  1.597 0.0000000000
95282  55.321  27.449  4.402 0.0000000000
95274  55.493  26.780  5.166 0.0000000000
121065  56.356  25.852  5.734 0.0000000000
95265  54.558  27.649  5.956 0.0000000000
99173  56.281  33.902  9.398 0.0000000000
99187  55.958  33.047  8.395 0.0000000000
99174  55.632  33.382  8.967 0.0000000000
96536  52.187  29.284  8.295 0.0000000000
95876  52.783  28.773  8.803 0.0000000000
95868  53.435  28.482  9.312 0.0000000000
95858  54.286  28.528  10.711 0.0000000000
95859  53.432  28.774  10.351 0.0000000000
95834  50.905  28.595  12.248 0.0000000000
101753  46.353  38.138  1.554 0.0000000000
101772  47.583  37.530  0.856 0.0000000000
101751  48.019  38.334  1.131 0.0000000000
100473  47.918  35.776  4.666 0.0000000000
100472  48.682  35.864  4.417 0.0000000000
101123  54.288  37.483  2.132 0.0000000000
101747  53.962  37.968  1.352 0.0000000000
100494  53.862  37.087  0.786 0.0000000000
100485  53.649  36.172  0.775 0.0000000000
100484  54.396  36.540  1.389 0.0000000000
96590  54.222  29.979  1.678 0.0000000000
133256  53.981  30.849  1.751 0.0000000000
96581  53.679  29.092  1.925 0.0000000000
95916  52.748  28.347  2.424 0.0000000000
94616  52.374  26.033  7.130 0.0000000000
121190  50.756  24.076  12.948 0.0000000000
92556  53.902  22.952  14.976 0.0000000000
91205  53.258  21.388  15.111 0.0000000000
95259  46.556  27.457  7.596 0.0000000000
95235  46.700  27.258  8.907 0.0000000000
95247  47.092  27.368  8.342 0.0000000000
94597  48.663  26.743  9.295 0.0000000000
97242  50.048  30.056  4.167 0.0000000000
96569  49.368  29.217  4.320 0.0000000000
95904  47.950  28.357  4.739 0.0000000000
95268  47.415  27.367  6.141 0.0000000000
117746  46.469  27.521  6.676 0.0000000000
93204  53.740  24.624  16.152 0.0000000000
93203  54.970  24.477  16.412 0.0000000000
93187  53.954  24.045  16.732 0.0000000000
91170  53.704  21.415  18.229 0.0000000000
128348  54.753  21.779  18.284 0.0000000000
90511  55.380  19.901  18.600 0.0000000000
89748  55.156  19.218  18.285 0.0000000000
99887  47.538  34.183  -1.166 0.0000000000
99284  46.998  33.606  -1.700 0.0000000000
97945  55.386  31.053  2.186 0.0000000000
138077  55.434  29.909  2.038 0.0000000000
118933  55.667  30.716  2.938 0.0000000000
96567  55.242  29.907  4.327 0.0000000000
99164  53.150  33.660  9.283 0.0000000000
99809  52.428  34.130  9.731 0.0000000000
98526  50.492  32.386  8.471 0.0000000000
97213  51.132  30.414  8.163 0.0000000000
97214  50.493  31.017  8.435 0.0000000000
96531  51.453  29.676  9.719 0.0000000000
97206  50.237  30.666  9.406 0.0000000000
97194  50.174  30.458  10.388 0.0000000000
97195  49.462  30.763  10.616 0.0000000000
97182  50.056  30.202  11.175 0.0000000000
99844  51.256  35.305  4.613 0.0000000000
101111  54.612  36.812  2.790 0.0000000000
136206  55.141  35.572  2.979 0.0000000000
98579  55.333  32.317  2.908 0.0000000000
99235  55.220  33.231  2.516 0.0000000000
122287  55.325  31.803  2.234 0.0000000000
97955  55.066  31.043  1.694 0.0000000000
93954  55.654  24.677  7.886 0.0000000000
93955  54.513  25.213  8.410 0.0000000000
93275  55.675  24.743  8.896 0.0000000000
93269  54.919  24.780  10.621 0.0000000000
115496  53.806  24.770  11.745 0.0000000000
93227  53.481  24.550  12.495 0.0000000000
93237  44.154  24.096  12.240 0.0000000000
93260  44.829  24.548  11.980 0.0000000000
93939  46.565  26.089  10.730 0.0000000000
93258  46.539  24.972  11.766 0.0000000000
134862  46.063  25.277  11.524 0.0000000000
93235  45.462  24.073  12.213 0.0000000000
92568  45.991  23.469  12.369 0.0000000000
91882  46.545  22.849  12.458 0.0000000000
132400  47.089  22.388  12.464 0.0000000000
99865  51.552  34.372  -0.424 0.0000000000
98600  48.526  32.738  2.520 0.0000000000
99814  54.656  34.901  8.561 0.0000000000
100434  56.013  34.784  9.386 0.0000000000
101070  55.486  36.538  10.837 0.0000000000
100421  55.697  34.949  10.972 0.0000000000
101718  43.003  37.214  6.209 0.0000000000
101095  43.555  36.689  6.650 0.0000000000
100455  45.640  35.504  6.808 0.0000000000
124479  46.400  35.320  6.999 0.0000000000
118689  46.951  35.296  6.259 0.0000000000
100445  49.626  34.994  7.760 0.0000000000
99822  49.336  34.709  7.068 0.0000000000
99823  48.578  34.818  6.797 0.0000000000
99829  49.844  34.638  6.586 0.0000000000
99838  49.991  34.774  5.752 0.0000000000
119137  52.215  34.556  7.264 0.0000000000
99827  51.592  34.518  6.391 0.0000000000
123003  57.889  26.046  12.589 0.0000000000
93904  58.215  25.210  13.457 0.0000000000
93201  57.891  24.386  15.496 0.0000000000
135497  58.147  24.557  14.925 0.0000000000
120054  56.756  23.400  15.320 0.0000000000
92553  57.250  22.886  16.093 0.0000000000
92535  57.101  23.756  17.012 0.0000000000
92516  57.685  23.196  17.229 0.0000000000
91843  57.873  22.529  17.538 0.0000000000
90531  56.746  20.354  16.531 0.0000000000
91189  57.231  21.374  16.754 0.0000000000
91190  55.983  21.212  16.248 0.0000000000
136191  55.007  20.317  15.517 0.0000000000
90549  55.594  19.465  14.926 0.0000000000
94655  50.029  26.806  3.082 0.0000000000
120056  50.380  26.499  4.046 0.0000000000
94653  52.473  25.900  2.896 0.0000000000
94644  52.064  25.916  3.785 0.0000000000
93988  53.078  25.599  4.600 0.0000000000
93987  54.382  25.153  4.059 0.0000000000
95297  55.462  27.523  2.156 0.0000000000
95298  55.059  26.836  1.795 0.0000000000
130522  55.457  26.401  2.265 0.0000000000
94643  56.165  25.351  3.825 0.0000000000
93986  56.138  25.075  3.772 0.0000000000
115845  54.858  24.895  4.866 0.0000000000
93978  55.672  24.674  5.164 0.0000000000
93298  56.495  24.675  5.584 0.0000000000
118246  57.658  25.004  6.955 0.0000000000
93953  57.873  25.052  7.699 0.0000000000
93952  58.012  24.986  8.367 0.0000000000
118985  57.261  25.723  7.936 0.0000000000
99824  56.353  33.525  7.497 0.0000000000
99198  56.634  33.019  6.796 0.0000000000
98547  54.667  32.330  6.739 0.0000000000
97233  54.427  31.099  5.487 0.0000000000
98524  52.591  32.808  8.080 0.0000000000
98537  53.028  32.478  7.490 0.0000000000
97896  52.329  31.664  7.055 0.0000000000
95887  52.913  29.185  6.845 0.0000000000
96550  52.716  30.118  6.487 0.0000000000
95886  53.487  28.763  6.420 0.0000000000
95266  53.995  28.018  6.753 0.0000000000
125420  54.656  27.423  6.852 0.0000000000
95256  54.341  27.704  7.882 0.0000000000
136004  55.591  27.532  9.672 0.0000000000
95245  55.775  27.214  9.061 0.0000000000
95232  56.423  27.060  9.555 0.0000000000
117434  57.472  26.172  9.430 0.0000000000
95231  56.885  26.908  10.264 0.0000000000
94581  57.297  26.693  10.963 0.0000000000
95222  56.468  27.425  10.996 0.0000000000
95214  55.058  28.254  11.696 0.0000000000
95213  56.081  27.682  11.790 0.0000000000
95199  55.269  27.872  12.322 0.0000000000
95187  55.130  27.345  13.055 0.0000000000
96508  52.140  29.400  11.083 0.0000000000
133056  52.944  29.121  11.039 0.0000000000
95833  52.648  28.849  11.767 0.0000000000
95190  52.156  27.500  12.989 0.0000000000
95189  53.060  27.486  13.029 0.0000000000
125197  53.409  26.837  13.595 0.0000000000
101145  45.217  36.229  0.874 0.0000000000
101128  43.764  36.961  1.245 0.0000000000
100513  47.003  35.107  -0.122 0.0000000000
101142  48.355  36.075  0.047 0.0000000000
118032  49.757  35.579  -1.104 0.0000000000
100479  50.888  36.549  3.557 0.0000000000
101114  51.427  37.311  2.943 0.0000000000
102349  50.933  38.431  1.311 0.0000000000
102337  50.104  38.220  1.872 0.0000000000
102350  49.987  38.571  1.078 0.0000000000
101769  51.000  37.961  0.366 0.0000000000
101139  51.907  37.210  -0.413 0.0000000000
101157  52.073  36.290  -1.112 0.0000000000
100510  51.684  35.777  -1.625 0.0000000000
99871  51.972  35.179  -1.611 0.0000000000
100496  52.338  36.099  -0.893 0.0000000000
99855  52.968  35.097  1.219 0.0000000000
99236  54.928  34.296  2.034 0.0000000000
122301  54.515  33.531  1.796 0.0000000000
97260  53.147  31.077  2.606 0.0000000000
97948  52.837  32.018  2.725 0.0000000000
97933  52.199  31.281  3.235 0.0000000000
97252  51.506  30.514  3.558 0.0000000000
96575  51.605  29.409  3.376 0.0000000000
95291  51.014  27.065  2.501 0.0000000000
121858  50.648  27.590  2.978 0.0000000000
95292  50.024  26.994  2.857 0.0000000000
94656  49.303  26.983  3.231 0.0000000000
94627  50.726  26.596  6.240 0.0000000000
115378  49.985  26.935  6.676 0.0000000000
138407  50.721  26.685  7.052 0.0000000000
94609  51.573  26.260  8.366 0.0000000000
94610  50.687  26.520  8.417 0.0000000000
94582  49.610  26.346  9.750 0.0000000000
138084  50.442  26.176  9.722 0.0000000000
93946  53.625  25.453  9.264 0.0000000000
93947  52.664  25.643  9.652 0.0000000000
93933  52.406  25.474  10.494 0.0000000000
93255  50.354  25.011  11.831 0.0000000000
93934  51.534  25.531  10.667 0.0000000000
131324  50.078  25.496  11.127 0.0000000000
120721  49.674  25.169  11.663 0.0000000000
93231  49.132  24.370  12.461 0.0000000000
91880  48.594  22.597  12.906 0.0000000000
90563  47.842  21.023  12.058 0.0000000000
91217  48.353  21.698  12.626 0.0000000000
93216  57.580  24.593  13.361 0.0000000000
93217  56.140  24.423  13.233 0.0000000000
125104  53.040  23.195  14.422 0.0000000000
92560  53.281  23.888  13.754 0.0000000000
92561  52.324  23.478  13.879 0.0000000000
90556  51.757  20.340  13.575 0.0000000000
90552  52.102  20.766  14.230 0.0000000000
95258  47.979  27.357  7.283 0.0000000000
95257  48.700  27.239  7.596 0.0000000000
133933  49.467  27.057  7.725 0.0000000000
95902  49.208  27.848  3.763 0.0000000000
127369  48.497  27.420  4.187 0.0000000000
95285  47.830  27.570  4.796 0.0000000000
95277  47.217  27.658  5.284 0.0000000000
92537  54.067  23.475  17.263 0.0000000000
120399  53.265  23.032  17.506 0.0000000000
91177  53.618  22.237  17.899 0.0000000000
134880  53.332  20.794  18.277 0.0000000000
98568  55.518  32.007  4.251 0.0000000000
97912  55.562  32.141  5.157 0.0000000000
100423  52.464  35.114  10.843 0.0000000000
130694  50.986  34.102  9.597 0.0000000000
99178  50.036  32.872  8.945 0.0000000000
99842  53.106  34.840  4.710 0.0000000000
99847  55.140  34.834  3.530 0.0000000000
93274  57.001  24.571  9.134 0.0000000000
118159  56.105  24.636  9.636 0.0000000000
93267  56.987  24.574  10.052 0.0000000000
131957  55.675  24.648  11.013 0.0000000000
93922  47.159  25.645  11.183 0.0000000000
137642  46.889  25.320  11.487 0.0000000000
93233  47.071  24.422  12.197 0.0000000000
92566  47.591  23.850  12.513 0.0000000000
99249  51.293  33.934  1.479 0.0000000000
99250  50.685  33.686  0.692 0.0000000000
99240  50.488  33.365  1.917 0.0000000000
98599  49.622  32.856  2.467 0.0000000000
136322  44.481  27.746  7.527 0.0000000000
94602  43.732  26.791  9.926 0.0000000000
100443  51.671  34.933  7.878 0.0000000000
135128  53.123  34.787  8.015 0.0000000000
133221  52.563  35.442  8.513 0.0000000000
100430  53.297  35.987  9.252 0.0000000000
101084  48.580  36.341  9.134 0.0000000000
100438  48.048  35.575  8.458 0.0000000000
100444  50.577  34.981  7.803 0.0000000000
94550  56.910  26.365  13.783 0.0000000000
94549  57.911  25.595  14.120 0.0000000000
93893  57.982  25.255  14.840 0.0000000000
93880  57.869  24.881  15.450 0.0000000000
91167  57.736  21.347  18.161 0.0000000000
120513  58.008  21.896  17.807 0.0000000000
137964  57.488  20.078  17.264 0.0000000000
90544  57.008  19.354  16.392 0.0000000000
95301  51.689  26.718  2.311 0.0000000000
94662  52.477  26.249  2.330 0.0000000000
131587  53.325  25.808  2.460 0.0000000000
95281  55.608  27.225  3.368 0.0000000000
95290  55.588  26.764  2.641 0.0000000000
117600  55.916  26.313  3.994 0.0000000000
94633  56.923  25.103  5.448 0.0000000000
94624  56.402  26.103  6.733 0.0000000000
131571  56.354  33.289  8.142 0.0000000000
97220  51.539  30.885  7.463 0.0000000000
97219  52.146  30.551  6.987 0.0000000000
123931  52.779  28.835  7.809 0.0000000000
95234  54.004  28.043  8.898 0.0000000000
95224  55.061  28.037  10.260 0.0000000000
127309  55.633  28.027  11.029 0.0000000000
95849  51.633  29.041  11.781 0.0000000000
95202  51.753  28.220  12.441 0.0000000000
101755  44.378  37.774  1.975 0.0000000000
101126  45.703  37.093  1.327 0.0000000000
101144  46.113  36.319  0.853 0.0000000000
101143  47.019  36.501  0.693 0.0000000000
130314  47.821  36.630  0.481 0.0000000000
101097  46.034  35.961  4.983 0.0000000000
101106  47.356  36.422  4.148 0.0000000000
101113  52.653  37.360  3.088 0.0000000000
128447  52.516  37.978  2.289 0.0000000000
101749  52.041  38.365  1.401 0.0000000000
124974  52.600  38.189  0.676 0.0000000000
101138  52.812  37.525  0.078 0.0000000000
100495  53.098  36.791  0.045 0.0000000000
99851  53.382  34.501  1.610 0.0000000000
96574  52.278  29.109  2.952 0.0000000000
94625  52.198  25.989  6.219 0.0000000000
123597  51.500  26.390  6.852 0.0000000000
131222  51.828  26.250  7.643 0.0000000000
93918  52.134  25.212  11.269 0.0000000000
133297  50.359  24.556  12.390 0.0000000000
93230  49.844  24.143  12.721 0.0000000000
91878  49.392  22.678  13.219 0.0000000000
93213  56.153  23.870  14.482 0.0000000000
93218  55.385  24.268  13.598 0.0000000000
138993  53.855  23.499  14.401 0.0000000000
95236  45.936  27.251  8.942 0.0000000000
94599  46.573  26.920  9.511 0.0000000000
93937  48.477  26.031  10.651 0.0000000000
97934  51.241  31.448  3.535 0.0000000000
97935  50.236  31.557  3.705 0.0000000000
97922  49.933  30.863  4.117 0.0000000000
117977  48.653  29.435  4.673 0.0000000000
95270  45.673  27.798  6.371 0.0000000000
101077  49.425  37.078  9.482 0.0000000000
139083  55.721  24.753  16.168 0.0000000000
133314  55.385  23.843  16.989 0.0000000000
127261  56.276  23.325  17.486 0.0000000000
91845  55.381  22.646  17.913 0.0000000000
91833  56.366  21.935  18.403 0.0000000000
90510  56.609  20.218  18.530 0.0000000000
89747  56.201  19.380  18.191 0.0000000000
133164  54.494  29.273  1.601 0.0000000000
95925  54.398  28.440  1.570 0.0000000000
95924  55.076  28.963  1.609 0.0000000000
95923  55.415  28.667  1.957 0.0000000000
95914  55.697  28.523  2.561 0.0000000000
97251  55.729  30.096  3.141 0.0000000000
96573  55.721  29.297  3.188 0.0000000000
95900  55.676  28.366  3.234 0.0000000000
96566  55.474  29.102  3.892 0.0000000000
95901  54.905  28.438  4.618 0.0000000000
99163  55.130  33.634  9.554 0.0000000000
99165  51.544  33.633  9.121 0.0000000000
98525  51.360  32.573  8.202 0.0000000000
97897  51.471  31.546  7.591 0.0000000000
129533  51.037  31.151  7.849 0.0000000000
96537  51.539  29.705  8.714 0.0000000000
96530  52.197  29.235  9.432 0.0000000000
95860  52.605  29.158  10.361 0.0000000000
96523  51.435  29.718  10.638 0.0000000000
96510  50.673  29.748  11.336 0.0000000000
121259  50.144  28.863  12.115 0.0000000000
102352  46.945  38.605  1.724 0.0000000000
100459  49.637  35.215  5.021 0.0000000000
100471  49.375  35.706  4.439 0.0000000000
119378  50.070  35.586  4.443 0.0000000000
100470  50.909  35.870  4.136 0.0000000000
100468  53.036  35.711  4.118 0.0000000000
100477  52.900  36.583  3.592 0.0000000000
101112  53.831  37.392  2.947 0.0000000000
101122  54.701  36.803  2.089 0.0000000000
100483  54.952  36.019  1.929 0.0000000000
135625  55.153  34.038  2.348 0.0000000000
122528  55.005  33.323  1.985 0.0000000000
97271  54.695  30.585  1.581 0.0000000000
118177  54.466  25.120  6.823 0.0000000000
93276  55.167  24.872  9.795 0.0000000000
93932  54.218  25.143  10.033 0.0000000000
93252  53.058  25.185  11.108 0.0000000000
119442  52.807  24.855  11.849 0.0000000000
90551  53.076  20.498  14.625 0.0000000000
92570  44.498  23.280  12.347 0.0000000000
94586  45.675  26.364  10.414 0.0000000000
91884  44.986  22.563  12.345 0.0000000000
91230  46.089  21.284  11.916 0.0000000000
99265  50.010  33.117  0.359 0.0000000000
98583  49.104  32.377  3.239 0.0000000000
99834  54.698  34.069  5.646 0.0000000000
99833  55.903  33.621  6.297 0.0000000000
138428  54.638  34.546  8.077 0.0000000000
99817  56.307  33.771  8.456 0.0000000000
100433  56.392  34.053  9.106 0.0000000000
99798  56.182  34.731  10.342 0.0000000000
100422  54.287  34.962  11.073 0.0000000000
100464  44.839  36.066  5.797 0.0000000000
101091  44.479  35.947  7.068 0.0000000000
100463  45.578  35.720  5.858 0.0000000000
100462  46.448  35.577  5.645 0.0000000000
100461  47.687  35.344  5.562 0.0000000000
100453  48.542  34.951  5.975 0.0000000000
99839  49.228  34.953  5.625 0.0000000000
99837  51.108  34.760  5.439 0.0000000000
99836  52.276  34.582  5.509 0.0000000000
99835  53.544  34.373  5.591 0.0000000000
93917  58.115  25.042  11.340 0.0000000000
93223  58.012  24.959  11.801 0.0000000000
93906  58.118  25.209  12.324 0.0000000000
93215  58.125  24.950  12.921 0.0000000000
132616  58.332  24.850  14.489 0.0000000000
93211  58.243  24.751  14.407 0.0000000000
91871  55.278  22.758  15.409 0.0000000000
93185  57.815  23.684  16.447 0.0000000000
91868  57.823  23.320  16.589 0.0000000000
91188  57.779  21.685  17.332 0.0000000000
91203  57.824  22.547  16.846 0.0000000000
90550  54.165  20.489  15.181 0.0000000000
94638  49.237  26.741  4.702 0.0000000000
133888  49.963  26.597  4.672 0.0000000000
116845  50.651  26.483  5.187 0.0000000000
94636  51.283  26.267  4.574 0.0000000000
93980  52.941  25.674  5.702 0.0000000000
93970  53.634  25.414  6.255 0.0000000000
116852  54.314  26.299  1.709 0.0000000000
93994  54.332  25.485  2.935 0.0000000000
132376  55.699  26.059  2.711 0.0000000000
93993  55.443  25.186  3.360 0.0000000000
115701  54.636  24.989  5.763 0.0000000000
93962  55.589  24.659  7.017 0.0000000000
93288  56.643  24.570  7.294 0.0000000000
93968  57.293  25.007  6.137 0.0000000000
93287  57.439  24.820  6.802 0.0000000000
93280  57.484  24.678  7.606 0.0000000000
93273  57.819  24.784  8.474 0.0000000000
93944  58.105  24.954  9.213 0.0000000000
94592  58.002  25.415  9.850 0.0000000000
99210  56.416  33.166  6.294 0.0000000000
98546  56.314  32.728  6.917 0.0000000000
97913  55.297  31.800  5.233 0.0000000000
97232  54.900  30.543  4.848 0.0000000000
96557  54.552  29.324  4.942 0.0000000000
95893  54.358  28.411  5.425 0.0000000000
98523  54.322  32.949  8.228 0.0000000000
98548  53.434  32.250  6.984 0.0000000000
97905  53.296  31.768  6.614 0.0000000000
97225  53.401  30.496  5.927 0.0000000000
95894  53.850  29.100  5.690 0.0000000000
94615  56.418  26.368  7.687 0.0000000000
95255  55.525  27.101  8.295 0.0000000000
94580  57.909  25.663  10.902 0.0000000000
94569  57.609  26.402  11.694 0.0000000000
94570  56.992  26.952  12.218 0.0000000000
94558  57.038  26.720  13.024 0.0000000000
95186  56.136  26.933  13.268 0.0000000000
138797  54.831  26.379  14.190 0.0000000000
95848  53.641  28.785  11.381 0.0000000000
95831  54.224  28.461  12.016 0.0000000000
95200  53.651  28.023  12.505 0.0000000000
94551  54.432  26.806  13.643 0.0000000000
137589  54.750  25.962  14.623 0.0000000000
93895  54.172  25.620  15.027 0.0000000000
93883  53.454  25.195  15.520 0.0000000000
93205  52.712  24.726  15.894 0.0000000000
136016  47.864  35.265  -0.288 0.0000000000
99874  48.334  34.734  -0.888 0.0000000000
99873  49.551  34.928  -1.544 0.0000000000
99885  50.895  34.780  -2.341 0.0000000000
100523  51.360  35.330  -2.013 0.0000000000
119987  46.711  38.741  2.049 0.0000000000
102340  47.349  38.673  1.736 0.0000000000
101116  49.530  36.751  3.419 0.0000000000
101726  50.545  37.582  2.559 0.0000000000
102339  48.100  38.535  1.447 0.0000000000
101141  49.841  37.039  0.019 0.0000000000
101140  50.740  37.206  -0.167 0.0000000000
137140  50.392  36.603  -0.557 0.0000000000
101159  50.665  35.928  -1.241 0.0000000000
100522  51.841  35.256  -2.065 0.0000000000
98597  51.597  32.754  2.861 0.0000000000
99238  53.195  33.660  2.088 0.0000000000
98595  53.605  32.769  2.022 0.0000000000
120506  50.806  28.607  3.434 0.0000000000
95910  49.383  27.073  3.224 0.0000000000
136473  49.720  27.046  7.258 0.0000000000
117704  49.859  26.766  8.404 0.0000000000
94596  49.480  26.658  9.008 0.0000000000
116302  52.844  25.719  8.869 0.0000000000
93958  52.096  25.972  9.032 0.0000000000
93949  50.990  25.871  10.111 0.0000000000
93935  50.214  25.908  10.341 0.0000000000
93920  49.016  25.508  11.282 0.0000000000
131040  48.584  24.615  12.201 0.0000000000
128699  48.128  23.257  12.708 0.0000000000
91218  47.409  21.780  12.357 0.0000000000
93226  54.764  24.495  12.612 0.0000000000
131609  53.111  24.328  13.064 0.0000000000
93219  52.408  24.125  13.249 0.0000000000
93220  51.584  23.759  13.406 0.0000000000
91206  52.443  21.184  14.619 0.0000000000
91873  52.330  21.842  14.646 0.0000000000
135965  51.220  20.649  13.547 0.0000000000
91874  51.596  22.150  14.282 0.0000000000
91876  50.911  22.387  13.859 0.0000000000
93221  50.815  23.227  13.534 0.0000000000
91877  50.176  22.569  13.522 0.0000000000
91212  49.650  21.918  13.322 0.0000000000
131322  52.745  20.465  18.164 0.0000000000
89750  53.356  19.920  18.384 0.0000000000
89759  53.390  19.114  18.209 0.0000000000
89749  54.285  19.497  18.446 0.0000000000
89767  56.982  19.109  16.217 0.0000000000
90509  57.417  20.509  18.214 0.0000000000
90518  57.399  19.874  17.587 0.0000000000
90529  57.732  20.848  17.687 0.0000000000
91168  57.079  21.184  18.490 0.0000000000
91178  52.789  21.463  17.949 0.0000000000
91844  56.994  22.679  17.887 0.0000000000
92538  53.075  23.614  17.024 0.0000000000
93249  57.357  24.685  11.454 0.0000000000
93294  57.071  24.806  6.030 0.0000000000
93892  58.313  24.902  14.384 0.0000000000
93976  56.928  24.935  5.381 0.0000000000
93977  56.450  24.824  4.686 0.0000000000
93992  55.690  25.482  3.126 0.0000000000
93998  55.554  25.843  2.618 0.0000000000
93999  55.190  25.592  2.573 0.0000000000
94536  57.063  25.898  14.481 0.0000000000
94608  57.694  25.522  8.493 0.0000000000
94651  55.821  25.596  3.205 0.0000000000
94652  53.409  26.154  1.919 0.0000000000
95300  52.614  26.651  1.963 0.0000000000
96588  55.289  29.547  1.832 0.0000000000
96589  54.930  29.800  1.518 0.0000000000
97207  49.619  31.092  9.776 0.0000000000
97258  55.534  30.264  2.394 0.0000000000
97259  53.421  30.114  2.316 0.0000000000
97946  55.092  31.711  1.785 0.0000000000
98527  49.840  32.178  8.838 0.0000000000
99209  56.333  32.960  6.002 0.0000000000
99799  55.213  34.435  10.598 0.0000000000
99801  51.679  34.616  10.219 0.0000000000
99807  55.972  34.080  10.071 0.0000000000
100456  44.934  35.763  6.548 0.0000000000
101072  55.964  35.584  10.514 0.0000000000
101105  48.247  36.390  3.989 0.0000000000
101767  53.467  37.980  0.719 0.0000000000
101768  51.556  38.338  0.762 0.0000000000
102351  47.517  38.530  1.454 0.0000000000
102363  50.120  38.387  0.796 0.0000000000
119955  54.057  25.338  7.674 0.0000000000
129423  51.409  20.942  13.906 0.0000000000
131964  54.342  25.792  2.032 0.0000000000
133101  57.924  22.448  17.389 0.0000000000
134671  53.917  37.701  0.887 0.0000000000
136080  53.204  37.712  2.648 0.0000000000
138040  54.414  22.393  17.935 0.0000000000
138235  54.762  28.197  12.140 0.0000000000
138780  47.004  35.472  5.592 0.0000000000
139218  55.064  35.646  2.252 0.0000000000
