#!ascii label  , from subject sub-v1s18x0051267_ses-1 vox2ras=TkReg
2112
61441  50.440  -13.602  23.974 0.0000000000
46752  48.390  -28.958  38.383 0.0000000000
117394  34.240  -28.541  41.322 0.0000000000
44739  23.807  -31.184  44.069 0.0000000000
43602  42.023  -30.522  46.778 0.0000000000
40826  39.904  -34.886  37.986 0.0000000000
57626  48.562  -17.428  26.354 0.0000000000
64094  58.046  -10.756  20.675 0.0000000000
56571  50.374  -18.450  34.915 0.0000000000
51612  41.590  -23.574  33.387 0.0000000000
136136  36.876  -29.502  27.830 0.0000000000
137364  32.190  -30.207  46.958 0.0000000000
44757  28.458  -29.881  42.583 0.0000000000
45647  27.177  -29.054  48.736 0.0000000000
44731  38.065  -29.407  44.158 0.0000000000
57543  57.111  -17.390  33.149 0.0000000000
50464  46.494  -24.713  45.618 0.0000000000
53636  48.413  -21.578  42.908 0.0000000000
55603  45.945  -20.208  39.023 0.0000000000
48704  42.885  -26.757  37.251 0.0000000000
47791  42.155  -26.928  29.076 0.0000000000
45885  43.195  -29.325  32.089 0.0000000000
127953  37.222  -35.468  39.008 0.0000000000
42808  34.688  -32.596  34.469 0.0000000000
63201  54.395  -11.519  21.886 0.0000000000
61489  52.399  -13.423  17.548 0.0000000000
44834  35.552  -30.217  36.187 0.0000000000
124233  29.955  -29.509  36.277 0.0000000000
43664  47.247  -31.788  43.232 0.0000000000
42773  44.137  -32.465  36.884 0.0000000000
44794  44.257  -30.847  40.105 0.0000000000
45828  39.675  -29.657  37.722 0.0000000000
57643  51.542  -17.069  24.014 0.0000000000
44584  23.633  -29.839  51.126 0.0000000000
40706  22.926  -34.493  47.461 0.0000000000
120100  56.988  -9.988  27.029 0.0000000000
60405  54.850  -14.396  26.080 0.0000000000
115977  54.205  -16.363  28.432 0.0000000000
58483  50.397  -16.586  30.603 0.0000000000
57586  45.913  -17.143  30.876 0.0000000000
123197  49.977  -15.095  40.610 0.0000000000
57497  44.954  -17.814  34.996 0.0000000000
119611  40.353  -20.703  28.857 0.0000000000
133934  39.993  -24.856  25.370 0.0000000000
43820  38.722  -31.148  32.826 0.0000000000
43558  31.051  -30.592  50.481 0.0000000000
44627  29.438  -30.580  48.368 0.0000000000
45620  29.207  -29.269  51.233 0.0000000000
43590  34.059  -30.628  49.193 0.0000000000
118474  49.196  -27.255  42.901 0.0000000000
48666  48.172  -26.301  41.806 0.0000000000
132372  46.130  -24.670  40.420 0.0000000000
46738  45.667  -28.307  38.153 0.0000000000
46786  44.332  -28.434  33.650 0.0000000000
46780  46.074  -28.922  34.992 0.0000000000
39686  35.822  -35.525  38.911 0.0000000000
39720  35.163  -35.551  37.483 0.0000000000
63170  51.646  -11.940  23.095 0.0000000000
62335  50.520  -12.244  20.291 0.0000000000
61462  48.949  -13.151  21.904 0.0000000000
46744  34.373  -28.501  38.339 0.0000000000
45860  32.356  -29.783  35.900 0.0000000000
116529  31.928  -28.808  39.036 0.0000000000
44736  26.326  -29.722  43.524 0.0000000000
44788  26.530  -30.039  40.535 0.0000000000
127784  24.216  -31.666  41.257 0.0000000000
41770  22.988  -33.485  42.556 0.0000000000
46662  44.867  -28.517  46.024 0.0000000000
43638  44.059  -30.987  45.106 0.0000000000
43693  46.080  -32.342  41.493 0.0000000000
44727  43.213  -30.510  44.126 0.0000000000
115895  36.197  -28.734  43.283 0.0000000000
45757  38.949  -29.036  41.509 0.0000000000
46710  36.946  -28.536  40.169 0.0000000000
45846  37.298  -29.852  36.530 0.0000000000
57637  50.140  -17.965  25.319 0.0000000000
56663  49.567  -18.783  24.184 0.0000000000
55770  49.244  -19.633  25.083 0.0000000000
39587  20.909  -35.758  50.234 0.0000000000
58545  55.998  -15.844  26.136 0.0000000000
58509  57.639  -15.938  28.694 0.0000000000
56584  53.948  -17.909  34.126 0.0000000000
57565  53.310  -16.977  31.876 0.0000000000
127799  51.113  -17.529  32.576 0.0000000000
57584  47.684  -17.014  30.957 0.0000000000
57551  48.600  -17.708  33.121 0.0000000000
52576  44.198  -22.599  35.944 0.0000000000
126711  45.112  -18.449  37.503 0.0000000000
53762  43.424  -21.325  33.981 0.0000000000
55701  42.736  -19.858  32.222 0.0000000000
53776  41.264  -21.901  31.607 0.0000000000
52701  39.118  -22.367  27.655 0.0000000000
50680  38.957  -24.183  30.070 0.0000000000
47826  40.676  -26.966  26.278 0.0000000000
41865  42.061  -33.897  37.497 0.0000000000
42802  41.093  -32.013  34.855 0.0000000000
122211  39.167  -32.578  35.491 0.0000000000
131368  33.889  -30.731  32.395 0.0000000000
62353  60.513  -12.751  18.033 0.0000000000
63250  58.058  -11.612  17.642 0.0000000000
45723  33.211  -29.001  43.823 0.0000000000
45745  30.761  -29.401  41.927 0.0000000000
139172  30.097  -29.833  44.806 0.0000000000
132117  27.951  -29.901  46.079 0.0000000000
45674  25.322  -29.210  46.339 0.0000000000
44626  39.559  -30.405  49.160 0.0000000000
44685  40.156  -30.343  45.549 0.0000000000
44640  37.192  -30.255  47.301 0.0000000000
44690  35.101  -29.515  45.830 0.0000000000
59392  58.918  -15.440  31.601 0.0000000000
56530  53.574  -18.302  37.646 0.0000000000
54690  47.082  -21.011  41.022 0.0000000000
51561  44.985  -23.252  38.085 0.0000000000
50575  41.764  -25.124  35.128 0.0000000000
48743  39.451  -26.494  31.457 0.0000000000
47753  41.223  -27.706  33.982 0.0000000000
46813  43.593  -27.997  30.210 0.0000000000
45903  40.695  -29.694  30.486 0.0000000000
39698  38.103  -35.555  38.918 0.0000000000
41892  37.437  -33.389  35.886 0.0000000000
118540  36.134  -34.583  36.618 0.0000000000
63216  55.781  -11.418  21.214 0.0000000000
63242  55.318  -11.196  18.374 0.0000000000
63233  53.247  -11.499  19.561 0.0000000000
125378  28.683  -29.383  39.412 0.0000000000
46679  47.575  -28.084  44.330 0.0000000000
43699  49.423  -30.978  40.991 0.0000000000
43738  46.339  -31.201  37.497 0.0000000000
42711  46.758  -33.287  39.720 0.0000000000
40793  44.517  -34.961  40.074 0.0000000000
40784  41.917  -34.943  40.396 0.0000000000
45734  41.127  -29.489  42.359 0.0000000000
45814  41.824  -29.837  38.912 0.0000000000
41827  39.910  -33.895  39.565 0.0000000000
42738  38.090  -32.779  38.435 0.0000000000
42758  36.602  -32.379  37.917 0.0000000000
59487  51.683  -15.494  24.065 0.0000000000
59521  48.109  -15.586  22.972 0.0000000000
57652  49.847  -17.645  23.577 0.0000000000
124293  24.713  -28.152  50.474 0.0000000000
44651  23.328  -30.329  47.671 0.0000000000
42628  24.510  -32.886  49.238 0.0000000000
42658  24.046  -33.190  45.657 0.0000000000
117671  57.497  -10.825  23.143 0.0000000000
115414  55.234  -10.914  24.144 0.0000000000
116451  53.938  -11.292  24.957 0.0000000000
61410  52.858  -13.667  25.496 0.0000000000
59484  53.486  -15.776  24.573 0.0000000000
58548  52.902  -16.608  26.061 0.0000000000
58533  51.625  -16.212  27.069 0.0000000000
58478  55.847  -16.625  30.318 0.0000000000
58497  52.611  -16.207  29.570 0.0000000000
120744  48.927  -16.051  28.019 0.0000000000
58518  47.295  -16.571  28.143 0.0000000000
57604  45.132  -16.983  27.993 0.0000000000
57469  51.006  -17.739  37.660 0.0000000000
59320  46.559  -16.072  39.922 0.0000000000
58402  47.464  -16.285  37.576 0.0000000000
135495  47.765  -17.631  35.157 0.0000000000
57554  45.201  -17.736  32.785 0.0000000000
56610  42.438  -18.578  30.360 0.0000000000
49721  40.961  -25.740  26.597 0.0000000000
43788  43.402  -31.072  34.780 0.0000000000
44874  40.152  -30.904  31.857 0.0000000000
133702  37.866  -30.767  30.057 0.0000000000
43806  36.257  -31.236  33.802 0.0000000000
116356  35.772  -30.421  30.993 0.0000000000
44600  29.958  -30.007  51.056 0.0000000000
46597  29.422  -28.296  51.650 0.0000000000
46719  49.165  -28.805  40.321 0.0000000000
47694  49.003  -27.489  41.799 0.0000000000
47712  47.739  -28.058  40.044 0.0000000000
47713  46.744  -27.750  39.812 0.0000000000
46737  47.373  -28.554  38.326 0.0000000000
46769  46.188  -28.690  35.662 0.0000000000
45844  47.380  -29.029  36.711 0.0000000000
62299  51.087  -12.436  23.681 0.0000000000
62314  50.223  -12.507  22.593 0.0000000000
62301  49.771  -12.912  22.919 0.0000000000
45803  34.285  -28.468  39.972 0.0000000000
46745  33.435  -28.589  38.268 0.0000000000
45786  32.720  -28.740  40.628 0.0000000000
138930  24.684  -30.005  43.651 0.0000000000
121867  24.941  -30.400  42.280 0.0000000000
43683  24.143  -31.567  42.443 0.0000000000
42691  23.768  -32.528  41.375 0.0000000000
43684  23.876  -32.394  42.811 0.0000000000
44608  41.090  -29.787  49.066 0.0000000000
45658  42.387  -29.644  48.005 0.0000000000
45671  43.315  -29.602  46.872 0.0000000000
43624  42.883  -30.647  45.953 0.0000000000
43652  43.605  -31.004  44.864 0.0000000000
43654  42.440  -30.686  45.286 0.0000000000
45741  34.757  -28.648  42.462 0.0000000000
45783  36.431  -28.575  40.953 0.0000000000
45784  35.512  -28.471  40.881 0.0000000000
46725  35.688  -28.410  39.287 0.0000000000
57625  49.601  -17.332  26.099 0.0000000000
134232  49.687  -18.529  25.157 0.0000000000
57638  49.256  -18.105  25.747 0.0000000000
119427  57.893  -14.113  29.136 0.0000000000
60389  57.868  -14.940  28.072 0.0000000000
60355  58.626  -14.791  29.692 0.0000000000
56569  52.660  -18.406  34.817 0.0000000000
57529  52.447  -17.690  33.319 0.0000000000
137807  51.220  -18.114  33.842 0.0000000000
57550  49.441  -17.658  32.864 0.0000000000
56587  49.748  -18.241  34.215 0.0000000000
51598  43.259  -22.877  34.803 0.0000000000
52584  44.087  -21.861  35.362 0.0000000000
52593  42.909  -22.515  34.034 0.0000000000
53770  42.338  -21.656  32.762 0.0000000000
52606  41.223  -22.698  32.135 0.0000000000
51655  40.122  -23.088  30.861 0.0000000000
50641  40.033  -24.252  31.740 0.0000000000
40825  40.714  -34.697  38.043 0.0000000000
41889  40.250  -33.164  36.227 0.0000000000
41878  39.733  -33.746  36.711 0.0000000000
64113  59.240  -10.656  18.856 0.0000000000
64114  58.164  -10.680  18.729 0.0000000000
45687  32.865  -29.556  45.524 0.0000000000
45703  31.807  -29.476  44.514 0.0000000000
44694  30.939  -30.022  46.043 0.0000000000
44628  28.652  -30.245  48.452 0.0000000000
44672  28.639  -30.254  46.659 0.0000000000
45659  27.422  -29.682  47.311 0.0000000000
45689  26.880  -29.640  45.892 0.0000000000
45660  26.626  -29.241  47.310 0.0000000000
44612  37.921  -30.376  49.979 0.0000000000
43606  38.582  -30.566  48.063 0.0000000000
131791  36.736  -30.549  49.538 0.0000000000
43611  33.463  -30.540  48.431 0.0000000000
44643  34.606  -30.186  47.573 0.0000000000
44667  33.960  -29.891  46.889 0.0000000000
45685  34.382  -29.224  45.212 0.0000000000
52493  48.554  -22.732  43.625 0.0000000000
54651  48.552  -20.717  44.122 0.0000000000
55578  48.432  -19.676  43.498 0.0000000000
55579  48.121  -19.630  42.672 0.0000000000
54676  48.183  -20.988  42.490 0.0000000000
49562  44.563  -25.412  39.045 0.0000000000
50513  45.481  -23.732  39.340 0.0000000000
49592  44.118  -25.134  38.176 0.0000000000
50540  43.613  -24.573  36.884 0.0000000000
49615  42.050  -26.447  36.223 0.0000000000
49642  41.259  -26.153  35.062 0.0000000000
47749  41.726  -27.508  35.479 0.0000000000
45883  44.432  -28.444  32.723 0.0000000000
46799  44.101  -27.865  32.133 0.0000000000
46807  43.785  -28.111  30.615 0.0000000000
45912  41.363  -28.923  29.920 0.0000000000
45894  41.489  -29.648  31.178 0.0000000000
39699  37.409  -35.607  38.781 0.0000000000
40829  36.829  -34.886  37.126 0.0000000000
39710  36.664  -35.678  38.001 0.0000000000
122959  54.887  -11.510  21.168 0.0000000000
63218  54.475  -11.475  20.352 0.0000000000
123871  53.699  -11.511  20.324 0.0000000000
62348  50.621  -12.633  18.995 0.0000000000
133793  35.017  -32.109  37.740 0.0000000000
43761  33.932  -31.271  36.391 0.0000000000
45746  29.882  -29.665  42.031 0.0000000000
45788  29.945  -29.285  40.299 0.0000000000
45766  28.585  -29.750  41.102 0.0000000000
44799  24.799  -30.735  39.055 0.0000000000
44808  26.083  -29.942  38.736 0.0000000000
44703  46.057  -30.431  44.766 0.0000000000
46671  46.240  -28.760  45.052 0.0000000000
44702  47.627  -30.364  43.754 0.0000000000
44723  48.728  -29.831  42.806 0.0000000000
43692  48.768  -32.035  42.020 0.0000000000
42709  48.401  -32.220  40.362 0.0000000000
42688  47.725  -32.889  41.822 0.0000000000
43694  45.315  -31.337  41.117 0.0000000000
42695  45.656  -33.503  40.909 0.0000000000
42712  44.755  -32.762  40.434 0.0000000000
40782  43.647  -34.976  40.442 0.0000000000
42713  43.682  -32.589  39.810 0.0000000000
44707  39.557  -29.945  44.859 0.0000000000
129898  40.701  -29.906  44.022 0.0000000000
45716  40.074  -29.630  43.307 0.0000000000
133003  39.768  -29.055  39.149 0.0000000000
45779  40.517  -29.144  40.275 0.0000000000
44807  40.864  -30.266  38.129 0.0000000000
42735  41.037  -32.284  38.811 0.0000000000
43725  40.387  -31.109  37.940 0.0000000000
41847  39.126  -33.844  39.342 0.0000000000
43741  39.140  -31.140  37.442 0.0000000000
44833  36.385  -30.133  36.306 0.0000000000
43743  37.319  -31.677  37.377 0.0000000000
43744  36.335  -31.636  37.229 0.0000000000
58588  51.794  -16.572  23.897 0.0000000000
58590  50.395  -16.843  23.539 0.0000000000
57651  50.810  -17.377  23.847 0.0000000000
55782  49.185  -19.279  23.853 0.0000000000
46639  24.037  -28.667  50.492 0.0000000000
45636  23.771  -29.238  48.760 0.0000000000
132542  23.477  -29.854  50.085 0.0000000000
40688  23.290  -34.603  48.894 0.0000000000
40699  23.747  -34.327  48.327 0.0000000000
132718  24.166  -33.420  47.232 0.0000000000
40710  23.155  -34.269  46.756 0.0000000000
40729  22.717  -33.790  44.753 0.0000000000
40717  21.716  -34.277  45.707 0.0000000000
132061  58.695  -10.686  22.957 0.0000000000
64038  57.167  -10.564  24.577 0.0000000000
64039  55.619  -10.673  24.823 0.0000000000
119928  54.223  -11.205  24.130 0.0000000000
64016  54.785  -10.888  25.079 0.0000000000
62256  54.459  -12.679  26.894 0.0000000000
63121  53.693  -12.393  26.207 0.0000000000
60406  54.130  -14.462  25.646 0.0000000000
60420  53.051  -14.798  24.847 0.0000000000
60418  54.918  -15.234  25.406 0.0000000000
58530  55.364  -16.381  26.674 0.0000000000
58563  54.412  -16.208  25.352 0.0000000000
132010  53.853  -16.492  26.854 0.0000000000
123221  52.373  -16.372  26.821 0.0000000000
58513  52.407  -16.128  27.697 0.0000000000
57561  57.845  -17.047  32.522 0.0000000000
58477  57.018  -16.637  30.456 0.0000000000
57562  56.738  -17.178  32.189 0.0000000000
58466  51.819  -16.788  31.194 0.0000000000
58481  52.205  -16.449  30.428 0.0000000000
58499  50.747  -16.191  29.828 0.0000000000
131338  51.095  -15.874  28.949 0.0000000000
136062  49.699  -16.099  29.210 0.0000000000
58517  48.064  -16.394  27.992 0.0000000000
58501  48.292  -16.481  29.441 0.0000000000
57585  46.790  -17.151  31.025 0.0000000000
58503  46.784  -16.624  29.464 0.0000000000
123374  45.025  -16.770  29.021 0.0000000000
57596  44.068  -17.052  29.016 0.0000000000
58388  50.736  -16.691  38.852 0.0000000000
56502  46.795  -18.464  40.913 0.0000000000
129129  46.732  -16.558  41.147 0.0000000000
57446  46.176  -17.444  39.959 0.0000000000
56545  44.669  -18.394  36.144 0.0000000000
58393  45.799  -16.888  37.758 0.0000000000
57483  46.353  -17.058  36.046 0.0000000000
57482  47.538  -17.221  35.924 0.0000000000
57495  46.890  -17.363  35.216 0.0000000000
57532  46.347  -17.597  33.731 0.0000000000
57512  44.848  -17.969  34.157 0.0000000000
55715  42.009  -19.902  31.181 0.0000000000
56605  42.690  -18.820  31.162 0.0000000000
56611  41.745  -19.110  29.934 0.0000000000
121800  41.377  -19.021  28.514 0.0000000000
54863  40.506  -20.313  27.337 0.0000000000
53832  40.121  -21.081  27.025 0.0000000000
51723  38.468  -23.686  26.316 0.0000000000
134413  38.848  -22.720  25.541 0.0000000000
48748  40.441  -26.911  29.833 0.0000000000
48762  39.799  -26.472  29.218 0.0000000000
48774  42.039  -26.596  27.601 0.0000000000
48818  40.986  -26.195  24.753 0.0000000000
42772  44.825  -32.093  37.102 0.0000000000
43772  44.849  -30.900  35.778 0.0000000000
43774  43.580  -31.530  35.521 0.0000000000
123424  39.890  -31.655  34.159 0.0000000000
43801  41.303  -31.210  33.366 0.0000000000
43819  39.763  -31.252  32.627 0.0000000000
44888  39.605  -30.780  31.160 0.0000000000
138113  37.950  -30.859  31.276 0.0000000000
42795  36.051  -32.687  35.017 0.0000000000
42807  36.826  -32.331  34.931 0.0000000000
139272  35.611  -31.702  34.157 0.0000000000
44879  34.425  -30.539  32.188 0.0000000000
44920  34.856  -30.183  29.827 0.0000000000
63253  54.330  -11.635  17.755 0.0000000000
62358  54.740  -12.357  17.487 0.0000000000
59523  46.658  -15.940  21.937 0.0000000000
43593  31.421  -30.775  49.088 0.0000000000
44647  30.857  -30.585  47.576 0.0000000000
43594  30.683  -30.759  49.113 0.0000000000
115634  29.284  -30.436  49.277 0.0000000000
118964  27.812  -29.198  49.576 0.0000000000
43572  32.786  -30.667  49.758 0.0000000000
48610  48.101  -26.217  44.270 0.0000000000
50462  48.091  -24.096  44.745 0.0000000000
118187  48.625  -25.234  43.533 0.0000000000
50482  48.774  -25.050  42.938 0.0000000000
51531  48.225  -23.903  42.415 0.0000000000
51532  47.580  -23.561  41.715 0.0000000000
49542  46.718  -25.552  40.989 0.0000000000
48679  45.712  -26.278  40.119 0.0000000000
47723  43.819  -27.464  37.900 0.0000000000
47733  42.923  -27.968  36.553 0.0000000000
46770  44.721  -28.497  35.507 0.0000000000
46781  45.206  -28.629  34.561 0.0000000000
45876  44.873  -28.802  33.379 0.0000000000
39685  36.602  -35.522  38.911 0.0000000000
39711  36.020  -35.775  38.272 0.0000000000
135082  35.330  -35.876  38.438 0.0000000000
133077  53.112  -11.568  22.720 0.0000000000
63203  52.551  -11.602  21.387 0.0000000000
63204  51.096  -11.884  21.478 0.0000000000
125449  50.011  -12.441  20.883 0.0000000000
46773  34.842  -28.963  36.668 0.0000000000
44843  34.017  -29.719  35.969 0.0000000000
46775  33.378  -29.008  36.668 0.0000000000
45832  32.217  -28.950  37.173 0.0000000000
117295  30.419  -29.120  37.608 0.0000000000
44735  27.240  -29.854  43.081 0.0000000000
44774  27.341  -29.950  41.633 0.0000000000
44775  26.544  -29.983  41.809 0.0000000000
123534  25.167  -30.618  40.808 0.0000000000
41811  22.630  -33.380  40.800 0.0000000000
45683  44.595  -30.077  45.705 0.0000000000
43650  45.679  -31.321  44.213 0.0000000000
42675  46.777  -31.910  42.987 0.0000000000
122707  45.144  -31.282  44.213 0.0000000000
43681  45.058  -30.965  42.834 0.0000000000
44751  44.102  -30.372  42.719 0.0000000000
45718  37.577  -29.035  43.526 0.0000000000
45737  38.616  -29.165  42.488 0.0000000000
45758  37.955  -28.914  41.706 0.0000000000
131403  37.715  -28.668  40.233 0.0000000000
129992  38.354  -28.701  38.996 0.0000000000
45829  38.566  -29.580  37.175 0.0000000000
131313  37.366  -28.641  37.924 0.0000000000
46757  36.400  -28.830  37.013 0.0000000000
57636  50.950  -17.624  24.891 0.0000000000
57644  50.925  -17.535  24.222 0.0000000000
56654  50.147  -18.219  24.482 0.0000000000
128801  49.499  -18.939  24.745 0.0000000000
39586  22.492  -35.285  50.480 0.0000000000
39594  21.663  -35.080  48.643 0.0000000000
39599  21.081  -34.760  47.084 0.0000000000
119082  20.408  -35.239  47.866 0.0000000000
60391  56.474  -14.679  26.802 0.0000000000
60417  55.679  -15.398  25.767 0.0000000000
59446  56.693  -15.290  26.736 0.0000000000
58528  56.510  -15.746  26.717 0.0000000000
58511  56.209  -16.402  28.074 0.0000000000
57526  55.356  -17.607  33.515 0.0000000000
57545  54.873  -17.367  32.667 0.0000000000
57528  53.382  -17.615  33.344 0.0000000000
57548  51.955  -17.454  32.549 0.0000000000
58468  50.062  -16.999  31.319 0.0000000000
137802  49.019  -16.857  30.792 0.0000000000
57582  49.138  -17.133  31.347 0.0000000000
57570  48.241  -17.260  31.579 0.0000000000
133910  46.729  -17.405  31.707 0.0000000000
53712  45.537  -21.164  38.017 0.0000000000
55615  45.468  -19.321  38.274 0.0000000000
54732  44.912  -20.687  36.880 0.0000000000
121522  44.330  -19.845  35.609 0.0000000000
122532  44.131  -19.391  34.970 0.0000000000
55685  43.763  -19.035  33.637 0.0000000000
54789  43.413  -20.435  33.593 0.0000000000
54804  41.828  -21.181  31.895 0.0000000000
53786  40.660  -21.386  30.271 0.0000000000
53797  39.951  -21.427  28.835 0.0000000000
52654  40.018  -21.960  29.615 0.0000000000
51690  38.917  -23.246  28.808 0.0000000000
50712  38.453  -24.731  27.770 0.0000000000
47801  42.348  -27.390  27.720 0.0000000000
47809  42.209  -26.737  26.735 0.0000000000
47811  40.950  -27.366  26.998 0.0000000000
47827  39.199  -27.069  26.449 0.0000000000
47839  37.179  -26.871  25.840 0.0000000000
41874  43.264  -33.365  37.282 0.0000000000
42788  43.076  -32.198  35.931 0.0000000000
42776  41.948  -32.853  36.209 0.0000000000
42791  40.303  -32.523  35.497 0.0000000000
120661  39.048  -31.657  34.301 0.0000000000
43808  34.506  -31.465  33.502 0.0000000000
43810  32.901  -31.681  32.908 0.0000000000
138602  60.655  -11.606  18.582 0.0000000000
63249  59.136  -12.147  17.664 0.0000000000
62355  58.136  -12.638  17.504 0.0000000000
116191  33.557  -28.830  43.083 0.0000000000
130654  32.710  -28.849  41.626 0.0000000000
135968  32.005  -29.172  43.078 0.0000000000
45725  30.655  -29.620  43.419 0.0000000000
44733  29.409  -29.786  43.761 0.0000000000
122410  30.073  -30.514  46.948 0.0000000000
126156  29.066  -29.975  45.220 0.0000000000
44715  28.429  -29.831  44.458 0.0000000000
44717  26.695  -29.689  44.505 0.0000000000
45705  25.782  -29.531  44.979 0.0000000000
119237  24.379  -29.765  44.978 0.0000000000
43604  40.648  -30.499  47.903 0.0000000000
43642  41.357  -30.577  46.266 0.0000000000
124539  40.122  -30.552  47.555 0.0000000000
44663  39.040  -30.343  46.454 0.0000000000
44687  38.306  -29.884  45.876 0.0000000000
43608  36.094  -30.434  48.069 0.0000000000
44664  36.669  -29.807  46.443 0.0000000000
44710  36.840  -29.390  44.965 0.0000000000
45699  35.385  -28.906  44.385 0.0000000000
45721  34.787  -28.812  43.736 0.0000000000
129933  47.856  -17.818  26.376 0.0000000000
56640  48.386  -18.301  26.059 0.0000000000
56641  47.560  -18.483  26.332 0.0000000000
60329  58.831  -14.648  31.188 0.0000000000
57507  57.190  -17.474  34.846 0.0000000000
124189  55.310  -18.329  35.317 0.0000000000
56554  54.385  -18.493  35.639 0.0000000000
115981  52.130  -18.555  36.367 0.0000000000
136421  47.663  -19.189  41.967 0.0000000000
127878  46.794  -20.431  40.549 0.0000000000
52523  46.773  -22.379  40.678 0.0000000000
52538  46.203  -22.190  39.820 0.0000000000
127141  45.632  -21.811  38.444 0.0000000000
52559  44.905  -22.736  37.453 0.0000000000
50573  43.343  -23.907  35.815 0.0000000000
50591  41.557  -24.616  34.368 0.0000000000
50624  39.798  -25.053  32.185 0.0000000000
49654  40.603  -25.732  33.872 0.0000000000
47764  40.296  -27.324  32.214 0.0000000000
47771  41.007  -27.485  31.223 0.0000000000
46788  42.370  -28.147  33.639 0.0000000000
47762  43.204  -27.628  31.914 0.0000000000
117558  43.093  -27.711  29.175 0.0000000000
127286  42.868  -28.028  28.899 0.0000000000
46824  39.689  -29.072  29.054 0.0000000000
45929  38.289  -29.643  28.723 0.0000000000
122054  39.087  -35.110  37.948 0.0000000000
124595  38.873  -34.272  37.002 0.0000000000
40840  38.126  -34.436  36.910 0.0000000000
41880  36.608  -33.921  36.171 0.0000000000
118226  35.950  -33.425  35.524 0.0000000000
40842  35.426  -34.778  36.601 0.0000000000
40851  34.880  -34.243  35.820 0.0000000000
63215  57.224  -10.953  20.486 0.0000000000
63229  57.117  -10.779  19.325 0.0000000000
139310  55.585  -11.210  19.440 0.0000000000
63243  54.373  -11.337  18.348 0.0000000000
63255  52.892  -11.674  18.106 0.0000000000
63235  51.810  -11.675  20.077 0.0000000000
62347  51.413  -12.310  18.655 0.0000000000
45787  31.685  -28.982  40.502 0.0000000000
45807  30.460  -29.101  39.467 0.0000000000
116013  29.545  -29.202  37.778 0.0000000000
45791  27.129  -29.801  39.941 0.0000000000
116190  27.971  -29.363  38.137 0.0000000000
48587  47.354  -26.717  44.613 0.0000000000
46687  48.754  -27.865  43.390 0.0000000000
118787  49.551  -29.411  41.286 0.0000000000
44802  49.032  -29.427  39.389 0.0000000000
44817  47.552  -29.900  37.266 0.0000000000
43721  47.647  -31.194  38.576 0.0000000000
43722  46.751  -31.692  38.303 0.0000000000
42734  45.636  -33.136  38.605 0.0000000000
41780  46.581  -33.486  41.153 0.0000000000
40779  45.654  -34.404  39.910 0.0000000000
41845  44.729  -34.289  38.924 0.0000000000
40822  43.241  -34.374  38.311 0.0000000000
40811  42.037  -35.134  38.884 0.0000000000
39681  41.068  -35.243  40.029 0.0000000000
44683  41.929  -30.552  45.211 0.0000000000
44753  42.455  -30.035  43.501 0.0000000000
45754  42.593  -29.515  41.559 0.0000000000
122146  40.594  -29.217  41.408 0.0000000000
124935  42.022  -29.321  40.733 0.0000000000
45798  43.033  -29.900  39.815 0.0000000000
124238  42.765  -32.158  39.296 0.0000000000
40795  41.145  -34.711  40.172 0.0000000000
39682  40.103  -35.096  39.756 0.0000000000
40796  39.331  -35.046  39.683 0.0000000000
40797  38.435  -35.187  39.381 0.0000000000
40798  37.553  -35.191  39.225 0.0000000000
43742  38.296  -31.250  37.238 0.0000000000
42757  37.382  -32.576  38.151 0.0000000000
41830  36.727  -34.880  39.202 0.0000000000
41850  36.324  -33.855  38.902 0.0000000000
60434  50.922  -14.552  24.246 0.0000000000
125994  49.366  -14.202  23.455 0.0000000000
127544  49.908  -15.185  23.694 0.0000000000
128448  49.430  -18.417  23.661 0.0000000000
55783  48.675  -19.472  23.340 0.0000000000
54870  48.272  -20.146  26.293 0.0000000000
48489  28.397  -27.342  51.773 0.0000000000
46615  27.778  -27.832  51.716 0.0000000000
46635  27.169  -28.147  50.877 0.0000000000
46617  25.746  -27.654  51.000 0.0000000000
46647  26.248  -28.621  48.855 0.0000000000
46648  25.190  -28.646  48.379 0.0000000000
45662  24.250  -29.265  47.237 0.0000000000
44696  23.513  -30.606  45.862 0.0000000000
43559  23.872  -31.454  50.367 0.0000000000
124207  23.547  -31.390  48.905 0.0000000000
43631  23.523  -31.725  46.361 0.0000000000
116895  23.907  -32.755  45.076 0.0000000000
118471  23.592  -33.246  43.872 0.0000000000
64082  59.346  -10.624  21.686 0.0000000000
63199  57.670  -10.969  21.945 0.0000000000
63185  57.117  -11.085  22.355 0.0000000000
63186  55.621  -11.320  22.692 0.0000000000
64037  58.298  -10.366  25.077 0.0000000000
63165  56.895  -10.804  23.627 0.0000000000
63187  54.746  -11.427  22.609 0.0000000000
63168  53.392  -11.502  23.543 0.0000000000
63149  52.566  -11.826  24.248 0.0000000000
62281  52.014  -12.637  24.835 0.0000000000
63132  54.153  -11.359  25.691 0.0000000000
62267  53.024  -12.668  25.636 0.0000000000
61426  51.695  -13.627  24.795 0.0000000000
127499  52.225  -14.474  24.783 0.0000000000
60432  52.560  -15.491  24.320 0.0000000000
59485  52.862  -16.120  24.274 0.0000000000
59465  55.159  -15.830  25.447 0.0000000000
58576  53.686  -16.142  24.770 0.0000000000
130372  52.255  -16.887  24.747 0.0000000000
57623  51.665  -17.085  25.373 0.0000000000
58550  51.078  -16.594  26.415 0.0000000000
58551  49.968  -16.522  26.664 0.0000000000
58475  58.489  -15.906  30.299 0.0000000000
117294  56.505  -16.520  29.563 0.0000000000
58495  54.592  -16.436  29.420 0.0000000000
58464  53.762  -16.655  31.107 0.0000000000
58479  54.146  -16.496  30.262 0.0000000000
115976  53.041  -16.159  28.617 0.0000000000
58514  51.380  -15.867  27.982 0.0000000000
58535  49.811  -15.958  27.601 0.0000000000
58552  48.970  -16.723  26.660 0.0000000000
58536  48.484  -16.457  27.244 0.0000000000
58537  47.621  -16.762  27.252 0.0000000000
58502  47.539  -16.572  29.529 0.0000000000
58519  46.502  -16.643  28.506 0.0000000000
56532  51.871  -17.993  37.683 0.0000000000
137800  50.670  -18.271  36.430 0.0000000000
59318  48.210  -15.367  39.663 0.0000000000
58381  45.943  -16.837  38.673 0.0000000000
120370  46.910  -16.036  38.423 0.0000000000
59330  48.488  -15.722  38.935 0.0000000000
58400  49.484  -16.800  37.720 0.0000000000
57480  49.580  -17.690  36.514 0.0000000000
56572  49.482  -18.311  34.886 0.0000000000
115329  47.977  -17.856  34.193 0.0000000000
115979  46.991  -17.609  33.231 0.0000000000
115818  45.547  -17.481  31.563 0.0000000000
56597  43.649  -18.616  32.404 0.0000000000
56603  44.177  -18.021  31.803 0.0000000000
57574  43.880  -17.670  30.755 0.0000000000
57598  42.595  -17.782  29.031 0.0000000000
52730  39.234  -22.253  26.066 0.0000000000
52747  39.515  -22.421  24.442 0.0000000000
50660  38.984  -24.952  30.657 0.0000000000
49705  38.724  -25.564  28.826 0.0000000000
49739  39.591  -25.175  26.342 0.0000000000
48801  42.062  -26.369  26.022 0.0000000000
117094  41.698  -26.128  25.263 0.0000000000
44829  46.490  -29.692  36.027 0.0000000000
44854  44.923  -29.736  34.404 0.0000000000
44861  43.875  -29.814  33.517 0.0000000000
43789  42.514  -31.344  34.521 0.0000000000
44863  42.052  -30.552  33.074 0.0000000000
44873  42.061  -30.101  32.414 0.0000000000
44887  40.457  -30.382  31.216 0.0000000000
44915  38.920  -30.398  29.888 0.0000000000
44934  37.822  -30.223  29.046 0.0000000000
42792  38.198  -32.783  35.539 0.0000000000
42806  37.719  -32.062  34.827 0.0000000000
43805  37.254  -31.103  33.601 0.0000000000
44866  34.916  -30.820  32.967 0.0000000000
44865  35.804  -30.720  33.029 0.0000000000
119654  37.286  -30.652  31.911 0.0000000000
44905  36.205  -30.524  30.311 0.0000000000
44918  36.642  -30.559  29.506 0.0000000000
117887  56.194  -11.198  17.917 0.0000000000
118178  56.281  -12.743  17.441 0.0000000000
120396  56.340  -13.870  17.506 0.0000000000
60457  48.109  -14.589  22.680 0.0000000000
46735  48.590  -28.893  39.016 0.0000000000
47711  48.540  -28.270  40.315 0.0000000000
46721  48.317  -28.585  39.418 0.0000000000
46722  47.489  -28.379  39.158 0.0000000000
129231  47.623  -28.751  37.654 0.0000000000
46754  47.166  -28.724  37.047 0.0000000000
46767  47.594  -28.924  37.083 0.0000000000
62283  50.760  -12.946  24.076 0.0000000000
62300  50.358  -12.792  23.412 0.0000000000
61442  49.813  -13.473  23.438 0.0000000000
127405  33.803  -28.554  40.703 0.0000000000
45804  33.411  -28.564  39.858 0.0000000000
44738  24.281  -30.443  43.762 0.0000000000
115308  24.662  -30.332  43.085 0.0000000000
43670  24.088  -31.293  43.180 0.0000000000
43671  23.775  -32.203  43.684 0.0000000000
44638  42.030  -30.254  47.515 0.0000000000
44624  41.750  -29.775  48.479 0.0000000000
44659  43.112  -30.331  46.387 0.0000000000
43640  42.669  -30.712  45.605 0.0000000000
43625  42.327  -30.613  46.188 0.0000000000
45760  34.279  -28.591  41.883 0.0000000000
127933  34.954  -28.518  41.616 0.0000000000
45785  34.652  -28.468  40.776 0.0000000000
46712  35.159  -28.439  40.055 0.0000000000
60371  58.323  -14.882  28.969 0.0000000000
60356  58.328  -14.044  29.778 0.0000000000
56570  51.900  -18.497  34.893 0.0000000000
132638  51.221  -18.409  34.534 0.0000000000
56586  50.547  -18.232  34.033 0.0000000000
51599  42.605  -23.319  34.419 0.0000000000
51611  42.202  -23.054  33.714 0.0000000000
52598  42.360  -22.386  33.295 0.0000000000
51621  41.124  -23.494  32.704 0.0000000000
51622  40.610  -23.541  32.015 0.0000000000
40839  40.296  -34.219  37.339 0.0000000000
134453  39.569  -34.439  37.360 0.0000000000
64107  58.840  -10.575  19.809 0.0000000000
44693  32.394  -29.835  46.210 0.0000000000
132986  31.628  -29.827  45.906 0.0000000000
44669  31.578  -30.139  46.557 0.0000000000
44629  27.892  -29.683  48.610 0.0000000000
44650  27.977  -30.032  47.779 0.0000000000
122123  27.295  -29.432  47.939 0.0000000000
122256  26.649  -29.020  48.093 0.0000000000
45615  37.387  -29.804  50.506 0.0000000000
131326  37.528  -30.500  49.696 0.0000000000
43552  36.337  -30.415  50.149 0.0000000000
44645  32.387  -30.434  47.554 0.0000000000
44644  33.732  -30.286  47.687 0.0000000000
44668  33.002  -30.113  47.042 0.0000000000
44692  33.341  -29.735  46.139 0.0000000000
53635  48.524  -22.022  43.321 0.0000000000
53593  48.510  -21.389  44.285 0.0000000000
53614  48.572  -21.203  43.674 0.0000000000
54657  48.549  -20.348  43.732 0.0000000000
53615  48.494  -20.937  43.177 0.0000000000
54664  48.408  -20.312  43.001 0.0000000000
53654  48.086  -21.845  42.347 0.0000000000
49577  44.075  -25.917  38.555 0.0000000000
49594  43.153  -26.036  37.401 0.0000000000
49593  43.599  -25.228  37.488 0.0000000000
49614  42.609  -26.194  36.815 0.0000000000
48716  42.426  -27.147  36.704 0.0000000000
45884  44.165  -28.550  32.280 0.0000000000
116394  44.317  -28.024  31.826 0.0000000000
45892  43.883  -28.337  31.386 0.0000000000
45901  42.833  -28.824  31.011 0.0000000000
131949  43.101  -29.032  31.537 0.0000000000
136653  36.999  -35.674  38.470 0.0000000000
122958  54.039  -11.544  21.111 0.0000000000
129852  34.914  -30.896  36.361 0.0000000000
44756  29.324  -29.831  42.800 0.0000000000
44772  28.976  -29.817  41.908 0.0000000000
126643  25.128  -30.295  37.631 0.0000000000
43648  47.027  -31.232  43.873 0.0000000000
119831  46.842  -30.468  44.321 0.0000000000
44725  47.624  -31.212  43.452 0.0000000000
44724  48.187  -30.695  43.225 0.0000000000
43663  47.999  -31.554  43.019 0.0000000000
42681  48.097  -32.478  42.256 0.0000000000
43679  47.726  -32.153  42.683 0.0000000000
43702  44.808  -31.494  40.422 0.0000000000
43701  45.436  -32.193  40.817 0.0000000000
42696  44.088  -33.932  40.473 0.0000000000
43710  44.131  -31.587  39.843 0.0000000000
44708  38.643  -29.708  44.926 0.0000000000
115727  39.831  -29.723  44.076 0.0000000000
44730  38.934  -29.583  44.093 0.0000000000
45815  39.611  -29.164  38.379 0.0000000000
131568  40.362  -29.272  38.834 0.0000000000
126641  40.353  -29.625  38.169 0.0000000000
44819  40.149  -30.240  37.739 0.0000000000
43726  39.574  -31.876  38.109 0.0000000000
44820  39.487  -30.302  37.403 0.0000000000
43760  35.954  -30.893  36.538 0.0000000000
43745  35.443  -31.600  37.124 0.0000000000
58589  51.207  -16.739  23.720 0.0000000000
46619  24.007  -28.548  51.506 0.0000000000
45622  23.710  -29.199  50.748 0.0000000000
45637  23.686  -29.226  49.739 0.0000000000
40700  23.093  -34.578  48.133 0.0000000000
40705  23.483  -34.301  47.564 0.0000000000
40711  22.536  -34.261  46.202 0.0000000000
40707  22.252  -34.508  47.043 0.0000000000
116968  59.553  -10.471  24.328 0.0000000000
64035  60.256  -10.054  24.954 0.0000000000
115667  58.261  -9.543  27.052 0.0000000000
64014  57.357  -10.161  25.795 0.0000000000
64015  55.886  -10.483  25.756 0.0000000000
61394  54.854  -13.558  26.953 0.0000000000
61395  54.109  -13.568  26.390 0.0000000000
115974  54.437  -16.463  27.286 0.0000000000
58532  53.095  -16.424  26.894 0.0000000000
58531  53.471  -16.307  27.668 0.0000000000
58482  51.291  -16.499  30.520 0.0000000000
58500  49.798  -16.317  29.863 0.0000000000
116638  49.095  -16.240  29.155 0.0000000000
58486  46.347  -16.800  30.193 0.0000000000
57595  45.460  -16.865  30.052 0.0000000000
133905  44.510  -17.079  29.917 0.0000000000
58379  50.076  -16.082  39.284 0.0000000000
129233  46.358  -19.152  40.009 0.0000000000
56507  46.388  -18.281  40.309 0.0000000000
56514  46.021  -18.289  39.568 0.0000000000
57485  45.020  -17.767  35.858 0.0000000000
57484  45.553  -17.320  36.340 0.0000000000
57496  45.763  -17.399  35.309 0.0000000000
57511  45.612  -17.623  34.354 0.0000000000
124748  40.723  -20.621  29.669 0.0000000000
55724  41.645  -19.883  30.578 0.0000000000
54840  40.795  -20.010  29.026 0.0000000000
55729  41.292  -19.375  29.151 0.0000000000
54849  40.498  -20.114  28.169 0.0000000000
53812  40.049  -20.981  27.953 0.0000000000
117435  38.802  -24.204  25.634 0.0000000000
51736  38.700  -23.484  25.421 0.0000000000
50734  39.326  -24.247  24.915 0.0000000000
48761  41.288  -26.607  28.701 0.0000000000
48760  42.427  -26.866  28.234 0.0000000000
43757  44.479  -31.690  36.385 0.0000000000
43758  43.790  -32.018  36.197 0.0000000000
43803  39.378  -31.428  33.500 0.0000000000
43802  40.311  -31.430  33.365 0.0000000000
44875  39.230  -31.011  31.867 0.0000000000
44876  38.292  -30.885  31.942 0.0000000000
132777  35.446  -32.321  34.548 0.0000000000
62359  53.823  -12.421  17.547 0.0000000000
120336  53.326  -13.362  17.483 0.0000000000
43574  31.249  -30.743  49.782 0.0000000000
43575  30.537  -30.716  49.884 0.0000000000
44614  29.870  -30.540  50.084 0.0000000000
44601  29.194  -29.981  50.290 0.0000000000
45633  28.531  -29.866  49.418 0.0000000000
117640  28.504  -29.285  50.501 0.0000000000
119694  31.503  -30.329  50.938 0.0000000000
44598  32.157  -30.358  50.712 0.0000000000
43557  31.747  -30.611  50.345 0.0000000000
43592  32.221  -30.755  49.116 0.0000000000
47667  48.631  -26.681  43.683 0.0000000000
49474  48.467  -25.690  43.917 0.0000000000
48629  48.997  -26.682  43.197 0.0000000000
48676  48.432  -27.103  41.551 0.0000000000
49501  48.782  -25.764  42.745 0.0000000000
49520  48.356  -25.626  42.239 0.0000000000
123776  48.574  -24.307  42.845 0.0000000000
50491  47.909  -24.636  42.011 0.0000000000
49521  47.599  -25.536  41.637 0.0000000000
47721  46.402  -28.234  38.908 0.0000000000
47714  45.649  -27.258  39.646 0.0000000000
122711  45.357  -27.785  38.906 0.0000000000
47715  44.801  -27.103  39.114 0.0000000000
47722  44.553  -27.699  38.373 0.0000000000
116219  44.140  -28.114  37.473 0.0000000000
46739  45.022  -28.349  37.579 0.0000000000
115762  45.673  -28.688  34.967 0.0000000000
46784  45.493  -28.889  34.331 0.0000000000
45875  45.126  -28.823  33.744 0.0000000000
45869  45.347  -29.050  34.002 0.0000000000
40799  36.282  -35.242  39.063 0.0000000000
39701  35.817  -35.694  38.772 0.0000000000
63189  52.358  -11.657  22.328 0.0000000000
130285  51.853  -11.692  21.683 0.0000000000
63190  51.413  -11.862  22.291 0.0000000000
62315  49.583  -12.788  22.254 0.0000000000
62324  50.232  -12.359  21.699 0.0000000000
62325  49.492  -12.729  21.440 0.0000000000
60466  47.871  -14.045  21.025 0.0000000000
46759  34.715  -28.626  37.463 0.0000000000
126543  34.051  -28.789  36.939 0.0000000000
138005  33.980  -28.600  37.638 0.0000000000
46746  32.623  -28.690  38.625 0.0000000000
46761  32.739  -28.755  37.745 0.0000000000
45817  31.969  -28.813  38.082 0.0000000000
45833  31.345  -29.030  37.387 0.0000000000
45818  31.067  -29.007  38.544 0.0000000000
120539  27.066  -29.917  42.299 0.0000000000
44759  26.443  -29.876  42.595 0.0000000000
138343  24.643  -30.986  41.204 0.0000000000
131307  25.127  -30.491  41.533 0.0000000000
43703  24.502  -31.220  40.594 0.0000000000
44790  24.994  -30.734  40.001 0.0000000000
43714  24.226  -31.423  39.660 0.0000000000
42722  23.524  -32.363  39.748 0.0000000000
43704  23.960  -32.006  40.554 0.0000000000
41786  23.368  -33.215  42.067 0.0000000000
41810  23.275  -33.111  41.255 0.0000000000
41788  22.034  -33.578  41.283 0.0000000000
41787  22.828  -33.437  41.700 0.0000000000
46656  43.382  -28.216  48.109 0.0000000000
44681  44.147  -30.593  45.553 0.0000000000
121664  44.751  -30.769  45.174 0.0000000000
44704  45.486  -30.955  44.728 0.0000000000
43637  44.894  -31.135  44.659 0.0000000000
43666  45.936  -31.507  43.549 0.0000000000
43668  43.940  -30.989  44.282 0.0000000000
43682  44.387  -30.870  43.525 0.0000000000
44726  43.803  -30.628  43.663 0.0000000000
124028  43.342  -30.225  43.374 0.0000000000
45739  36.907  -28.760  42.911 0.0000000000
45738  37.744  -28.934  42.656 0.0000000000
45782  37.354  -28.719  40.956 0.0000000000
46709  38.497  -28.764  39.859 0.0000000000
46723  37.561  -28.566  39.345 0.0000000000
46740  37.853  -28.691  38.296 0.0000000000
46741  36.979  -28.502  38.413 0.0000000000
46743  35.379  -28.481  38.281 0.0000000000
46742  36.265  -28.550  37.830 0.0000000000
46758  35.580  -28.695  37.221 0.0000000000
46772  35.740  -29.091  36.637 0.0000000000
117291  21.831  -35.393  49.944 0.0000000000
136608  21.978  -35.152  49.245 0.0000000000
127828  21.251  -35.408  49.351 0.0000000000
39595  20.790  -35.350  48.641 0.0000000000
39590  20.399  -35.677  49.415 0.0000000000
60403  56.555  -15.135  26.518 0.0000000000
60390  57.131  -14.960  27.195 0.0000000000
59412  57.877  -15.422  28.442 0.0000000000
59426  57.203  -15.324  27.413 0.0000000000
58510  57.056  -15.939  27.752 0.0000000000
58529  56.179  -16.243  27.088 0.0000000000
125461  56.923  -16.310  28.708 0.0000000000
56583  54.880  -17.847  34.176 0.0000000000
57527  54.349  -17.588  33.392 0.0000000000
134656  51.581  -17.759  33.280 0.0000000000
57567  51.459  -17.225  31.860 0.0000000000
57568  50.605  -17.317  31.918 0.0000000000
57569  49.735  -17.388  32.031 0.0000000000
118221  48.842  -17.453  32.224 0.0000000000
118838  47.889  -17.518  32.471 0.0000000000
57571  47.383  -17.338  31.680 0.0000000000
53726  44.896  -21.492  36.827 0.0000000000
54731  45.250  -20.284  37.604 0.0000000000
54760  43.922  -21.185  34.781 0.0000000000
54759  44.387  -20.925  35.601 0.0000000000
54775  44.083  -20.298  34.958 0.0000000000
54776  43.756  -20.487  34.290 0.0000000000
55669  43.693  -19.750  33.941 0.0000000000
52605  41.701  -21.948  32.235 0.0000000000
53785  41.246  -21.250  31.070 0.0000000000
53777  40.821  -21.834  30.987 0.0000000000
52634  40.367  -22.253  30.518 0.0000000000
51656  39.485  -23.472  30.325 0.0000000000
51672  39.175  -23.371  29.624 0.0000000000
51673  38.658  -24.008  29.174 0.0000000000
51691  38.469  -23.927  28.304 0.0000000000
46846  41.199  -27.691  27.729 0.0000000000
47828  37.148  -27.543  26.489 0.0000000000
124778  36.311  -27.307  25.751 0.0000000000
41864  42.893  -33.846  37.659 0.0000000000
41875  42.549  -33.269  36.867 0.0000000000
41876  41.588  -33.423  36.785 0.0000000000
42804  39.552  -32.038  34.880 0.0000000000
133118  58.989  -11.030  18.023 0.0000000000
45743  32.731  -28.964  43.062 0.0000000000
134052  32.340  -29.177  43.794 0.0000000000
45704  30.805  -29.674  44.438 0.0000000000
45724  31.477  -29.406  43.639 0.0000000000
44732  30.063  -29.752  44.040 0.0000000000
44714  29.544  -29.839  44.625 0.0000000000
123272  30.273  -30.630  47.789 0.0000000000
44648  29.661  -30.587  47.611 0.0000000000
126059  28.851  -30.156  46.025 0.0000000000
116139  28.283  -29.896  45.255 0.0000000000
44716  27.672  -29.801  44.515 0.0000000000
44695  27.383  -29.780  45.233 0.0000000000
45673  26.263  -29.319  46.478 0.0000000000
45690  25.932  -29.415  45.733 0.0000000000
119128  24.920  -29.419  45.539 0.0000000000
44590  38.902  -29.934  50.135 0.0000000000
45613  39.147  -29.368  50.187 0.0000000000
135111  39.855  -30.043  49.536 0.0000000000
44625  40.403  -30.273  48.915 0.0000000000
43584  39.862  -30.495  48.375 0.0000000000
43607  37.629  -30.555  48.193 0.0000000000
43629  38.855  -30.486  47.250 0.0000000000
125043  38.387  -30.262  46.683 0.0000000000
128022  37.661  -30.022  46.581 0.0000000000
43570  34.698  -30.581  49.808 0.0000000000
43588  35.934  -30.615  48.918 0.0000000000
43589  35.007  -30.622  49.112 0.0000000000
44666  34.848  -29.820  46.737 0.0000000000
44642  35.478  -30.153  47.429 0.0000000000
44665  35.727  -29.821  46.605 0.0000000000
129585  36.531  -29.534  45.607 0.0000000000
44689  35.924  -29.563  45.829 0.0000000000
44711  35.975  -29.258  45.101 0.0000000000
134796  35.554  -29.388  45.461 0.0000000000
45701  33.761  -29.067  44.551 0.0000000000
45700  34.571  -28.960  44.457 0.0000000000
45722  34.034  -28.881  43.786 0.0000000000
116014  34.333  -28.767  43.097 0.0000000000
56552  56.589  -17.782  35.313 0.0000000000
133357  56.400  -17.866  35.948 0.0000000000
56529  54.484  -18.300  37.444 0.0000000000
56540  54.780  -18.492  36.629 0.0000000000
134657  53.931  -18.515  37.090 0.0000000000
116436  52.868  -18.601  36.248 0.0000000000
56542  52.980  -18.531  37.001 0.0000000000
51504  48.135  -23.224  44.938 0.0000000000
55584  47.708  -19.920  41.851 0.0000000000
55591  47.215  -20.215  41.158 0.0000000000
55585  47.165  -19.298  41.220 0.0000000000
118100  46.491  -23.804  40.544 0.0000000000
51541  46.929  -23.249  40.972 0.0000000000
50526  45.024  -23.826  38.669 0.0000000000
51551  45.832  -22.986  39.546 0.0000000000
52539  45.690  -22.346  39.006 0.0000000000
53688  45.887  -21.774  39.182 0.0000000000
52549  45.346  -22.492  38.205 0.0000000000
50560  43.128  -24.637  36.272 0.0000000000
129261  43.642  -24.063  36.370 0.0000000000
50574  42.588  -24.578  35.570 0.0000000000
50590  42.244  -24.154  34.787 0.0000000000
135165  40.975  -24.971  33.999 0.0000000000
49653  41.108  -25.509  34.487 0.0000000000
47754  40.640  -27.167  34.083 0.0000000000
48736  40.346  -26.648  33.654 0.0000000000
47758  40.623  -27.469  33.223 0.0000000000
47763  41.448  -27.705  32.169 0.0000000000
46771  43.375  -28.358  35.664 0.0000000000
47748  42.532  -28.206  35.164 0.0000000000
46787  42.993  -28.334  34.176 0.0000000000
47761  44.115  -27.863  31.457 0.0000000000
47769  43.737  -27.726  30.945 0.0000000000
125404  43.322  -27.648  30.281 0.0000000000
47778  43.408  -27.865  29.748 0.0000000000
46834  42.858  -27.600  28.785 0.0000000000
46821  43.260  -27.882  29.399 0.0000000000
45913  40.387  -29.261  29.634 0.0000000000
45914  39.344  -29.790  29.534 0.0000000000
39708  38.444  -35.432  38.373 0.0000000000
40827  38.345  -35.004  37.585 0.0000000000
40828  37.647  -34.960  37.358 0.0000000000
41881  35.726  -34.086  36.031 0.0000000000
40830  36.045  -35.269  37.362 0.0000000000
41894  34.078  -33.999  35.218 0.0000000000
133754  34.784  -33.635  35.296 0.0000000000
63200  56.805  -11.206  21.391 0.0000000000
121457  56.273  -11.184  20.170 0.0000000000
63232  54.020  -11.416  19.449 0.0000000000
63231  54.843  -11.333  19.411 0.0000000000
63244  53.492  -11.461  18.518 0.0000000000
128885  51.826  -11.679  20.952 0.0000000000
63220  52.513  -11.586  20.573 0.0000000000
44844  33.283  -30.053  35.766 0.0000000000
44836  33.383  -30.794  35.897 0.0000000000
44845  32.518  -30.697  35.747 0.0000000000
130836  31.479  -29.180  41.881 0.0000000000
122876  31.999  -29.010  41.346 0.0000000000
45763  31.180  -29.162  41.196 0.0000000000
45808  29.561  -29.233  39.443 0.0000000000
45819  30.041  -29.120  38.580 0.0000000000
45820  29.182  -29.239  38.635 0.0000000000
132499  26.730  -30.017  41.198 0.0000000000
44787  27.276  -29.933  40.802 0.0000000000
45838  26.485  -29.598  37.247 0.0000000000
45822  27.306  -29.487  38.381 0.0000000000
45837  27.287  -29.422  37.443 0.0000000000
47646  44.775  -27.791  46.710 0.0000000000
133515  46.921  -28.237  44.706 0.0000000000
134501  45.871  -27.388  45.484 0.0000000000
47657  46.513  -27.087  45.029 0.0000000000
46670  47.169  -27.563  44.636 0.0000000000
47669  48.067  -27.251  44.212 0.0000000000
46678  48.205  -27.949  43.862 0.0000000000
44770  49.471  -30.389  41.517 0.0000000000
121527  49.270  -29.300  42.296 0.0000000000
44783  49.546  -29.883  40.649 0.0000000000
45796  49.305  -29.273  40.078 0.0000000000
44793  49.082  -30.165  39.444 0.0000000000
43720  48.461  -30.658  38.954 0.0000000000
43708  48.862  -31.173  39.811 0.0000000000
42710  47.585  -32.774  40.015 0.0000000000
42732  47.193  -32.239  39.141 0.0000000000
42733  46.363  -32.704  38.872 0.0000000000
41843  46.024  -33.714  39.441 0.0000000000
133267  46.455  -31.939  42.473 0.0000000000
127122  46.737  -32.823  41.722 0.0000000000
40781  44.518  -34.708  40.390 0.0000000000
41799  45.641  -34.184  40.684 0.0000000000
40780  45.156  -34.581  40.276 0.0000000000
40809  44.464  -34.785  39.524 0.0000000000
41846  43.966  -34.567  38.770 0.0000000000
115438  43.902  -35.141  39.711 0.0000000000
40783  42.823  -35.006  40.457 0.0000000000
39693  43.151  -35.362  39.936 0.0000000000
39679  42.421  -35.352  40.136 0.0000000000
39695  41.475  -35.387  39.518 0.0000000000
39668  41.767  -35.226  40.215 0.0000000000
44661  40.647  -30.529  46.274 0.0000000000
44684  41.167  -30.484  45.524 0.0000000000
44754  40.857  -29.693  43.207 0.0000000000
44728  41.545  -30.097  43.873 0.0000000000
131786  41.596  -29.719  43.110 0.0000000000
44752  43.110  -29.790  42.542 0.0000000000
45733  42.078  -29.571  42.454 0.0000000000
45736  39.412  -29.328  42.390 0.0000000000
118648  39.768  -29.213  41.715 0.0000000000
45800  41.671  -29.529  39.364 0.0000000000
45778  41.445  -29.282  40.066 0.0000000000
45777  42.270  -29.489  39.956 0.0000000000
45799  42.343  -29.831  39.339 0.0000000000
43712  42.526  -31.211  38.973 0.0000000000
42715  40.460  -32.984  39.237 0.0000000000
117363  41.242  -32.949  39.431 0.0000000000
41826  40.718  -33.893  39.787 0.0000000000
139205  40.821  -34.942  40.149 0.0000000000
135534  40.287  -34.822  39.911 0.0000000000
39683  39.071  -35.260  39.450 0.0000000000
128040  39.459  -34.636  39.671 0.0000000000
42737  38.889  -32.875  38.660 0.0000000000
41848  38.239  -33.841  39.120 0.0000000000
41829  38.068  -34.748  39.383 0.0000000000
44831  38.139  -29.977  36.756 0.0000000000
44821  38.770  -30.337  37.059 0.0000000000
44832  37.740  -30.692  36.798 0.0000000000
42739  36.853  -33.175  38.584 0.0000000000
41849  37.318  -34.213  39.118 0.0000000000
127730  50.813  -15.366  23.906 0.0000000000
58591  49.457  -16.760  23.376 0.0000000000
57653  49.028  -17.316  23.278 0.0000000000
56671  50.055  -18.156  23.943 0.0000000000
56680  48.271  -18.966  23.071 0.0000000000
55756  48.107  -19.289  26.119 0.0000000000
135050  28.898  -27.213  51.461 0.0000000000
47569  27.966  -27.394  51.804 0.0000000000
47570  27.095  -27.171  51.850 0.0000000000
46616  26.812  -27.571  51.496 0.0000000000
46636  26.403  -28.100  50.192 0.0000000000
46637  25.266  -28.282  49.527 0.0000000000
119577  24.477  -28.712  48.811 0.0000000000
45649  23.437  -29.768  48.351 0.0000000000
45648  23.665  -29.551  47.796 0.0000000000
45663  23.601  -29.811  46.769 0.0000000000
44674  23.384  -30.687  46.797 0.0000000000
41702  24.744  -33.511  49.870 0.0000000000
42621  24.509  -32.562  50.151 0.0000000000
43577  23.879  -31.923  49.489 0.0000000000
43595  23.930  -32.215  48.605 0.0000000000
41740  23.842  -33.549  46.360 0.0000000000
42642  23.906  -32.395  47.177 0.0000000000
42649  24.088  -32.900  46.383 0.0000000000
132863  23.807  -32.482  45.721 0.0000000000
42667  23.932  -32.998  44.331 0.0000000000
41753  23.566  -33.407  44.726 0.0000000000
40744  22.397  -33.758  44.021 0.0000000000
40712  21.109  -34.560  46.270 0.0000000000
64070  60.329  -10.570  22.381 0.0000000000
63214  58.266  -10.781  21.507 0.0000000000
63198  58.504  -10.737  22.279 0.0000000000
63164  58.522  -10.665  23.578 0.0000000000
63184  57.967  -10.808  22.704 0.0000000000
116590  56.191  -11.352  22.085 0.0000000000
128704  56.561  -11.095  22.852 0.0000000000
64036  59.464  -10.050  25.343 0.0000000000
63147  56.193  -10.730  24.203 0.0000000000
63166  55.929  -11.020  23.416 0.0000000000
63167  54.988  -11.227  23.347 0.0000000000
131779  54.241  -11.375  23.239 0.0000000000
63148  53.338  -11.547  24.559 0.0000000000
63134  52.733  -12.127  25.058 0.0000000000
63996  54.990  -10.849  26.102 0.0000000000
63120  54.499  -11.613  26.578 0.0000000000
61409  53.436  -13.576  25.917 0.0000000000
62268  52.485  -12.889  25.344 0.0000000000
61425  52.290  -13.672  25.157 0.0000000000
137041  53.271  -16.109  24.498 0.0000000000
58562  55.739  -15.745  25.836 0.0000000000
58547  53.775  -16.563  26.011 0.0000000000
58564  53.452  -16.470  25.178 0.0000000000
58565  52.935  -16.395  24.629 0.0000000000
125805  52.590  -16.743  25.274 0.0000000000
58549  52.030  -16.618  26.203 0.0000000000
58534  50.700  -16.080  27.295 0.0000000000
59397  58.827  -15.471  30.708 0.0000000000
58460  58.705  -16.092  31.207 0.0000000000
58494  55.521  -16.513  29.504 0.0000000000
57564  54.364  -16.952  31.892 0.0000000000
58480  53.160  -16.442  30.347 0.0000000000
58496  53.603  -16.329  29.455 0.0000000000
132048  52.034  -15.968  28.761 0.0000000000
58516  49.701  -15.926  28.559 0.0000000000
58515  50.486  -15.809  28.233 0.0000000000
133762  49.201  -16.245  27.166 0.0000000000
58538  46.718  -16.843  27.543 0.0000000000
57583  48.500  -16.912  30.865 0.0000000000
58484  48.012  -16.676  30.227 0.0000000000
132711  45.707  -16.732  28.513 0.0000000000
58539  45.912  -16.903  27.753 0.0000000000
57456  51.294  -17.251  38.414 0.0000000000
57468  51.772  -17.593  38.151 0.0000000000
56533  51.205  -18.185  37.032 0.0000000000
57479  50.425  -17.944  36.800 0.0000000000
59306  46.687  -16.139  40.671 0.0000000000
59288  47.021  -15.883  41.323 0.0000000000
59305  47.031  -15.636  40.609 0.0000000000
59304  47.861  -15.194  40.482 0.0000000000
59319  47.257  -15.524  39.807 0.0000000000
139314  45.364  -18.179  38.090 0.0000000000
56515  45.660  -18.302  38.776 0.0000000000
57458  45.610  -17.455  38.304 0.0000000000
58403  46.556  -16.464  37.560 0.0000000000
132659  46.239  -16.496  38.323 0.0000000000
59331  47.574  -15.651  39.021 0.0000000000
58391  47.945  -15.951  38.233 0.0000000000
58390  48.894  -16.209  38.274 0.0000000000
58401  48.476  -16.536  37.454 0.0000000000
57481  48.619  -17.357  36.318 0.0000000000
57494  48.513  -17.783  35.458 0.0000000000
56558  49.286  -18.140  35.448 0.0000000000
56573  48.807  -18.119  34.903 0.0000000000
131824  48.500  -18.013  34.429 0.0000000000
57508  48.198  -17.897  34.781 0.0000000000
57553  46.122  -17.608  32.848 0.0000000000
118584  46.226  -17.539  32.022 0.0000000000
137882  45.626  -17.620  32.256 0.0000000000
56590  43.601  -19.014  33.039 0.0000000000
56589  44.056  -18.532  33.167 0.0000000000
55700  43.231  -19.380  32.655 0.0000000000
56604  43.368  -18.401  31.480 0.0000000000
56609  43.018  -18.218  30.752 0.0000000000
57588  42.912  -17.783  29.916 0.0000000000
55749  41.318  -19.254  27.135 0.0000000000
53813  39.564  -21.807  28.198 0.0000000000
53833  39.586  -21.671  27.365 0.0000000000
52717  39.111  -22.267  26.839 0.0000000000
51750  39.438  -23.319  24.068 0.0000000000
52764  39.834  -22.789  23.586 0.0000000000
124569  40.158  -25.172  32.780 0.0000000000
50642  39.367  -24.996  31.440 0.0000000000
49674  39.061  -25.985  30.963 0.0000000000
48776  39.376  -26.147  28.740 0.0000000000
48750  38.951  -26.067  29.450 0.0000000000
49704  39.667  -25.876  27.858 0.0000000000
49722  39.153  -25.348  27.274 0.0000000000
47825  41.914  -26.786  26.299 0.0000000000
48802  41.602  -26.337  25.499 0.0000000000
137619  41.610  -26.101  24.900 0.0000000000
135726  41.432  -25.859  24.668 0.0000000000
44818  46.826  -30.271  36.915 0.0000000000
44828  47.167  -29.446  36.615 0.0000000000
44842  44.332  -30.710  35.081 0.0000000000
44853  45.333  -29.959  35.042 0.0000000000
125477  44.097  -30.242  34.243 0.0000000000
42789  42.322  -32.327  35.700 0.0000000000
43775  42.794  -31.735  35.267 0.0000000000
43776  41.970  -31.916  35.035 0.0000000000
43818  40.689  -31.089  32.587 0.0000000000
43817  41.407  -30.725  32.674 0.0000000000
44886  41.159  -30.414  31.954 0.0000000000
119084  38.464  -30.733  30.287 0.0000000000
44904  39.215  -30.627  30.506 0.0000000000
44916  38.187  -30.530  29.684 0.0000000000
44917  37.469  -30.589  29.545 0.0000000000
41879  38.273  -33.658  36.323 0.0000000000
43793  36.982  -31.628  34.352 0.0000000000
43792  37.787  -31.450  34.100 0.0000000000
43822  34.102  -30.992  32.885 0.0000000000
118284  35.019  -30.351  31.384 0.0000000000
44878  35.353  -30.501  32.268 0.0000000000
44877  36.247  -30.516  32.190 0.0000000000
44892  35.777  -30.436  31.620 0.0000000000
44891  36.552  -30.539  31.190 0.0000000000
44937  35.163  -30.162  28.889 0.0000000000
44919  35.730  -30.407  29.596 0.0000000000
44936  36.149  -30.353  28.795 0.0000000000
62352  61.288  -12.875  18.126 0.0000000000
63230  56.255  -10.958  18.774 0.0000000000
63241  57.116  -10.900  18.261 0.0000000000
62357  55.541  -12.261  17.457 0.0000000000
61487  55.318  -13.369  17.461 0.0000000000
60446  48.909  -15.051  23.356 0.0000000000
60456  48.719  -14.122  23.006 0.0000000000
44582  31.281  -29.923  51.286 0.0000000000
44599  30.816  -30.233  51.098 0.0000000000
45598  30.581  -29.608  51.388 0.0000000000
45599  29.783  -29.098  51.534 0.0000000000
45600  29.140  -28.591  51.619 0.0000000000
47693  49.252  -27.882  41.847 0.0000000000
48664  49.110  -27.190  42.483 0.0000000000
47701  49.025  -27.916  41.262 0.0000000000
47702  48.827  -27.839  41.079 0.0000000000
47703  48.045  -27.577  40.841 0.0000000000
47704  47.099  -27.239  40.514 0.0000000000
117577  46.798  -28.533  37.786 0.0000000000
135933  46.192  -28.550  36.943 0.0000000000
46768  46.967  -28.888  36.310 0.0000000000
46779  46.547  -28.956  35.585 0.0000000000
62313  50.864  -12.213  22.914 0.0000000000
46726  34.798  -28.432  39.195 0.0000000000
46727  33.910  -28.501  39.137 0.0000000000
46728  33.177  -28.592  39.084 0.0000000000
122747  32.045  -28.817  39.851 0.0000000000
44737  25.221  -29.758  43.639 0.0000000000
44760  25.561  -29.924  42.823 0.0000000000
44761  24.403  -30.896  42.546 0.0000000000
43695  24.430  -31.100  41.858 0.0000000000
43696  24.006  -32.068  41.969 0.0000000000
123389  23.744  -32.850  42.146 0.0000000000
41760  23.592  -33.165  42.916 0.0000000000
45657  42.846  -29.430  47.588 0.0000000000
134909  43.186  -28.985  47.623 0.0000000000
44637  42.693  -30.002  47.151 0.0000000000
43651  44.407  -31.116  44.530 0.0000000000
43639  43.253  -30.829  45.352 0.0000000000
43653  42.934  -30.866  45.076 0.0000000000
43669  43.225  -30.832  44.683 0.0000000000
45740  35.477  -28.686  42.852 0.0000000000
118600  36.116  -28.657  42.464 0.0000000000
45759  35.878  -28.569  41.675 0.0000000000
46711  36.047  -28.453  40.128 0.0000000000
46724  36.569  -28.436  39.340 0.0000000000
56655  48.984  -18.928  25.508 0.0000000000
38594  20.126  -36.017  50.063 0.0000000000
60372  57.342  -14.240  28.372 0.0000000000
59411  58.364  -15.279  29.231 0.0000000000
56585  52.992  -18.044  34.086 0.0000000000
134850  51.996  -18.190  34.090 0.0000000000
57530  50.788  -17.832  33.311 0.0000000000
57549  50.283  -17.596  32.679 0.0000000000
57531  49.994  -17.932  33.462 0.0000000000
115436  49.194  -17.972  33.673 0.0000000000
52585  43.751  -22.526  35.232 0.0000000000
53742  44.533  -21.731  36.114 0.0000000000
53752  43.518  -22.056  34.598 0.0000000000
137381  43.228  -21.969  34.012 0.0000000000
53763  42.915  -21.850  33.529 0.0000000000
133630  41.882  -22.318  32.702 0.0000000000
52617  40.720  -22.455  31.294 0.0000000000
52607  40.594  -23.057  31.538 0.0000000000
51637  40.205  -23.582  31.411 0.0000000000
51638  39.546  -24.043  30.956 0.0000000000
41866  41.157  -34.009  37.422 0.0000000000
41877  40.669  -33.563  36.757 0.0000000000
41890  39.542  -33.098  36.050 0.0000000000
64105  60.843  -10.907  19.494 0.0000000000
63240  57.883  -10.995  17.950 0.0000000000
45702  32.814  -29.270  44.695 0.0000000000
45688  32.140  -29.613  45.335 0.0000000000
44712  31.264  -29.740  45.277 0.0000000000
44713  30.469  -29.903  45.386 0.0000000000
44649  28.824  -30.411  47.486 0.0000000000
44673  27.993  -30.073  46.984 0.0000000000
45672  27.188  -29.650  46.659 0.0000000000
45661  25.646  -29.024  47.043 0.0000000000
44591  38.301  -30.134  50.157 0.0000000000
43567  38.833  -30.485  49.371 0.0000000000
43585  39.099  -30.552  48.659 0.0000000000
43586  38.322  -30.618  48.870 0.0000000000
43587  37.552  -30.597  49.134 0.0000000000
43610  34.354  -30.486  48.376 0.0000000000
44691  34.198  -29.605  45.996 0.0000000000
45686  33.562  -29.373  45.345 0.0000000000
51512  48.576  -23.297  43.991 0.0000000000
52487  48.545  -22.353  44.162 0.0000000000
53594  48.415  -20.696  44.494 0.0000000000
121997  48.345  -18.972  43.929 0.0000000000
56495  48.243  -19.051  43.278 0.0000000000
54665  48.049  -20.321  42.393 0.0000000000
54677  47.681  -20.654  41.786 0.0000000000
49544  45.346  -25.268  39.876 0.0000000000
124195  45.588  -24.362  39.779 0.0000000000
50514  45.061  -24.499  39.244 0.0000000000
50527  44.602  -24.561  38.536 0.0000000000
115485  44.632  -24.018  38.015 0.0000000000
51569  44.544  -23.546  37.414 0.0000000000
50539  44.140  -24.403  37.533 0.0000000000
49613  43.079  -25.341  36.847 0.0000000000
49629  42.459  -25.465  36.175 0.0000000000
49630  41.813  -25.875  35.675 0.0000000000
48733  41.103  -27.170  34.825 0.0000000000
46794  43.769  -28.117  33.044 0.0000000000
46793  44.336  -28.357  32.583 0.0000000000
47768  43.985  -27.916  30.927 0.0000000000
46815  42.480  -28.415  29.611 0.0000000000
46814  43.170  -28.299  30.135 0.0000000000
45902  41.948  -28.943  30.444 0.0000000000
39709  37.864  -35.515  38.210 0.0000000000
122090  37.242  -35.568  37.971 0.0000000000
63217  55.304  -11.401  20.342 0.0000000000
62336  49.887  -12.599  20.163 0.0000000000
132922  50.399  -12.470  19.668 0.0000000000
45850  31.757  -29.292  36.489 0.0000000000
45764  30.335  -29.347  41.164 0.0000000000
45765  29.454  -29.555  41.142 0.0000000000
45789  29.044  -29.470  40.278 0.0000000000
44798  25.560  -30.330  39.406 0.0000000000
44797  26.325  -30.011  39.689 0.0000000000
44809  25.336  -30.293  38.449 0.0000000000
45839  25.807  -29.859  37.643 0.0000000000
46672  45.368  -28.981  45.549 0.0000000000
47658  45.485  -28.075  45.670 0.0000000000
45696  46.579  -29.619  44.689 0.0000000000
45695  47.350  -29.546  44.200 0.0000000000
45694  47.997  -29.319  43.708 0.0000000000
45715  48.533  -29.060  43.239 0.0000000000
132277  48.240  -29.860  43.365 0.0000000000
43677  49.061  -31.228  42.134 0.0000000000
43691  49.218  -31.362  41.618 0.0000000000
43700  49.025  -31.624  40.654 0.0000000000
42693  48.495  -32.524  41.128 0.0000000000
42694  47.843  -32.995  40.874 0.0000000000
41821  46.965  -33.481  40.529 0.0000000000
43680  45.696  -31.360  42.028 0.0000000000
41800  44.849  -34.269  40.592 0.0000000000
40794  43.825  -35.158  40.193 0.0000000000
119184  44.123  -34.660  40.471 0.0000000000
41801  43.436  -34.666  40.432 0.0000000000
41823  43.171  -33.833  40.238 0.0000000000
125072  40.467  -30.164  44.790 0.0000000000
45780  39.532  -29.004  39.915 0.0000000000
45756  39.715  -29.080  40.892 0.0000000000
125349  40.216  -29.134  39.513 0.0000000000
45801  40.914  -29.286  39.410 0.0000000000
44806  41.571  -30.282  38.539 0.0000000000
43723  41.916  -30.975  38.643 0.0000000000
43724  41.179  -31.291  38.390 0.0000000000
42736  40.392  -32.088  38.520 0.0000000000
42716  39.706  -32.926  38.918 0.0000000000
43727  38.662  -32.028  37.909 0.0000000000
43759  36.881  -30.850  36.662 0.0000000000
42740  36.001  -32.897  38.421 0.0000000000
42759  35.740  -32.231  37.801 0.0000000000
59505  51.486  -16.116  23.745 0.0000000000
59506  50.657  -16.092  23.615 0.0000000000
55776  49.331  -19.514  24.410 0.0000000000
54895  49.209  -20.351  24.089 0.0000000000
46618  24.477  -28.079  51.273 0.0000000000
46638  24.192  -28.681  49.579 0.0000000000
44615  23.411  -29.814  49.144 0.0000000000
39585  23.492  -34.630  49.570 0.0000000000
40698  24.201  -34.059  48.620 0.0000000000
41710  24.513  -33.621  48.968 0.0000000000
123565  24.498  -33.059  48.548 0.0000000000
41720  24.354  -33.599  48.161 0.0000000000
139299  23.692  -33.989  46.997 0.0000000000
119471  23.479  -33.927  46.315 0.0000000000
41748  23.567  -33.604  45.592 0.0000000000
118160  23.149  -34.011  45.895 0.0000000000
40716  22.613  -33.992  45.432 0.0000000000
63163  59.348  -10.612  23.487 0.0000000000
119186  56.371  -10.518  25.002 0.0000000000
127314  53.474  -14.416  25.373 0.0000000000
60419  54.007  -15.211  24.988 0.0000000000
120628  55.959  -16.106  26.382 0.0000000000
58546  55.406  -16.134  25.878 0.0000000000
117261  54.603  -16.455  26.229 0.0000000000
58450  58.819  -16.140  32.179 0.0000000000
58461  57.503  -16.854  31.484 0.0000000000
58462  56.261  -16.804  31.253 0.0000000000
58465  52.755  -16.683  31.153 0.0000000000
58498  51.664  -16.153  29.702 0.0000000000
115975  50.251  -15.957  29.130 0.0000000000
133822  48.424  -16.333  28.693 0.0000000000
120226  47.792  -16.473  28.794 0.0000000000
58485  47.188  -16.756  30.264 0.0000000000
58520  45.969  -16.672  29.307 0.0000000000
57605  44.460  -17.071  28.288 0.0000000000
57606  43.677  -17.342  28.088 0.0000000000
58387  51.599  -16.793  39.049 0.0000000000
57457  50.419  -17.101  38.055 0.0000000000
57431  47.034  -17.158  41.765 0.0000000000
58363  47.138  -16.294  41.947 0.0000000000
57437  46.585  -17.507  40.878 0.0000000000
58370  46.396  -16.690  40.359 0.0000000000
56544  45.059  -17.830  36.750 0.0000000000
57472  45.389  -17.596  37.545 0.0000000000
126031  45.537  -17.239  37.054 0.0000000000
58404  45.981  -16.830  36.920 0.0000000000
58417  46.839  -16.708  36.723 0.0000000000
58416  47.808  -16.742  36.819 0.0000000000
57509  47.494  -17.666  34.606 0.0000000000
57510  46.576  -17.516  34.490 0.0000000000
57533  45.446  -17.715  33.533 0.0000000000
55713  42.945  -19.041  31.955 0.0000000000
55714  42.456  -19.536  31.515 0.0000000000
55723  42.153  -19.300  30.798 0.0000000000
56615  42.239  -18.341  29.508 0.0000000000
55730  41.009  -19.517  28.374 0.0000000000
55750  40.905  -19.634  27.562 0.0000000000
53850  40.309  -21.375  26.346 0.0000000000
52702  38.610  -22.986  27.058 0.0000000000
52718  38.696  -22.840  26.225 0.0000000000
51751  39.118  -23.651  24.642 0.0000000000
119202  39.626  -26.810  30.784 0.0000000000
48749  39.291  -26.410  30.092 0.0000000000
48775  40.438  -26.314  28.275 0.0000000000
48788  41.137  -26.176  27.333 0.0000000000
48803  39.988  -26.633  25.703 0.0000000000
48819  39.011  -26.340  25.191 0.0000000000
43739  45.552  -31.668  37.283 0.0000000000
43755  45.985  -30.734  36.678 0.0000000000
43756  45.203  -31.251  36.509 0.0000000000
43773  44.193  -31.382  35.798 0.0000000000
43791  40.778  -31.634  34.108 0.0000000000
43790  41.643  -31.525  34.269 0.0000000000
44889  38.685  -30.913  31.049 0.0000000000
118614  37.940  -30.836  30.625 0.0000000000
42794  36.708  -33.067  35.470 0.0000000000
42793  37.368  -32.695  35.350 0.0000000000
43794  36.180  -31.951  34.506 0.0000000000
118677  33.652  -30.566  31.951 0.0000000000
44907  34.482  -30.205  30.651 0.0000000000
44906  35.338  -30.349  30.453 0.0000000000
134549  54.803  -11.377  17.926 0.0000000000
63252  55.276  -11.582  17.705 0.0000000000
58601  47.639  -16.476  22.780 0.0000000000
59522  47.257  -15.622  22.410 0.0000000000
58602  46.842  -16.542  22.270 0.0000000000
131720  32.030  -30.598  47.863 0.0000000000
44646  31.635  -30.469  47.360 0.0000000000
43613  31.620  -30.684  48.269 0.0000000000
43614  30.809  -30.703  48.384 0.0000000000
43576  29.979  -30.702  49.177 0.0000000000
43571  33.702  -30.620  49.810 0.0000000000
43555  33.271  -30.522  50.181 0.0000000000
43591  33.115  -30.675  49.181 0.0000000000
43612  32.532  -30.615  48.326 0.0000000000
129568  47.172  -25.027  44.907 0.0000000000
50471  48.025  -25.115  44.544 0.0000000000
50470  48.424  -24.700  44.153 0.0000000000
50469  48.558  -24.243  43.808 0.0000000000
48648  49.076  -26.599  42.920 0.0000000000
128734  48.743  -25.178  43.132 0.0000000000
50476  48.607  -24.557  43.384 0.0000000000
51525  48.622  -24.219  43.111 0.0000000000
51526  48.424  -23.448  42.801 0.0000000000
52501  48.375  -22.433  42.812 0.0000000000
52508  47.973  -22.793  42.220 0.0000000000
50500  47.025  -24.419  41.199 0.0000000000
49543  46.029  -25.614  40.425 0.0000000000
48678  46.489  -26.375  40.618 0.0000000000
48686  44.970  -26.276  39.561 0.0000000000
48694  43.961  -26.781  38.404 0.0000000000
47732  43.260  -27.586  37.261 0.0000000000
46755  43.804  -28.307  36.589 0.0000000000
46782  44.420  -28.483  34.645 0.0000000000
129667  45.037  -28.481  36.519 0.0000000000
46792  44.726  -28.678  33.277 0.0000000000
45877  44.566  -29.007  32.939 0.0000000000
133392  36.983  -35.333  39.076 0.0000000000
39700  36.707  -35.662  38.733 0.0000000000
63202  53.398  -11.555  21.852 0.0000000000
63205  50.596  -12.129  20.972 0.0000000000
62323  50.745  -12.138  22.208 0.0000000000
61475  49.205  -13.094  20.103 0.0000000000
45847  35.239  -29.527  36.291 0.0000000000
121611  34.765  -30.045  35.978 0.0000000000
117473  34.579  -29.457  36.239 0.0000000000
46774  34.021  -29.196  36.416 0.0000000000
45848  33.295  -29.481  36.157 0.0000000000
46760  33.396  -28.733  37.343 0.0000000000
46776  32.873  -28.876  37.021 0.0000000000
45849  32.656  -29.214  36.507 0.0000000000
133107  30.704  -29.332  36.551 0.0000000000
45834  29.823  -29.276  36.898 0.0000000000
132003  27.973  -29.883  43.085 0.0000000000
44773  28.155  -29.897  41.791 0.0000000000
44758  27.705  -29.913  42.403 0.0000000000
44776  25.944  -30.169  41.171 0.0000000000
117560  25.748  -30.099  42.018 0.0000000000
44789  25.764  -30.286  40.295 0.0000000000
135390  23.517  -32.656  40.649 0.0000000000
42700  23.055  -33.027  40.283 0.0000000000
46655  43.702  -28.817  47.167 0.0000000000
45656  44.050  -29.432  46.353 0.0000000000
45670  44.684  -29.205  45.892 0.0000000000
45682  45.165  -29.660  45.524 0.0000000000
43649  46.264  -31.125  44.314 0.0000000000
43665  46.471  -31.511  43.681 0.0000000000
42674  47.240  -32.207  42.687 0.0000000000
118302  45.725  -31.473  43.050 0.0000000000
43667  44.945  -31.271  43.861 0.0000000000
44750  44.850  -30.686  41.717 0.0000000000
44784  44.551  -30.637  40.771 0.0000000000
45717  38.367  -29.283  43.362 0.0000000000
117543  36.900  -28.734  41.885 0.0000000000
118180  38.233  -28.838  40.805 0.0000000000
45802  39.103  -28.846  39.093 0.0000000000
115536  39.027  -29.311  37.716 0.0000000000
117254  39.140  -29.757  37.353 0.0000000000
132596  38.305  -29.067  37.594 0.0000000000
46756  37.610  -28.872  37.485 0.0000000000
123029  36.981  -28.694  37.561 0.0000000000
45830  37.149  -29.095  36.909 0.0000000000
45831  36.492  -29.400  36.584 0.0000000000
129472  35.895  -29.631  36.340 0.0000000000
57635  51.654  -17.177  24.520 0.0000000000
135816  23.259  -34.858  50.243 0.0000000000
125931  22.675  -34.944  49.587 0.0000000000
39589  22.488  -34.830  48.738 0.0000000000
39593  22.209  -34.709  47.932 0.0000000000
136935  21.706  -34.734  47.508 0.0000000000
39598  21.290  -34.982  47.952 0.0000000000
39596  19.810  -35.627  48.639 0.0000000000
61393  55.636  -14.389  26.524 0.0000000000
124171  55.600  -14.947  25.794 0.0000000000
60404  56.146  -15.042  26.110 0.0000000000
59447  56.192  -15.459  26.220 0.0000000000
58512  55.276  -16.448  27.706 0.0000000000
57525  56.397  -17.605  33.766 0.0000000000
57544  55.986  -17.427  32.844 0.0000000000
57546  53.841  -17.335  32.590 0.0000000000
57547  52.860  -17.366  32.567 0.0000000000
57566  52.344  -17.098  31.855 0.0000000000
58467  50.938  -16.897  31.248 0.0000000000
127974  49.549  -16.732  30.708 0.0000000000
131425  46.255  -17.367  31.443 0.0000000000
54718  45.646  -20.463  38.359 0.0000000000
122870  45.988  -19.266  39.244 0.0000000000
55627  45.059  -19.317  37.445 0.0000000000
128922  44.698  -21.054  36.320 0.0000000000
54743  44.598  -20.270  36.264 0.0000000000
56534  44.791  -18.785  36.852 0.0000000000
55641  44.524  -19.288  36.249 0.0000000000
55653  44.374  -18.891  35.572 0.0000000000
56559  44.404  -18.478  34.777 0.0000000000
55668  43.955  -19.106  34.315 0.0000000000
55686  43.472  -19.648  33.285 0.0000000000
54802  43.090  -20.207  32.898 0.0000000000
54790  42.987  -21.064  33.190 0.0000000000
54803  42.535  -20.720  32.463 0.0000000000
54817  42.203  -20.293  31.754 0.0000000000
54818  41.662  -20.513  31.180 0.0000000000
54830  41.194  -20.603  30.441 0.0000000000
136970  40.336  -21.216  29.455 0.0000000000
53798  39.595  -22.037  28.887 0.0000000000
52677  39.223  -22.520  28.467 0.0000000000
52635  39.745  -22.777  30.050 0.0000000000
52655  39.432  -22.635  29.253 0.0000000000
52678  38.714  -23.119  27.953 0.0000000000
51709  38.346  -23.949  27.256 0.0000000000
50722  38.760  -24.490  26.304 0.0000000000
47800  42.665  -27.254  27.992 0.0000000000
48773  42.631  -27.103  27.647 0.0000000000
47810  42.189  -27.176  26.955 0.0000000000
48804  38.242  -26.828  26.076 0.0000000000
42756  43.874  -33.189  37.407 0.0000000000
42774  43.339  -32.752  36.670 0.0000000000
42775  42.648  -32.680  36.269 0.0000000000
42790  41.454  -32.449  35.561 0.0000000000
42777  41.052  -32.982  36.164 0.0000000000
42803  40.327  -31.938  34.722 0.0000000000
43804  38.548  -31.389  33.760 0.0000000000
43795  34.940  -31.890  34.089 0.0000000000
42812  34.174  -32.154  33.963 0.0000000000
43809  33.603  -31.708  33.344 0.0000000000
43823  33.360  -31.057  32.566 0.0000000000
43824  32.458  -31.271  32.287 0.0000000000
44880  32.997  -30.688  31.958 0.0000000000
62345  60.870  -12.077  18.470 0.0000000000
64112  60.202  -10.983  18.671 0.0000000000
63239  60.076  -11.809  18.126 0.0000000000
137416  59.894  -12.511  17.884 0.0000000000
117250  57.249  -13.271  17.476 0.0000000000
133923  52.076  -14.188  17.323 0.0000000000
45742  33.926  -28.694  42.408 0.0000000000
45761  33.538  -28.666  41.564 0.0000000000
116589  33.109  -28.822  42.334 0.0000000000
45762  32.190  -29.041  42.276 0.0000000000
45744  31.278  -29.340  42.683 0.0000000000
132097  30.403  -29.623  42.641 0.0000000000
44755  29.967  -29.784  43.195 0.0000000000
44734  28.627  -29.833  43.548 0.0000000000
44670  30.861  -30.389  46.753 0.0000000000
131747  30.243  -30.238  46.119 0.0000000000
44671  29.272  -30.436  46.793 0.0000000000
133655  29.540  -30.251  46.106 0.0000000000
133603  29.791  -30.020  45.421 0.0000000000
139287  28.997  -29.821  44.346 0.0000000000
119635  27.863  -29.830  43.764 0.0000000000
120450  27.191  -29.772  43.874 0.0000000000
131115  26.539  -29.624  45.257 0.0000000000
45726  25.684  -29.608  44.235 0.0000000000
45727  25.138  -29.639  44.179 0.0000000000
45707  24.664  -29.830  44.187 0.0000000000
120630  24.015  -30.309  44.495 0.0000000000
44609  40.371  -29.611  49.531 0.0000000000
44639  41.253  -30.303  48.240 0.0000000000
43603  41.425  -30.482  47.293 0.0000000000
43626  41.720  -30.574  46.538 0.0000000000
43627  40.910  -30.585  46.984 0.0000000000
127994  40.260  -30.572  46.880 0.0000000000
43605  39.373  -30.552  47.869 0.0000000000
43628  39.596  -30.549  47.066 0.0000000000
44662  39.839  -30.451  46.313 0.0000000000
44686  39.263  -30.134  45.650 0.0000000000
44709  37.721  -29.535  44.970 0.0000000000
43569  35.695  -30.569  49.710 0.0000000000
123743  36.805  -30.558  48.651 0.0000000000
121576  36.812  -30.443  47.897 0.0000000000
43609  35.243  -30.455  48.242 0.0000000000
44641  36.333  -30.170  47.304 0.0000000000
44688  37.284  -29.652  45.746 0.0000000000
45697  37.261  -29.203  44.263 0.0000000000
45698  36.324  -28.924  44.224 0.0000000000
45684  35.153  -29.151  45.087 0.0000000000
45720  35.516  -28.758  43.603 0.0000000000
116015  34.962  -28.737  43.140 0.0000000000
54871  47.514  -20.043  26.633 0.0000000000
59386  58.737  -15.228  32.476 0.0000000000
58444  58.668  -16.007  33.022 0.0000000000
58451  58.413  -16.633  32.823 0.0000000000
57542  57.926  -17.113  33.497 0.0000000000
57523  57.689  -17.147  34.351 0.0000000000
57524  57.302  -17.429  34.119 0.0000000000
56565  56.632  -17.704  34.652 0.0000000000
135129  55.324  -18.109  34.745 0.0000000000
56567  54.577  -18.234  34.782 0.0000000000
56539  55.759  -18.247  36.373 0.0000000000
56568  53.623  -18.319  34.817 0.0000000000
56555  53.250  -18.534  35.591 0.0000000000
56556  52.340  -18.565  35.598 0.0000000000
116922  51.377  -18.542  35.534 0.0000000000
56501  47.227  -18.280  41.663 0.0000000000
138193  46.694  -19.020  40.581 0.0000000000
55602  46.403  -20.099  39.839 0.0000000000
53655  47.677  -22.061  41.780 0.0000000000
53671  47.175  -21.824  41.196 0.0000000000
51542  46.366  -23.014  40.261 0.0000000000
52524  46.653  -21.615  40.422 0.0000000000
54691  46.542  -20.912  40.177 0.0000000000
54705  46.170  -20.782  39.543 0.0000000000
53702  45.838  -21.118  38.905 0.0000000000
119798  45.253  -21.897  37.563 0.0000000000
52575  44.720  -22.270  36.758 0.0000000000
50559  44.081  -23.839  36.817 0.0000000000
51580  44.437  -23.072  36.722 0.0000000000
51590  43.620  -23.166  35.488 0.0000000000
51600  41.926  -23.791  34.072 0.0000000000
50622  41.013  -24.073  33.154 0.0000000000
50606  41.310  -24.301  33.707 0.0000000000
50607  40.625  -24.879  33.356 0.0000000000
49662  39.755  -25.850  32.562 0.0000000000
49643  40.729  -26.495  34.365 0.0000000000
48739  39.995  -26.680  32.898 0.0000000000
48740  39.666  -26.603  32.120 0.0000000000
47772  39.927  -27.144  31.431 0.0000000000
47780  41.489  -27.213  30.154 0.0000000000
121435  42.345  -27.797  36.041 0.0000000000
123648  41.846  -27.991  34.612 0.0000000000
47757  41.851  -27.980  32.991 0.0000000000
46800  43.185  -27.873  32.724 0.0000000000
47770  42.593  -27.472  31.154 0.0000000000
120886  42.321  -27.365  30.443 0.0000000000
47790  42.740  -27.361  28.531 0.0000000000
46835  42.534  -27.711  28.413 0.0000000000
115500  41.533  -28.069  28.342 0.0000000000
46822  41.687  -28.423  29.125 0.0000000000
46823  40.613  -28.619  28.959 0.0000000000
121673  40.232  -28.401  28.405 0.0000000000
46836  39.003  -28.866  28.456 0.0000000000
136046  39.544  -35.353  38.646 0.0000000000
40841  37.487  -34.212  36.580 0.0000000000
41900  35.238  -33.083  35.036 0.0000000000
41893  35.321  -33.682  35.539 0.0000000000
64108  57.862  -10.688  19.797 0.0000000000
137662  53.917  -11.443  17.966 0.0000000000
63254  53.531  -11.729  17.806 0.0000000000
63219  53.238  -11.565  20.939 0.0000000000
129845  53.063  -11.547  20.263 0.0000000000
63234  52.522  -11.575  19.747 0.0000000000
62339  51.095  -12.081  19.604 0.0000000000
63246  51.897  -11.734  19.141 0.0000000000
63245  52.667  -11.572  18.845 0.0000000000
62346  52.195  -11.915  18.283 0.0000000000
44835  34.076  -30.463  35.908 0.0000000000
45806  31.329  -28.976  39.618 0.0000000000
130732  30.817  -29.120  40.360 0.0000000000
45835  29.019  -29.271  37.081 0.0000000000
44786  27.880  -29.907  41.127 0.0000000000
45790  28.046  -29.692  40.280 0.0000000000
45810  26.878  -29.727  39.014 0.0000000000
45809  27.781  -29.509  39.137 0.0000000000
45821  28.478  -29.340  38.657 0.0000000000
116012  28.743  -29.275  37.920 0.0000000000
45852  28.494  -29.453  36.466 0.0000000000
133117  46.652  -25.459  45.156 0.0000000000
47668  48.588  -27.408  43.666 0.0000000000
46686  49.157  -27.907  42.920 0.0000000000
132589  48.808  -28.344  43.177 0.0000000000
46694  49.303  -28.471  42.348 0.0000000000
46701  49.387  -28.374  41.820 0.0000000000
45775  49.471  -29.051  40.770 0.0000000000
45797  48.966  -29.003  39.537 0.0000000000
45813  48.665  -29.111  38.803 0.0000000000
45826  48.318  -29.099  38.068 0.0000000000
44803  48.601  -29.661  38.582 0.0000000000
44804  48.042  -30.259  38.037 0.0000000000
43737  47.204  -30.737  37.739 0.0000000000
43709  48.053  -31.712  39.464 0.0000000000
42753  45.940  -32.162  38.060 0.0000000000
42754  45.243  -32.614  37.811 0.0000000000
42755  44.550  -32.940  37.621 0.0000000000
42682  47.485  -32.570  42.273 0.0000000000
42689  47.172  -32.952  41.767 0.0000000000
41798  46.328  -33.860  40.713 0.0000000000
117615  46.252  -33.485  41.134 0.0000000000
135753  45.741  -34.280  40.397 0.0000000000
41822  46.259  -34.040  40.198 0.0000000000
41844  45.362  -34.014  39.157 0.0000000000
41861  44.979  -33.494  38.362 0.0000000000
41862  44.303  -33.739  38.157 0.0000000000
41863  43.613  -33.842  37.910 0.0000000000
40823  42.502  -34.474  38.248 0.0000000000
40810  43.070  -35.051  39.111 0.0000000000
40824  41.604  -34.552  38.128 0.0000000000
40812  41.119  -35.236  38.755 0.0000000000
40813  40.247  -35.304  38.708 0.0000000000
43641  42.003  -30.660  45.824 0.0000000000
44705  42.410  -30.517  44.609 0.0000000000
44706  41.382  -30.316  44.678 0.0000000000
44771  43.784  -29.971  41.456 0.0000000000
44785  43.747  -30.167  40.384 0.0000000000
44729  39.259  -29.487  43.217 0.0000000000
45735  40.201  -29.466  42.464 0.0000000000
130147  41.237  -29.209  40.783 0.0000000000
45755  41.611  -29.314  41.522 0.0000000000
45776  42.921  -29.638  40.643 0.0000000000
44795  43.621  -30.689  39.686 0.0000000000
43711  43.298  -31.445  39.406 0.0000000000
120448  42.859  -33.009  39.729 0.0000000000
41824  42.318  -33.790  40.054 0.0000000000
43713  41.863  -31.991  38.878 0.0000000000
42714  42.084  -32.916  39.561 0.0000000000
41803  41.848  -34.442  40.243 0.0000000000
39669  41.183  -35.041  40.231 0.0000000000
39696  40.579  -35.370  39.467 0.0000000000
39697  39.676  -35.376  39.328 0.0000000000
39707  38.856  -35.540  39.000 0.0000000000
137833  38.401  -35.391  39.194 0.0000000000
41828  38.769  -34.703  39.543 0.0000000000
39684  37.861  -35.411  39.113 0.0000000000
43728  37.948  -32.085  37.806 0.0000000000
133937  37.557  -33.316  38.716 0.0000000000
41831  35.730  -34.452  39.062 0.0000000000
61427  51.071  -13.645  24.427 0.0000000000
60445  50.158  -14.383  23.858 0.0000000000
59507  49.727  -16.011  23.511 0.0000000000
59508  48.911  -15.971  23.369 0.0000000000
58600  48.544  -16.568  23.186 0.0000000000
56672  48.884  -18.839  23.473 0.0000000000
129268  48.824  -18.124  23.283 0.0000000000
54887  48.742  -19.879  25.702 0.0000000000
47568  29.048  -27.687  51.729 0.0000000000
46598  28.633  -27.870  51.774 0.0000000000
45621  28.567  -28.541  51.473 0.0000000000
45634  27.817  -28.618  50.750 0.0000000000
45635  27.091  -28.601  49.753 0.0000000000
47584  26.333  -27.197  51.905 0.0000000000
46657  25.886  -28.872  47.837 0.0000000000
46658  24.996  -28.875  47.538 0.0000000000
46649  24.360  -29.028  48.068 0.0000000000
115625  24.891  -29.085  46.901 0.0000000000
45675  24.415  -29.399  46.425 0.0000000000
45691  23.978  -29.720  45.765 0.0000000000
44718  23.602  -30.957  44.909 0.0000000000
43560  23.591  -30.550  50.482 0.0000000000
43578  23.483  -30.800  49.579 0.0000000000
44630  23.346  -30.528  48.622 0.0000000000
132012  23.782  -32.012  47.846 0.0000000000
43616  23.455  -31.365  47.340 0.0000000000
43643  23.534  -31.712  45.373 0.0000000000
43655  23.608  -31.939  44.528 0.0000000000
42676  23.858  -32.949  43.508 0.0000000000
41754  23.148  -33.597  44.319 0.0000000000
41761  23.101  -33.509  43.451 0.0000000000
133607  21.778  -34.453  46.453 0.0000000000
64093  58.817  -10.644  20.879 0.0000000000
138424  57.558  -10.965  21.264 0.0000000000
117046  55.276  -11.461  21.948 0.0000000000
115516  58.782  -10.513  24.485 0.0000000000
64056  57.888  -10.657  24.034 0.0000000000
63188  53.897  -11.488  22.626 0.0000000000
63169  52.473  -11.726  23.312 0.0000000000
62298  51.799  -12.130  23.972 0.0000000000
62282  51.324  -12.814  24.389 0.0000000000
63995  55.845  -10.529  26.713 0.0000000000
63133  53.408  -11.779  25.376 0.0000000000
60433  51.660  -14.573  24.517 0.0000000000
59486  52.215  -16.140  23.927 0.0000000000
58577  52.207  -16.600  24.244 0.0000000000
59466  54.373  -15.820  24.945 0.0000000000
57624  50.630  -17.254  25.743 0.0000000000
60341  58.803  -14.737  30.385 0.0000000000
59403  58.624  -15.387  29.891 0.0000000000
58492  58.179  -15.769  29.418 0.0000000000
58476  58.137  -16.389  30.669 0.0000000000
58493  57.619  -16.292  29.595 0.0000000000
116172  56.087  -16.456  28.902 0.0000000000
115978  55.286  -16.449  28.684 0.0000000000
57563  55.515  -17.039  31.984 0.0000000000
58463  54.957  -16.643  31.022 0.0000000000
118608  54.981  -16.537  30.116 0.0000000000
134208  48.252  -16.856  26.785 0.0000000000
117272  48.893  -16.589  30.169 0.0000000000
136765  47.177  -16.550  28.894 0.0000000000
56531  52.692  -18.194  37.714 0.0000000000
118269  52.017  -18.394  37.086 0.0000000000
115980  51.309  -18.438  36.415 0.0000000000
56557  50.555  -18.433  35.824 0.0000000000
59303  48.862  -15.061  40.480 0.0000000000
59317  49.249  -15.502  39.665 0.0000000000
57447  45.870  -17.444  39.121 0.0000000000
58380  46.167  -16.760  39.523 0.0000000000
58392  46.384  -16.346  39.051 0.0000000000
59332  46.848  -15.877  39.265 0.0000000000
137811  49.256  -15.976  38.917 0.0000000000
58389  49.813  -16.481  38.500 0.0000000000
57470  50.044  -17.431  37.256 0.0000000000
133583  48.520  -16.926  36.859 0.0000000000
57471  49.144  -17.100  36.970 0.0000000000
56543  49.918  -18.179  36.061 0.0000000000
119887  49.889  -18.343  35.443 0.0000000000
56588  49.012  -18.151  34.343 0.0000000000
123442  48.500  -17.945  33.893 0.0000000000
115876  47.232  -17.677  33.954 0.0000000000
116185  47.803  -17.710  33.423 0.0000000000
138694  47.410  -17.595  32.889 0.0000000000
57552  46.967  -17.525  32.400 0.0000000000
56574  44.258  -18.498  33.916 0.0000000000
57534  44.672  -18.036  33.364 0.0000000000
56596  44.440  -18.081  32.608 0.0000000000
57572  44.957  -17.728  32.083 0.0000000000
57573  44.714  -17.606  31.422 0.0000000000
121036  45.005  -17.263  30.796 0.0000000000
57587  43.673  -17.344  29.731 0.0000000000
57597  43.209  -17.398  28.982 0.0000000000
56623  42.171  -18.183  28.591 0.0000000000
53851  39.680  -21.726  26.580 0.0000000000
53868  39.802  -21.813  25.802 0.0000000000
122447  39.295  -22.271  25.264 0.0000000000
50623  40.483  -24.331  32.555 0.0000000000
50661  38.693  -24.979  30.045 0.0000000000
49675  38.810  -25.695  30.171 0.0000000000
49688  38.666  -25.431  29.614 0.0000000000
50681  38.561  -24.768  29.441 0.0000000000
50700  38.468  -24.726  28.623 0.0000000000
121222  38.675  -24.819  26.985 0.0000000000
132599  42.489  -26.879  27.049 0.0000000000
48787  42.044  -26.492  26.576 0.0000000000
135463  41.967  -26.087  25.917 0.0000000000
49720  41.330  -25.629  25.608 0.0000000000
130072  47.643  -29.277  37.086 0.0000000000
45845  46.871  -29.054  36.014 0.0000000000
45858  46.382  -29.066  35.343 0.0000000000
44830  45.657  -30.369  35.856 0.0000000000
44841  45.982  -29.576  35.333 0.0000000000
136189  45.432  -29.368  34.481 0.0000000000
44860  44.758  -29.360  33.683 0.0000000000
44872  43.667  -29.478  32.790 0.0000000000
43800  42.222  -30.939  33.782 0.0000000000
44855  43.155  -30.643  34.041 0.0000000000
44862  42.918  -30.268  33.332 0.0000000000
134904  42.726  -29.957  32.765 0.0000000000
45893  42.247  -29.588  31.721 0.0000000000
44903  39.913  -30.409  30.679 0.0000000000
45904  39.715  -30.111  30.123 0.0000000000
44933  38.573  -30.063  29.328 0.0000000000
45930  37.440  -29.743  28.362 0.0000000000
136376  39.035  -33.566  36.401 0.0000000000
41891  38.832  -33.128  35.955 0.0000000000
42805  38.653  -32.092  34.939 0.0000000000
133058  38.341  -31.682  34.407 0.0000000000
125870  38.014  -31.149  33.416 0.0000000000
43807  35.335  -31.293  33.604 0.0000000000
44864  36.770  -30.701  32.944 0.0000000000
43821  37.742  -30.849  32.781 0.0000000000
44890  37.389  -30.706  31.041 0.0000000000
118635  37.184  -30.696  30.281 0.0000000000
44935  37.020  -30.373  28.839 0.0000000000
45931  36.546  -29.995  28.213 0.0000000000
63251  57.088  -11.346  17.745 0.0000000000
119440  56.223  -11.735  17.549 0.0000000000
62356  57.169  -12.138  17.445 0.0000000000
60492  52.909  -14.198  17.353 0.0000000000
61452  49.183  -13.420  22.783 0.0000000000
61453  48.482  -13.770  22.320 0.0000000000
60458  47.454  -14.816  22.179 0.0000000000
123567  47.868  -14.151  21.893 0.0000000000
39666  43.054  -35.203  40.265 0.0000000000
39667  42.396  -35.164  40.324 0.0000000000
39670  40.729  -35.012  40.091 0.0000000000
39680  41.795  -35.403  40.031 0.0000000000
39694  42.338  -35.367  39.648 0.0000000000
40715  23.170  -33.749  45.119 0.0000000000
40808  45.024  -34.621  39.696 0.0000000000
41730  23.977  -34.040  47.803 0.0000000000
41778  47.950  -32.951  41.438 0.0000000000
41779  47.210  -33.280  41.232 0.0000000000
41802  42.549  -34.557  40.356 0.0000000000
41825  41.531  -33.807  39.912 0.0000000000
42636  24.264  -32.789  47.911 0.0000000000
42683  47.037  -32.451  42.340 0.0000000000
42686  48.960  -31.942  41.371 0.0000000000
42687  48.353  -32.583  41.723 0.0000000000
43556  32.468  -30.577  50.231 0.0000000000
43568  38.135  -30.518  49.545 0.0000000000
43573  31.985  -30.748  49.742 0.0000000000
43615  30.129  -30.693  48.395 0.0000000000
43630  38.060  -30.404  47.339 0.0000000000
43678  48.416  -31.845  42.505 0.0000000000
43707  49.341  -30.580  40.226 0.0000000000
43740  39.792  -30.916  37.623 0.0000000000
44592  37.679  -30.132  50.266 0.0000000000
44610  39.243  -30.168  49.767 0.0000000000
44611  38.568  -30.301  49.901 0.0000000000
44613  30.454  -30.490  50.569 0.0000000000
44658  43.822  -30.193  46.117 0.0000000000
44660  42.504  -30.425  46.614 0.0000000000
44680  45.314  -30.302  45.193 0.0000000000
44682  43.509  -30.641  45.703 0.0000000000
44748  49.201  -30.254  42.220 0.0000000000
44749  48.639  -30.957  42.675 0.0000000000
44792  49.364  -29.803  39.930 0.0000000000
44796  42.876  -30.507  39.285 0.0000000000
44805  42.201  -30.343  38.910 0.0000000000
44816  48.050  -29.454  37.687 0.0000000000
45614  38.298  -29.692  50.344 0.0000000000
45681  45.807  -29.655  45.148 0.0000000000
45706  25.059  -29.563  44.670 0.0000000000
45714  48.988  -28.751  42.776 0.0000000000
45719  36.884  -28.871  43.668 0.0000000000
45781  38.977  -28.938  40.595 0.0000000000
45805  32.627  -28.682  39.515 0.0000000000
45816  38.725  -28.905  38.331 0.0000000000
45823  26.621  -29.596  38.087 0.0000000000
45827  47.889  -29.035  37.368 0.0000000000
45851  29.284  -29.466  36.394 0.0000000000
45859  45.817  -29.117  34.683 0.0000000000
45863  29.579  -29.768  35.908 0.0000000000
45864  28.787  -29.742  35.933 0.0000000000
45928  38.960  -29.534  29.026 0.0000000000
46680  47.112  -28.818  44.525 0.0000000000
46707  49.301  -28.456  41.139 0.0000000000
46708  49.010  -28.368  40.655 0.0000000000
46720  48.799  -28.722  39.851 0.0000000000
46736  48.096  -28.747  38.446 0.0000000000
46753  48.059  -28.936  37.783 0.0000000000
46785  45.053  -28.664  33.913 0.0000000000
47680  49.003  -27.294  43.255 0.0000000000
47686  49.251  -27.825  42.430 0.0000000000
47742  41.887  -27.123  36.092 0.0000000000
47779  42.888  -27.485  29.504 0.0000000000
47781  40.332  -27.219  30.735 0.0000000000
48649  48.971  -26.445  42.758 0.0000000000
48665  48.760  -26.607  42.286 0.0000000000
48677  47.466  -26.571  41.227 0.0000000000
48685  46.260  -26.984  40.218 0.0000000000
48693  44.411  -26.418  38.948 0.0000000000
48703  43.389  -26.784  37.777 0.0000000000
48725  41.556  -26.738  35.604 0.0000000000
49464  47.329  -25.792  44.693 0.0000000000
49473  48.716  -26.085  43.436 0.0000000000
49486  48.843  -25.975  43.137 0.0000000000
49500  48.895  -25.862  42.952 0.0000000000
49578  43.644  -25.957  38.018 0.0000000000
49661  40.179  -25.826  33.221 0.0000000000
49668  39.402  -25.827  31.840 0.0000000000
50490  48.527  -24.868  42.605 0.0000000000
50501  45.971  -23.742  39.983 0.0000000000
51513  48.417  -23.742  44.360 0.0000000000
51520  48.559  -23.715  43.496 0.0000000000
51560  45.380  -23.070  38.812 0.0000000000
51581  43.920  -23.430  36.166 0.0000000000
51591  42.959  -23.644  35.146 0.0000000000
52500  48.519  -23.089  43.200 0.0000000000
52509  47.359  -22.601  41.421 0.0000000000
52599  41.776  -22.926  32.983 0.0000000000
52731  38.942  -22.945  24.841 0.0000000000
53687  46.194  -21.409  39.687 0.0000000000
53713  45.202  -21.132  37.363 0.0000000000
54652  48.458  -20.188  44.350 0.0000000000
54839  41.208  -19.917  29.828 0.0000000000
55592  46.781  -19.742  40.536 0.0000000000
55628  44.824  -19.771  36.900 0.0000000000
55738  41.317  -19.060  27.765 0.0000000000
56496  47.847  -18.677  42.581 0.0000000000
56541  53.710  -18.580  36.414 0.0000000000
56553  55.999  -18.181  35.713 0.0000000000
56566  56.000  -18.055  35.053 0.0000000000
56582  55.790  -17.833  34.353 0.0000000000
56616  41.685  -18.710  29.018 0.0000000000
57493  49.198  -17.877  35.928 0.0000000000
60342  58.567  -14.155  30.260 0.0000000000
61463  48.401  -13.587  21.476 0.0000000000
62334  51.141  -11.873  20.548 0.0000000000
115412  43.501  -28.397  34.695 0.0000000000
116256  49.475  -29.118  41.864 0.0000000000
116468  23.854  -33.269  45.071 0.0000000000
116557  49.461  -29.635  41.799 0.0000000000
117140  47.782  -28.681  44.049 0.0000000000
117378  23.455  -31.315  48.173 0.0000000000
117411  37.870  -29.373  36.983 0.0000000000
119264  44.364  -24.525  38.049 0.0000000000
119268  42.598  -27.025  27.242 0.0000000000
119576  41.126  -29.648  38.698 0.0000000000
120767  43.918  -19.810  34.500 0.0000000000
122308  48.573  -21.913  43.784 0.0000000000
122485  46.360  -27.878  45.077 0.0000000000
123588  42.143  -25.250  35.653 0.0000000000
125333  43.691  -27.865  30.400 0.0000000000
125718  44.658  -18.231  35.494 0.0000000000
125832  48.359  -28.502  43.577 0.0000000000
126764  58.382  -16.572  31.833 0.0000000000
129172  47.670  -21.388  41.771 0.0000000000
129607  36.180  -28.438  38.639 0.0000000000
129744  23.790  -30.166  45.183 0.0000000000
130818  49.474  -12.756  20.732 0.0000000000
131218  55.343  -18.447  35.982 0.0000000000
131362  33.017  -30.410  47.799 0.0000000000
132087  35.423  -28.605  42.218 0.0000000000
132476  39.718  -29.507  42.852 0.0000000000
132962  49.472  -28.824  41.344 0.0000000000
135812  38.265  -30.541  36.901 0.0000000000
137165  29.898  -29.765  42.656 0.0000000000
137734  59.878  -10.527  23.880 0.0000000000
138038  58.185  -16.110  29.993 0.0000000000
138092  48.516  -21.406  43.279 0.0000000000
138396  47.687  -15.098  22.586 0.0000000000
138418  23.562  -33.010  41.741 0.0000000000
138593  47.151  -16.482  37.153 0.0000000000
138648  44.372  -27.016  38.758 0.0000000000
138992  45.476  -28.550  35.600 0.0000000000
139201  38.712  -25.322  28.077 0.0000000000
