#!ascii label  , from subject sub-v1s18x0051254_ses-1 vox2ras=TkReg
772
129616  20.823  -20.686  56.393 0.0000000000
65816  37.301  -8.389  38.077 0.0000000000
64868  46.364  -10.420  38.179 0.0000000000
57921  39.431  -15.749  48.058 0.0000000000
48713  26.813  -25.230  51.288 0.0000000000
49703  25.217  -24.635  56.537 0.0000000000
66814  42.108  -7.623  37.660 0.0000000000
67659  41.684  -5.907  43.894 0.0000000000
56924  34.935  -17.597  50.688 0.0000000000
48695  31.340  -26.281  52.251 0.0000000000
65886  52.139  -7.960  28.815 0.0000000000
126165  47.935  -9.231  34.246 0.0000000000
133181  35.633  -13.760  43.443 0.0000000000
65732  37.570  -8.635  44.808 0.0000000000
52990  24.267  -22.403  53.600 0.0000000000
52954  23.240  -21.921  56.902 0.0000000000
66807  40.166  -8.309  37.941 0.0000000000
130384  42.926  -6.326  40.796 0.0000000000
67703  39.775  -6.730  40.829 0.0000000000
50857  35.750  -23.797  49.647 0.0000000000
48665  27.542  -26.495  53.605 0.0000000000
47641  29.493  -26.733  52.178 0.0000000000
45395  30.712  -28.299  53.722 0.0000000000
66846  50.631  -7.578  29.395 0.0000000000
64036  51.060  -9.646  30.694 0.0000000000
121892  50.815  -8.716  31.235 0.0000000000
64910  44.921  -9.472  35.961 0.0000000000
63984  45.386  -10.027  33.277 0.0000000000
131530  47.598  -9.517  36.095 0.0000000000
62949  48.201  -11.059  35.910 0.0000000000
62940  46.176  -11.433  37.337 0.0000000000
57908  37.294  -15.602  50.238 0.0000000000
57949  36.705  -16.216  47.006 0.0000000000
60890  37.402  -13.615  47.217 0.0000000000
62872  36.401  -10.932  44.000 0.0000000000
61888  38.347  -11.838  47.432 0.0000000000
123295  39.633  -9.901  46.468 0.0000000000
134417  39.652  -14.559  46.306 0.0000000000
50810  26.024  -24.565  54.202 0.0000000000
64912  42.886  -9.109  35.210 0.0000000000
65810  44.330  -8.784  38.336 0.0000000000
66778  44.330  -7.284  40.445 0.0000000000
65772  42.492  -7.680  42.065 0.0000000000
53015  32.646  -21.647  51.046 0.0000000000
135229  34.176  -20.893  51.896 0.0000000000
54134  36.741  -20.656  49.945 0.0000000000
140298  38.417  -19.732  48.074 0.0000000000
55194  39.269  -19.220  46.290 0.0000000000
129809  31.851  -22.976  50.413 0.0000000000
48692  33.213  -25.812  51.987 0.0000000000
65903  50.822  -8.749  27.385 0.0000000000
64972  48.104  -9.370  31.552 0.0000000000
139961  49.604  -9.634  33.727 0.0000000000
132954  47.384  -11.449  33.975 0.0000000000
66754  37.120  -7.467  41.282 0.0000000000
67648  39.531  -6.557  45.007 0.0000000000
64813  40.361  -8.964  45.194 0.0000000000
54050  21.324  -21.304  57.917 0.0000000000
54070  22.082  -21.107  56.442 0.0000000000
137777  22.105  -22.305  57.830 0.0000000000
65801  39.216  -8.205  38.463 0.0000000000
66780  40.391  -7.444  39.169 0.0000000000
66796  38.594  -7.728  39.016 0.0000000000
47580  28.986  -27.322  53.777 0.0000000000
66847  49.485  -7.831  29.313 0.0000000000
136359  50.860  -8.114  30.065 0.0000000000
65874  49.626  -8.549  30.729 0.0000000000
130242  46.112  -9.774  37.163 0.0000000000
64892  45.940  -9.559  36.336 0.0000000000
64876  46.969  -10.111  37.446 0.0000000000
63936  47.822  -10.447  37.155 0.0000000000
57907  38.169  -15.668  49.754 0.0000000000
59840  37.475  -14.644  49.337 0.0000000000
59839  37.969  -14.379  49.099 0.0000000000
61892  37.871  -12.304  47.365 0.0000000000
60878  38.801  -13.431  48.028 0.0000000000
60888  39.428  -12.878  47.109 0.0000000000
58897  39.749  -15.196  46.935 0.0000000000
126178  24.956  -23.323  53.919 0.0000000000
50780  25.546  -24.392  55.335 0.0000000000
48666  26.444  -25.299  55.209 0.0000000000
65826  41.368  -8.265  36.397 0.0000000000
64931  41.446  -9.215  34.610 0.0000000000
123176  42.502  -8.379  36.558 0.0000000000
65824  43.308  -8.682  36.988 0.0000000000
66803  43.054  -7.740  38.510 0.0000000000
66791  44.098  -7.460  39.710 0.0000000000
122392  43.304  -7.221  39.284 0.0000000000
68645  42.134  -5.818  42.395 0.0000000000
66733  43.097  -6.518  41.905 0.0000000000
66735  42.124  -6.459  43.193 0.0000000000
134721  41.299  -7.882  42.128 0.0000000000
66736  41.526  -6.627  44.002 0.0000000000
50831  33.460  -23.108  51.694 0.0000000000
143888  33.324  -21.158  51.555 0.0000000000
51931  34.077  -22.606  51.858 0.0000000000
51948  36.291  -22.422  50.044 0.0000000000
55176  37.667  -19.613  49.278 0.0000000000
47621  30.444  -26.576  52.620 0.0000000000
48725  30.906  -25.630  50.472 0.0000000000
49782  32.001  -24.652  51.108 0.0000000000
50846  32.345  -23.801  51.070 0.0000000000
122980  32.480  -26.287  52.481 0.0000000000
67789  51.866  -7.105  28.445 0.0000000000
65901  52.271  -7.838  28.168 0.0000000000
64022  50.349  -10.222  31.954 0.0000000000
64945  47.124  -9.463  33.771 0.0000000000
64005  46.436  -10.095  32.210 0.0000000000
64962  47.192  -9.561  32.871 0.0000000000
122852  47.226  -9.835  31.209 0.0000000000
64961  48.094  -9.260  32.636 0.0000000000
65864  49.465  -8.928  33.149 0.0000000000
65850  49.252  -8.978  33.776 0.0000000000
62950  46.586  -11.484  35.400 0.0000000000
62960  48.143  -11.219  34.914 0.0000000000
122860  34.144  -18.239  49.333 0.0000000000
56060  35.085  -18.202  47.763 0.0000000000
59888  36.439  -14.644  45.230 0.0000000000
57975  36.377  -16.242  45.169 0.0000000000
63886  36.794  -10.366  44.564 0.0000000000
128890  36.008  -9.995  41.688 0.0000000000
65760  36.530  -8.677  42.333 0.0000000000
65782  36.049  -8.024  40.709 0.0000000000
66724  37.163  -8.112  42.819 0.0000000000
67662  38.139  -7.104  43.152 0.0000000000
66710  38.122  -7.823  44.859 0.0000000000
132343  39.753  -11.649  45.666 0.0000000000
63878  40.089  -9.754  46.078 0.0000000000
62862  39.760  -11.152  45.133 0.0000000000
62870  39.478  -11.398  44.046 0.0000000000
127242  24.009  -22.238  55.003 0.0000000000
51852  24.126  -22.976  56.541 0.0000000000
48638  23.966  -24.759  57.203 0.0000000000
50751  23.467  -23.760  57.417 0.0000000000
66805  41.717  -7.543  37.890 0.0000000000
66792  42.706  -7.096  39.111 0.0000000000
67734  41.461  -7.156  39.175 0.0000000000
67702  40.941  -6.497  40.546 0.0000000000
68646  41.274  -5.836  42.233 0.0000000000
48697  27.346  -25.566  52.808 0.0000000000
125039  27.822  -26.329  52.290 0.0000000000
47608  28.804  -26.711  52.838 0.0000000000
123547  29.934  -26.865  53.089 0.0000000000
47605  31.412  -27.182  53.416 0.0000000000
47604  32.327  -27.132  52.954 0.0000000000
45405  31.420  -28.363  53.389 0.0000000000
66857  51.550  -7.407  28.989 0.0000000000
64988  51.597  -9.076  30.058 0.0000000000
64977  51.540  -8.564  29.922 0.0000000000
64978  51.258  -9.089  30.845 0.0000000000
64003  50.440  -9.735  32.191 0.0000000000
64928  44.363  -9.564  34.638 0.0000000000
132487  45.386  -9.547  34.755 0.0000000000
121935  46.433  -9.432  35.032 0.0000000000
64926  48.272  -9.355  34.909 0.0000000000
64906  48.728  -9.717  35.382 0.0000000000
64889  48.520  -9.880  36.102 0.0000000000
62938  48.048  -10.904  36.666 0.0000000000
57895  36.249  -16.434  50.783 0.0000000000
57924  35.750  -16.594  49.199 0.0000000000
135795  36.586  -15.413  48.978 0.0000000000
59868  37.171  -14.513  47.111 0.0000000000
133695  36.843  -13.894  45.723 0.0000000000
61922  35.986  -12.284  43.543 0.0000000000
61911  36.684  -12.115  45.152 0.0000000000
62853  37.410  -11.102  46.114 0.0000000000
63879  37.644  -10.382  46.163 0.0000000000
65721  38.438  -8.827  46.323 0.0000000000
63860  39.056  -10.497  46.927 0.0000000000
61900  39.563  -12.285  46.540 0.0000000000
59878  39.646  -14.544  45.838 0.0000000000
134158  24.635  -22.613  52.167 0.0000000000
50824  25.264  -23.257  52.491 0.0000000000
50834  26.289  -24.256  52.763 0.0000000000
49722  26.807  -25.685  54.396 0.0000000000
47567  27.150  -26.233  55.060 0.0000000000
64911  43.946  -9.362  35.451 0.0000000000
64893  44.210  -9.082  37.388 0.0000000000
64870  45.077  -9.206  38.658 0.0000000000
65789  45.114  -8.911  39.470 0.0000000000
65780  44.794  -8.083  40.685 0.0000000000
65770  44.053  -8.239  41.573 0.0000000000
67715  43.371  -6.561  40.447 0.0000000000
130207  43.776  -7.422  41.595 0.0000000000
54137  32.033  -21.045  50.211 0.0000000000
54136  32.601  -20.653  50.764 0.0000000000
129042  33.543  -19.496  51.062 0.0000000000
56034  34.882  -18.701  51.212 0.0000000000
51949  35.525  -22.588  50.942 0.0000000000
54121  35.538  -20.635  51.299 0.0000000000
56032  35.993  -18.461  51.245 0.0000000000
126351  37.304  -18.272  50.363 0.0000000000
56935  37.924  -17.937  49.822 0.0000000000
56046  39.014  -18.198  48.315 0.0000000000
56959  39.632  -17.416  47.172 0.0000000000
54183  38.787  -19.656  46.699 0.0000000000
51933  32.201  -22.788  50.782 0.0000000000
130775  32.920  -24.090  51.507 0.0000000000
48709  33.887  -25.794  51.684 0.0000000000
46561  33.030  -27.541  52.697 0.0000000000
139105  33.905  -27.155  51.852 0.0000000000
65930  52.080  -7.753  26.362 0.0000000000
64979  48.409  -9.103  30.560 0.0000000000
64971  49.264  -8.865  31.518 0.0000000000
65863  49.960  -9.135  32.798 0.0000000000
62970  49.699  -10.476  33.032 0.0000000000
63967  49.113  -9.912  34.990 0.0000000000
62972  48.399  -11.190  33.968 0.0000000000
133360  48.521  -11.219  33.222 0.0000000000
56973  36.143  -17.777  46.568 0.0000000000
66798  36.045  -7.514  38.877 0.0000000000
66797  37.542  -7.717  39.080 0.0000000000
66766  38.047  -7.398  40.336 0.0000000000
67673  39.553  -6.216  42.800 0.0000000000
68620  40.680  -5.764  44.379 0.0000000000
144094  39.638  -8.089  46.497 0.0000000000
65719  40.705  -7.791  46.084 0.0000000000
66708  41.230  -6.485  44.920 0.0000000000
64824  39.972  -9.034  43.987 0.0000000000
56971  39.772  -17.387  46.141 0.0000000000
57973  39.720  -16.892  45.584 0.0000000000
54059  21.178  -20.993  57.699 0.0000000000
54051  20.761  -21.090  58.097 0.0000000000
54060  20.473  -20.812  57.755 0.0000000000
54071  21.531  -20.954  56.894 0.0000000000
54058  21.774  -21.335  57.551 0.0000000000
65815  38.425  -8.643  38.043 0.0000000000
65802  37.914  -8.076  38.603 0.0000000000
65880  49.005  -8.425  29.901 0.0000000000
64877  46.131  -9.980  37.768 0.0000000000
63937  47.313  -10.634  37.513 0.0000000000
62915  46.545  -10.934  38.357 0.0000000000
58871  38.849  -15.613  48.899 0.0000000000
58872  38.352  -14.823  49.203 0.0000000000
127452  38.540  -14.162  48.577 0.0000000000
59849  38.229  -13.740  48.484 0.0000000000
58885  39.074  -14.841  48.485 0.0000000000
59848  39.194  -14.130  47.965 0.0000000000
58884  39.553  -14.995  47.660 0.0000000000
50781  25.117  -23.935  55.697 0.0000000000
51862  25.074  -23.843  55.428 0.0000000000
50767  25.507  -24.399  55.702 0.0000000000
48645  25.645  -25.114  56.459 0.0000000000
65825  41.989  -7.917  36.861 0.0000000000
121632  41.898  -8.294  36.199 0.0000000000
65812  42.617  -8.039  37.604 0.0000000000
66804  42.605  -7.499  38.469 0.0000000000
68635  42.297  -5.890  42.976 0.0000000000
67671  42.656  -6.207  42.393 0.0000000000
66720  42.271  -6.024  43.160 0.0000000000
66721  41.670  -6.096  44.012 0.0000000000
49755  33.878  -24.255  51.621 0.0000000000
49768  34.667  -24.655  51.333 0.0000000000
142906  30.757  -26.438  52.037 0.0000000000
48711  31.023  -26.083  51.437 0.0000000000
48724  31.522  -25.349  51.065 0.0000000000
48710  31.775  -25.543  51.647 0.0000000000
49770  32.243  -24.964  51.463 0.0000000000
48694  32.005  -25.882  52.158 0.0000000000
66856  52.028  -7.513  28.684 0.0000000000
66855  52.224  -7.211  27.994 0.0000000000
65885  52.236  -7.601  28.258 0.0000000000
64996  51.947  -8.408  28.724 0.0000000000
64944  48.038  -9.197  33.563 0.0000000000
64943  48.863  -8.870  33.406 0.0000000000
128741  48.778  -9.067  34.194 0.0000000000
56049  34.300  -18.113  50.310 0.0000000000
56055  34.617  -18.112  48.603 0.0000000000
56937  34.744  -17.572  49.669 0.0000000000
59889  35.987  -14.623  44.462 0.0000000000
59901  35.662  -14.583  43.707 0.0000000000
64815  37.190  -9.472  44.732 0.0000000000
64835  36.611  -9.230  43.112 0.0000000000
65733  37.045  -8.974  43.920 0.0000000000
65747  36.944  -8.638  43.192 0.0000000000
65746  37.493  -8.164  43.823 0.0000000000
66723  37.662  -7.639  43.238 0.0000000000
61910  39.673  -12.599  45.301 0.0000000000
61920  39.651  -12.046  44.709 0.0000000000
52975  22.909  -21.386  55.639 0.0000000000
52983  22.965  -21.440  54.753 0.0000000000
52963  23.502  -21.822  56.162 0.0000000000
127365  24.079  -22.367  55.688 0.0000000000
52962  23.824  -22.382  56.419 0.0000000000
51836  23.804  -23.276  57.119 0.0000000000
51853  23.393  -22.462  57.113 0.0000000000
65828  39.842  -9.066  36.887 0.0000000000
65813  40.440  -8.431  37.225 0.0000000000
66816  41.044  -8.118  36.895 0.0000000000
66806  40.957  -7.906  37.638 0.0000000000
66794  41.191  -7.543  38.437 0.0000000000
67718  40.024  -7.018  39.955 0.0000000000
139902  40.904  -6.982  39.737 0.0000000000
67686  40.548  -6.206  41.542 0.0000000000
48683  27.681  -26.073  52.969 0.0000000000
48696  28.047  -26.179  53.066 0.0000000000
48674  28.178  -26.707  52.988 0.0000000000
47593  29.965  -27.406  53.557 0.0000000000
129999  30.046  -27.084  53.287 0.0000000000
47592  30.658  -27.272  53.516 0.0000000000
47606  30.617  -26.898  53.297 0.0000000000
46526  31.139  -27.728  53.616 0.0000000000
66858  49.767  -7.354  28.681 0.0000000000
67790  50.864  -7.053  28.581 0.0000000000
144583  51.547  -7.091  28.607 0.0000000000
66845  51.357  -8.003  29.694 0.0000000000
66842  51.150  -8.571  30.528 0.0000000000
120680  50.993  -8.914  31.297 0.0000000000
64970  50.721  -9.282  31.691 0.0000000000
137652  44.857  -9.517  35.277 0.0000000000
64908  46.714  -9.493  35.846 0.0000000000
125406  47.448  -9.410  35.376 0.0000000000
64907  48.201  -9.525  35.768 0.0000000000
64890  48.038  -9.752  36.512 0.0000000000
62926  47.718  -10.743  37.179 0.0000000000
62939  47.392  -11.179  37.098 0.0000000000
125004  46.382  -11.449  36.295 0.0000000000
57894  36.935  -16.332  50.691 0.0000000000
57923  36.275  -15.856  49.699 0.0000000000
57909  36.513  -15.842  50.364 0.0000000000
59860  37.483  -14.048  48.145 0.0000000000
59851  37.111  -14.626  49.044 0.0000000000
59879  36.938  -14.689  46.093 0.0000000000
140893  37.175  -14.019  46.471 0.0000000000
60909  36.735  -12.929  45.596 0.0000000000
128592  37.189  -13.312  46.375 0.0000000000
61893  37.592  -12.069  46.773 0.0000000000
137191  37.627  -11.407  46.609 0.0000000000
128799  37.848  -10.799  46.683 0.0000000000
63872  38.219  -10.082  46.587 0.0000000000
62833  38.599  -11.091  47.261 0.0000000000
59867  39.576  -13.727  46.818 0.0000000000
61885  39.459  -12.231  47.002 0.0000000000
59877  39.592  -13.707  46.268 0.0000000000
60907  39.607  -12.949  46.202 0.0000000000
53003  23.788  -22.059  52.958 0.0000000000
139002  24.023  -22.195  52.014 0.0000000000
53002  24.434  -22.525  52.803 0.0000000000
51887  25.501  -23.886  54.209 0.0000000000
51902  25.313  -23.459  53.259 0.0000000000
50823  25.985  -24.215  53.503 0.0000000000
140313  25.754  -23.664  52.663 0.0000000000
127228  26.819  -25.318  53.784 0.0000000000
49735  26.521  -24.950  53.942 0.0000000000
65851  42.103  -8.890  35.063 0.0000000000
65811  43.466  -8.425  37.985 0.0000000000
64878  45.196  -9.549  37.775 0.0000000000
65799  44.507  -8.338  39.222 0.0000000000
65790  44.789  -7.993  40.000 0.0000000000
65769  44.685  -8.567  41.251 0.0000000000
66750  44.258  -7.446  41.122 0.0000000000
67716  42.657  -6.520  40.123 0.0000000000
67732  42.966  -6.706  39.737 0.0000000000
66752  43.280  -7.010  42.082 0.0000000000
66751  43.632  -6.811  41.413 0.0000000000
65771  43.362  -7.977  41.790 0.0000000000
53033  32.378  -21.379  50.757 0.0000000000
54125  32.852  -20.999  51.176 0.0000000000
54112  33.628  -21.136  51.778 0.0000000000
54124  33.414  -20.698  51.514 0.0000000000
54123  34.062  -20.277  51.799 0.0000000000
56035  34.195  -19.107  51.245 0.0000000000
134600  34.686  -19.793  51.642 0.0000000000
50858  35.513  -24.101  50.420 0.0000000000
122342  35.963  -23.306  50.167 0.0000000000
51947  36.504  -21.493  49.978 0.0000000000
53032  35.744  -21.606  50.840 0.0000000000
54135  36.245  -19.967  50.822 0.0000000000
55159  35.930  -19.201  51.227 0.0000000000
55169  36.646  -18.898  50.765 0.0000000000
56040  36.582  -17.887  50.898 0.0000000000
121975  37.012  -19.781  49.974 0.0000000000
54146  37.988  -20.070  48.461 0.0000000000
56048  37.824  -18.796  49.519 0.0000000000
56047  38.413  -18.533  48.963 0.0000000000
56934  38.493  -17.641  49.268 0.0000000000
56054  38.684  -19.103  48.171 0.0000000000
55181  39.021  -18.886  47.609 0.0000000000
55188  38.657  -19.580  47.448 0.0000000000
47642  28.596  -26.773  51.807 0.0000000000
47643  27.896  -26.486  51.234 0.0000000000
127996  28.624  -26.814  50.923 0.0000000000
50860  31.518  -23.706  49.982 0.0000000000
50869  31.117  -23.290  49.250 0.0000000000
51951  31.553  -22.774  49.843 0.0000000000
51950  31.873  -22.353  50.391 0.0000000000
49758  32.574  -24.420  51.411 0.0000000000
49757  32.903  -24.900  51.669 0.0000000000
49756  33.437  -24.853  51.662 0.0000000000
47638  34.332  -27.023  51.329 0.0000000000
65918  52.377  -7.668  27.272 0.0000000000
65919  51.494  -8.282  26.912 0.0000000000
64007  44.922  -10.442  32.440 0.0000000000
64980  47.530  -9.587  30.769 0.0000000000
65881  47.940  -8.735  29.554 0.0000000000
65858  49.555  -9.248  33.508 0.0000000000
64942  49.871  -9.527  33.121 0.0000000000
63981  50.134  -9.769  32.775 0.0000000000
63982  49.840  -10.008  33.386 0.0000000000
63954  48.741  -10.069  35.749 0.0000000000
62948  48.699  -10.531  35.446 0.0000000000
62973  47.646  -11.486  33.214 0.0000000000
134598  36.425  -16.161  47.982 0.0000000000
56960  36.352  -17.020  47.245 0.0000000000
56972  36.521  -16.989  46.356 0.0000000000
62863  36.240  -11.553  43.839 0.0000000000
66768  36.443  -7.665  40.532 0.0000000000
66769  35.800  -7.680  39.874 0.0000000000
66784  36.387  -7.598  39.659 0.0000000000
133681  36.736  -7.641  39.155 0.0000000000
66767  37.136  -7.518  40.437 0.0000000000
67705  37.902  -7.280  41.180 0.0000000000
66722  38.918  -6.559  44.101 0.0000000000
67674  38.768  -6.561  43.039 0.0000000000
67661  39.713  -6.130  43.758 0.0000000000
67647  40.029  -6.130  44.672 0.0000000000
64792  38.697  -9.304  46.631 0.0000000000
65720  38.957  -8.131  46.295 0.0000000000
64791  39.494  -9.134  46.687 0.0000000000
64800  40.406  -9.036  46.049 0.0000000000
64789  40.409  -8.387  46.270 0.0000000000
64812  40.679  -8.333  45.915 0.0000000000
66695  40.741  -7.022  45.697 0.0000000000
127777  40.680  -8.311  45.414 0.0000000000
65731  40.591  -8.295  44.633 0.0000000000
63890  39.324  -10.534  43.492 0.0000000000
120451  39.505  -18.558  46.515 0.0000000000
56958  39.757  -16.843  46.722 0.0000000000
142672  39.705  -18.116  46.179 0.0000000000
54084  22.306  -21.119  55.898 0.0000000000
52964  22.724  -21.435  56.532 0.0000000000
144112  23.069  -21.911  57.193 0.0000000000
52955  22.510  -21.697  57.303 0.0000000000
52946  21.821  -21.704  57.838 0.0000000000
65814  39.547  -8.708  37.739 0.0000000000
66795  40.295  -7.913  38.455 0.0000000000
135034  39.545  -7.743  38.938 0.0000000000
66781  39.289  -7.444  39.463 0.0000000000
67719  39.027  -7.211  40.184 0.0000000000
47581  27.984  -27.040  53.789 0.0000000000
46508  28.420  -27.323  54.169 0.0000000000
45381  29.461  -27.682  53.986 0.0000000000
65879  50.101  -8.139  30.027 0.0000000000
65873  50.574  -8.432  30.706 0.0000000000
137235  45.048  -9.543  36.836 0.0000000000
64909  45.707  -9.500  35.531 0.0000000000
64891  47.133  -9.708  36.719 0.0000000000
64875  47.733  -10.143  37.083 0.0000000000
56920  37.671  -16.367  50.273 0.0000000000
58873  37.687  -14.929  49.691 0.0000000000
59850  37.702  -14.181  48.770 0.0000000000
60899  37.736  -13.135  47.727 0.0000000000
60880  37.896  -13.426  48.223 0.0000000000
131131  38.135  -12.642  47.734 0.0000000000
61887  38.724  -12.176  47.582 0.0000000000
120442  38.891  -11.534  47.399 0.0000000000
60889  39.091  -12.608  47.506 0.0000000000
59858  39.574  -14.320  47.258 0.0000000000
132784  39.675  -14.629  46.714 0.0000000000
51903  24.720  -22.920  53.401 0.0000000000
51888  24.870  -23.373  54.592 0.0000000000
51875  25.260  -23.923  54.979 0.0000000000
50797  25.785  -24.521  54.761 0.0000000000
50796  26.326  -25.062  54.582 0.0000000000
49724  26.135  -24.986  55.081 0.0000000000
65842  40.826  -8.752  35.792 0.0000000000
65841  41.518  -8.664  35.545 0.0000000000
65840  42.328  -8.630  35.726 0.0000000000
65839  43.176  -8.853  36.031 0.0000000000
65800  43.729  -7.962  38.901 0.0000000000
125493  43.763  -6.862  40.106 0.0000000000
68655  42.602  -6.132  41.545 0.0000000000
67700  43.233  -6.398  41.188 0.0000000000
67684  42.975  -6.324  41.812 0.0000000000
66734  42.684  -6.416  42.463 0.0000000000
66753  42.620  -7.082  42.584 0.0000000000
65758  41.989  -7.245  42.684 0.0000000000
127412  41.253  -7.461  43.154 0.0000000000
65745  40.393  -8.273  43.500 0.0000000000
51916  33.055  -22.364  51.550 0.0000000000
54113  33.020  -21.313  51.372 0.0000000000
52999  33.489  -22.030  51.805 0.0000000000
53014  34.075  -21.657  51.940 0.0000000000
144293  36.967  -21.238  49.308 0.0000000000
130744  37.418  -20.541  49.086 0.0000000000
122816  37.751  -20.734  48.180 0.0000000000
143532  29.243  -26.853  51.454 0.0000000000
47640  30.128  -26.600  51.644 0.0000000000
48739  30.410  -25.665  49.535 0.0000000000
49783  31.601  -24.644  50.531 0.0000000000
50859  31.980  -23.679  50.695 0.0000000000
48693  32.538  -25.385  51.824 0.0000000000
65900  52.496  -7.298  27.509 0.0000000000
65902  51.848  -8.339  27.865 0.0000000000
130826  50.466  -10.314  31.147 0.0000000000
64963  46.303  -9.814  33.149 0.0000000000
64023  46.552  -10.189  31.355 0.0000000000
64973  47.249  -9.730  31.943 0.0000000000
64960  48.999  -8.870  32.512 0.0000000000
64925  49.313  -9.420  34.223 0.0000000000
127511  47.495  -11.350  35.441 0.0000000000
62961  46.977  -11.470  34.662 0.0000000000
134192  33.710  -18.692  49.103 0.0000000000
58922  36.654  -15.461  45.622 0.0000000000
57961  36.771  -16.248  46.047 0.0000000000
58933  36.175  -15.445  44.761 0.0000000000
58934  35.803  -15.385  43.988 0.0000000000
63891  36.432  -10.410  43.523 0.0000000000
63896  36.144  -10.445  42.502 0.0000000000
64826  36.420  -9.880  43.042 0.0000000000
64836  36.301  -9.572  42.316 0.0000000000
65774  35.978  -9.127  41.413 0.0000000000
125779  35.803  -8.519  40.873 0.0000000000
65773  36.243  -8.305  41.453 0.0000000000
66738  36.763  -7.909  42.070 0.0000000000
138797  37.123  -7.543  41.886 0.0000000000
67689  37.965  -7.124  42.143 0.0000000000
66737  37.450  -7.551  42.527 0.0000000000
121089  38.120  -7.328  44.018 0.0000000000
66709  38.809  -7.084  44.923 0.0000000000
126770  39.676  -11.307  46.242 0.0000000000
64790  40.088  -9.043  46.445 0.0000000000
134141  39.844  -10.664  46.028 0.0000000000
63885  39.927  -10.371  45.462 0.0000000000
138386  39.921  -10.189  45.040 0.0000000000
126656  39.838  -9.850  44.459 0.0000000000
131865  39.719  -10.624  44.632 0.0000000000
52991  23.705  -21.923  53.796 0.0000000000
141403  23.134  -21.528  54.040 0.0000000000
52981  24.143  -22.306  54.360 0.0000000000
127461  24.446  -22.733  54.980 0.0000000000
51851  24.693  -23.461  56.064 0.0000000000
49691  24.771  -24.214  56.673 0.0000000000
49692  24.660  -24.702  56.969 0.0000000000
121755  24.181  -24.082  57.164 0.0000000000
143909  23.718  -24.268  57.319 0.0000000000
51837  22.989  -22.885  57.639 0.0000000000
66815  41.566  -7.856  37.156 0.0000000000
129309  42.239  -7.412  38.337 0.0000000000
66793  42.013  -7.230  38.635 0.0000000000
67733  42.337  -6.881  39.394 0.0000000000
67717  41.751  -6.684  39.898 0.0000000000
67701  42.126  -6.284  40.701 0.0000000000
67685  41.634  -6.029  41.489 0.0000000000
68636  41.502  -5.686  43.182 0.0000000000
48707  34.904  -25.401  51.038 0.0000000000
48698  27.105  -25.457  52.220 0.0000000000
48712  27.358  -25.944  51.520 0.0000000000
47623  28.817  -26.645  52.736 0.0000000000
47594  28.877  -27.070  53.204 0.0000000000
47607  29.589  -26.976  53.084 0.0000000000
47622  29.604  -26.726  52.872 0.0000000000
47620  31.546  -26.600  52.919 0.0000000000
46545  31.872  -27.735  53.304 0.0000000000
139215  31.517  -28.888  52.875 0.0000000000
65878  51.879  -7.942  29.301 0.0000000000
64987  51.793  -8.480  29.356 0.0000000000
64021  50.794  -9.673  31.473 0.0000000000
63000  49.723  -10.642  32.354 0.0000000000
64948  43.876  -9.769  33.861 0.0000000000
64947  44.904  -9.718  33.964 0.0000000000
64946  46.093  -9.584  34.079 0.0000000000
64927  47.226  -9.373  34.572 0.0000000000
62937  48.440  -10.499  36.152 0.0000000000
63944  48.181  -10.298  36.707 0.0000000000
141384  47.438  -11.308  36.203 0.0000000000
56923  35.675  -17.084  50.879 0.0000000000
56936  35.273  -16.932  49.638 0.0000000000
57910  35.754  -16.404  50.233 0.0000000000
57936  36.182  -16.203  48.810 0.0000000000
58874  36.964  -15.164  49.774 0.0000000000
58898  36.928  -15.193  47.890 0.0000000000
58910  36.912  -15.432  46.629 0.0000000000
139773  36.020  -13.422  44.479 0.0000000000
60918  35.946  -13.059  44.017 0.0000000000
134593  36.248  -12.911  44.777 0.0000000000
61912  36.278  -12.201  44.356 0.0000000000
143158  37.268  -12.624  46.334 0.0000000000
61902  37.217  -11.947  45.989 0.0000000000
62854  37.027  -11.433  45.493 0.0000000000
63880  37.141  -10.770  45.456 0.0000000000
64802  37.395  -9.955  45.521 0.0000000000
64814  37.734  -9.115  45.645 0.0000000000
64801  37.989  -9.582  46.270 0.0000000000
63871  38.894  -9.890  46.764 0.0000000000
61886  39.197  -11.793  47.218 0.0000000000
62832  39.197  -11.136  47.055 0.0000000000
62843  39.497  -10.780  46.537 0.0000000000
61901  39.675  -12.177  46.102 0.0000000000
60908  39.637  -13.175  45.690 0.0000000000
49771  26.225  -24.295  51.028 0.0000000000
51918  24.868  -22.966  52.662 0.0000000000
50848  25.493  -23.300  51.922 0.0000000000
50847  26.058  -23.832  51.968 0.0000000000
130827  26.549  -24.605  52.041 0.0000000000
49759  26.820  -24.902  52.880 0.0000000000
48675  27.019  -25.641  53.847 0.0000000000
121266  27.352  -26.037  53.907 0.0000000000
138237  26.668  -25.577  54.747 0.0000000000
131231  27.018  -25.985  54.448 0.0000000000
47582  27.276  -26.286  54.416 0.0000000000
64894  44.089  -9.229  36.435 0.0000000000
135204  45.690  -9.833  38.236 0.0000000000
63929  45.927  -10.539  39.175 0.0000000000
64869  45.518  -9.844  38.889 0.0000000000
64860  45.354  -9.659  39.631 0.0000000000
64847  45.282  -9.678  40.319 0.0000000000
65779  45.146  -8.804  40.194 0.0000000000
66779  43.274  -6.808  39.774 0.0000000000
66765  43.880  -6.792  40.775 0.0000000000
67699  43.554  -6.552  41.051 0.0000000000
54148  31.897  -20.729  49.311 0.0000000000
133259  32.844  -19.617  49.703 0.0000000000
55163  33.197  -20.283  51.228 0.0000000000
55170  33.324  -19.176  50.295 0.0000000000
56042  33.917  -18.750  50.726 0.0000000000
56041  34.615  -18.344  50.973 0.0000000000
56910  35.288  -17.913  51.129 0.0000000000
50843  34.998  -24.002  51.133 0.0000000000
51930  34.877  -23.098  51.489 0.0000000000
131067  34.879  -21.312  51.677 0.0000000000
54122  34.703  -20.394  51.734 0.0000000000
124434  35.399  -19.816  51.453 0.0000000000
55160  35.237  -19.086  51.332 0.0000000000
56909  35.933  -17.731  51.191 0.0000000000
56922  36.462  -17.066  50.918 0.0000000000
56921  37.313  -17.233  50.588 0.0000000000
137805  37.318  -19.058  50.016 0.0000000000
138428  37.972  -17.159  49.965 0.0000000000
124454  38.377  -16.702  49.627 0.0000000000
56933  38.894  -17.152  48.778 0.0000000000
57922  39.218  -16.502  48.408 0.0000000000
56946  39.581  -16.659  47.536 0.0000000000
56947  39.389  -17.409  47.921 0.0000000000
124552  39.429  -18.243  47.288 0.0000000000
54171  38.309  -20.121  47.164 0.0000000000
54184  38.384  -20.105  46.492 0.0000000000
126367  27.233  -25.842  50.607 0.0000000000
47659  28.798  -26.789  50.184 0.0000000000
53050  31.608  -21.528  49.471 0.0000000000
53034  31.885  -21.748  50.323 0.0000000000
51932  32.517  -22.277  50.994 0.0000000000
50845  32.465  -22.931  51.040 0.0000000000
51917  32.725  -22.636  51.248 0.0000000000
50832  32.968  -23.210  51.468 0.0000000000
129944  33.254  -23.877  51.585 0.0000000000
49769  34.369  -25.382  51.434 0.0000000000
47619  33.299  -26.860  52.440 0.0000000000
46560  33.505  -27.668  52.102 0.0000000000
47639  33.908  -26.513  51.820 0.0000000000
54072  20.227  -20.634  56.975 0.0000000000
122995  50.223  -8.666  31.479 0.0000000000
65869  49.827  -8.861  32.323 0.0000000000
65862  50.506  -8.976  31.945 0.0000000000
64959  50.263  -9.399  32.421 0.0000000000
64004  50.139  -10.123  32.676 0.0000000000
134285  48.958  -9.414  34.785 0.0000000000
63983  49.479  -9.988  34.208 0.0000000000
62959  48.998  -10.569  34.624 0.0000000000
62971  49.274  -10.658  33.684 0.0000000000
62985  49.095  -11.023  32.800 0.0000000000
62986  48.001  -11.462  32.390 0.0000000000
56948  35.336  -17.459  48.599 0.0000000000
56961  35.837  -17.724  47.524 0.0000000000
123553  35.340  -7.958  39.593 0.0000000000
65804  35.870  -7.677  38.194 0.0000000000
65803  36.761  -7.803  38.568 0.0000000000
66782  38.275  -7.529  39.591 0.0000000000
67704  38.789  -7.057  41.039 0.0000000000
67688  38.546  -6.894  41.734 0.0000000000
67687  39.423  -6.444  41.802 0.0000000000
67672  40.448  -5.944  42.506 0.0000000000
68637  40.565  -5.761  43.507 0.0000000000
68627  41.234  -5.674  44.056 0.0000000000
66698  38.244  -8.337  45.695 0.0000000000
66697  38.851  -7.588  45.716 0.0000000000
67635  39.598  -6.978  45.665 0.0000000000
65712  39.948  -8.497  46.571 0.0000000000
66685  40.301  -7.751  46.291 0.0000000000
66696  40.217  -7.078  46.003 0.0000000000
67634  40.415  -6.479  45.402 0.0000000000
67646  41.065  -6.168  45.088 0.0000000000
66707  41.401  -5.983  44.612 0.0000000000
65744  41.058  -7.454  44.302 0.0000000000
63894  39.511  -9.696  43.459 0.0000000000
57935  39.702  -15.911  47.202 0.0000000000
132753  39.738  -16.007  46.547 0.0000000000
129990  39.732  -16.060  46.098 0.0000000000
56073  39.737  -18.083  45.792 0.0000000000
57959  39.758  -16.766  45.911 0.0000000000
58920  39.706  -15.370  45.970 0.0000000000
58921  39.663  -15.416  45.561 0.0000000000
46490  27.557  -26.755  54.533 0.0000000000
46491  27.503  -26.890  55.174 0.0000000000
46527  30.377  -27.695  53.711 0.0000000000
46575  33.916  -27.649  51.319 0.0000000000
48646  24.037  -25.237  56.953 0.0000000000
48656  26.593  -25.514  55.534 0.0000000000
48684  27.328  -25.743  53.520 0.0000000000
49702  25.696  -24.674  56.013 0.0000000000
49713  25.961  -24.850  55.537 0.0000000000
49723  26.466  -25.273  54.616 0.0000000000
49734  26.711  -25.226  54.158 0.0000000000
49744  26.842  -24.941  53.417 0.0000000000
49745  26.522  -24.685  53.375 0.0000000000
50768  25.106  -24.111  56.114 0.0000000000
50769  24.503  -23.646  56.592 0.0000000000
50833  32.656  -23.470  51.245 0.0000000000
50844  34.304  -23.636  51.604 0.0000000000
51863  24.746  -23.418  55.673 0.0000000000
51864  24.374  -22.885  55.992 0.0000000000
52945  22.638  -22.155  57.520 0.0000000000
52947  21.091  -21.455  58.133 0.0000000000
52948  20.352  -21.262  58.268 0.0000000000
52974  23.583  -21.824  55.334 0.0000000000
52982  23.635  -21.863  54.550 0.0000000000
53000  33.199  -21.611  51.569 0.0000000000
53001  32.823  -21.930  51.307 0.0000000000
53016  32.255  -22.020  50.744 0.0000000000
53049  37.256  -21.327  48.591 0.0000000000
54158  38.205  -20.203  47.776 0.0000000000
55161  34.422  -19.478  51.482 0.0000000000
55162  33.794  -19.884  51.513 0.0000000000
55171  32.935  -19.889  50.626 0.0000000000
55175  38.217  -19.346  48.712 0.0000000000
55187  39.167  -19.085  46.946 0.0000000000
56033  35.498  -18.328  51.228 0.0000000000
56050  33.730  -18.604  49.878 0.0000000000
56059  39.681  -17.781  46.621 0.0000000000
56066  39.565  -18.695  45.980 0.0000000000
57906  38.726  -16.316  49.144 0.0000000000
57937  36.059  -16.947  48.195 0.0000000000
57948  39.750  -16.623  46.238 0.0000000000
57960  39.696  -16.182  45.696 0.0000000000
58909  39.704  -15.323  46.391 0.0000000000
59859  39.308  -13.434  47.482 0.0000000000
60879  38.493  -12.978  47.952 0.0000000000
60898  39.537  -12.887  46.650 0.0000000000
60900  37.528  -12.840  47.017 0.0000000000
60917  36.240  -13.758  44.907 0.0000000000
61891  39.506  -11.590  46.691 0.0000000000
62834  37.987  -11.382  47.145 0.0000000000
63861  38.367  -10.608  46.924 0.0000000000
63943  48.527  -10.153  36.204 0.0000000000
64825  36.704  -9.716  43.827 0.0000000000
65713  39.204  -8.629  46.622 0.0000000000
65730  40.820  -7.579  45.500 0.0000000000
65783  35.553  -8.270  40.247 0.0000000000
66686  39.621  -7.537  46.213 0.0000000000
66755  36.551  -7.749  41.346 0.0000000000
66783  37.296  -7.600  39.679 0.0000000000
67660  41.253  -5.829  44.646 0.0000000000
67683  43.325  -6.506  41.454 0.0000000000
68644  42.568  -5.895  42.216 0.0000000000
120984  34.768  -22.196  51.690 0.0000000000
123910  29.363  -28.447  54.144 0.0000000000
123974  35.421  -23.447  50.863 0.0000000000
125090  36.197  -20.878  50.605 0.0000000000
127482  20.857  -20.783  57.153 0.0000000000
131542  22.164  -21.294  57.003 0.0000000000
133895  40.123  -9.727  45.451 0.0000000000
133944  35.231  -17.034  50.315 0.0000000000
134162  35.867  -13.888  44.173 0.0000000000
134748  39.615  -13.696  45.904 0.0000000000
136655  36.626  -11.322  44.718 0.0000000000
137159  40.823  -5.899  44.984 0.0000000000
137590  24.598  -25.251  56.888 0.0000000000
137811  24.497  -22.943  55.548 0.0000000000
139053  38.789  -6.611  42.311 0.0000000000
142670  25.125  -25.058  56.836 0.0000000000
143597  35.906  -7.511  39.330 0.0000000000
144090  35.271  -21.927  51.418 0.0000000000
