#!ascii label  , from subject sub-v1s18x0051254_ses-1 vox2ras=TkReg
340
125296  37.283  -54.558  -2.985 0.0000000000
19108  37.382  -58.339  -8.190 0.0000000000
16491  34.759  -60.343  -5.309 0.0000000000
17333  44.006  -59.527  -2.114 0.0000000000
14023  36.189  -63.693  -6.697 0.0000000000
14784  37.109  -62.069  -4.995 0.0000000000
12545  35.609  -65.393  -7.189 0.0000000000
19052  41.103  -58.596  -4.849 0.0000000000
19896  45.137  -56.977  -1.056 0.0000000000
19054  37.115  -57.343  -4.317 0.0000000000
137199  39.692  -59.770  -3.471 0.0000000000
16489  40.850  -60.495  -5.433 0.0000000000
16542  37.804  -60.360  -8.588 0.0000000000
142708  35.052  -65.130  -10.435 0.0000000000
23804  34.030  -53.129  -2.113 0.0000000000
20859  33.823  -55.226  -5.547 0.0000000000
18225  32.573  -58.590  -6.379 0.0000000000
20747  44.666  -55.539  0.169 0.0000000000
14025  34.395  -64.096  -6.846 0.0000000000
18224  39.044  -58.564  -6.802 0.0000000000
19053  40.149  -57.509  -4.915 0.0000000000
140255  36.160  -58.314  -4.594 0.0000000000
17358  37.003  -59.640  -4.229 0.0000000000
14800  36.497  -62.696  -5.768 0.0000000000
15614  39.548  -61.117  -4.848 0.0000000000
142441  37.719  -61.664  -6.315 0.0000000000
16519  39.683  -60.323  -7.245 0.0000000000
15660  35.800  -61.877  -7.678 0.0000000000
14058  34.035  -63.699  -10.079 0.0000000000
124188  31.960  -56.030  -5.991 0.0000000000
129748  33.739  -56.970  -5.775 0.0000000000
19080  31.534  -57.607  -6.368 0.0000000000
19007  42.294  -57.945  -1.241 0.0000000000
19884  44.788  -57.493  -0.330 0.0000000000
21757  45.345  -54.806  -1.969 0.0000000000
21732  46.985  -55.273  -1.090 0.0000000000
15628  34.434  -61.194  -5.659 0.0000000000
15617  35.994  -61.008  -4.595 0.0000000000
14792  35.240  -62.751  -5.548 0.0000000000
14012  35.881  -63.869  -5.891 0.0000000000
120020  36.258  -64.443  -6.740 0.0000000000
18200  43.103  -59.776  -3.501 0.0000000000
19005  45.054  -58.177  -1.242 0.0000000000
19037  42.817  -58.099  -3.384 0.0000000000
20811  42.273  -55.617  -3.003 0.0000000000
18260  36.488  -58.798  -9.666 0.0000000000
132854  36.936  -55.776  -4.181 0.0000000000
18183  40.428  -58.371  -2.720 0.0000000000
18181  42.353  -59.405  -2.188 0.0000000000
16478  38.404  -60.839  -4.126 0.0000000000
16466  41.079  -60.617  -3.983 0.0000000000
16464  42.784  -60.024  -3.639 0.0000000000
17372  41.233  -59.961  -5.567 0.0000000000
18239  39.459  -59.355  -7.196 0.0000000000
17422  37.957  -59.861  -8.763 0.0000000000
13309  35.934  -64.736  -8.637 0.0000000000
14829  34.847  -62.424  -8.454 0.0000000000
15691  35.275  -61.249  -9.379 0.0000000000
16571  36.298  -59.857  -10.226 0.0000000000
22747  35.549  -53.120  -0.969 0.0000000000
22785  36.056  -53.773  -2.509 0.0000000000
138903  34.239  -53.801  -4.886 0.0000000000
21815  36.210  -54.621  -4.140 0.0000000000
19961  35.776  -56.547  -4.922 0.0000000000
124926  34.841  -58.062  -5.268 0.0000000000
137333  33.702  -59.532  -5.868 0.0000000000
16507  31.904  -59.840  -6.936 0.0000000000
15641  33.526  -60.782  -6.296 0.0000000000
19894  45.575  -56.611  -0.137 0.0000000000
20787  38.006  -54.496  -2.157 0.0000000000
21736  38.396  -54.156  -1.477 0.0000000000
20772  38.814  -54.825  -1.884 0.0000000000
19094  37.866  -58.206  -7.508 0.0000000000
19077  38.657  -57.713  -6.266 0.0000000000
17360  35.566  -59.636  -4.726 0.0000000000
132843  36.531  -58.892  -4.409 0.0000000000
17359  36.230  -59.639  -4.463 0.0000000000
14814  36.328  -62.716  -6.334 0.0000000000
15639  36.999  -62.012  -6.300 0.0000000000
15658  37.540  -61.417  -7.143 0.0000000000
14815  35.872  -62.565  -6.970 0.0000000000
12590  33.706  -65.337  -11.925 0.0000000000
19995  31.713  -56.757  -6.185 0.0000000000
18172  43.880  -59.209  -1.549 0.0000000000
18986  43.906  -58.254  -0.625 0.0000000000
18154  44.099  -58.951  -1.009 0.0000000000
21756  46.448  -54.836  -1.732 0.0000000000
15640  34.601  -62.112  -5.719 0.0000000000
14801  34.492  -62.746  -6.038 0.0000000000
13294  35.133  -64.912  -6.932 0.0000000000
14018  35.323  -64.186  -6.365 0.0000000000
13290  35.867  -64.808  -6.539 0.0000000000
13288  36.090  -64.418  -6.411 0.0000000000
12544  36.169  -65.300  -7.133 0.0000000000
18201  42.219  -59.510  -4.355 0.0000000000
18189  42.620  -58.833  -3.806 0.0000000000
131662  41.724  -58.391  -4.241 0.0000000000
131516  41.541  -56.132  -3.462 0.0000000000
19946  40.942  -55.479  -3.871 0.0000000000
120060  42.739  -54.818  -3.026 0.0000000000
19949  37.521  -56.441  -3.975 0.0000000000
126015  38.370  -56.756  -3.503 0.0000000000
19041  37.893  -57.401  -3.883 0.0000000000
18182  41.499  -59.443  -2.542 0.0000000000
18190  40.656  -59.530  -3.058 0.0000000000
15616  36.787  -61.586  -4.652 0.0000000000
119475  37.613  -61.169  -4.383 0.0000000000
15615  37.628  -61.691  -4.787 0.0000000000
15613  40.357  -60.817  -5.113 0.0000000000
16476  40.273  -60.754  -4.425 0.0000000000
16475  41.032  -60.608  -4.656 0.0000000000
16465  42.060  -60.365  -3.607 0.0000000000
120186  41.663  -60.447  -4.235 0.0000000000
17357  42.007  -59.972  -4.666 0.0000000000
16488  40.986  -60.198  -5.760 0.0000000000
16521  38.207  -60.791  -7.849 0.0000000000
17401  39.721  -59.961  -7.351 0.0000000000
16541  38.574  -60.185  -8.262 0.0000000000
17421  38.533  -59.580  -8.222 0.0000000000
10973  39.148  -67.665  -10.730 0.0000000000
12576  36.149  -65.456  -10.191 0.0000000000
11805  37.543  -65.813  -9.980 0.0000000000
13322  35.790  -65.044  -9.503 0.0000000000
138615  35.215  -63.887  -8.571 0.0000000000
13310  34.952  -64.259  -9.331 0.0000000000
14059  33.430  -63.144  -10.780 0.0000000000
14048  33.801  -62.853  -9.941 0.0000000000
15703  33.928  -62.103  -10.015 0.0000000000
16560  35.870  -60.505  -9.896 0.0000000000
131713  35.137  -60.915  -10.224 0.0000000000
22748  34.816  -53.067  -0.932 0.0000000000
22763  35.420  -53.403  -1.461 0.0000000000
22762  36.291  -53.451  -1.399 0.0000000000
22786  35.307  -53.619  -2.855 0.0000000000
136487  32.751  -55.482  -5.742 0.0000000000
21846  33.224  -54.545  -5.457 0.0000000000
21845  34.079  -54.396  -5.275 0.0000000000
20841  35.488  -54.621  -4.629 0.0000000000
20858  34.687  -54.967  -5.275 0.0000000000
20857  35.301  -55.685  -5.140 0.0000000000
123668  34.473  -55.848  -5.483 0.0000000000
19069  33.087  -57.471  -6.064 0.0000000000
19068  34.544  -57.249  -5.463 0.0000000000
18215  33.944  -57.948  -5.616 0.0000000000
137807  34.424  -58.668  -5.405 0.0000000000
17375  33.786  -58.856  -5.726 0.0000000000
16523  31.346  -60.381  -7.312 0.0000000000
16522  32.044  -60.714  -7.262 0.0000000000
16506  32.713  -60.358  -6.708 0.0000000000
19921  44.503  -57.216  -1.623 0.0000000000
19895  45.129  -57.337  -0.534 0.0000000000
20767  45.624  -56.465  -0.536 0.0000000000
20745  46.652  -55.131  -0.250 0.0000000000
18213  40.020  -58.683  -5.911 0.0000000000
19064  40.290  -58.314  -5.367 0.0000000000
18203  36.811  -58.142  -4.406 0.0000000000
18202  37.571  -58.094  -4.121 0.0000000000
17347  38.579  -59.579  -3.670 0.0000000000
14790  36.484  -62.486  -5.295 0.0000000000
15624  37.953  -61.749  -5.069 0.0000000000
14799  37.243  -62.013  -5.477 0.0000000000
124144  38.293  -61.583  -5.811 0.0000000000
15638  39.244  -61.227  -6.159 0.0000000000
16503  40.448  -60.402  -6.191 0.0000000000
15657  38.589  -61.225  -6.912 0.0000000000
15673  37.233  -61.005  -8.026 0.0000000000
13323  34.577  -64.513  -10.232 0.0000000000
13339  34.081  -64.926  -11.083 0.0000000000
13324  33.622  -64.137  -10.904 0.0000000000
19976  33.654  -56.099  -5.734 0.0000000000
19977  32.753  -56.550  -6.030 0.0000000000
19994  32.281  -57.248  -6.257 0.0000000000
19079  32.418  -57.936  -6.323 0.0000000000
19885  43.809  -57.452  -0.242 0.0000000000
19872  44.270  -56.780  0.128 0.0000000000
20783  45.155  -55.751  -1.454 0.0000000000
21733  46.127  -55.686  -1.087 0.0000000000
135388  47.334  -54.784  -1.509 0.0000000000
16480  35.957  -60.248  -4.564 0.0000000000
132356  35.306  -61.128  -5.061 0.0000000000
15626  35.977  -61.865  -4.803 0.0000000000
14791  35.964  -62.657  -5.172 0.0000000000
142847  35.786  -63.278  -5.577 0.0000000000
119535  36.093  -63.315  -5.660 0.0000000000
13278  36.049  -63.994  -6.035 0.0000000000
14017  36.174  -63.753  -6.215 0.0000000000
17337  43.921  -59.648  -2.660 0.0000000000
18178  44.533  -58.962  -1.439 0.0000000000
142089  44.085  -58.916  -2.575 0.0000000000
131932  44.340  -58.273  -2.052 0.0000000000
19922  43.379  -56.623  -2.347 0.0000000000
19038  41.774  -57.423  -3.727 0.0000000000
19945  42.436  -56.898  -3.065 0.0000000000
20768  44.023  -55.840  -1.864 0.0000000000
21759  43.413  -54.995  -2.485 0.0000000000
21785  43.574  -54.472  -3.146 0.0000000000
18250  36.919  -58.556  -8.878 0.0000000000
20814  37.445  -55.444  -3.637 0.0000000000
20786  38.534  -55.334  -2.637 0.0000000000
19948  38.132  -55.857  -3.356 0.0000000000
18173  42.792  -58.980  -1.583 0.0000000000
18180  43.284  -59.584  -2.175 0.0000000000
16468  39.043  -60.413  -3.827 0.0000000000
120632  38.506  -61.371  -4.678 0.0000000000
16467  40.079  -60.559  -3.868 0.0000000000
17346  40.906  -60.278  -3.480 0.0000000000
17340  41.718  -60.175  -3.062 0.0000000000
142780  42.231  -60.265  -2.949 0.0000000000
17338  43.530  -59.820  -2.766 0.0000000000
17356  42.776  -59.907  -4.111 0.0000000000
18211  41.541  -59.589  -5.022 0.0000000000
17383  40.587  -60.086  -6.294 0.0000000000
18222  40.497  -59.601  -6.202 0.0000000000
18223  39.766  -59.056  -6.548 0.0000000000
123339  38.692  -58.891  -7.579 0.0000000000
18249  37.694  -59.170  -8.743 0.0000000000
13298  36.341  -64.987  -7.247 0.0000000000
11816  38.168  -66.457  -10.371 0.0000000000
13299  35.973  -64.396  -7.767 0.0000000000
14024  35.838  -63.538  -7.259 0.0000000000
14828  35.413  -62.476  -7.747 0.0000000000
15675  35.386  -61.678  -8.451 0.0000000000
14047  34.422  -63.374  -9.268 0.0000000000
15676  34.726  -61.823  -8.944 0.0000000000
15690  36.048  -60.873  -9.057 0.0000000000
16558  37.378  -60.050  -9.209 0.0000000000
17434  37.402  -59.635  -9.137 0.0000000000
18259  37.118  -59.165  -9.275 0.0000000000
137872  36.314  -59.300  -10.203 0.0000000000
23802  36.817  -52.426  -2.151 0.0000000000
23781  36.241  -52.780  -1.178 0.0000000000
23758  36.918  -53.037  -1.200 0.0000000000
22745  36.929  -53.350  -1.334 0.0000000000
21760  37.156  -53.909  -1.790 0.0000000000
21787  36.519  -54.302  -3.370 0.0000000000
22836  32.774  -53.743  -5.220 0.0000000000
22787  34.525  -53.355  -3.323 0.0000000000
22809  35.164  -53.739  -4.096 0.0000000000
21788  35.863  -53.995  -3.730 0.0000000000
20839  36.787  -55.009  -3.899 0.0000000000
19960  36.627  -56.523  -4.480 0.0000000000
19975  34.291  -56.549  -5.572 0.0000000000
19067  35.338  -57.360  -5.139 0.0000000000
19055  36.185  -57.490  -4.679 0.0000000000
18204  35.563  -58.181  -4.870 0.0000000000
18214  35.082  -58.941  -5.005 0.0000000000
17374  34.398  -59.472  -5.440 0.0000000000
17385  33.081  -59.149  -6.245 0.0000000000
16505  33.285  -59.950  -6.258 0.0000000000
16492  33.988  -60.214  -5.774 0.0000000000
18984  44.840  -58.083  -0.834 0.0000000000
19883  45.195  -57.139  -0.344 0.0000000000
20732  45.392  -56.173  0.230 0.0000000000
20766  46.033  -56.156  -0.415 0.0000000000
20731  46.071  -55.840  0.070 0.0000000000
10974  38.506  -67.022  -11.035 0.0000000000
11817  34.091  -65.964  -12.212 0.0000000000
12533  36.164  -64.881  -6.687 0.0000000000
12534  35.963  -65.181  -6.738 0.0000000000
13289  36.004  -64.440  -6.278 0.0000000000
14019  34.491  -63.473  -6.408 0.0000000000
14034  35.260  -63.315  -8.005 0.0000000000
14035  34.677  -63.090  -8.626 0.0000000000
14838  34.294  -62.436  -9.214 0.0000000000
15621  40.328  -60.696  -5.749 0.0000000000
15622  39.757  -61.062  -5.561 0.0000000000
15623  38.911  -61.432  -5.276 0.0000000000
15625  36.450  -62.209  -4.946 0.0000000000
15627  35.262  -61.971  -5.299 0.0000000000
15637  39.957  -60.791  -6.275 0.0000000000
15656  39.532  -60.812  -6.895 0.0000000000
15659  36.495  -61.775  -7.196 0.0000000000
15674  36.302  -61.304  -8.238 0.0000000000
15692  34.527  -61.642  -9.651 0.0000000000
15702  34.454  -61.429  -10.481 0.0000000000
16459  42.862  -60.068  -3.218 0.0000000000
16474  41.525  -60.244  -4.962 0.0000000000
16477  39.315  -60.900  -4.289 0.0000000000
16490  35.422  -60.353  -4.851 0.0000000000
16504  40.007  -60.493  -6.721 0.0000000000
16518  40.146  -60.173  -6.826 0.0000000000
16520  39.056  -60.556  -7.576 0.0000000000
16524  30.635  -60.501  -7.416 0.0000000000
16540  39.218  -60.037  -7.809 0.0000000000
16543  36.943  -60.585  -8.829 0.0000000000
16559  36.663  -60.210  -9.571 0.0000000000
17339  42.601  -60.024  -2.779 0.0000000000
17345  43.352  -59.800  -3.225 0.0000000000
17348  37.770  -59.575  -3.908 0.0000000000
17373  35.043  -59.742  -5.061 0.0000000000
17384  40.125  -59.823  -6.838 0.0000000000
17402  39.161  -59.640  -7.692 0.0000000000
17435  36.827  -59.595  -9.634 0.0000000000
18153  44.659  -58.763  -1.138 0.0000000000
18171  44.421  -59.131  -1.560 0.0000000000
18179  44.273  -59.381  -2.051 0.0000000000
18187  44.022  -59.573  -2.500 0.0000000000
18188  43.589  -59.210  -3.164 0.0000000000
18212  40.803  -59.173  -5.514 0.0000000000
18216  33.175  -58.322  -6.080 0.0000000000
18240  38.105  -58.826  -8.151 0.0000000000
18985  44.540  -58.251  -0.705 0.0000000000
19006  43.414  -58.582  -0.994 0.0000000000
19028  44.477  -59.140  -1.931 0.0000000000
19029  43.504  -58.033  -2.807 0.0000000000
19051  40.927  -57.441  -4.365 0.0000000000
19076  39.361  -58.335  -6.209 0.0000000000
19081  30.940  -57.044  -6.171 0.0000000000
19093  38.380  -58.150  -6.974 0.0000000000
19870  45.676  -56.537  -0.021 0.0000000000
19871  45.160  -56.880  0.051 0.0000000000
19958  40.879  -56.415  -3.968 0.0000000000
19974  34.979  -56.554  -5.345 0.0000000000
19978  31.090  -56.209  -5.878 0.0000000000
20733  44.657  -56.285  0.261 0.0000000000
20746  46.108  -55.972  -0.061 0.0000000000
20765  46.678  -55.259  -0.474 0.0000000000
20784  43.078  -55.469  -2.519 0.0000000000
20812  41.518  -55.294  -3.534 0.0000000000
20840  36.182  -55.534  -4.551 0.0000000000
21758  44.260  -54.883  -2.238 0.0000000000
21761  36.719  -53.959  -2.330 0.0000000000
21816  34.738  -54.145  -4.837 0.0000000000
22746  36.169  -53.067  -1.040 0.0000000000
22764  34.644  -53.328  -1.730 0.0000000000
22835  33.640  -53.744  -5.088 0.0000000000
22837  31.830  -53.819  -5.230 0.0000000000
23759  35.318  -52.852  -0.909 0.0000000000
127110  37.285  -58.838  -4.165 0.0000000000
130844  30.827  -57.696  -6.315 0.0000000000
132159  42.264  -60.197  -4.184 0.0000000000
133974  35.815  -58.916  -4.621 0.0000000000
136011  37.918  -55.102  -3.034 0.0000000000
136598  46.257  -54.942  0.040 0.0000000000
136965  43.729  -59.785  -3.003 0.0000000000
137932  32.651  -59.683  -6.559 0.0000000000
142709  44.682  -58.708  -1.129 0.0000000000
143803  34.750  -52.749  -0.884 0.0000000000
143844  34.571  -53.613  -4.389 0.0000000000
143935  38.658  -53.941  -1.310 0.0000000000
