#!ascii label  , from subject sub-v1s18x0051262_ses-1 vox2ras=TkReg
1587
62015  48.032  4.283  22.175 0.0000000000
107662  38.493  -14.408  38.501 0.0000000000
114224  25.989  -20.402  43.832 0.0000000000
128844  20.415  -22.579  48.146 0.0000000000
41593  34.963  -16.630  47.180 0.0000000000
41691  29.915  -17.857  38.112 0.0000000000
56588  45.746  -1.914  24.317 0.0000000000
65556  54.299  8.394  18.843 0.0000000000
53720  47.865  -4.436  30.813 0.0000000000
47261  38.997  -11.280  29.929 0.0000000000
45389  30.257  -13.960  29.026 0.0000000000
107706  28.098  -20.310  48.365 0.0000000000
38805  22.750  -20.865  46.623 0.0000000000
38759  24.778  -20.536  50.558 0.0000000000
39768  30.414  -19.825  45.608 0.0000000000
57378  50.161  -0.199  32.498 0.0000000000
45231  41.285  -13.807  44.233 0.0000000000
45279  43.473  -14.070  38.103 0.0000000000
48159  43.816  -10.708  34.531 0.0000000000
118504  39.590  -14.808  33.072 0.0000000000
122213  35.198  -13.957  28.823 0.0000000000
44479  35.052  -14.483  33.670 0.0000000000
38967  25.450  -20.292  36.682 0.0000000000
40783  26.063  -18.193  33.696 0.0000000000
63831  50.937  6.770  20.357 0.0000000000
61136  51.844  3.250  17.813 0.0000000000
38914  23.045  -20.304  39.807 0.0000000000
38004  20.485  -21.531  42.241 0.0000000000
44300  36.953  -14.759  43.135 0.0000000000
43488  34.145  -15.053  38.832 0.0000000000
41652  32.446  -17.434  42.737 0.0000000000
38892  28.426  -20.286  40.559 0.0000000000
113973  46.669  1.020  23.771 0.0000000000
111581  22.161  -20.972  54.078 0.0000000000
122980  17.632  -22.501  51.702 0.0000000000
63786  53.831  6.660  24.504 0.0000000000
60117  52.299  2.354  26.163 0.0000000000
59164  48.915  1.579  27.432 0.0000000000
57426  44.728  -0.952  28.555 0.0000000000
53748  42.613  -4.661  27.358 0.0000000000
51036  47.397  -7.409  34.662 0.0000000000
50125  42.966  -8.058  30.801 0.0000000000
108962  37.655  -7.782  26.041 0.0000000000
48285  34.249  -10.114  24.692 0.0000000000
43545  30.820  -15.609  34.530 0.0000000000
39720  28.094  -19.408  50.804 0.0000000000
38768  25.923  -20.318  49.594 0.0000000000
38746  26.890  -19.196  51.514 0.0000000000
39740  30.011  -19.789  48.701 0.0000000000
107768  40.052  -14.448  41.054 0.0000000000
44355  41.232  -14.530  39.047 0.0000000000
44437  42.252  -14.507  35.960 0.0000000000
44415  39.277  -14.575  36.160 0.0000000000
44477  37.333  -14.544  33.709 0.0000000000
44418  36.689  -14.498  36.351 0.0000000000
37302  23.306  -22.416  36.209 0.0000000000
38110  23.600  -21.618  34.855 0.0000000000
62955  48.773  5.160  21.045 0.0000000000
62059  48.506  4.250  18.692 0.0000000000
61141  46.467  3.452  19.215 0.0000000000
108702  24.557  -20.161  41.704 0.0000000000
38898  21.533  -20.801  40.525 0.0000000000
38866  22.681  -20.395  42.761 0.0000000000
114527  21.604  -21.734  47.040 0.0000000000
37190  20.365  -22.143  45.171 0.0000000000
37182  19.629  -22.964  46.283 0.0000000000
36305  18.264  -23.372  47.256 0.0000000000
43389  38.050  -14.972  45.998 0.0000000000
42527  35.712  -15.901  44.769 0.0000000000
43421  34.939  -15.834  43.112 0.0000000000
41631  33.830  -17.127  44.472 0.0000000000
38827  28.082  -20.552  44.751 0.0000000000
39787  29.614  -20.163  43.439 0.0000000000
38861  27.395  -20.532  42.443 0.0000000000
38895  25.723  -20.390  40.041 0.0000000000
57490  46.904  -1.490  24.450 0.0000000000
57499  45.493  -0.658  22.439 0.0000000000
110601  45.823  -2.421  23.055 0.0000000000
37126  16.925  -22.935  52.621 0.0000000000
59180  50.847  1.265  26.742 0.0000000000
60067  50.848  3.003  29.851 0.0000000000
56515  48.767  -2.054  31.598 0.0000000000
120814  47.653  0.070  30.524 0.0000000000
55613  46.151  -2.322  30.067 0.0000000000
54699  43.398  -3.279  28.055 0.0000000000
53730  44.748  -4.801  29.107 0.0000000000
47232  41.052  -11.403  32.088 0.0000000000
49165  43.297  -9.349  32.695 0.0000000000
49193  41.163  -9.505  30.721 0.0000000000
51126  40.460  -7.904  28.420 0.0000000000
49222  38.617  -9.511  28.389 0.0000000000
49256  36.113  -9.026  25.731 0.0000000000
47284  37.115  -11.322  27.839 0.0000000000
45415  33.242  -13.298  26.848 0.0000000000
42622  32.228  -16.182  38.794 0.0000000000
43522  32.361  -15.468  36.500 0.0000000000
42649  30.036  -16.732  35.813 0.0000000000
41746  26.061  -17.159  31.581 0.0000000000
63011  56.658  5.139  17.091 0.0000000000
119916  55.870  5.137  18.400 0.0000000000
38813  27.298  -20.492  46.053 0.0000000000
38815  24.410  -20.422  45.587 0.0000000000
38803  25.061  -20.406  47.115 0.0000000000
38781  23.904  -20.657  48.380 0.0000000000
37945  22.826  -21.765  49.349 0.0000000000
40661  33.112  -17.853  48.028 0.0000000000
111321  32.439  -18.266  45.834 0.0000000000
39749  31.338  -19.270  47.402 0.0000000000
38800  29.314  -20.394  46.763 0.0000000000
60044  50.937  2.912  31.749 0.0000000000
54663  50.251  -3.156  32.742 0.0000000000
46153  43.869  -12.412  36.290 0.0000000000
46192  41.775  -13.106  33.749 0.0000000000
124460  39.687  -13.170  31.649 0.0000000000
120126  37.482  -13.227  29.212 0.0000000000
44508  37.202  -14.419  30.890 0.0000000000
44510  35.257  -14.452  31.539 0.0000000000
44512  33.186  -14.442  31.411 0.0000000000
39830  27.453  -19.581  37.439 0.0000000000
40767  28.196  -18.157  35.895 0.0000000000
39862  25.228  -19.380  34.617 0.0000000000
64664  51.888  7.189  19.182 0.0000000000
62990  52.590  5.224  18.450 0.0000000000
62992  50.747  5.474  18.635 0.0000000000
38832  21.742  -20.883  44.231 0.0000000000
44297  39.180  -14.483  43.554 0.0000000000
111369  37.435  -14.429  40.719 0.0000000000
44373  36.442  -14.497  38.814 0.0000000000
43457  35.178  -15.015  40.874 0.0000000000
42594  33.241  -16.161  40.772 0.0000000000
125228  30.856  -17.607  39.955 0.0000000000
109936  31.338  -18.614  43.911 0.0000000000
127654  30.583  -18.574  41.614 0.0000000000
39812  29.170  -19.213  39.049 0.0000000000
38933  27.133  -20.314  38.694 0.0000000000
108093  24.595  -20.420  38.583 0.0000000000
60138  46.102  2.643  23.155 0.0000000000
60165  45.049  2.814  20.276 0.0000000000
59221  44.044  1.435  21.377 0.0000000000
37926  23.468  -21.391  52.240 0.0000000000
37133  21.603  -22.406  51.482 0.0000000000
37109  19.853  -21.675  53.058 0.0000000000
37157  19.311  -22.456  50.013 0.0000000000
65514  53.161  8.445  21.962 0.0000000000
63809  52.111  7.099  22.729 0.0000000000
62935  50.849  5.281  23.234 0.0000000000
113145  50.094  3.378  24.442 0.0000000000
59198  49.417  1.093  25.308 0.0000000000
58327  48.689  -0.161  25.791 0.0000000000
58329  46.852  0.034  25.815 0.0000000000
59123  48.610  1.776  30.351 0.0000000000
58281  46.313  1.104  28.410 0.0000000000
57453  44.432  0.103  26.606 0.0000000000
56554  42.784  -1.831  26.696 0.0000000000
54726  41.344  -3.742  25.755 0.0000000000
51976  48.173  -5.785  32.410 0.0000000000
50077  45.580  -8.802  34.546 0.0000000000
51071  45.469  -7.573  32.565 0.0000000000
51996  45.743  -6.431  30.322 0.0000000000
52007  43.433  -6.727  28.739 0.0000000000
52051  40.607  -6.732  26.427 0.0000000000
46261  35.381  -12.435  27.021 0.0000000000
44420  34.392  -14.623  36.513 0.0000000000
44482  32.769  -14.645  33.840 0.0000000000
107735  30.800  -14.611  32.022 0.0000000000
42668  27.937  -17.009  33.868 0.0000000000
43563  27.975  -15.645  31.828 0.0000000000
39709  27.746  -19.027  51.469 0.0000000000
40628  26.895  -18.479  51.457 0.0000000000
44339  39.807  -14.420  40.340 0.0000000000
44356  40.473  -14.449  39.709 0.0000000000
44372  40.250  -14.432  38.852 0.0000000000
122031  40.930  -14.647  37.095 0.0000000000
108633  38.704  -14.455  37.008 0.0000000000
44416  38.198  -14.511  36.169 0.0000000000
44394  37.569  -14.472  37.693 0.0000000000
62023  48.423  4.683  21.635 0.0000000000
110447  47.853  4.455  20.018 0.0000000000
61105  47.122  3.993  20.434 0.0000000000
38846  25.475  -20.328  43.172 0.0000000000
38865  23.358  -20.268  42.335 0.0000000000
38847  24.547  -20.283  43.297 0.0000000000
109575  20.990  -22.417  47.957 0.0000000000
37171  20.995  -22.215  47.149 0.0000000000
37172  20.388  -22.572  47.513 0.0000000000
36304  19.007  -23.247  46.833 0.0000000000
109346  19.766  -22.758  47.914 0.0000000000
42471  34.658  -16.346  48.007 0.0000000000
42489  35.524  -16.174  47.021 0.0000000000
42488  36.327  -15.786  46.787 0.0000000000
42503  35.051  -16.601  46.336 0.0000000000
111086  35.008  -16.440  44.866 0.0000000000
41621  33.800  -17.386  45.813 0.0000000000
38828  27.258  -20.522  44.652 0.0000000000
38844  27.553  -20.545  43.285 0.0000000000
38845  26.521  -20.428  43.040 0.0000000000
38862  25.800  -20.333  42.525 0.0000000000
56587  46.457  -1.836  24.337 0.0000000000
56609  46.150  -2.247  23.635 0.0000000000
56598  46.095  -2.336  24.018 0.0000000000
61001  52.586  4.009  30.499 0.0000000000
109008  51.995  3.230  29.585 0.0000000000
107922  51.999  3.487  30.638 0.0000000000
54673  48.646  -3.385  31.372 0.0000000000
55604  47.519  -2.602  30.818 0.0000000000
54682  47.124  -3.244  30.525 0.0000000000
54690  45.749  -3.912  29.751 0.0000000000
53728  46.269  -4.715  29.896 0.0000000000
47248  39.968  -11.399  31.006 0.0000000000
48215  40.924  -10.179  31.113 0.0000000000
48229  40.063  -10.103  30.203 0.0000000000
49205  39.887  -9.414  29.506 0.0000000000
48243  38.318  -10.346  28.637 0.0000000000
128126  37.522  -10.247  27.769 0.0000000000
47272  38.035  -11.178  28.827 0.0000000000
41690  30.669  -17.256  38.477 0.0000000000
42637  30.710  -16.669  37.060 0.0000000000
41707  30.110  -17.232  37.000 0.0000000000
63850  56.340  6.582  18.166 0.0000000000
63851  55.444  6.724  18.426 0.0000000000
107704  27.756  -20.423  47.546 0.0000000000
107700  25.688  -20.431  46.611 0.0000000000
107882  26.260  -20.385  48.168 0.0000000000
119043  25.508  -20.337  50.203 0.0000000000
38780  24.706  -20.492  48.630 0.0000000000
38769  24.000  -20.726  49.234 0.0000000000
37950  23.338  -21.179  48.902 0.0000000000
37944  23.433  -21.408  49.742 0.0000000000
40652  32.202  -17.890  48.910 0.0000000000
40662  32.421  -18.106  48.247 0.0000000000
40663  31.600  -18.299  48.330 0.0000000000
38778  28.958  -20.260  48.286 0.0000000000
38777  29.604  -20.143  48.242 0.0000000000
38789  28.680  -20.394  47.525 0.0000000000
38801  28.273  -20.478  46.599 0.0000000000
44353  43.367  -14.292  39.453 0.0000000000
45262  44.501  -13.240  40.115 0.0000000000
46125  44.531  -12.937  38.395 0.0000000000
46135  44.509  -12.578  37.618 0.0000000000
46136  43.506  -13.560  37.175 0.0000000000
44457  40.572  -15.056  34.505 0.0000000000
45326  42.019  -13.876  34.468 0.0000000000
45334  40.754  -14.301  33.289 0.0000000000
46200  40.666  -12.786  32.462 0.0000000000
44491  39.726  -14.340  32.443 0.0000000000
45351  38.800  -14.040  31.280 0.0000000000
121290  39.172  -14.665  32.568 0.0000000000
124823  36.519  -14.511  34.024 0.0000000000
129114  36.403  -14.489  32.583 0.0000000000
125201  35.075  -14.462  32.341 0.0000000000
44511  33.993  -14.434  31.224 0.0000000000
107656  34.354  -14.467  32.574 0.0000000000
39832  26.172  -20.066  36.885 0.0000000000
39850  26.302  -19.237  35.800 0.0000000000
38981  25.157  -20.151  35.872 0.0000000000
63836  51.250  6.731  19.482 0.0000000000
63854  51.614  6.538  18.846 0.0000000000
124440  50.383  5.849  19.106 0.0000000000
61156  48.491  3.372  17.716 0.0000000000
38938  22.525  -20.855  38.576 0.0000000000
38039  21.918  -21.250  38.995 0.0000000000
128796  23.892  -20.460  46.013 0.0000000000
38830  23.368  -20.434  44.559 0.0000000000
38818  22.033  -20.868  45.064 0.0000000000
119245  19.860  -22.502  44.682 0.0000000000
37203  20.297  -21.931  44.179 0.0000000000
43411  37.942  -15.045  44.967 0.0000000000
43410  38.595  -14.745  44.910 0.0000000000
44286  38.326  -14.648  44.061 0.0000000000
44313  38.174  -14.473  42.514 0.0000000000
113257  37.448  -14.551  42.576 0.0000000000
44325  36.720  -14.543  41.422 0.0000000000
44315  36.064  -14.868  42.016 0.0000000000
42560  33.579  -16.549  42.504 0.0000000000
43433  34.084  -16.020  41.966 0.0000000000
42578  32.721  -16.671  41.320 0.0000000000
42595  32.556  -16.489  40.440 0.0000000000
41674  32.029  -17.022  40.969 0.0000000000
123963  31.326  -19.086  45.792 0.0000000000
40691  32.345  -18.169  45.015 0.0000000000
125441  31.040  -19.025  44.687 0.0000000000
113787  29.344  -20.079  41.915 0.0000000000
39796  29.833  -19.607  42.140 0.0000000000
111485  29.526  -19.696  41.382 0.0000000000
40731  29.761  -19.204  40.764 0.0000000000
39809  29.162  -19.830  40.592 0.0000000000
39814  27.969  -20.134  39.106 0.0000000000
38909  28.068  -20.283  39.827 0.0000000000
107697  24.570  -20.214  40.179 0.0000000000
107694  24.896  -20.342  39.459 0.0000000000
38936  23.645  -20.434  38.639 0.0000000000
127406  46.005  1.953  23.488 0.0000000000
60139  45.315  2.092  22.927 0.0000000000
59212  44.917  1.295  22.676 0.0000000000
57518  44.361  -0.469  20.708 0.0000000000
37905  22.679  -21.267  53.408 0.0000000000
37119  23.024  -22.169  51.982 0.0000000000
37107  21.752  -22.109  53.003 0.0000000000
37111  18.111  -21.910  53.089 0.0000000000
123919  18.919  -22.057  51.888 0.0000000000
37135  19.714  -22.164  51.595 0.0000000000
119910  18.241  -22.436  50.224 0.0000000000
37167  17.917  -22.754  48.840 0.0000000000
36281  17.012  -23.031  49.935 0.0000000000
65534  53.857  9.165  20.637 0.0000000000
64625  52.913  7.490  23.175 0.0000000000
63797  52.664  6.663  23.509 0.0000000000
62944  51.062  6.037  22.841 0.0000000000
62933  52.546  5.812  23.860 0.0000000000
61052  52.569  3.159  25.623 0.0000000000
61990  51.190  4.085  24.253 0.0000000000
61054  51.125  2.802  25.283 0.0000000000
61066  49.631  3.039  24.588 0.0000000000
128708  50.744  2.069  25.568 0.0000000000
60084  49.705  2.020  27.792 0.0000000000
58314  49.280  0.157  26.083 0.0000000000
113230  48.835  0.530  26.501 0.0000000000
107017  47.762  -0.145  25.958 0.0000000000
59166  47.014  1.344  27.155 0.0000000000
59105  50.493  1.907  32.275 0.0000000000
60045  50.305  2.515  31.324 0.0000000000
59117  49.021  1.323  31.174 0.0000000000
119767  46.260  -0.970  29.855 0.0000000000
57414  47.051  0.319  29.930 0.0000000000
116418  45.275  -0.074  28.603 0.0000000000
58300  44.945  0.407  27.342 0.0000000000
57437  44.412  -0.364  27.618 0.0000000000
56565  43.204  -1.142  26.539 0.0000000000
56552  44.001  -1.276  27.877 0.0000000000
53747  43.024  -3.971  27.698 0.0000000000
121239  42.419  -3.108  26.969 0.0000000000
53762  41.595  -4.297  26.227 0.0000000000
114147  41.622  -5.066  26.358 0.0000000000
51966  47.483  -6.692  33.389 0.0000000000
48151  44.799  -10.751  35.711 0.0000000000
49132  45.639  -9.737  35.701 0.0000000000
127757  44.702  -9.765  34.574 0.0000000000
50113  43.288  -8.409  31.598 0.0000000000
50098  44.286  -8.432  32.661 0.0000000000
51086  44.487  -7.533  31.442 0.0000000000
51988  45.930  -6.720  31.281 0.0000000000
51099  44.294  -7.315  30.572 0.0000000000
52006  44.121  -6.685  29.285 0.0000000000
51112  43.450  -7.200  29.469 0.0000000000
129055  39.609  -7.855  27.778 0.0000000000
51139  40.376  -7.254  27.147 0.0000000000
51149  39.745  -7.171  26.559 0.0000000000
52064  39.057  -6.615  25.123 0.0000000000
52065  38.141  -6.844  24.885 0.0000000000
127004  37.136  -7.533  25.131 0.0000000000
49257  35.447  -9.400  25.445 0.0000000000
50205  35.145  -8.455  24.120 0.0000000000
45368  36.770  -13.619  28.857 0.0000000000
46248  35.784  -12.740  27.492 0.0000000000
45398  35.518  -13.215  27.714 0.0000000000
46277  33.396  -12.621  25.801 0.0000000000
44360  34.886  -14.740  39.147 0.0000000000
122941  35.399  -14.545  37.613 0.0000000000
44397  34.575  -14.649  37.363 0.0000000000
43537  31.587  -15.576  35.479 0.0000000000
44446  32.676  -15.057  35.338 0.0000000000
43552  31.538  -15.189  34.187 0.0000000000
44496  31.501  -14.642  32.546 0.0000000000
44497  30.776  -14.899  32.792 0.0000000000
40776  27.137  -18.151  34.823 0.0000000000
41723  28.277  -17.300  34.644 0.0000000000
41731  27.191  -17.309  33.591 0.0000000000
42691  27.200  -16.042  31.484 0.0000000000
43573  28.180  -15.081  30.611 0.0000000000
128344  51.956  3.748  18.088 0.0000000000
62056  53.115  4.259  18.450 0.0000000000
60193  44.582  2.204  18.629 0.0000000000
38755  28.252  -19.794  50.005 0.0000000000
107707  26.530  -20.335  48.995 0.0000000000
129706  27.587  -19.809  50.214 0.0000000000
38757  26.509  -19.756  50.870 0.0000000000
38758  25.595  -20.135  50.957 0.0000000000
39729  29.008  -19.662  49.760 0.0000000000
44310  41.124  -14.445  43.132 0.0000000000
44308  42.760  -14.283  43.006 0.0000000000
44322  41.919  -14.533  41.520 0.0000000000
44337  42.151  -14.591  40.094 0.0000000000
44371  42.667  -14.588  38.497 0.0000000000
44411  42.843  -14.360  37.424 0.0000000000
44390  41.853  -14.772  37.020 0.0000000000
44414  40.318  -14.740  36.178 0.0000000000
44458  39.334  -14.862  34.639 0.0000000000
107659  38.879  -14.842  33.070 0.0000000000
44459  38.601  -14.677  34.546 0.0000000000
128815  37.285  -14.487  35.121 0.0000000000
44442  36.526  -14.484  35.418 0.0000000000
111912  23.879  -20.984  36.540 0.0000000000
38982  24.451  -20.520  35.510 0.0000000000
37311  23.425  -22.178  35.429 0.0000000000
63821  49.780  6.015  20.945 0.0000000000
62974  49.897  5.788  19.631 0.0000000000
62967  48.617  5.030  20.180 0.0000000000
62040  47.859  4.176  19.056 0.0000000000
38880  24.112  -20.101  40.907 0.0000000000
38897  22.273  -20.517  40.183 0.0000000000
127288  22.952  -20.269  41.346 0.0000000000
121089  22.012  -20.507  42.022 0.0000000000
38003  21.238  -20.885  42.188 0.0000000000
37967  21.988  -21.320  46.508 0.0000000000
37972  21.617  -21.331  45.765 0.0000000000
37180  21.292  -21.765  46.466 0.0000000000
114384  20.292  -22.428  45.997 0.0000000000
36325  17.800  -24.115  46.258 0.0000000000
43402  36.939  -15.576  45.887 0.0000000000
43412  36.429  -15.482  44.514 0.0000000000
43420  35.663  -15.519  43.397 0.0000000000
42544  35.162  -16.079  44.003 0.0000000000
42529  33.959  -16.825  43.873 0.0000000000
41642  33.405  -17.196  43.780 0.0000000000
38825  29.814  -20.234  45.218 0.0000000000
113532  30.416  -19.659  44.724 0.0000000000
39777  29.089  -20.520  43.872 0.0000000000
38860  28.218  -20.556  42.739 0.0000000000
110294  28.045  -20.532  42.039 0.0000000000
107698  27.243  -20.509  40.783 0.0000000000
122021  26.361  -20.434  41.048 0.0000000000
38879  25.148  -20.246  40.954 0.0000000000
58344  47.374  -0.527  24.292 0.0000000000
58352  45.557  0.216  22.867 0.0000000000
57498  46.308  -1.268  23.307 0.0000000000
126523  46.041  -1.800  22.925 0.0000000000
37112  17.316  -22.511  53.316 0.0000000000
37138  17.110  -22.848  51.940 0.0000000000
36282  16.762  -23.321  50.701 0.0000000000
35359  16.522  -23.933  51.444 0.0000000000
60096  53.004  2.434  27.481 0.0000000000
59179  51.667  1.689  26.607 0.0000000000
60097  51.655  2.070  27.803 0.0000000000
60098  50.652  1.975  27.776 0.0000000000
122962  49.115  2.273  28.300 0.0000000000
111242  49.289  -1.355  31.914 0.0000000000
58250  48.821  0.337  31.419 0.0000000000
116335  48.475  -1.272  31.442 0.0000000000
56526  46.497  -1.639  30.221 0.0000000000
56534  45.182  -1.637  29.257 0.0000000000
56542  44.182  -1.876  28.428 0.0000000000
55615  44.887  -2.432  29.244 0.0000000000
119525  44.328  -4.028  28.840 0.0000000000
126198  43.614  -4.943  28.237 0.0000000000
47215  42.065  -11.167  33.060 0.0000000000
48174  43.445  -10.369  33.776 0.0000000000
48189  42.357  -10.422  32.731 0.0000000000
49179  42.244  -9.376  31.695 0.0000000000
50126  42.193  -8.381  30.483 0.0000000000
107423  41.844  -8.107  29.745 0.0000000000
50139  40.687  -8.729  29.550 0.0000000000
50154  38.896  -8.664  28.059 0.0000000000
50167  38.511  -8.372  27.390 0.0000000000
50180  37.420  -8.342  26.352 0.0000000000
49246  37.137  -9.090  26.654 0.0000000000
49238  36.752  -9.860  26.832 0.0000000000
48263  35.606  -10.801  26.386 0.0000000000
44549  34.461  -14.072  29.281 0.0000000000
45399  33.991  -13.333  27.221 0.0000000000
108304  33.341  -13.442  27.516 0.0000000000
45416  32.325  -13.310  26.488 0.0000000000
45433  31.136  -13.416  25.047 0.0000000000
43490  32.686  -15.682  38.276 0.0000000000
43505  33.229  -15.301  37.678 0.0000000000
43506  32.390  -15.636  37.393 0.0000000000
43524  31.161  -15.971  35.897 0.0000000000
42659  30.254  -16.170  34.982 0.0000000000
41741  25.589  -17.766  32.006 0.0000000000
113952  25.173  -18.275  30.874 0.0000000000
63867  56.349  6.987  17.682 0.0000000000
62986  56.515  5.274  18.100 0.0000000000
62053  56.301  4.251  18.449 0.0000000000
108721  26.773  -20.497  45.302 0.0000000000
108719  24.970  -20.419  45.037 0.0000000000
107881  25.252  -20.430  45.921 0.0000000000
128332  25.120  -20.417  46.523 0.0000000000
109139  24.313  -20.486  47.126 0.0000000000
38779  25.618  -20.389  48.822 0.0000000000
38791  24.522  -20.482  47.796 0.0000000000
38792  23.774  -20.619  47.588 0.0000000000
129858  22.659  -21.309  47.913 0.0000000000
37952  22.136  -21.764  48.162 0.0000000000
37155  21.602  -22.375  49.248 0.0000000000
41595  33.764  -17.420  47.671 0.0000000000
41608  33.778  -17.462  46.818 0.0000000000
40672  33.146  -17.873  47.193 0.0000000000
39748  31.886  -18.773  47.034 0.0000000000
39758  31.236  -19.321  46.561 0.0000000000
39739  30.577  -19.378  48.300 0.0000000000
38799  30.094  -20.188  46.959 0.0000000000
38810  29.939  -20.237  46.111 0.0000000000
38811  29.144  -20.472  45.833 0.0000000000
109041  27.540  -20.520  45.268 0.0000000000
56590  43.382  -1.175  24.018 0.0000000000
55667  44.706  -2.496  23.389 0.0000000000
55668  43.590  -1.942  23.127 0.0000000000
60992  51.775  3.713  31.165 0.0000000000
57377  50.555  -0.144  32.894 0.0000000000
56504  50.353  -1.610  32.683 0.0000000000
55594  49.677  -2.842  32.151 0.0000000000
54672  49.212  -3.565  31.768 0.0000000000
123244  44.834  -11.539  36.797 0.0000000000
46171  43.730  -11.911  35.531 0.0000000000
45300  42.783  -14.014  36.259 0.0000000000
46172  42.828  -12.926  35.258 0.0000000000
47178  42.804  -11.912  34.352 0.0000000000
47199  41.742  -12.054  33.279 0.0000000000
47217  40.645  -12.133  32.169 0.0000000000
46216  39.062  -12.546  30.686 0.0000000000
46224  37.988  -12.433  29.393 0.0000000000
118186  38.657  -12.985  30.441 0.0000000000
45361  37.719  -13.796  29.829 0.0000000000
44547  36.480  -14.111  29.408 0.0000000000
44493  37.325  -14.543  32.646 0.0000000000
44509  36.171  -14.444  31.110 0.0000000000
44548  35.445  -14.237  29.598 0.0000000000
44531  34.396  -14.329  30.326 0.0000000000
127861  33.038  -14.283  30.242 0.0000000000
44552  31.826  -14.237  30.181 0.0000000000
40752  28.663  -18.691  37.442 0.0000000000
41699  29.097  -18.092  36.984 0.0000000000
40762  27.764  -18.653  36.382 0.0000000000
40769  26.691  -18.661  35.325 0.0000000000
40778  25.600  -18.760  34.154 0.0000000000
38995  24.264  -20.472  34.707 0.0000000000
39863  24.572  -19.841  34.254 0.0000000000
65543  53.237  8.167  19.216 0.0000000000
63852  54.047  6.818  18.492 0.0000000000
108621  52.170  6.157  18.558 0.0000000000
62991  51.623  5.333  18.478 0.0000000000
126107  51.373  3.848  18.090 0.0000000000
62038  49.238  4.628  18.697 0.0000000000
61137  50.518  3.921  18.083 0.0000000000
114837  23.902  -20.339  43.928 0.0000000000
38849  22.209  -20.566  43.577 0.0000000000
37991  21.079  -21.126  43.011 0.0000000000
37973  21.133  -21.450  44.877 0.0000000000
37992  20.415  -21.673  43.232 0.0000000000
44284  40.563  -14.254  44.341 0.0000000000
44311  40.069  -14.443  43.024 0.0000000000
108635  39.272  -14.407  41.015 0.0000000000
107666  38.114  -14.405  39.988 0.0000000000
107893  37.220  -14.441  38.879 0.0000000000
44358  37.231  -14.447  39.731 0.0000000000
109733  35.782  -14.647  40.310 0.0000000000
44342  35.025  -14.862  40.025 0.0000000000
43432  34.769  -15.657  42.274 0.0000000000
43442  34.615  -15.492  41.419 0.0000000000
43475  33.579  -15.479  39.393 0.0000000000
42608  32.408  -16.329  39.598 0.0000000000
42609  31.747  -16.654  39.293 0.0000000000
41681  30.743  -17.482  39.318 0.0000000000
40690  33.023  -17.777  45.404 0.0000000000
41622  32.979  -17.611  44.490 0.0000000000
41644  31.900  -17.945  43.309 0.0000000000
39785  30.663  -19.059  43.368 0.0000000000
40705  31.210  -18.430  42.905 0.0000000000
41653  31.727  -17.790  42.398 0.0000000000
41664  30.909  -18.067  41.180 0.0000000000
40734  30.356  -18.044  39.707 0.0000000000
40744  29.515  -18.521  38.564 0.0000000000
39829  28.243  -19.319  37.854 0.0000000000
39823  27.150  -20.091  37.963 0.0000000000
38950  25.924  -20.324  37.434 0.0000000000
38911  26.528  -20.473  39.363 0.0000000000
38935  25.658  -20.443  38.198 0.0000000000
122600  24.831  -20.501  37.466 0.0000000000
38951  23.435  -21.224  37.100 0.0000000000
61087  47.554  3.772  22.636 0.0000000000
61095  46.336  3.496  21.684 0.0000000000
61096  45.637  3.107  21.912 0.0000000000
58353  44.692  0.491  22.246 0.0000000000
57519  43.769  0.030  20.149 0.0000000000
55666  45.563  -2.581  23.482 0.0000000000
113948  26.075  -18.212  51.612 0.0000000000
40630  25.485  -18.876  52.317 0.0000000000
127439  24.943  -19.723  52.366 0.0000000000
38732  23.982  -20.101  52.928 0.0000000000
37931  24.075  -21.023  51.826 0.0000000000
37131  23.084  -22.192  50.979 0.0000000000
37143  22.413  -22.321  50.504 0.0000000000
37156  20.960  -22.506  49.549 0.0000000000
37108  20.820  -21.858  53.074 0.0000000000
37134  20.714  -22.311  51.578 0.0000000000
37145  20.447  -22.468  50.256 0.0000000000
109822  20.179  -22.547  49.402 0.0000000000
37174  18.946  -22.718  48.503 0.0000000000
123685  54.917  9.017  18.958 0.0000000000
65535  53.072  8.454  20.061 0.0000000000
64653  52.339  7.882  20.462 0.0000000000
64644  51.631  7.397  20.852 0.0000000000
65513  54.036  9.111  22.702 0.0000000000
64636  52.566  7.749  22.307 0.0000000000
63819  51.094  6.862  21.394 0.0000000000
63811  50.615  6.369  21.995 0.0000000000
62946  49.641  5.361  22.203 0.0000000000
62013  49.359  4.771  22.685 0.0000000000
62922  52.344  5.029  24.164 0.0000000000
62001  50.627  4.563  23.606 0.0000000000
62003  48.992  4.215  23.223 0.0000000000
61076  48.553  3.510  23.730 0.0000000000
60136  48.100  2.665  24.193 0.0000000000
60129  48.031  1.497  24.458 0.0000000000
59190  49.774  0.655  25.947 0.0000000000
59191  49.114  0.184  25.662 0.0000000000
59200  48.163  0.071  24.681 0.0000000000
57480  47.575  -1.023  25.102 0.0000000000
57468  47.068  -0.922  25.319 0.0000000000
58331  45.466  -0.379  25.270 0.0000000000
60053  51.032  3.090  30.815 0.0000000000
60055  49.146  2.368  29.924 0.0000000000
59133  48.375  2.069  29.540 0.0000000000
58255  48.203  0.826  30.678 0.0000000000
59134  47.262  1.134  29.532 0.0000000000
59148  46.959  1.505  27.886 0.0000000000
59149  46.260  1.211  27.543 0.0000000000
58318  45.163  0.322  25.908 0.0000000000
57483  44.727  -0.680  24.757 0.0000000000
57471  43.741  -0.466  25.317 0.0000000000
56576  42.436  -1.315  24.958 0.0000000000
55630  42.774  -2.475  27.149 0.0000000000
55641  41.631  -2.873  25.731 0.0000000000
52824  49.180  -4.774  32.360 0.0000000000
53711  48.300  -4.840  31.265 0.0000000000
51037  46.714  -7.761  34.389 0.0000000000
49152  44.226  -9.304  33.627 0.0000000000
50087  45.277  -8.482  33.773 0.0000000000
51054  46.458  -7.520  33.617 0.0000000000
51978  46.667  -6.706  32.237 0.0000000000
51987  46.635  -6.429  31.459 0.0000000000
52840  46.872  -5.576  30.472 0.0000000000
52848  45.930  -5.472  29.714 0.0000000000
52858  44.498  -5.590  28.840 0.0000000000
52036  42.528  -6.257  27.510 0.0000000000
51124  41.943  -7.391  28.556 0.0000000000
52024  41.863  -6.950  27.680 0.0000000000
52888  41.691  -5.828  26.449 0.0000000000
52062  40.697  -6.225  25.646 0.0000000000
50204  35.933  -7.995  24.485 0.0000000000
50214  35.213  -8.277  23.187 0.0000000000
47274  36.894  -11.923  27.886 0.0000000000
47294  35.935  -11.349  26.885 0.0000000000
48264  34.900  -10.985  25.911 0.0000000000
46263  33.890  -13.004  26.529 0.0000000000
116219  33.733  -11.888  25.497 0.0000000000
44395  36.980  -14.480  37.226 0.0000000000
114300  35.845  -14.509  36.117 0.0000000000
122434  34.755  -14.490  35.101 0.0000000000
44421  33.621  -14.829  36.242 0.0000000000
44445  33.392  -14.745  35.331 0.0000000000
129352  33.936  -14.516  33.913 0.0000000000
107655  33.021  -14.516  33.131 0.0000000000
44514  31.564  -14.505  31.777 0.0000000000
121910  30.963  -14.305  30.468 0.0000000000
41715  29.287  -17.226  35.662 0.0000000000
42661  29.007  -17.000  34.891 0.0000000000
42675  29.015  -16.216  33.697 0.0000000000
42686  26.789  -16.674  32.120 0.0000000000
42684  28.133  -16.071  32.644 0.0000000000
43561  29.350  -15.329  32.491 0.0000000000
44516  29.444  -14.871  31.672 0.0000000000
44536  29.366  -14.506  30.337 0.0000000000
62989  53.668  5.118  18.520 0.0000000000
61134  54.858  3.219  18.551 0.0000000000
60188  55.564  2.225  18.275 0.0000000000
61118  45.726  3.205  19.714 0.0000000000
107665  38.723  -14.384  39.327 0.0000000000
44357  39.565  -14.399  39.518 0.0000000000
107663  39.327  -14.397  38.669 0.0000000000
44392  39.058  -14.425  37.826 0.0000000000
44393  38.226  -14.447  37.740 0.0000000000
62024  47.832  4.347  21.460 0.0000000000
61094  47.142  3.918  21.334 0.0000000000
127941  25.210  -20.357  43.792 0.0000000000
37173  19.718  -22.875  47.152 0.0000000000
42470  35.036  -16.273  47.649 0.0000000000
42502  35.671  -16.254  46.572 0.0000000000
42517  34.597  -16.788  45.603 0.0000000000
41607  34.465  -17.045  46.547 0.0000000000
38829  26.387  -20.472  44.574 0.0000000000
114225  26.924  -20.502  43.913 0.0000000000
56599  45.320  -2.277  23.872 0.0000000000
60066  52.633  3.758  30.241 0.0000000000
61002  52.295  3.835  30.854 0.0000000000
54681  47.946  -3.532  30.916 0.0000000000
129081  47.356  -3.987  30.528 0.0000000000
54683  46.577  -3.821  30.188 0.0000000000
53721  47.056  -4.748  30.353 0.0000000000
48217  39.655  -10.923  30.383 0.0000000000
48230  39.385  -10.392  29.746 0.0000000000
48231  38.665  -10.751  29.311 0.0000000000
41697  30.340  -17.274  37.623 0.0000000000
41698  29.695  -17.710  37.334 0.0000000000
64677  55.145  7.689  18.480 0.0000000000
107703  26.856  -20.439  47.513 0.0000000000
107705  27.173  -20.372  48.333 0.0000000000
109734  24.905  -20.471  49.596 0.0000000000
37943  24.051  -20.860  50.125 0.0000000000
41572  32.310  -17.384  48.859 0.0000000000
40653  31.345  -18.084  48.911 0.0000000000
44352  43.917  -13.814  39.778 0.0000000000
44369  43.772  -13.915  39.114 0.0000000000
122835  44.437  -13.287  39.230 0.0000000000
45278  43.891  -13.682  38.536 0.0000000000
45285  43.876  -13.425  37.786 0.0000000000
44474  40.195  -14.934  33.685 0.0000000000
44473  40.931  -14.749  33.947 0.0000000000
44490  40.154  -14.550  32.999 0.0000000000
123571  40.322  -14.097  32.721 0.0000000000
44506  39.066  -14.397  31.967 0.0000000000
44478  35.842  -14.490  33.854 0.0000000000
107657  35.647  -14.467  32.986 0.0000000000
129651  34.874  -14.465  33.000 0.0000000000
44480  34.258  -14.488  33.409 0.0000000000
39841  25.895  -19.799  36.226 0.0000000000
116175  50.541  6.319  19.596 0.0000000000
119851  23.031  -20.425  38.993 0.0000000000
38915  22.327  -20.679  39.336 0.0000000000
124700  23.205  -20.582  45.961 0.0000000000
111991  22.865  -20.580  45.203 0.0000000000
38817  22.407  -20.856  45.853 0.0000000000
36342  19.119  -23.346  43.619 0.0000000000
44299  37.272  -15.042  44.110 0.0000000000
117920  37.750  -14.594  43.261 0.0000000000
44314  36.813  -14.633  42.299 0.0000000000
43430  36.216  -15.047  42.861 0.0000000000
41651  33.136  -17.079  43.023 0.0000000000
42561  32.905  -16.870  42.210 0.0000000000
41662  32.252  -17.255  41.856 0.0000000000
39767  30.890  -19.332  45.330 0.0000000000
128799  31.329  -18.919  45.214 0.0000000000
38876  28.972  -20.207  41.319 0.0000000000
108953  23.747  -20.166  40.219 0.0000000000
38913  23.899  -20.249  39.414 0.0000000000
59206  45.697  1.224  23.259 0.0000000000
38725  22.887  -20.846  54.061 0.0000000000
37917  22.056  -21.484  53.337 0.0000000000
37106  22.547  -22.047  52.893 0.0000000000
112514  18.234  -22.217  51.811 0.0000000000
37124  18.515  -21.965  52.404 0.0000000000
37136  18.845  -22.221  51.318 0.0000000000
37137  17.996  -22.352  51.067 0.0000000000
37148  17.429  -22.687  50.461 0.0000000000
66406  55.132  10.622  22.055 0.0000000000
66396  54.701  10.367  22.852 0.0000000000
64613  54.083  7.477  24.520 0.0000000000
63796  53.429  7.051  23.914 0.0000000000
63787  53.287  6.204  24.200 0.0000000000
61053  51.860  2.768  25.559 0.0000000000
60118  51.474  2.033  25.906 0.0000000000
107031  49.551  0.705  26.476 0.0000000000
59182  47.695  0.853  26.570 0.0000000000
59165  47.792  1.444  27.268 0.0000000000
58237  50.409  0.805  32.606 0.0000000000
127843  50.026  1.258  32.053 0.0000000000
58249  49.685  0.717  31.949 0.0000000000
57416  45.607  -0.689  29.260 0.0000000000
58283  44.899  0.037  28.061 0.0000000000
117983  42.476  -3.826  27.135 0.0000000000
53761  42.074  -4.481  26.752 0.0000000000
51954  47.756  -6.782  34.095 0.0000000000
47176  44.143  -11.115  35.276 0.0000000000
48150  44.588  -10.301  34.950 0.0000000000
50112  43.993  -8.108  31.929 0.0000000000
51087  43.715  -7.773  31.145 0.0000000000
51100  43.508  -7.529  30.299 0.0000000000
51111  44.074  -7.134  29.856 0.0000000000
109728  38.864  -7.752  27.109 0.0000000000
128497  39.235  -7.482  26.870 0.0000000000
51150  38.846  -7.394  26.414 0.0000000000
51160  38.535  -7.107  25.635 0.0000000000
51161  37.679  -7.396  25.430 0.0000000000
49258  34.783  -9.682  25.079 0.0000000000
49270  34.484  -9.279  24.225 0.0000000000
48297  33.927  -9.875  24.007 0.0000000000
45369  35.977  -13.876  28.764 0.0000000000
46236  36.269  -13.189  28.141 0.0000000000
45384  35.424  -13.576  28.230 0.0000000000
44375  34.746  -14.698  38.239 0.0000000000
44376  33.980  -14.970  37.957 0.0000000000
115263  31.395  -15.478  34.870 0.0000000000
44484  31.467  -14.870  33.338 0.0000000000
43553  30.659  -15.339  33.644 0.0000000000
41725  26.791  -17.858  34.062 0.0000000000
41732  26.467  -17.602  33.285 0.0000000000
38756  27.308  -19.530  50.861 0.0000000000
38747  25.974  -19.524  51.479 0.0000000000
39707  29.002  -18.934  50.766 0.0000000000
39718  29.349  -19.058  50.178 0.0000000000
39719  28.889  -19.294  50.663 0.0000000000
113268  40.649  -14.472  42.356 0.0000000000
115212  41.496  -14.491  42.328 0.0000000000
116947  40.856  -14.492  41.486 0.0000000000
124209  41.438  -14.542  39.894 0.0000000000
44354  42.225  -14.641  39.261 0.0000000000
111392  41.940  -14.686  38.384 0.0000000000
44389  42.392  -14.625  37.679 0.0000000000
123250  41.699  -14.671  37.660 0.0000000000
108634  39.705  -14.492  37.041 0.0000000000
114299  39.891  -14.916  35.210 0.0000000000
44440  38.892  -14.621  35.317 0.0000000000
44417  37.401  -14.492  36.531 0.0000000000
44441  37.339  -14.504  35.814 0.0000000000
38083  23.499  -21.611  36.201 0.0000000000
38969  23.957  -21.001  35.882 0.0000000000
62954  49.383  5.537  21.367 0.0000000000
62966  49.363  5.602  20.415 0.0000000000
61116  47.174  3.886  19.557 0.0000000000
125943  46.456  3.215  18.536 0.0000000000
38896  23.136  -20.228  40.746 0.0000000000
38881  23.577  -20.186  41.617 0.0000000000
38848  23.603  -20.285  43.061 0.0000000000
112277  22.811  -20.328  41.867 0.0000000000
37959  22.245  -21.417  47.332 0.0000000000
37181  20.311  -22.553  46.772 0.0000000000
37191  19.760  -22.742  45.406 0.0000000000
36323  19.127  -23.288  45.544 0.0000000000
120730  18.715  -23.665  44.991 0.0000000000
36314  18.325  -23.612  46.522 0.0000000000
36315  17.659  -23.836  46.966 0.0000000000
44248  36.975  -14.939  46.993 0.0000000000
42501  36.365  -15.970  46.220 0.0000000000
42487  36.816  -15.633  46.494 0.0000000000
42515  36.331  -15.725  45.383 0.0000000000
107332  37.087  -15.348  45.107 0.0000000000
43413  35.862  -15.634  44.077 0.0000000000
129117  34.372  -16.816  44.851 0.0000000000
42528  34.450  -16.610  44.272 0.0000000000
38826  29.004  -20.540  44.802 0.0000000000
122861  28.505  -20.565  44.192 0.0000000000
38843  28.386  -20.564  43.524 0.0000000000
38878  27.408  -20.524  41.515 0.0000000000
108704  26.520  -20.448  42.062 0.0000000000
38863  24.977  -20.231  42.496 0.0000000000
108703  25.558  -20.292  41.804 0.0000000000
124333  46.867  -1.254  23.898 0.0000000000
56620  45.674  -2.242  22.052 0.0000000000
37125  17.660  -22.386  52.413 0.0000000000
36275  16.793  -23.235  51.490 0.0000000000
36269  16.664  -23.500  52.111 0.0000000000
109082  52.482  2.299  27.805 0.0000000000
60082  51.009  2.671  28.791 0.0000000000
60083  49.856  2.486  28.630 0.0000000000
127992  50.316  2.709  29.191 0.0000000000
55605  46.785  -2.423  30.453 0.0000000000
56525  47.100  -1.826  30.629 0.0000000000
56533  45.854  -1.588  29.727 0.0000000000
55614  45.528  -2.342  29.638 0.0000000000
118882  44.977  -3.955  29.357 0.0000000000
53737  43.628  -4.142  28.299 0.0000000000
53736  44.116  -4.862  28.604 0.0000000000
48190  41.699  -10.821  32.407 0.0000000000
125524  40.613  -9.939  30.591 0.0000000000
49180  41.562  -9.754  31.400 0.0000000000
49192  41.830  -9.053  30.983 0.0000000000
50127  41.361  -8.749  30.168 0.0000000000
49194  40.632  -9.399  30.125 0.0000000000
110094  39.374  -9.034  28.710 0.0000000000
49236  38.219  -9.167  27.715 0.0000000000
50168  37.777  -8.712  27.079 0.0000000000
48255  37.049  -10.577  27.466 0.0000000000
48262  36.317  -10.668  26.873 0.0000000000
49247  35.988  -9.889  26.222 0.0000000000
45371  33.674  -13.816  28.814 0.0000000000
45386  32.907  -13.598  28.212 0.0000000000
45417  31.433  -13.434  26.395 0.0000000000
45432  31.815  -13.248  25.663 0.0000000000
107429  30.922  -13.531  25.867 0.0000000000
42635  32.067  -16.031  38.083 0.0000000000
42648  30.676  -16.430  36.259 0.0000000000
42647  31.296  -16.120  36.621 0.0000000000
113283  30.629  -16.222  35.630 0.0000000000
62987  56.355  5.876  18.234 0.0000000000
63849  56.538  6.109  18.070 0.0000000000
108720  25.859  -20.460  45.223 0.0000000000
38814  26.245  -20.469  45.982 0.0000000000
107702  25.958  -20.405  47.356 0.0000000000
38804  24.528  -20.440  46.429 0.0000000000
128038  26.638  -20.208  49.674 0.0000000000
38793  23.039  -20.900  47.384 0.0000000000
37958  23.226  -20.980  48.119 0.0000000000
37951  22.718  -21.514  48.563 0.0000000000
37154  22.203  -22.049  48.921 0.0000000000
41571  33.018  -17.054  48.750 0.0000000000
42472  32.965  -16.619  48.485 0.0000000000
41582  33.435  -17.285  48.069 0.0000000000
41581  34.441  -16.894  47.893 0.0000000000
39737  31.913  -18.729  47.765 0.0000000000
39728  30.396  -19.134  49.104 0.0000000000
38788  29.508  -20.291  47.582 0.0000000000
38776  30.240  -19.999  47.802 0.0000000000
56600  43.991  -1.626  23.593 0.0000000000
125217  50.467  -0.920  32.794 0.0000000000
56503  50.640  -1.425  33.018 0.0000000000
55586  50.464  -2.515  32.871 0.0000000000
55587  50.111  -2.797  32.508 0.0000000000
54664  49.795  -3.311  32.311 0.0000000000
119863  42.408  -14.445  42.348 0.0000000000
111848  44.449  -12.162  36.871 0.0000000000
122951  44.437  -11.562  36.114 0.0000000000
44412  42.434  -14.497  36.813 0.0000000000
45299  43.043  -14.002  36.961 0.0000000000
45325  42.493  -13.587  35.149 0.0000000000
46184  42.463  -12.837  34.557 0.0000000000
46183  43.112  -12.279  35.022 0.0000000000
46191  42.260  -12.293  33.910 0.0000000000
46199  41.204  -12.846  33.035 0.0000000000
45349  40.122  -13.522  32.230 0.0000000000
46208  40.179  -12.648  31.897 0.0000000000
47234  39.636  -12.370  31.242 0.0000000000
45359  39.093  -13.275  31.081 0.0000000000
44507  38.104  -14.332  30.979 0.0000000000
45360  38.369  -13.742  30.489 0.0000000000
44527  37.737  -14.180  30.371 0.0000000000
44528  37.072  -14.264  30.009 0.0000000000
44476  38.331  -14.686  33.777 0.0000000000
123396  38.082  -14.644  33.090 0.0000000000
107653  35.864  -14.480  32.080 0.0000000000
107654  36.768  -14.492  31.834 0.0000000000
44530  35.342  -14.397  30.659 0.0000000000
122010  34.686  -14.431  31.124 0.0000000000
44532  33.447  -14.362  30.611 0.0000000000
44533  32.606  -14.364  30.698 0.0000000000
40753  28.020  -18.982  37.096 0.0000000000
40763  27.039  -18.910  36.113 0.0000000000
40770  25.942  -18.986  34.986 0.0000000000
38983  23.898  -21.005  35.133 0.0000000000
38996  23.794  -21.044  34.384 0.0000000000
39009  24.128  -20.466  33.908 0.0000000000
108851  24.134  -20.520  33.122 0.0000000000
39875  24.434  -19.797  33.387 0.0000000000
64679  52.632  7.429  18.904 0.0000000000
63853  52.901  6.848  18.542 0.0000000000
124987  52.183  6.876  18.717 0.0000000000
129049  51.366  6.007  18.623 0.0000000000
62058  51.064  4.601  18.348 0.0000000000
62975  49.207  5.250  19.486 0.0000000000
62993  49.907  5.340  18.909 0.0000000000
123831  49.202  3.510  17.743 0.0000000000
38916  21.628  -20.965  39.703 0.0000000000
38025  21.096  -21.377  40.141 0.0000000000
114223  24.695  -20.369  44.210 0.0000000000
109560  24.165  -20.381  44.772 0.0000000000
38831  22.537  -20.570  44.390 0.0000000000
128199  21.566  -20.870  43.528 0.0000000000
37212  19.920  -22.203  43.397 0.0000000000
44259  38.109  -14.543  45.996 0.0000000000
43409  39.151  -14.535  44.424 0.0000000000
43399  38.994  -14.542  45.142 0.0000000000
44285  39.800  -14.404  44.744 0.0000000000
112828  39.936  -14.442  43.994 0.0000000000
44324  37.654  -14.463  41.736 0.0000000000
112595  38.719  -14.431  41.768 0.0000000000
108268  38.362  -14.394  40.895 0.0000000000
44326  35.917  -14.702  41.164 0.0000000000
44341  36.576  -14.513  40.520 0.0000000000
43431  35.492  -15.358  42.569 0.0000000000
43443  33.911  -15.807  41.108 0.0000000000
43459  33.745  -15.633  40.246 0.0000000000
43460  33.079  -15.990  39.914 0.0000000000
42596  31.873  -16.808  40.104 0.0000000000
41680  31.301  -17.167  39.715 0.0000000000
41689  31.192  -17.011  39.060 0.0000000000
40681  33.110  -17.849  46.282 0.0000000000
40699  31.659  -18.566  44.750 0.0000000000
40698  32.134  -18.056  44.191 0.0000000000
41643  32.659  -17.549  43.596 0.0000000000
117419  30.220  -19.685  43.823 0.0000000000
39786  30.069  -19.627  42.968 0.0000000000
40712  30.492  -18.925  42.382 0.0000000000
40711  31.095  -18.240  42.001 0.0000000000
40723  30.333  -18.606  40.952 0.0000000000
113067  29.440  -19.271  39.929 0.0000000000
40730  30.047  -18.647  40.190 0.0000000000
40735  29.761  -18.620  39.388 0.0000000000
40745  28.899  -18.976  38.221 0.0000000000
110819  27.770  -19.874  38.281 0.0000000000
38934  26.515  -20.320  38.054 0.0000000000
38894  26.832  -20.499  40.179 0.0000000000
38912  25.646  -20.451  39.053 0.0000000000
113389  24.083  -20.747  37.084 0.0000000000
107359  23.759  -20.621  37.842 0.0000000000
61078  46.823  3.275  23.082 0.0000000000
61088  46.189  3.234  22.480 0.0000000000
60147  45.631  2.752  22.553 0.0000000000
116140  44.667  1.942  22.376 0.0000000000
60149  44.392  2.121  21.585 0.0000000000
57510  44.672  -0.248  21.630 0.0000000000
57520  44.070  -0.696  19.861 0.0000000000
55679  44.961  -3.149  23.060 0.0000000000
41544  26.316  -17.845  51.293 0.0000000000
40615  25.514  -18.408  52.012 0.0000000000
38739  25.267  -19.308  52.345 0.0000000000
38731  24.644  -19.561  52.647 0.0000000000
37925  23.854  -20.778  52.629 0.0000000000
37932  23.578  -21.654  51.396 0.0000000000
37132  22.402  -22.378  51.291 0.0000000000
110161  21.858  -22.440  50.835 0.0000000000
37144  21.560  -22.438  50.126 0.0000000000
37920  19.437  -21.549  53.817 0.0000000000
37919  20.522  -21.456  54.150 0.0000000000
37122  20.261  -21.993  52.289 0.0000000000
37146  19.569  -22.342  50.822 0.0000000000
107709  20.318  -22.366  51.018 0.0000000000
123957  19.402  -22.551  49.191 0.0000000000
36289  16.655  -23.793  49.780 0.0000000000
66429  55.178  9.578  19.438 0.0000000000
65542  54.071  8.976  19.586 0.0000000000
66420  54.836  9.771  20.324 0.0000000000
65523  53.927  9.194  21.685 0.0000000000
65524  53.041  8.524  20.993 0.0000000000
64643  52.381  7.872  21.381 0.0000000000
65512  54.514  9.747  23.340 0.0000000000
65503  54.176  8.885  23.621 0.0000000000
64637  51.775  7.339  21.816 0.0000000000
63810  51.378  6.708  22.348 0.0000000000
62945  50.327  5.685  22.505 0.0000000000
62012  50.075  5.022  22.962 0.0000000000
62921  53.252  5.309  24.575 0.0000000000
114390  52.868  4.576  24.681 0.0000000000
61065  50.793  3.420  24.643 0.0000000000
61074  50.335  3.921  24.033 0.0000000000
62002  49.796  4.390  23.414 0.0000000000
61075  49.483  3.655  23.966 0.0000000000
60127  49.507  2.263  24.930 0.0000000000
61067  48.956  2.919  24.427 0.0000000000
60128  48.808  1.878  24.711 0.0000000000
59189  50.672  1.319  26.176 0.0000000000
58338  48.470  -0.194  25.292 0.0000000000
58339  47.934  -0.735  24.941 0.0000000000
58328  48.125  -0.515  25.458 0.0000000000
57467  47.581  -0.635  25.459 0.0000000000
57469  46.482  -1.032  25.142 0.0000000000
58330  46.032  -0.009  25.599 0.0000000000
60043  51.042  3.253  31.635 0.0000000000
60052  51.637  3.517  31.150 0.0000000000
59122  49.425  2.179  30.763 0.0000000000
60054  50.023  2.686  30.376 0.0000000000
60069  49.042  2.430  29.092 0.0000000000
118232  48.242  -0.009  30.984 0.0000000000
58266  46.590  0.792  29.221 0.0000000000
59135  47.028  1.426  28.759 0.0000000000
126493  45.169  0.514  26.597 0.0000000000
57470  44.467  -0.087  25.614 0.0000000000
57455  43.225  -0.801  25.814 0.0000000000
56566  42.641  -1.427  25.873 0.0000000000
56592  41.859  -1.746  24.577 0.0000000000
55650  42.004  -2.023  25.463 0.0000000000
55624  43.771  -2.575  28.311 0.0000000000
56543  43.661  -1.988  28.015 0.0000000000
55629  43.297  -2.551  27.741 0.0000000000
54716  41.952  -3.553  26.450 0.0000000000
54740  41.072  -3.118  25.005 0.0000000000
110654  48.725  -5.475  32.778 0.0000000000
52831  48.576  -5.179  31.951 0.0000000000
52832  47.821  -5.653  31.645 0.0000000000
50069  45.923  -9.066  35.294 0.0000000000
49131  46.273  -9.300  36.018 0.0000000000
50076  46.320  -8.407  34.845 0.0000000000
49153  43.666  -9.637  33.403 0.0000000000
49164  43.918  -9.011  33.029 0.0000000000
50097  45.006  -8.169  32.994 0.0000000000
51055  45.711  -7.825  33.344 0.0000000000
51070  46.210  -7.281  32.835 0.0000000000
51967  46.914  -6.952  33.096 0.0000000000
51995  46.490  -6.179  30.681 0.0000000000
52833  47.153  -5.921  31.066 0.0000000000
52841  46.270  -5.928  30.033 0.0000000000
52847  46.510  -5.333  30.063 0.0000000000
52005  45.541  -6.105  29.661 0.0000000000
116445  44.778  -6.188  29.205 0.0000000000
52022  44.052  -6.186  28.700 0.0000000000
52023  43.324  -6.136  28.084 0.0000000000
51114  41.513  -7.861  29.129 0.0000000000
125243  42.116  -7.652  29.284 0.0000000000
51125  41.181  -7.673  28.536 0.0000000000
52037  41.192  -6.816  27.034 0.0000000000
52050  41.861  -6.313  26.931 0.0000000000
52061  41.283  -6.283  26.346 0.0000000000
52079  38.754  -6.464  24.330 0.0000000000
50181  36.746  -8.625  26.025 0.0000000000
50190  36.333  -8.281  25.297 0.0000000000
50215  34.652  -8.812  23.424 0.0000000000
50221  34.908  -8.696  22.781 0.0000000000
47263  37.825  -11.879  28.996 0.0000000000
46234  37.443  -12.500  28.794 0.0000000000
46247  36.395  -12.354  27.708 0.0000000000
47286  35.886  -12.024  27.191 0.0000000000
47295  35.288  -11.721  26.574 0.0000000000
45414  34.543  -13.115  27.020 0.0000000000
47308  33.008  -12.149  25.042 0.0000000000
107660  37.045  -14.480  38.121 0.0000000000
44396  36.256  -14.512  37.867 0.0000000000
44419  35.206  -14.516  36.751 0.0000000000
108973  36.062  -14.493  36.983 0.0000000000
118362  34.997  -14.524  35.910 0.0000000000
43521  33.055  -15.209  36.816 0.0000000000
44422  32.906  -15.154  35.987 0.0000000000
44465  32.774  -14.815  34.689 0.0000000000
44464  33.546  -14.586  34.377 0.0000000000
44481  33.527  -14.524  33.587 0.0000000000
107649  32.131  -14.533  32.257 0.0000000000
108090  30.869  -14.448  31.256 0.0000000000
41709  28.857  -17.806  36.210 0.0000000000
41716  28.583  -17.568  35.416 0.0000000000
42667  28.669  -16.690  34.169 0.0000000000
42666  29.487  -16.318  34.372 0.0000000000
42676  28.361  -16.431  33.410 0.0000000000
41740  26.245  -17.367  32.457 0.0000000000
42685  27.502  -16.201  32.214 0.0000000000
43554  28.842  -15.869  33.033 0.0000000000
43562  28.590  -15.596  32.358 0.0000000000
43568  28.744  -15.237  31.756 0.0000000000
44556  28.137  -14.865  29.899 0.0000000000
44537  28.646  -14.724  30.327 0.0000000000
44554  29.471  -14.306  29.466 0.0000000000
63012  56.001  5.596  16.491 0.0000000000
108622  53.230  6.039  18.477 0.0000000000
108974  54.421  5.952  18.493 0.0000000000
62055  54.208  4.190  18.572 0.0000000000
117831  45.819  3.318  21.255 0.0000000000
61107  45.744  3.287  20.553 0.0000000000
39708  28.417  -18.895  51.071 0.0000000000
40639  27.803  -18.655  51.336 0.0000000000
39695  27.085  -18.832  51.625 0.0000000000
44338  40.676  -14.479  40.543 0.0000000000
107892  41.020  -14.528  38.167 0.0000000000
44391  40.027  -14.450  37.948 0.0000000000
108632  37.838  -14.476  37.065 0.0000000000
62022  49.006  5.042  21.902 0.0000000000
62032  48.192  4.673  20.848 0.0000000000
119518  47.628  4.320  20.812 0.0000000000
38864  24.094  -20.183  42.416 0.0000000000
37960  21.563  -21.980  47.707 0.0000000000
116050  18.996  -23.028  47.607 0.0000000000
43377  35.565  -15.659  47.123 0.0000000000
43376  36.400  -15.278  47.051 0.0000000000
42516  35.580  -16.296  45.722 0.0000000000
41620  34.040  -17.156  45.125 0.0000000000
114469  27.802  -20.557  44.053 0.0000000000
57491  46.538  -1.947  24.030 0.0000000000
121567  16.744  -23.116  53.197 0.0000000000
117106  52.913  3.395  29.252 0.0000000000
55603  48.319  -2.739  31.263 0.0000000000
120259  46.501  -2.978  30.255 0.0000000000
120146  45.935  -3.071  29.935 0.0000000000
53729  45.489  -4.757  29.512 0.0000000000
48204  40.644  -10.956  31.400 0.0000000000
48203  41.316  -10.513  31.736 0.0000000000
48216  40.313  -10.587  30.769 0.0000000000
49206  39.005  -9.872  29.101 0.0000000000
49223  37.940  -9.951  28.038 0.0000000000
48244  37.592  -10.752  28.179 0.0000000000
42623  31.488  -16.567  38.437 0.0000000000
42636  31.546  -16.213  37.472 0.0000000000
42624  30.933  -16.755  37.829 0.0000000000
117311  30.218  -16.911  36.526 0.0000000000
64683  56.344  7.420  18.040 0.0000000000
62988  55.646  5.918  18.427 0.0000000000
38802  27.361  -20.472  46.896 0.0000000000
107701  26.572  -20.458  46.740 0.0000000000
40651  32.821  -17.642  48.671 0.0000000000
39738  31.284  -19.117  48.076 0.0000000000
38765  29.280  -20.004  48.932 0.0000000000
120420  43.051  -14.471  40.746 0.0000000000
44335  43.468  -14.234  40.283 0.0000000000
44334  44.021  -13.707  40.602 0.0000000000
46116  45.157  -12.516  39.042 0.0000000000
46124  45.207  -12.112  38.217 0.0000000000
113174  43.928  -12.911  37.042 0.0000000000
44438  41.673  -14.829  35.579 0.0000000000
44455  42.123  -14.352  35.198 0.0000000000
44456  41.443  -14.703  34.647 0.0000000000
126320  41.413  -14.136  33.851 0.0000000000
45341  41.204  -13.596  33.312 0.0000000000
45342  40.728  -13.536  32.816 0.0000000000
45350  39.442  -13.854  31.758 0.0000000000
118503  38.476  -14.392  31.620 0.0000000000
107658  36.498  -14.498  33.311 0.0000000000
107652  34.514  -14.456  31.812 0.0000000000
107651  33.768  -14.459  32.032 0.0000000000
39839  27.416  -19.143  36.751 0.0000000000
39840  26.722  -19.544  36.675 0.0000000000
39851  25.554  -19.568  35.438 0.0000000000
63837  50.930  6.227  18.926 0.0000000000
62060  48.097  3.750  18.322 0.0000000000
61139  48.870  3.894  18.217 0.0000000000
38883  21.434  -20.769  41.364 0.0000000000
38816  23.660  -20.453  45.348 0.0000000000
37204  19.636  -22.624  43.923 0.0000000000
43401  37.700  -15.250  45.738 0.0000000000
43400  38.422  -14.900  45.629 0.0000000000
44298  38.497  -14.502  43.197 0.0000000000
42559  34.253  -16.221  42.786 0.0000000000
42577  33.411  -16.365  41.656 0.0000000000
41675  31.321  -17.475  40.547 0.0000000000
40683  31.851  -18.735  46.222 0.0000000000
40692  31.812  -18.627  45.465 0.0000000000
39797  29.464  -20.125  42.607 0.0000000000
110205  30.094  -19.113  41.540 0.0000000000
39822  28.474  -19.589  38.699 0.0000000000
39813  28.698  -19.855  39.671 0.0000000000
38910  27.400  -20.404  39.564 0.0000000000
38937  23.113  -20.638  38.358 0.0000000000
60137  47.018  2.268  23.835 0.0000000000
59213  44.346  1.357  22.049 0.0000000000
56621  45.154  -1.140  21.295 0.0000000000
37916  23.326  -21.020  53.167 0.0000000000
129682  23.075  -21.694  52.804 0.0000000000
37120  22.137  -22.340  52.165 0.0000000000
37110  18.957  -21.665  53.012 0.0000000000
37123  19.358  -21.866  52.337 0.0000000000
37147  18.775  -22.342  50.705 0.0000000000
37158  18.550  -22.542  49.406 0.0000000000
37159  17.673  -22.668  49.662 0.0000000000
66407  54.865  9.933  21.441 0.0000000000
64624  53.739  7.962  23.770 0.0000000000
63798  51.851  6.353  23.176 0.0000000000
62934  51.689  5.535  23.526 0.0000000000
61063  52.803  3.890  25.055 0.0000000000
61064  51.806  3.471  24.922 0.0000000000
60126  50.258  2.705  25.005 0.0000000000
60119  50.098  1.616  25.506 0.0000000000
59163  50.260  1.136  27.025 0.0000000000
59181  49.979  0.846  26.357 0.0000000000
58315  48.585  -0.184  26.029 0.0000000000
58316  46.676  0.863  26.571 0.0000000000
59116  49.829  1.720  31.620 0.0000000000
57404  47.051  -0.810  30.391 0.0000000000
57415  46.372  -0.144  29.626 0.0000000000
58267  45.877  0.358  28.906 0.0000000000
58282  45.529  0.642  28.035 0.0000000000
57454  43.722  -0.424  26.190 0.0000000000
57438  43.758  -0.699  27.066 0.0000000000
56553  43.324  -1.707  27.340 0.0000000000
54707  42.859  -3.197  27.494 0.0000000000
54727  40.916  -3.965  25.230 0.0000000000
53778  41.132  -4.689  25.684 0.0000000000
51965  48.149  -6.198  33.291 0.0000000000
108042  45.381  -10.369  36.064 0.0000000000
127754  45.134  -10.163  35.468 0.0000000000
111250  45.210  -9.597  34.954 0.0000000000
49178  42.930  -9.034  32.009 0.0000000000
50099  43.599  -8.715  32.339 0.0000000000
51072  44.708  -7.805  32.249 0.0000000000
51979  46.002  -7.095  32.058 0.0000000000
51085  45.277  -7.305  31.745 0.0000000000
51098  45.109  -7.023  30.856 0.0000000000
51997  44.833  -6.706  29.920 0.0000000000
125544  40.087  -7.676  27.812 0.0000000000
52052  40.096  -6.672  25.955 0.0000000000
52053  39.372  -6.872  25.851 0.0000000000
51174  36.435  -7.458  24.042 0.0000000000
50191  35.611  -8.634  25.000 0.0000000000
49269  35.051  -9.044  24.776 0.0000000000
45383  37.011  -13.067  28.593 0.0000000000
46249  35.159  -12.968  27.217 0.0000000000
124328  32.462  -13.156  25.910 0.0000000000
46264  33.029  -13.106  26.147 0.0000000000
46278  32.568  -12.835  25.415 0.0000000000
44374  35.568  -14.571  38.516 0.0000000000
43536  32.226  -15.364  35.738 0.0000000000
43544  32.064  -15.195  34.938 0.0000000000
44466  32.237  -14.897  34.282 0.0000000000
44483  32.052  -14.797  33.745 0.0000000000
44498  30.088  -14.866  32.234 0.0000000000
41717  27.858  -17.849  35.135 0.0000000000
41724  27.533  -17.576  34.363 0.0000000000
42700  25.904  -17.070  30.674 0.0000000000
42692  26.507  -16.506  31.121 0.0000000000
111842  27.651  -15.506  31.002 0.0000000000
43569  28.279  -15.254  31.234 0.0000000000
62057  52.030  4.357  18.298 0.0000000000
60166  44.296  2.318  20.079 0.0000000000
60175  44.947  2.670  19.355 0.0000000000
60176  44.122  2.050  19.368 0.0000000000
38766  28.495  -20.096  49.116 0.0000000000
38767  27.463  -20.162  49.358 0.0000000000
107708  26.952  -19.960  50.180 0.0000000000
110155  26.225  -20.154  50.251 0.0000000000
109763  29.608  -19.367  49.360 0.0000000000
44283  41.550  -14.257  44.037 0.0000000000
44309  42.030  -14.396  43.134 0.0000000000
44321  42.777  -14.464  41.501 0.0000000000
122764  41.577  -14.543  40.722 0.0000000000
114301  42.422  -14.555  40.730 0.0000000000
44336  42.839  -14.551  39.931 0.0000000000
123460  42.899  -14.544  39.129 0.0000000000
44370  43.306  -14.304  38.660 0.0000000000
44388  43.039  -14.451  37.983 0.0000000000
44413  41.852  -14.814  36.349 0.0000000000
129619  41.519  -14.793  36.630 0.0000000000
127138  41.219  -14.891  36.176 0.0000000000
44439  40.887  -15.082  35.362 0.0000000000
44475  39.288  -14.975  33.840 0.0000000000
125113  37.735  -14.533  34.499 0.0000000000
123730  38.002  -14.516  35.244 0.0000000000
44460  36.900  -14.495  34.576 0.0000000000
44461  36.101  -14.473  34.612 0.0000000000
44462  35.290  -14.481  34.469 0.0000000000
38968  24.551  -20.595  36.429 0.0000000000
38096  23.643  -21.485  35.493 0.0000000000
112662  23.398  -22.970  35.676 0.0000000000
123498  23.469  -22.858  35.049 0.0000000000
62965  50.117  6.201  20.331 0.0000000000
62039  48.531  4.663  19.355 0.0000000000
38882  22.283  -20.436  41.142 0.0000000000
37974  20.882  -21.854  45.806 0.0000000000
123081  20.746  -22.176  46.462 0.0000000000
36334  19.263  -23.139  44.637 0.0000000000
36313  18.914  -23.384  46.180 0.0000000000
36324  18.398  -23.816  45.703 0.0000000000
43375  37.002  -15.343  46.930 0.0000000000
43390  37.228  -15.277  46.172 0.0000000000
43419  36.409  -15.286  43.677 0.0000000000
42545  34.414  -16.407  43.557 0.0000000000
42546  33.763  -16.708  43.268 0.0000000000
39776  29.728  -20.207  44.305 0.0000000000
38842  28.977  -20.487  43.045 0.0000000000
38859  28.797  -20.405  42.144 0.0000000000
38877  28.283  -20.449  41.401 0.0000000000
109814  27.836  -20.505  40.900 0.0000000000
58345  46.506  -0.143  23.513 0.0000000000
57509  45.580  -1.444  22.146 0.0000000000
37099  17.921  -21.801  53.970 0.0000000000
37149  17.236  -22.764  51.232 0.0000000000
60109  52.705  2.212  26.837 0.0000000000
59161  52.085  1.791  27.177 0.0000000000
59162  51.220  1.437  27.164 0.0000000000
60081  52.230  2.754  28.604 0.0000000000
57392  49.467  -0.377  31.974 0.0000000000
57393  48.672  -0.555  31.473 0.0000000000
57403  47.939  -0.699  31.017 0.0000000000
56524  47.827  -1.718  31.114 0.0000000000
56535  44.657  -1.884  28.870 0.0000000000
55623  44.346  -2.533  28.762 0.0000000000
54698  43.976  -3.271  28.600 0.0000000000
54691  45.246  -3.125  29.537 0.0000000000
54692  44.586  -3.196  29.107 0.0000000000
122948  43.194  -4.770  27.851 0.0000000000
51019  47.625  -7.625  35.503 0.0000000000
47197  43.125  -11.125  34.102 0.0000000000
48175  42.730  -10.751  33.426 0.0000000000
48188  43.014  -10.020  33.076 0.0000000000
49166  42.625  -9.693  32.389 0.0000000000
48202  41.945  -10.062  32.081 0.0000000000
50114  42.555  -8.698  31.290 0.0000000000
51101  42.660  -7.709  29.891 0.0000000000
50138  41.259  -8.325  29.513 0.0000000000
50152  40.879  -8.173  29.006 0.0000000000
106959  40.150  -8.535  28.922 0.0000000000
50153  39.670  -8.214  28.218 0.0000000000
50179  38.163  -7.975  26.644 0.0000000000
127630  36.545  -9.297  26.312 0.0000000000
49237  37.470  -9.642  27.383 0.0000000000
48275  35.232  -10.198  25.747 0.0000000000
45370  34.579  -13.733  28.446 0.0000000000
45385  33.889  -13.547  27.978 0.0000000000
45400  32.588  -13.431  27.366 0.0000000000
43489  33.414  -15.373  38.539 0.0000000000
43507  31.858  -15.781  36.848 0.0000000000
43523  31.744  -15.692  36.187 0.0000000000
43538  30.965  -15.808  35.235 0.0000000000
43546  30.164  -15.796  34.219 0.0000000000
40792  25.176  -18.414  32.416 0.0000000000
41733  25.770  -17.939  32.867 0.0000000000
40803  25.131  -18.316  31.576 0.0000000000
41747  25.494  -17.694  31.149 0.0000000000
40814  25.136  -18.800  30.268 0.0000000000
41755  25.474  -17.824  30.225 0.0000000000
63866  56.401  6.150  17.494 0.0000000000
63860  56.503  6.566  17.992 0.0000000000
63002  56.572  5.792  17.849 0.0000000000
62052  56.831  4.182  18.078 0.0000000000
61132  56.744  3.289  18.301 0.0000000000
61153  51.765  2.438  17.459 0.0000000000
125032  25.506  -20.418  44.453 0.0000000000
128149  23.645  -20.575  46.729 0.0000000000
38790  25.357  -20.414  47.974 0.0000000000
37164  21.561  -22.236  48.463 0.0000000000
37165  20.841  -22.514  48.763 0.0000000000
41594  34.348  -17.111  47.399 0.0000000000
40682  32.503  -18.319  46.688 0.0000000000
40673  32.538  -18.310  47.550 0.0000000000
113519  30.875  -19.485  45.931 0.0000000000
39727  31.072  -18.902  48.796 0.0000000000
121424  30.855  -19.582  47.720 0.0000000000
39750  30.721  -19.728  47.112 0.0000000000
39759  30.547  -19.821  46.372 0.0000000000
38812  28.249  -20.532  45.550 0.0000000000
56589  44.396  -1.271  24.170 0.0000000000
55680  43.756  -2.551  22.691 0.0000000000
60031  50.622  2.384  32.479 0.0000000000
59104  50.617  1.475  32.781 0.0000000000
56505  50.013  -1.075  32.399 0.0000000000
128668  49.916  -1.743  32.339 0.0000000000
114719  50.508  -1.979  32.850 0.0000000000
55593  50.134  -2.261  32.508 0.0000000000
56514  49.517  -2.219  32.057 0.0000000000
55595  49.070  -2.844  31.684 0.0000000000
53719  48.538  -4.056  31.259 0.0000000000
48138  45.056  -10.984  36.431 0.0000000000
47177  43.478  -11.511  34.787 0.0000000000
45286  43.298  -14.048  37.589 0.0000000000
46154  43.357  -13.314  36.453 0.0000000000
123368  42.535  -14.028  35.659 0.0000000000
45314  42.903  -13.440  35.753 0.0000000000
116979  43.321  -12.706  35.709 0.0000000000
47198  42.464  -11.549  33.685 0.0000000000
126609  41.537  -11.503  32.691 0.0000000000
47216  41.128  -12.105  32.631 0.0000000000
47233  40.337  -11.807  31.646 0.0000000000
47249  39.316  -11.794  30.559 0.0000000000
47262  38.371  -11.621  29.418 0.0000000000
47250  38.646  -12.251  30.050 0.0000000000
45367  38.174  -13.123  29.861 0.0000000000
44546  37.147  -13.877  29.397 0.0000000000
44492  38.447  -14.603  32.344 0.0000000000
107499  37.744  -14.509  31.683 0.0000000000
127467  36.675  -14.401  30.521 0.0000000000
44529  36.214  -14.373  30.179 0.0000000000
44550  33.479  -14.159  29.757 0.0000000000
44551  32.614  -14.175  29.899 0.0000000000
40751  29.288  -18.336  37.768 0.0000000000
40761  28.446  -18.408  36.677 0.0000000000
40768  27.458  -18.402  35.617 0.0000000000
40777  26.378  -18.439  34.505 0.0000000000
40784  25.331  -18.567  33.291 0.0000000000
39852  24.837  -19.946  35.078 0.0000000000
39874  24.920  -19.204  33.761 0.0000000000
64678  53.627  7.591  18.663 0.0000000000
108281  50.162  4.695  18.440 0.0000000000
61138  49.668  3.970  18.148 0.0000000000
38040  21.371  -21.623  39.504 0.0000000000
119661  23.044  -20.388  43.697 0.0000000000
38867  21.775  -20.647  42.857 0.0000000000
37982  21.046  -21.316  43.861 0.0000000000
109953  19.947  -22.167  41.855 0.0000000000
44258  38.683  -14.503  45.814 0.0000000000
44270  40.921  -14.079  44.595 0.0000000000
44296  40.700  -14.419  43.731 0.0000000000
44323  39.795  -14.439  41.891 0.0000000000
44312  39.070  -14.453  42.641 0.0000000000
44340  38.965  -14.391  40.178 0.0000000000
107661  37.751  -14.439  38.333 0.0000000000
107664  37.928  -14.389  39.116 0.0000000000
127261  36.844  -14.468  39.264 0.0000000000
123514  36.425  -14.512  39.690 0.0000000000
44359  35.680  -14.601  39.436 0.0000000000
43474  34.300  -15.176  39.705 0.0000000000
43441  35.336  -15.187  41.722 0.0000000000
43458  34.458  -15.336  40.563 0.0000000000
43476  32.868  -15.776  39.099 0.0000000000
124837  33.540  -17.435  45.038 0.0000000000
39775  30.728  -19.197  44.112 0.0000000000
41663  31.556  -17.626  41.496 0.0000000000
41676  30.618  -18.038  40.433 0.0000000000
40743  30.140  -17.968  38.923 0.0000000000
39831  26.688  -20.032  37.414 0.0000000000
38893  27.664  -20.444  40.295 0.0000000000
109169  26.325  -20.435  38.665 0.0000000000
38067  23.125  -21.933  36.847 0.0000000000
114042  47.512  4.022  21.954 0.0000000000
112870  46.951  3.636  22.192 0.0000000000
60156  45.133  2.843  21.210 0.0000000000
60148  45.050  2.530  22.140 0.0000000000
114611  44.488  2.415  20.781 0.0000000000
58363  44.135  0.745  21.561 0.0000000000
58376  43.985  0.328  20.899 0.0000000000
55678  45.308  -3.129  22.911 0.0000000000
41554  27.273  -18.042  51.108 0.0000000000
40629  26.173  -18.683  51.767 0.0000000000
39696  26.115  -19.044  51.960 0.0000000000
129608  25.641  -19.416  51.921 0.0000000000
38748  25.245  -19.864  51.860 0.0000000000
38749  24.690  -20.470  51.390 0.0000000000
38740  24.467  -20.198  52.220 0.0000000000
37937  24.118  -21.088  51.006 0.0000000000
37938  23.537  -21.604  50.575 0.0000000000
37939  22.974  -22.030  50.170 0.0000000000
108783  22.303  -22.220  49.719 0.0000000000
37918  21.417  -21.419  53.665 0.0000000000
37121  21.233  -22.239  52.262 0.0000000000
107710  21.100  -22.439  50.870 0.0000000000
37166  19.961  -22.624  48.637 0.0000000000
36296  18.157  -23.056  48.024 0.0000000000
119646  55.488  8.551  18.592 0.0000000000
64663  52.431  7.747  19.616 0.0000000000
64654  51.671  7.359  19.952 0.0000000000
64635  53.371  8.286  22.912 0.0000000000
63820  50.366  6.426  21.099 0.0000000000
62953  49.966  5.939  21.681 0.0000000000
62014  48.674  4.531  22.429 0.0000000000
62920  53.869  5.983  24.807 0.0000000000
62000  51.487  4.767  23.846 0.0000000000
61989  52.097  4.295  24.473 0.0000000000
61086  48.241  3.987  22.950 0.0000000000
61077  47.660  3.326  23.486 0.0000000000
59205  47.472  0.925  24.208 0.0000000000
59199  48.793  0.613  25.012 0.0000000000
57489  47.391  -1.175  24.828 0.0000000000
57481  46.968  -1.450  24.862 0.0000000000
57482  46.162  -1.435  24.754 0.0000000000
60068  49.809  2.628  29.513 0.0000000000
59146  48.356  2.141  28.606 0.0000000000
58256  47.571  0.770  30.147 0.0000000000
59124  47.893  1.418  29.932 0.0000000000
115509  47.689  1.739  29.143 0.0000000000
59147  47.721  1.772  28.212 0.0000000000
58299  45.656  0.842  27.061 0.0000000000
58317  45.858  0.549  26.239 0.0000000000
57484  43.661  -0.766  24.590 0.0000000000
57472  43.055  -0.843  25.144 0.0000000000
55640  42.275  -2.480  26.372 0.0000000000
55651  41.502  -2.386  25.028 0.0000000000
53709  49.513  -4.021  32.181 0.0000000000
53710  48.930  -4.415  31.728 0.0000000000
50075  46.999  -8.023  35.150 0.0000000000
48173  44.174  -9.898  34.165 0.0000000000
49141  44.810  -9.223  34.169 0.0000000000
50088  44.564  -8.752  33.393 0.0000000000
50086  46.013  -8.123  34.099 0.0000000000
51053  47.139  -7.208  33.868 0.0000000000
51977  47.505  -6.345  32.540 0.0000000000
123312  46.317  -6.740  31.766 0.0000000000
51986  47.177  -6.239  31.769 0.0000000000
52839  47.604  -5.227  30.831 0.0000000000
52849  45.189  -5.538  29.328 0.0000000000
52859  43.836  -5.552  28.398 0.0000000000
52870  43.376  -5.424  28.017 0.0000000000
52871  42.880  -5.500  27.610 0.0000000000
51113  42.740  -7.275  28.990 0.0000000000
52008  42.685  -6.817  28.202 0.0000000000
127346  41.483  -7.371  28.145 0.0000000000
52887  42.201  -5.477  26.971 0.0000000000
52905  41.239  -5.659  25.911 0.0000000000
52063  39.975  -6.442  25.265 0.0000000000
50189  37.067  -7.920  25.606 0.0000000000
122712  36.650  -7.683  24.863 0.0000000000
51183  35.753  -7.833  23.625 0.0000000000
47273  37.409  -11.735  28.394 0.0000000000
46235  36.919  -12.505  28.226 0.0000000000
47285  36.512  -11.469  27.417 0.0000000000
109180  34.768  -13.379  27.658 0.0000000000
46262  34.712  -12.532  26.633 0.0000000000
47297  34.055  -12.383  26.112 0.0000000000
47296  34.472  -11.759  26.026 0.0000000000
44443  35.584  -14.477  35.276 0.0000000000
44398  33.799  -14.877  37.098 0.0000000000
44444  34.198  -14.590  35.682 0.0000000000
125390  34.055  -14.533  34.961 0.0000000000
44463  34.413  -14.506  34.274 0.0000000000
44494  33.642  -14.481  32.842 0.0000000000
107650  32.916  -14.482  32.327 0.0000000000
44495  32.264  -14.601  33.037 0.0000000000
44513  32.363  -14.466  31.576 0.0000000000
44534  31.704  -14.397  30.991 0.0000000000
44553  30.207  -14.275  29.951 0.0000000000
41708  29.602  -17.410  36.505 0.0000000000
42660  29.608  -16.675  35.147 0.0000000000
42678  26.844  -17.122  32.900 0.0000000000
42677  27.529  -16.678  32.982 0.0000000000
110726  29.652  -15.703  33.503 0.0000000000
43560  30.123  -15.256  32.922 0.0000000000
44515  30.134  -14.605  31.500 0.0000000000
44517  28.865  -14.832  31.012 0.0000000000
107493  29.577  -14.620  31.059 0.0000000000
44535  30.166  -14.440  30.765 0.0000000000
62054  54.801  5.088  18.518 0.0000000000
121250  55.331  4.188  18.641 0.0000000000
61133  55.919  3.235  18.577 0.0000000000
60187  56.505  2.300  18.153 0.0000000000
61152  52.626  2.436  17.721 0.0000000000
61117  46.441  3.595  20.054 0.0000000000
61142  45.796  3.067  18.906 0.0000000000
48276  34.641  -10.384  25.359 0.0000000000
50166  39.166  -8.039  27.675 0.0000000000
51138  40.955  -7.393  27.818 0.0000000000
51140  39.556  -7.586  27.315 0.0000000000
58377  43.655  0.696  20.357 0.0000000000
59248  43.971  1.551  18.713 0.0000000000
60991  52.250  3.942  30.975 0.0000000000
61106  46.432  3.604  20.879 0.0000000000
107148  38.144  -7.507  26.050 0.0000000000
120057  49.928  -3.676  32.608 0.0000000000
124520  39.887  -15.069  34.345 0.0000000000
129221  51.441  1.459  26.955 0.0000000000
