#!ascii label  , from subject sub-v1s18x0051210_ses-1 vox2ras=TkReg
1182
60581  17.606  6.241  53.031 0.0000000000
63380  28.476  9.642  60.718 0.0000000000
68409  36.224  14.796  36.951 0.0000000000
65513  27.698  11.131  43.570 0.0000000000
137991  34.374  6.884  49.939 0.0000000000
75030  46.509  21.444  29.291 0.0000000000
72158  34.379  18.589  39.917 0.0000000000
70192  29.358  16.754  38.383 0.0000000000
54735  14.629  0.697  53.440 0.0000000000
64427  23.158  10.615  56.128 0.0000000000
60579  26.448  7.618  53.226 0.0000000000
61558  19.953  8.343  49.189 0.0000000000
71247  40.834  17.934  33.927 0.0000000000
62442  19.249  9.579  58.799 0.0000000000
58638  15.923  5.191  58.059 0.0000000000
68405  40.649  14.695  37.285 0.0000000000
54687  12.876  0.654  57.426 0.0000000000
51724  8.930  -2.980  56.763 0.0000000000
69233  29.005  16.331  44.762 0.0000000000
63553  30.763  9.226  46.563 0.0000000000
127580  30.976  3.813  44.697 0.0000000000
122914  28.715  5.104  49.324 0.0000000000
72121  34.476  18.303  42.559 0.0000000000
71218  32.308  17.944  38.949 0.0000000000
71178  31.870  17.583  41.789 0.0000000000
73058  36.806  19.228  42.325 0.0000000000
57673  17.034  3.806  51.101 0.0000000000
131997  15.983  1.390  51.268 0.0000000000
57646  16.302  3.702  53.428 0.0000000000
62483  19.715  9.750  54.781 0.0000000000
129445  22.013  10.573  52.756 0.0000000000
61535  18.658  7.526  51.249 0.0000000000
58740  17.882  5.176  49.133 0.0000000000
68438  35.526  14.388  35.350 0.0000000000
71226  37.957  17.378  37.573 0.0000000000
67500  38.075  14.407  36.900 0.0000000000
69322  37.592  15.014  35.548 0.0000000000
58606  15.414  4.482  60.297 0.0000000000
56605  14.707  3.008  57.855 0.0000000000
55588  13.537  1.746  59.921 0.0000000000
53590  8.266  -0.212  62.419 0.0000000000
135887  9.882  0.274  59.440 0.0000000000
51675  7.733  -1.832  59.120 0.0000000000
49684  6.226  -4.443  59.586 0.0000000000
50656  5.146  -3.544  61.633 0.0000000000
139330  30.745  9.804  50.291 0.0000000000
62557  32.963  8.406  48.720 0.0000000000
130004  32.008  6.838  45.666 0.0000000000
59750  32.985  4.888  47.413 0.0000000000
60621  24.966  7.862  49.135 0.0000000000
58713  27.989  5.950  51.377 0.0000000000
59753  25.942  6.157  47.594 0.0000000000
58797  26.528  4.236  45.591 0.0000000000
67468  27.108  13.390  44.316 0.0000000000
68378  26.304  14.563  41.332 0.0000000000
65535  26.183  11.382  41.994 0.0000000000
75044  49.490  22.051  26.879 0.0000000000
75053  46.910  21.210  26.822 0.0000000000
71228  35.413  16.977  37.504 0.0000000000
120805  33.143  16.725  37.258 0.0000000000
73101  37.348  19.563  39.861 0.0000000000
62455  26.533  9.286  58.650 0.0000000000
61489  27.976  7.399  56.568 0.0000000000
62492  25.257  9.196  54.492 0.0000000000
62536  23.692  9.408  50.639 0.0000000000
61581  21.260  8.477  47.398 0.0000000000
71242  42.923  16.916  35.397 0.0000000000
116433  43.175  18.663  33.818 0.0000000000
73159  43.257  19.803  31.641 0.0000000000
74124  43.617  20.210  28.699 0.0000000000
62485  18.433  8.805  56.130 0.0000000000
59651  16.823  6.058  55.309 0.0000000000
61471  17.356  7.652  58.310 0.0000000000
63427  21.309  10.670  57.380 0.0000000000
70219  40.604  15.985  35.558 0.0000000000
57618  15.247  3.133  55.651 0.0000000000
54711  13.904  0.962  55.216 0.0000000000
52724  12.105  -1.021  55.418 0.0000000000
116476  11.958  0.669  60.046 0.0000000000
52685  10.869  -0.572  56.873 0.0000000000
48592  2.382  -4.975  61.642 0.0000000000
70135  31.187  17.450  44.075 0.0000000000
66449  28.202  12.033  45.783 0.0000000000
65461  28.888  11.261  48.314 0.0000000000
64532  29.232  10.182  45.049 0.0000000000
136512  29.692  7.780  44.427 0.0000000000
58829  30.785  4.902  43.196 0.0000000000
57821  28.417  3.048  41.828 0.0000000000
58663  29.332  6.307  55.056 0.0000000000
57642  30.058  5.847  52.767 0.0000000000
58737  31.850  4.492  49.678 0.0000000000
57741  29.476  3.505  46.968 0.0000000000
57775  27.429  3.119  44.479 0.0000000000
70152  29.168  17.163  41.628 0.0000000000
68400  27.202  14.912  38.678 0.0000000000
72110  34.664  18.281  43.367 0.0000000000
118104  33.132  17.846  41.693 0.0000000000
71165  33.233  17.754  42.495 0.0000000000
72108  36.203  18.772  43.300 0.0000000000
59698  17.554  5.411  51.803 0.0000000000
57660  16.923  3.959  51.967 0.0000000000
58690  17.050  4.934  53.154 0.0000000000
61510  18.463  8.484  53.808 0.0000000000
62509  19.307  8.906  52.264 0.0000000000
60598  18.214  6.853  51.760 0.0000000000
59711  17.943  6.162  51.237 0.0000000000
67517  36.340  14.268  35.906 0.0000000000
69294  37.025  15.363  37.346 0.0000000000
69293  37.788  14.802  37.331 0.0000000000
68420  37.094  14.422  36.797 0.0000000000
67516  37.212  14.415  36.338 0.0000000000
52612  7.651  -0.752  61.912 0.0000000000
52628  7.799  -0.724  61.127 0.0000000000
51661  6.959  -2.092  60.672 0.0000000000
50676  7.046  -3.338  59.520 0.0000000000
51662  6.385  -2.756  61.015 0.0000000000
49673  5.808  -4.085  60.226 0.0000000000
62545  33.248  8.445  49.505 0.0000000000
62556  33.674  7.906  49.057 0.0000000000
60640  33.396  6.780  47.842 0.0000000000
60630  33.861  6.413  48.375 0.0000000000
62423  29.563  9.231  59.925 0.0000000000
61567  24.359  8.119  47.942 0.0000000000
60632  25.292  7.299  48.511 0.0000000000
60652  24.782  7.233  46.396 0.0000000000
59765  25.175  6.517  46.108 0.0000000000
66494  27.217  12.568  43.878 0.0000000000
66495  26.737  12.753  43.131 0.0000000000
136386  46.688  21.250  30.305 0.0000000000
75029  47.324  21.698  29.726 0.0000000000
116173  47.884  22.089  29.042 0.0000000000
75046  47.567  21.638  27.390 0.0000000000
75047  46.667  21.417  27.610 0.0000000000
72174  34.754  18.514  38.952 0.0000000000
126948  33.874  16.922  37.420 0.0000000000
71217  33.627  17.909  38.475 0.0000000000
70172  31.009  17.546  39.460 0.0000000000
70203  31.361  17.024  37.622 0.0000000000
70204  29.969  16.764  37.729 0.0000000000
73085  36.165  19.261  41.079 0.0000000000
72156  36.038  18.977  39.383 0.0000000000
72172  36.337  18.782  38.627 0.0000000000
135228  15.206  0.634  52.085 0.0000000000
53722  13.944  -0.425  53.357 0.0000000000
63426  24.852  10.389  57.674 0.0000000000
62474  26.033  9.043  56.438 0.0000000000
63451  24.566  10.150  55.745 0.0000000000
115568  21.178  9.742  50.789 0.0000000000
63492  23.262  10.123  51.915 0.0000000000
62538  21.808  9.731  50.135 0.0000000000
62558  22.287  9.352  48.829 0.0000000000
61570  20.925  8.690  48.203 0.0000000000
60634  19.081  6.894  48.380 0.0000000000
60696  28.732  6.731  42.583 0.0000000000
70222  42.050  17.064  35.034 0.0000000000
71245  43.375  17.681  34.937 0.0000000000
134687  41.531  18.328  33.754 0.0000000000
73160  42.399  19.610  31.555 0.0000000000
73165  42.097  19.641  30.101 0.0000000000
74110  43.324  20.234  30.264 0.0000000000
125539  18.771  9.126  57.260 0.0000000000
61481  17.796  8.271  57.103 0.0000000000
61459  18.387  8.785  58.779 0.0000000000
118984  20.628  10.492  57.953 0.0000000000
62475  19.390  9.575  56.261 0.0000000000
69308  41.608  15.078  36.857 0.0000000000
69309  40.705  14.801  36.842 0.0000000000
70227  37.590  16.379  34.027 0.0000000000
60557  16.488  6.137  56.761 0.0000000000
58665  16.195  4.766  55.691 0.0000000000
58653  15.561  4.165  56.780 0.0000000000
55611  13.710  1.696  57.921 0.0000000000
55620  13.964  1.642  56.463 0.0000000000
54700  13.146  0.578  56.480 0.0000000000
53693  12.571  -0.497  55.513 0.0000000000
53676  12.061  -0.087  56.623 0.0000000000
53603  12.090  0.879  61.468 0.0000000000
124004  9.256  -0.772  58.077 0.0000000000
52666  10.033  -0.288  57.829 0.0000000000
52687  9.709  -1.154  57.208 0.0000000000
51723  10.083  -1.830  56.077 0.0000000000
67425  27.689  13.531  46.768 0.0000000000
63531  31.044  9.519  48.099 0.0000000000
64485  29.770  10.502  49.739 0.0000000000
64504  29.787  10.424  47.066 0.0000000000
65482  29.392  10.826  46.596 0.0000000000
64525  30.147  9.737  46.054 0.0000000000
62601  29.579  8.650  44.750 0.0000000000
62588  30.238  8.700  45.374 0.0000000000
59792  31.791  5.611  44.562 0.0000000000
60678  31.012  6.349  44.163 0.0000000000
58811  31.051  4.288  43.933 0.0000000000
57820  29.511  3.639  42.222 0.0000000000
57796  29.690  3.223  43.823 0.0000000000
61501  27.076  7.482  54.820 0.0000000000
59625  28.574  6.958  56.376 0.0000000000
59663  28.120  6.609  53.909 0.0000000000
58724  28.267  5.485  50.321 0.0000000000
57658  29.195  5.721  51.911 0.0000000000
57670  29.723  5.557  51.328 0.0000000000
57668  31.077  5.546  50.941 0.0000000000
57699  29.690  4.959  49.841 0.0000000000
58755  30.996  3.798  48.431 0.0000000000
128899  28.972  4.410  48.377 0.0000000000
57777  25.910  4.026  43.951 0.0000000000
57757  26.991  3.544  45.120 0.0000000000
70129  29.661  16.910  44.348 0.0000000000
70143  30.177  17.382  42.861 0.0000000000
70138  28.562  16.641  43.114 0.0000000000
134012  26.203  13.867  40.407 0.0000000000
138669  26.744  15.134  40.270 0.0000000000
128237  49.224  21.791  25.678 0.0000000000
134222  34.728  18.655  41.372 0.0000000000
119447  33.092  18.164  39.227 0.0000000000
72132  33.575  18.154  41.316 0.0000000000
71190  32.207  17.865  40.579 0.0000000000
71192  30.600  17.488  40.274 0.0000000000
72107  37.137  18.935  43.578 0.0000000000
138451  35.797  18.798  42.649 0.0000000000
128987  16.555  2.635  51.069 0.0000000000
55667  15.838  1.841  51.959 0.0000000000
56675  15.426  2.121  53.259 0.0000000000
134076  21.632  10.546  55.366 0.0000000000
63467  22.545  10.615  54.641 0.0000000000
63483  21.258  10.417  53.361 0.0000000000
117850  20.016  9.391  51.784 0.0000000000
61549  19.088  7.885  50.358 0.0000000000
60623  18.626  6.522  49.153 0.0000000000
119979  18.450  6.497  50.014 0.0000000000
134171  17.450  4.136  49.843 0.0000000000
125090  39.355  17.865  32.913 0.0000000000
63402  19.075  9.568  59.527 0.0000000000
71225  38.639  16.973  37.623 0.0000000000
70187  39.039  15.971  37.784 0.0000000000
68406  39.405  14.575  37.266 0.0000000000
68434  38.921  14.604  36.611 0.0000000000
68435  38.046  14.648  36.176 0.0000000000
68447  36.669  15.091  35.199 0.0000000000
58616  15.864  5.101  59.021 0.0000000000
57579  15.087  3.705  58.223 0.0000000000
57567  15.083  3.742  59.134 0.0000000000
56593  14.069  2.428  59.344 0.0000000000
54659  13.158  1.182  59.517 0.0000000000
53605  10.649  0.602  61.090 0.0000000000
53606  9.470  0.332  61.399 0.0000000000
52648  8.170  -0.964  59.443 0.0000000000
51690  8.066  -2.188  58.242 0.0000000000
50687  7.336  -3.644  58.698 0.0000000000
63530  31.736  9.197  48.586 0.0000000000
63539  31.772  8.947  47.811 0.0000000000
62586  31.393  7.958  46.252 0.0000000000
61591  32.339  7.428  47.029 0.0000000000
60650  32.588  6.451  46.299 0.0000000000
58782  31.955  3.947  46.015 0.0000000000
60597  25.280  8.136  51.115 0.0000000000
59686  27.733  6.481  52.447 0.0000000000
60609  26.030  6.934  50.152 0.0000000000
59726  27.173  5.866  50.033 0.0000000000
58757  27.527  5.206  48.726 0.0000000000
58756  27.824  4.763  48.023 0.0000000000
59763  26.393  5.404  47.274 0.0000000000
59794  25.321  5.270  44.762 0.0000000000
69235  27.412  15.274  44.194 0.0000000000
69240  27.128  15.405  43.331 0.0000000000
68371  26.671  14.648  42.969 0.0000000000
120973  26.045  13.121  41.405 0.0000000000
75901  49.121  22.245  27.751 0.0000000000
75052  47.813  21.436  26.529 0.0000000000
118602  35.744  15.424  37.088 0.0000000000
68423  34.904  14.276  36.328 0.0000000000
69295  34.932  15.752  37.025 0.0000000000
70189  32.611  17.478  37.997 0.0000000000
69298  31.683  16.459  36.902 0.0000000000
73066  38.064  19.793  41.943 0.0000000000
119650  38.679  20.191  41.291 0.0000000000
73100  38.179  19.788  39.541 0.0000000000
72171  37.652  19.133  38.327 0.0000000000
71227  36.180  17.278  37.593 0.0000000000
62426  27.652  9.419  60.341 0.0000000000
62440  28.257  8.827  59.683 0.0000000000
62454  27.052  8.559  57.745 0.0000000000
61491  26.634  8.303  55.915 0.0000000000
61509  26.064  8.039  53.879 0.0000000000
63480  24.008  10.121  53.562 0.0000000000
62501  24.182  9.653  52.532 0.0000000000
61527  25.215  8.565  52.281 0.0000000000
61547  24.172  8.967  50.262 0.0000000000
61568  23.667  8.675  48.192 0.0000000000
61593  22.727  8.195  46.299 0.0000000000
72205  44.627  18.966  33.977 0.0000000000
72211  42.125  19.116  32.662 0.0000000000
73151  42.813  19.418  32.402 0.0000000000
73150  44.708  19.683  32.501 0.0000000000
74102  44.457  20.239  31.104 0.0000000000
116974  44.883  20.517  30.625 0.0000000000
74115  44.963  20.958  28.995 0.0000000000
74122  45.040  20.976  28.100 0.0000000000
61511  17.857  7.709  54.044 0.0000000000
59664  17.194  6.389  54.699 0.0000000000
61494  17.433  7.705  56.256 0.0000000000
60556  16.857  6.826  56.593 0.0000000000
60533  16.677  6.464  58.474 0.0000000000
61460  17.714  8.145  59.624 0.0000000000
60526  16.695  6.421  59.447 0.0000000000
59598  16.122  5.933  60.915 0.0000000000
64359  27.461  10.558  61.558 0.0000000000
63397  26.519  9.927  60.522 0.0000000000
63399  25.187  10.601  59.716 0.0000000000
64399  24.218  10.770  58.209 0.0000000000
64401  22.757  11.291  58.740 0.0000000000
64428  22.420  10.687  56.594 0.0000000000
63454  20.844  10.360  55.969 0.0000000000
130297  18.948  9.225  55.074 0.0000000000
69316  43.069  15.732  36.505 0.0000000000
70218  41.474  16.364  35.488 0.0000000000
124347  40.412  17.244  34.438 0.0000000000
69325  38.914  15.744  35.314 0.0000000000
70225  39.309  16.457  34.756 0.0000000000
139303  39.274  17.461  33.587 0.0000000000
58680  16.520  4.719  54.438 0.0000000000
133273  15.896  3.384  53.969 0.0000000000
55653  14.906  1.935  54.197 0.0000000000
56615  14.829  2.899  56.978 0.0000000000
55631  14.262  1.694  55.667 0.0000000000
130962  14.118  0.818  54.517 0.0000000000
53708  13.245  -0.454  54.491 0.0000000000
52738  12.349  -1.392  54.551 0.0000000000
54642  12.963  1.192  60.437 0.0000000000
54673  12.371  0.645  59.040 0.0000000000
128277  11.403  0.463  58.649 0.0000000000
53662  11.743  0.236  57.425 0.0000000000
52706  11.061  -0.995  56.330 0.0000000000
49649  3.863  -3.950  62.094 0.0000000000
71148  32.763  17.526  44.412 0.0000000000
135623  28.506  15.766  45.198 0.0000000000
68348  27.615  14.412  45.596 0.0000000000
67449  27.374  13.454  45.130 0.0000000000
65499  28.240  11.593  44.773 0.0000000000
65475  28.538  11.634  47.535 0.0000000000
65491  28.552  11.484  45.416 0.0000000000
64533  28.769  10.393  44.513 0.0000000000
62602  28.733  8.864  44.176 0.0000000000
62613  28.992  8.016  44.069 0.0000000000
60695  29.588  6.471  43.074 0.0000000000
61607  30.976  7.456  45.274 0.0000000000
60694  30.257  6.456  43.624 0.0000000000
124699  30.293  5.708  42.997 0.0000000000
58850  29.799  4.452  41.765 0.0000000000
57839  28.459  2.978  41.113 0.0000000000
59693  33.807  6.959  51.599 0.0000000000
61467  29.284  7.881  58.249 0.0000000000
60541  29.765  7.312  57.012 0.0000000000
59633  30.166  6.701  55.807 0.0000000000
117111  28.836  6.135  53.285 0.0000000000
58677  29.804  6.124  54.230 0.0000000000
58675  30.915  6.488  54.273 0.0000000000
58685  32.098  6.451  52.578 0.0000000000
58696  32.805  6.346  51.578 0.0000000000
59708  33.358  5.499  49.985 0.0000000000
58754  32.437  4.384  48.236 0.0000000000
58771  31.286  3.712  47.538 0.0000000000
57753  30.352  3.377  46.240 0.0000000000
57743  27.780  4.004  46.613 0.0000000000
57755  28.336  3.308  45.896 0.0000000000
57773  29.233  3.066  44.969 0.0000000000
118978  28.027  2.943  42.746 0.0000000000
71167  31.744  17.512  42.608 0.0000000000
139252  30.515  17.488  41.576 0.0000000000
116365  29.725  17.256  40.104 0.0000000000
69253  27.562  16.252  41.825 0.0000000000
69272  27.962  16.296  39.659 0.0000000000
69285  28.511  16.187  38.044 0.0000000000
74137  45.679  20.299  26.663 0.0000000000
71156  34.088  18.015  43.880 0.0000000000
71164  33.928  17.978  42.966 0.0000000000
71155  34.823  18.274  44.203 0.0000000000
59687  17.436  5.509  52.668 0.0000000000
58702  17.208  4.746  52.330 0.0000000000
59676  17.286  5.618  53.463 0.0000000000
61521  18.206  7.658  53.137 0.0000000000
60588  17.982  6.921  52.612 0.0000000000
59697  17.779  6.196  52.175 0.0000000000
67507  36.151  14.194  36.180 0.0000000000
67518  35.432  14.119  35.749 0.0000000000
68422  35.829  14.272  36.406 0.0000000000
138385  36.450  15.111  37.180 0.0000000000
68408  37.072  14.549  37.050 0.0000000000
68421  36.658  14.370  36.570 0.0000000000
67506  36.920  14.365  36.428 0.0000000000
122649  7.094  -1.207  62.143 0.0000000000
52613  7.100  -1.422  61.434 0.0000000000
126020  6.578  -2.117  61.368 0.0000000000
50667  6.742  -3.011  60.287 0.0000000000
138987  34.333  7.256  50.277 0.0000000000
61545  33.972  7.839  49.891 0.0000000000
61555  34.172  7.274  49.482 0.0000000000
61565  33.799  7.205  48.624 0.0000000000
60619  34.179  6.526  49.218 0.0000000000
64357  28.910  10.218  61.380 0.0000000000
62424  28.978  9.171  60.153 0.0000000000
60653  23.888  7.773  46.129 0.0000000000
61578  24.570  7.694  47.082 0.0000000000
119757  24.498  7.080  45.614 0.0000000000
65500  27.785  11.792  44.101 0.0000000000
66520  27.208  11.953  43.392 0.0000000000
75031  45.754  21.113  29.635 0.0000000000
120963  47.097  21.708  28.952 0.0000000000
75036  46.508  21.502  28.432 0.0000000000
71216  34.404  17.960  38.367 0.0000000000
71199  33.883  18.379  39.183 0.0000000000
70191  30.257  17.188  38.688 0.0000000000
129484  30.663  17.064  37.883 0.0000000000
69300  29.731  16.230  37.033 0.0000000000
137720  29.269  16.420  37.619 0.0000000000
72144  34.911  18.769  40.585 0.0000000000
72143  35.688  19.022  40.360 0.0000000000
72157  35.227  18.760  39.656 0.0000000000
72173  35.632  18.601  38.734 0.0000000000
54747  14.934  0.666  52.796 0.0000000000
53738  14.872  -0.100  52.081 0.0000000000
121632  14.484  0.064  53.017 0.0000000000
64414  24.072  10.618  57.321 0.0000000000
63435  24.712  10.265  56.712 0.0000000000
63452  23.841  10.443  55.450 0.0000000000
117772  20.586  9.275  50.171 0.0000000000
62549  20.437  8.890  49.518 0.0000000000
62548  21.386  9.367  49.412 0.0000000000
62560  20.686  8.799  48.933 0.0000000000
61571  20.139  8.211  48.460 0.0000000000
61572  19.528  7.661  48.792 0.0000000000
120332  41.738  17.837  34.375 0.0000000000
74118  42.748  20.004  29.798 0.0000000000
62456  19.314  9.604  58.086 0.0000000000
62457  18.782  9.236  58.407 0.0000000000
63418  19.854  10.060  58.437 0.0000000000
139360  19.856  9.984  57.809 0.0000000000
68399  40.150  14.761  37.565 0.0000000000
68416  41.091  14.782  37.105 0.0000000000
68417  40.263  14.568  37.025 0.0000000000
59626  16.241  5.700  57.306 0.0000000000
58652  15.845  4.943  57.080 0.0000000000
130377  13.267  1.032  57.916 0.0000000000
54686  13.508  1.207  57.049 0.0000000000
53675  12.588  0.322  56.734 0.0000000000
53661  12.267  0.351  57.250 0.0000000000
52610  11.670  0.909  62.003 0.0000000000
52688  8.812  -1.649  57.689 0.0000000000
51708  9.185  -2.065  56.918 0.0000000000
51739  9.623  -2.485  56.240 0.0000000000
127129  30.969  9.358  47.273 0.0000000000
64503  30.370  9.994  47.610 0.0000000000
64517  30.321  9.844  46.764 0.0000000000
63563  30.531  9.045  45.906 0.0000000000
59777  31.575  4.494  44.550 0.0000000000
58830  30.522  3.930  43.406 0.0000000000
58812  30.348  3.543  44.339 0.0000000000
60572  26.839  7.471  54.104 0.0000000000
60571  27.605  6.987  54.402 0.0000000000
60578  27.396  6.989  53.626 0.0000000000
57701  28.684  5.335  50.081 0.0000000000
57687  28.700  5.542  50.851 0.0000000000
57700  29.126  5.178  49.924 0.0000000000
57685  29.481  5.341  50.600 0.0000000000
124266  29.194  4.776  49.128 0.0000000000
57715  28.723  4.832  48.726 0.0000000000
70137  29.450  17.095  43.465 0.0000000000
70130  28.774  16.517  43.983 0.0000000000
72131  34.258  18.364  41.773 0.0000000000
72145  34.170  18.473  40.894 0.0000000000
71177  32.472  17.746  41.330 0.0000000000
71191  31.452  17.683  40.379 0.0000000000
123009  31.848  17.697  41.035 0.0000000000
72106  37.978  19.018  43.839 0.0000000000
72120  35.277  18.546  42.953 0.0000000000
72130  35.111  18.660  42.130 0.0000000000
57661  16.371  3.305  52.492 0.0000000000
56674  15.880  2.476  52.584 0.0000000000
136743  15.611  1.964  52.608 0.0000000000
56658  15.876  2.966  53.305 0.0000000000
125015  20.678  10.279  55.077 0.0000000000
63468  21.493  10.523  54.366 0.0000000000
63469  20.533  10.227  54.132 0.0000000000
61528  18.900  8.254  51.810 0.0000000000
62523  19.518  8.805  51.420 0.0000000000
62539  19.686  8.704  50.632 0.0000000000
61534  19.133  8.241  51.078 0.0000000000
60611  18.603  7.078  50.512 0.0000000000
59712  17.610  5.269  50.893 0.0000000000
58727  17.366  4.380  50.575 0.0000000000
72170  38.416  18.956  37.880 0.0000000000
137986  38.546  17.985  37.620 0.0000000000
69292  38.363  14.572  37.248 0.0000000000
69284  38.531  15.128  37.606 0.0000000000
69291  38.897  14.647  37.387 0.0000000000
69283  39.478  15.004  37.769 0.0000000000
126479  38.635  14.428  37.052 0.0000000000
68419  38.455  14.451  36.867 0.0000000000
67515  37.854  14.444  36.730 0.0000000000
68437  36.458  14.423  35.739 0.0000000000
68436  37.212  14.501  35.907 0.0000000000
59608  15.817  5.106  59.810 0.0000000000
120056  15.470  4.419  59.477 0.0000000000
119301  15.055  3.773  60.011 0.0000000000
57568  14.582  3.092  59.702 0.0000000000
56582  13.970  2.443  60.288 0.0000000000
55599  13.646  1.734  58.972 0.0000000000
53589  9.188  0.263  62.237 0.0000000000
52649  7.552  -1.566  60.007 0.0000000000
120650  7.990  -0.768  60.306 0.0000000000
52668  8.438  -1.275  58.555 0.0000000000
50686  7.862  -3.140  58.061 0.0000000000
51691  7.509  -2.781  58.879 0.0000000000
49683  6.793  -4.069  59.225 0.0000000000
49661  5.465  -3.821  60.924 0.0000000000
49674  5.254  -4.507  60.564 0.0000000000
49662  4.779  -4.259  61.239 0.0000000000
63521  32.462  8.907  49.083 0.0000000000
63529  32.362  8.758  48.403 0.0000000000
62565  32.525  8.356  48.032 0.0000000000
62566  31.902  8.445  47.524 0.0000000000
62575  32.259  8.011  47.496 0.0000000000
60641  33.199  6.042  47.077 0.0000000000
129626  32.873  6.881  47.210 0.0000000000
59761  32.868  5.284  46.513 0.0000000000
129046  32.592  5.390  45.823 0.0000000000
59762  32.442  4.551  46.174 0.0000000000
133640  25.065  8.142  50.445 0.0000000000
128489  25.672  7.533  50.707 0.0000000000
60610  25.307  7.711  49.919 0.0000000000
126114  25.499  6.821  47.891 0.0000000000
59741  26.036  6.433  48.579 0.0000000000
59740  26.929  5.751  49.126 0.0000000000
59752  26.631  5.587  48.177 0.0000000000
59764  25.774  5.930  46.688 0.0000000000
59778  25.534  5.654  45.773 0.0000000000
68358  27.284  14.379  44.690 0.0000000000
68366  26.929  14.390  43.787 0.0000000000
137033  26.692  14.061  43.273 0.0000000000
66521  26.575  12.130  42.639 0.0000000000
135664  26.301  12.960  42.303 0.0000000000
66531  26.074  12.333  41.791 0.0000000000
74135  47.225  20.887  26.074 0.0000000000
74136  46.433  20.603  26.389 0.0000000000
70200  35.376  16.206  37.249 0.0000000000
69296  34.052  16.180  37.031 0.0000000000
69312  33.287  15.679  36.625 0.0000000000
69297  32.494  16.347  36.881 0.0000000000
69299  30.692  16.512  37.083 0.0000000000
69314  31.208  15.781  36.465 0.0000000000
68426  31.702  14.870  35.995 0.0000000000
72117  37.777  19.164  43.186 0.0000000000
73056  38.325  19.530  42.744 0.0000000000
73057  37.544  19.366  42.536 0.0000000000
73083  37.870  19.877  40.785 0.0000000000
73082  38.796  20.184  40.160 0.0000000000
73113  37.668  19.519  39.001 0.0000000000
71215  35.333  17.886  38.085 0.0000000000
71214  36.244  18.183  38.050 0.0000000000
122954  36.153  16.146  37.301 0.0000000000
62441  26.483  9.655  59.810 0.0000000000
123445  27.357  9.084  59.529 0.0000000000
63450  25.281  9.674  56.095 0.0000000000
62482  25.817  8.897  55.394 0.0000000000
61502  26.520  8.086  55.116 0.0000000000
62491  25.902  8.443  54.515 0.0000000000
63482  22.239  10.609  53.550 0.0000000000
115328  23.194  10.493  53.582 0.0000000000
63481  22.808  10.493  52.710 0.0000000000
62520  23.142  9.900  51.011 0.0000000000
62519  23.903  9.519  51.470 0.0000000000
62518  24.613  9.099  51.897 0.0000000000
61533  24.372  9.084  51.033 0.0000000000
61532  24.928  8.638  51.467 0.0000000000
62567  21.885  9.048  48.080 0.0000000000
61557  23.369  9.103  49.035 0.0000000000
61569  22.877  9.116  48.160 0.0000000000
139261  23.228  8.826  47.703 0.0000000000
61594  21.585  8.066  46.527 0.0000000000
126930  18.320  5.663  48.763 0.0000000000
59742  18.709  6.169  48.436 0.0000000000
58759  18.043  4.762  48.353 0.0000000000
70215  44.255  16.585  36.269 0.0000000000
72201  43.011  18.211  34.393 0.0000000000
72200  43.692  18.307  34.425 0.0000000000
73144  43.973  18.827  33.828 0.0000000000
72212  40.446  18.608  32.425 0.0000000000
120663  41.356  18.995  32.390 0.0000000000
116834  43.864  19.600  32.388 0.0000000000
136671  44.364  19.764  32.082 0.0000000000
74091  44.832  19.964  31.825 0.0000000000
74103  44.067  19.914  31.668 0.0000000000
74117  43.456  20.298  29.533 0.0000000000
74109  44.112  20.455  30.249 0.0000000000
74116  44.214  20.594  29.297 0.0000000000
74108  44.917  20.790  29.907 0.0000000000
129535  18.089  8.339  54.744 0.0000000000
61512  17.531  7.506  55.026 0.0000000000
61504  17.938  8.339  55.651 0.0000000000
130126  17.641  8.167  57.833 0.0000000000
61482  17.237  7.462  57.390 0.0000000000
60545  16.662  6.522  57.531 0.0000000000
60544  16.957  7.052  58.131 0.0000000000
62443  18.344  8.853  59.619 0.0000000000
61449  17.484  7.841  60.213 0.0000000000
137600  16.937  6.840  59.959 0.0000000000
59603  16.190  5.819  60.085 0.0000000000
63367  27.262  10.296  61.294 0.0000000000
63416  24.981  10.505  58.702 0.0000000000
64402  21.742  11.024  58.122 0.0000000000
120322  22.839  11.090  57.905 0.0000000000
64415  22.229  10.845  57.326 0.0000000000
63437  21.770  10.674  56.874 0.0000000000
63438  21.028  10.463  56.736 0.0000000000
62476  18.860  9.201  56.612 0.0000000000
62484  18.861  9.240  55.840 0.0000000000
138329  18.583  8.828  54.648 0.0000000000
68439  34.364  13.936  35.889 0.0000000000
69318  41.156  15.444  36.232 0.0000000000
69317  42.162  15.712  36.243 0.0000000000
127816  40.767  16.712  35.015 0.0000000000
70224  40.092  16.560  34.934 0.0000000000
69321  38.484  14.986  35.872 0.0000000000
69320  39.365  15.089  36.146 0.0000000000
70232  38.117  16.897  33.491 0.0000000000
70226  38.463  16.433  34.445 0.0000000000
70231  38.889  17.020  33.950 0.0000000000
71252  38.654  17.397  33.124 0.0000000000
59665  16.795  5.483  54.722 0.0000000000
58666  15.695  4.001  55.817 0.0000000000
134666  16.137  4.306  55.013 0.0000000000
57632  15.662  3.472  54.804 0.0000000000
126171  15.483  2.751  54.077 0.0000000000
56644  15.119  2.634  54.898 0.0000000000
57592  15.167  3.590  57.324 0.0000000000
54699  13.691  1.092  56.076 0.0000000000
55642  14.399  1.428  54.769 0.0000000000
53707  13.687  -0.203  54.035 0.0000000000
54724  13.639  0.257  54.704 0.0000000000
53709  12.723  -0.767  54.924 0.0000000000
51736  11.635  -1.715  54.821 0.0000000000
134615  12.242  0.763  60.440 0.0000000000
54643  12.486  0.891  60.462 0.0000000000
54660  12.644  0.892  59.792 0.0000000000
54661  12.267  0.740  59.887 0.0000000000
53622  10.533  0.557  60.199 0.0000000000
52686  10.461  -0.505  57.269 0.0000000000
137188  10.538  0.002  57.759 0.0000000000
53651  11.056  0.139  57.632 0.0000000000
53677  11.386  -0.320  56.812 0.0000000000
49648  4.498  -3.781  61.890 0.0000000000
49650  3.175  -4.095  62.208 0.0000000000
70123  30.456  16.650  45.547 0.0000000000
69224  28.712  15.295  46.389 0.0000000000
69230  28.210  15.250  45.728 0.0000000000
68347  28.112  14.798  46.198 0.0000000000
66450  27.796  12.688  46.260 0.0000000000
67435  27.544  13.486  45.945 0.0000000000
66461  27.713  12.643  45.472 0.0000000000
66470  27.633  12.430  44.675 0.0000000000
66460  28.085  11.983  45.179 0.0000000000
64486  29.330  10.822  49.038 0.0000000000
64526  29.483  10.285  45.619 0.0000000000
65490  29.151  10.994  45.893 0.0000000000
64527  28.861  10.891  45.068 0.0000000000
63575  28.544  9.740  44.064 0.0000000000
63574  29.154  9.614  44.654 0.0000000000
61634  29.504  7.220  43.743 0.0000000000
61606  31.472  7.428  45.717 0.0000000000
59809  30.788  5.759  43.528 0.0000000000
59810  30.213  5.019  42.381 0.0000000000
126956  30.298  4.277  42.630 0.0000000000
61469  27.835  8.007  57.970 0.0000000000
61458  28.821  8.267  58.970 0.0000000000
139760  28.865  7.423  57.469 0.0000000000
59648  28.956  6.436  55.252 0.0000000000
59624  29.169  6.838  56.435 0.0000000000
59635  29.344  6.583  55.788 0.0000000000
59622  29.957  7.022  56.406 0.0000000000
58650  29.985  6.402  55.357 0.0000000000
59695  27.525  6.331  51.645 0.0000000000
58689  28.095  6.398  52.894 0.0000000000
58701  28.045  6.217  52.178 0.0000000000
134388  29.437  5.774  52.407 0.0000000000
57643  29.438  5.864  53.072 0.0000000000
57629  29.917  5.969  53.532 0.0000000000
58676  30.448  6.244  53.942 0.0000000000
58687  30.722  6.145  53.246 0.0000000000
58674  31.974  6.573  53.143 0.0000000000
58686  31.532  6.343  52.913 0.0000000000
58723  31.781  5.192  50.534 0.0000000000
58711  31.721  5.905  51.353 0.0000000000
58710  32.349  5.765  51.012 0.0000000000
58709  33.093  5.788  50.677 0.0000000000
58722  32.608  5.080  50.059 0.0000000000
59725  33.260  5.139  49.259 0.0000000000
120319  31.942  4.191  48.918 0.0000000000
57726  30.251  3.745  48.253 0.0000000000
57740  30.346  3.506  47.220 0.0000000000
58783  31.240  3.626  46.526 0.0000000000
58784  26.971  4.379  46.458 0.0000000000
57729  28.145  4.312  47.426 0.0000000000
124668  27.917  3.130  45.121 0.0000000000
57774  28.516  2.962  44.236 0.0000000000
57798  27.822  2.981  43.662 0.0000000000
71149  31.974  17.452  44.257 0.0000000000
71158  32.483  17.522  43.659 0.0000000000
71159  31.834  17.474  43.428 0.0000000000
70151  30.016  17.394  41.969 0.0000000000
70161  30.021  17.419  41.050 0.0000000000
70162  29.050  17.060  40.718 0.0000000000
69246  26.887  15.526  42.333 0.0000000000
69245  27.679  16.154  42.766 0.0000000000
69254  27.001  15.800  41.400 0.0000000000
68391  26.819  14.876  39.607 0.0000000000
69264  27.162  15.766  40.185 0.0000000000
69273  27.423  15.631  39.189 0.0000000000
118740  28.014  16.084  38.826 0.0000000000
69286  27.734  15.547  38.336 0.0000000000
75908  49.452  22.143  25.468 0.0000000000
76765  49.519  22.936  24.977 0.0000000000
74131  45.305  20.692  27.312 0.0000000000
74138  44.905  19.967  26.885 0.0000000000
71176  33.756  18.045  42.135 0.0000000000
133486  32.616  17.646  42.050 0.0000000000
72109  35.410  18.493  43.694 0.0000000000
58714  17.315  4.583  51.467 0.0000000000
58703  16.725  4.187  52.828 0.0000000000
62493  19.003  9.255  54.189 0.0000000000
62502  19.840  9.712  53.639 0.0000000000
61520  18.693  8.338  52.727 0.0000000000
124636  18.369  6.807  51.084 0.0000000000
138556  37.577  16.727  37.516 0.0000000000
70198  37.705  15.711  37.513 0.0000000000
68407  37.836  14.490  37.084 0.0000000000
67505  37.570  14.435  36.697 0.0000000000
128145  15.347  4.608  61.085 0.0000000000
57555  14.981  3.882  60.848 0.0000000000
52629  7.436  -1.309  60.721 0.0000000000
51676  7.251  -2.472  59.785 0.0000000000
50677  6.436  -3.730  59.913 0.0000000000
50668  6.098  -3.433  60.616 0.0000000000
50655  5.782  -3.178  61.322 0.0000000000
62535  33.411  8.436  50.560 0.0000000000
61566  33.228  7.881  48.403 0.0000000000
61577  32.853  7.585  47.764 0.0000000000
137133  33.314  7.424  48.187 0.0000000000
60631  33.504  5.730  47.880 0.0000000000
60643  24.979  7.463  47.813 0.0000000000
60642  25.283  6.832  47.070 0.0000000000
60663  24.181  6.881  44.884 0.0000000000
67469  26.817  13.436  43.555 0.0000000000
74107  45.728  20.762  30.629 0.0000000000
74100  46.743  20.828  31.259 0.0000000000
136540  47.215  21.217  30.932 0.0000000000
75034  48.168  22.065  28.030 0.0000000000
75035  47.303  21.747  28.250 0.0000000000
70201  34.651  16.721  37.376 0.0000000000
71229  34.790  17.423  37.771 0.0000000000
71230  34.124  17.442  37.812 0.0000000000
70188  33.392  17.428  37.856 0.0000000000
70190  31.582  17.732  38.982 0.0000000000
121049  31.831  17.481  38.233 0.0000000000
124484  31.096  17.393  38.483 0.0000000000
73068  36.638  19.340  41.647 0.0000000000
73067  37.301  19.546  41.736 0.0000000000
73102  36.490  19.309  40.088 0.0000000000
72155  36.887  19.262  38.982 0.0000000000
55684  15.579  1.030  51.681 0.0000000000
52747  13.607  -1.226  52.994 0.0000000000
63425  25.609  9.895  58.120 0.0000000000
62464  26.247  9.196  57.448 0.0000000000
63434  25.468  9.818  57.062 0.0000000000
130748  25.088  9.601  55.260 0.0000000000
63505  21.571  10.172  51.466 0.0000000000
63493  22.295  10.456  52.019 0.0000000000
62521  22.210  10.026  50.771 0.0000000000
62537  22.871  9.717  50.303 0.0000000000
62546  23.494  9.291  49.898 0.0000000000
62547  22.582  9.527  49.597 0.0000000000
62559  21.433  9.138  48.700 0.0000000000
61595  20.663  7.704  46.838 0.0000000000
61582  20.385  8.031  47.668 0.0000000000
61583  19.713  7.494  47.980 0.0000000000
61635  28.703  7.451  43.330 0.0000000000
71246  42.568  17.707  34.690 0.0000000000
72202  42.336  18.403  33.968 0.0000000000
73161  41.501  19.326  31.404 0.0000000000
74111  42.764  19.937  30.752 0.0000000000
124190  43.654  20.135  30.959 0.0000000000
73170  42.897  19.881  28.970 0.0000000000
61493  17.989  8.421  56.415 0.0000000000
61492  18.408  8.752  56.897 0.0000000000
61480  18.328  8.756  57.825 0.0000000000
61470  17.837  8.319  58.507 0.0000000000
63428  20.369  10.217  57.285 0.0000000000
62465  19.432  9.586  57.210 0.0000000000
69319  40.242  15.226  36.254 0.0000000000
69326  38.011  15.752  35.021 0.0000000000
59637  16.573  6.159  56.016 0.0000000000
59652  16.517  5.449  55.521 0.0000000000
59638  16.254  5.404  56.387 0.0000000000
130285  15.920  4.659  56.352 0.0000000000
56616  14.309  2.365  57.447 0.0000000000
130948  13.959  1.870  57.064 0.0000000000
54712  13.381  0.432  55.621 0.0000000000
121982  13.056  -0.174  55.214 0.0000000000
53692  12.726  -0.011  56.035 0.0000000000
128788  12.234  -0.500  55.970 0.0000000000
129285  12.362  1.117  61.652 0.0000000000
53620  12.038  0.705  60.760 0.0000000000
53638  8.987  -0.431  58.952 0.0000000000
52667  9.736  -0.097  58.539 0.0000000000
52707  10.390  -1.223  56.565 0.0000000000
52708  9.794  -1.729  56.555 0.0000000000
68336  27.798  14.224  46.417 0.0000000000
68325  27.959  14.193  47.086 0.0000000000
66438  27.793  12.814  47.201 0.0000000000
128025  31.003  9.630  48.904 0.0000000000
63523  30.544  9.951  49.603 0.0000000000
64491  30.254  10.156  48.704 0.0000000000
64492  29.628  10.597  48.013 0.0000000000
65474  29.229  11.028  47.323 0.0000000000
64518  29.725  10.339  46.288 0.0000000000
63564  29.782  9.495  45.359 0.0000000000
62600  30.309  7.856  45.001 0.0000000000
60651  32.242  5.972  45.319 0.0000000000
60662  31.560  6.713  44.979 0.0000000000
59793  31.282  5.260  43.892 0.0000000000
136184  29.967  3.583  43.009 0.0000000000
138481  28.751  3.166  42.498 0.0000000000
60555  27.907  7.200  55.900 0.0000000000
60564  28.487  6.712  55.446 0.0000000000
59649  28.722  6.446  54.808 0.0000000000
58725  27.828  5.709  50.582 0.0000000000
58700  28.459  5.916  51.816 0.0000000000
57672  28.762  5.720  51.560 0.0000000000
57671  29.142  5.561  51.278 0.0000000000
57657  29.866  5.761  52.023 0.0000000000
57655  31.077  5.995  51.777 0.0000000000
57669  30.412  5.698  51.477 0.0000000000
57684  30.261  5.256  50.567 0.0000000000
57683  31.097  4.816  50.105 0.0000000000
57697  31.209  4.085  49.200 0.0000000000
129669  29.852  4.351  49.108 0.0000000000
57714  29.486  4.208  48.581 0.0000000000
57727  29.481  3.799  47.879 0.0000000000
58813  25.975  4.315  44.831 0.0000000000
137998  26.491  3.897  45.032 0.0000000000
57776  26.562  3.589  44.486 0.0000000000
133904  27.036  3.162  43.922 0.0000000000
117443  26.994  2.994  43.069 0.0000000000
57823  26.329  2.755  42.255 0.0000000000
70128  30.586  17.169  44.806 0.0000000000
70136  30.343  17.335  43.814 0.0000000000
70144  29.277  17.159  42.547 0.0000000000
122455  26.137  13.852  40.989 0.0000000000
69255  26.700  15.328  40.874 0.0000000000
68384  26.398  14.508  40.460 0.0000000000
75051  48.840  21.681  26.204 0.0000000000
71200  33.466  18.309  40.217 0.0000000000
117780  32.601  18.100  39.972 0.0000000000
71189  32.913  17.981  40.887 0.0000000000
71201  31.840  17.873  39.752 0.0000000000
70173  30.235  17.339  39.558 0.0000000000
72118  36.981  19.058  42.968 0.0000000000
72119  36.368  18.979  42.694 0.0000000000
72129  36.025  19.040  42.028 0.0000000000
121571  35.397  18.961  41.296 0.0000000000
55683  16.265  1.983  51.224 0.0000000000
57674  16.642  3.253  51.537 0.0000000000
56689  16.263  2.585  51.815 0.0000000000
55668  15.365  1.371  52.565 0.0000000000
54734  14.983  1.305  53.404 0.0000000000
64441  22.441  10.620  55.744 0.0000000000
64440  23.127  10.578  55.308 0.0000000000
63494  21.405  10.357  52.383 0.0000000000
62508  19.874  9.503  52.653 0.0000000000
136153  20.546  10.020  52.928 0.0000000000
63495  20.647  9.903  52.072 0.0000000000
121556  20.253  9.303  51.009 0.0000000000
61548  19.789  8.524  49.885 0.0000000000
61559  19.353  7.804  49.524 0.0000000000
60622  18.808  7.199  49.769 0.0000000000
59728  18.180  5.821  49.578 0.0000000000
127356  18.022  5.907  50.376 0.0000000000
58726  17.691  5.040  49.930 0.0000000000
71251  40.177  18.238  33.136 0.0000000000
71255  39.802  18.259  32.441 0.0000000000
63386  19.317  9.869  60.221 0.0000000000
71224  39.245  18.573  37.742 0.0000000000
71212  39.390  17.229  37.748 0.0000000000
115776  38.257  16.240  37.613 0.0000000000
70186  39.876  15.910  38.048 0.0000000000
123759  39.963  14.546  37.136 0.0000000000
68433  39.828  14.651  36.790 0.0000000000
68418  39.371  14.463  36.984 0.0000000000
58639  15.510  4.333  57.670 0.0000000000
58626  15.503  4.406  58.597 0.0000000000
57580  14.623  3.069  58.774 0.0000000000
56606  14.176  2.395  58.382 0.0000000000
54671  13.274  1.136  58.665 0.0000000000
54672  12.852  0.772  58.404 0.0000000000
53588  10.248  0.605  62.025 0.0000000000
53623  9.668  0.340  60.466 0.0000000000
53639  8.835  -0.192  59.882 0.0000000000
51709  8.471  -2.592  57.442 0.0000000000
50698  7.728  -4.018  57.994 0.0000000000
63522  31.456  9.425  49.597 0.0000000000
63552  31.396  8.803  47.073 0.0000000000
62577  31.106  8.582  46.429 0.0000000000
62576  31.704  8.089  46.920 0.0000000000
61592  31.915  7.398  46.309 0.0000000000
59776  32.205  4.700  45.283 0.0000000000
58795  31.295  3.779  45.488 0.0000000000
60587  26.328  7.540  52.348 0.0000000000
60586  27.194  6.996  52.805 0.0000000000
60596  26.042  7.495  51.525 0.0000000000
59696  26.606  6.755  51.035 0.0000000000
59709  27.352  6.101  50.837 0.0000000000
60620  25.655  7.125  49.292 0.0000000000
59710  26.720  6.343  50.329 0.0000000000
58739  27.688  5.471  49.725 0.0000000000
58738  28.213  5.246  49.482 0.0000000000
57716  28.263  4.972  48.732 0.0000000000
58773  27.084  5.032  47.753 0.0000000000
126292  26.787  4.863  47.023 0.0000000000
58785  26.209  5.026  46.366 0.0000000000
58798  25.865  4.901  45.509 0.0000000000
58814  25.464  4.615  44.139 0.0000000000
69234  28.164  15.872  44.480 0.0000000000
69239  27.881  16.012  43.671 0.0000000000
68372  26.399  14.603  42.174 0.0000000000
68367  26.470  13.742  42.769 0.0000000000
67478  26.169  13.805  41.846 0.0000000000
75045  48.534  21.833  27.116 0.0000000000
74141  47.524  20.531  25.345 0.0000000000
69310  35.360  14.836  36.750 0.0000000000
69311  34.410  15.203  36.646 0.0000000000
135354  32.994  17.812  38.501 0.0000000000
70202  32.184  16.972  37.426 0.0000000000
69313  32.194  15.686  36.481 0.0000000000
73112  38.338  19.512  38.594 0.0000000000
72179  37.744  18.386  37.762 0.0000000000
118353  36.960  18.657  38.119 0.0000000000
71213  37.066  17.674  37.597 0.0000000000
70199  36.933  16.515  37.449 0.0000000000
63381  27.795  9.784  60.851 0.0000000000
62425  28.376  9.275  60.281 0.0000000000
62453  28.102  8.374  58.858 0.0000000000
62463  26.833  8.475  56.785 0.0000000000
61490  27.370  7.796  56.280 0.0000000000
119499  27.205  7.613  55.537 0.0000000000
131825  26.465  7.881  54.503 0.0000000000
63466  23.586  10.444  54.504 0.0000000000
63465  24.479  10.018  54.626 0.0000000000
62500  24.732  9.479  53.583 0.0000000000
62499  25.408  8.724  53.714 0.0000000000
61518  25.615  8.332  53.086 0.0000000000
134784  25.790  8.038  52.583 0.0000000000
61526  25.551  8.101  51.893 0.0000000000
119366  24.704  8.596  50.679 0.0000000000
61546  24.611  8.392  49.844 0.0000000000
124996  23.997  8.836  49.596 0.0000000000
61556  24.267  8.432  48.896 0.0000000000
61579  23.642  8.420  47.205 0.0000000000
59754  18.956  6.180  47.875 0.0000000000
64546  27.670  10.336  43.387 0.0000000000
72204  45.137  19.189  33.801 0.0000000000
72208  40.987  18.555  33.186 0.0000000000
72207  41.825  18.728  33.203 0.0000000000
72206  42.620  18.930  33.207 0.0000000000
73152  42.022  19.371  32.111 0.0000000000
73145  43.467  19.177  33.142 0.0000000000
73143  44.448  19.313  33.250 0.0000000000
117125  45.465  19.572  33.156 0.0000000000
73149  45.347  19.862  32.381 0.0000000000
74090  45.658  20.150  31.899 0.0000000000
74101  45.243  20.344  31.247 0.0000000000
75037  45.750  21.255  28.698 0.0000000000
60580  17.736  6.978  53.458 0.0000000000
119095  17.406  6.300  53.822 0.0000000000
60573  17.517  6.978  54.202 0.0000000000
60566  17.012  6.806  55.638 0.0000000000
59614  16.356  5.944  58.028 0.0000000000
137287  18.755  9.205  59.046 0.0000000000
123011  17.980  8.400  59.130 0.0000000000
132112  17.889  8.442  60.114 0.0000000000
61461  17.563  7.783  59.033 0.0000000000
60532  17.115  7.060  58.865 0.0000000000
126141  16.306  5.796  58.747 0.0000000000
59607  16.184  5.648  59.416 0.0000000000
59604  15.760  5.206  60.592 0.0000000000
59599  15.647  5.318  61.426 0.0000000000
64358  28.157  10.349  61.492 0.0000000000
63366  27.952  10.085  61.199 0.0000000000
62427  27.003  9.582  60.327 0.0000000000
63398  25.912  10.206  60.186 0.0000000000
63415  25.739  10.006  59.231 0.0000000000
64400  23.564  11.111  58.521 0.0000000000
134633  23.555  10.874  57.806 0.0000000000
135475  23.163  10.747  57.085 0.0000000000
63453  21.706  10.587  56.241 0.0000000000
63439  20.114  10.037  56.548 0.0000000000
63455  19.947  9.953  55.712 0.0000000000
67508  35.271  13.996  36.036 0.0000000000
70211  43.844  15.931  36.708 0.0000000000
122943  42.794  16.217  35.972 0.0000000000
70217  42.294  16.437  35.616 0.0000000000
70223  41.212  17.223  34.704 0.0000000000
70220  39.771  15.816  35.498 0.0000000000
71248  39.649  17.109  34.246 0.0000000000
132209  39.928  17.693  33.726 0.0000000000
134983  17.128  5.762  54.124 0.0000000000
59677  16.903  5.158  53.926 0.0000000000
58691  16.608  4.456  53.665 0.0000000000
123843  16.446  4.931  55.075 0.0000000000
57631  16.193  4.004  54.224 0.0000000000
57604  15.251  3.431  56.466 0.0000000000
131252  14.923  2.828  56.250 0.0000000000
56626  14.436  2.257  56.500 0.0000000000
56635  14.773  2.438  55.657 0.0000000000
55630  14.666  2.044  55.024 0.0000000000
55654  14.529  1.092  54.031 0.0000000000
54723  14.155  0.339  53.874 0.0000000000
53723  13.404  -0.789  53.758 0.0000000000
52737  12.897  -1.069  54.201 0.0000000000
52749  12.618  -1.703  53.895 0.0000000000
130028  12.870  0.864  59.122 0.0000000000
53650  12.284  0.511  58.021 0.0000000000
53604  11.612  0.719  61.250 0.0000000000
53621  11.398  0.648  60.355 0.0000000000
53637  11.439  0.578  59.432 0.0000000000
53652  10.612  0.296  58.570 0.0000000000
53636  11.935  0.566  59.284 0.0000000000
134842  11.798  0.456  58.358 0.0000000000
52705  11.695  -0.745  56.156 0.0000000000
52725  11.336  -1.348  55.647 0.0000000000
51722  10.640  -1.603  55.856 0.0000000000
51737  10.936  -2.041  55.170 0.0000000000
49663  4.184  -4.296  61.620 0.0000000000
48604  4.147  -4.956  61.128 0.0000000000
71147  33.574  17.687  44.556 0.0000000000
70124  29.804  16.551  45.127 0.0000000000
69231  27.773  15.202  45.001 0.0000000000
126611  28.348  11.103  44.312 0.0000000000
125699  28.074  12.250  47.621 0.0000000000
66437  28.254  11.989  46.678 0.0000000000
65483  28.899  11.344  46.639 0.0000000000
133420  28.640  11.556  46.040 0.0000000000
64545  28.230  10.478  43.897 0.0000000000
62614  28.136  8.235  43.469 0.0000000000
136500  29.128  6.996  43.196 0.0000000000
60708  29.525  5.800  42.252 0.0000000000
62587  30.843  8.164  45.757 0.0000000000
61621  30.829  7.117  44.741 0.0000000000
61622  30.256  7.170  44.289 0.0000000000
59824  29.643  5.055  41.512 0.0000000000
57838  29.247  3.688  41.183 0.0000000000
116467  29.074  3.183  40.662 0.0000000000
59706  34.036  6.682  50.842 0.0000000000
62439  28.906  8.732  59.648 0.0000000000
61457  29.362  8.316  58.930 0.0000000000
61466  29.715  7.993  58.225 0.0000000000
60543  28.939  7.157  57.042 0.0000000000
60530  29.596  7.584  57.612 0.0000000000
60529  29.962  7.668  57.605 0.0000000000
59632  30.810  6.833  55.497 0.0000000000
59675  27.927  6.560  53.176 0.0000000000
59674  28.498  6.342  53.417 0.0000000000
58679  28.892  6.278  53.786 0.0000000000
57645  28.811  5.974  52.764 0.0000000000
57644  29.099  5.985  53.208 0.0000000000
129090  29.401  6.207  54.361 0.0000000000
58661  30.177  6.251  54.700 0.0000000000
59647  30.512  6.459  55.100 0.0000000000
59631  31.636  7.045  55.063 0.0000000000
59645  32.032  6.931  54.123 0.0000000000
58698  31.660  6.266  52.199 0.0000000000
58697  32.197  6.258  51.852 0.0000000000
59684  32.890  6.690  52.336 0.0000000000
59694  33.484  6.427  51.135 0.0000000000
59707  33.792  5.995  50.400 0.0000000000
59723  34.215  6.474  50.085 0.0000000000
59724  33.885  5.793  49.607 0.0000000000
59739  33.180  4.930  48.379 0.0000000000
117854  31.702  3.950  48.282 0.0000000000
58769  32.212  4.127  47.495 0.0000000000
59751  32.531  4.511  46.860 0.0000000000
58770  32.023  3.944  46.748 0.0000000000
58796  30.270  3.413  45.294 0.0000000000
118603  28.454  4.601  48.158 0.0000000000
57742  28.602  3.684  46.796 0.0000000000
57756  27.363  3.662  45.803 0.0000000000
57754  29.379  3.247  46.019 0.0000000000
57797  28.952  3.115  43.190 0.0000000000
57822  27.314  2.791  42.113 0.0000000000
57840  27.781  2.567  41.572 0.0000000000
71157  33.237  17.697  43.507 0.0000000000
71166  32.511  17.568  42.839 0.0000000000
136731  32.214  17.560  42.303 0.0000000000
71160  31.036  17.475  43.164 0.0000000000
71168  30.921  17.508  42.159 0.0000000000
71179  31.058  17.570  41.161 0.0000000000
70174  29.536  17.032  39.265 0.0000000000
70145  28.398  16.718  42.205 0.0000000000
70153  28.308  16.703  41.292 0.0000000000
135014  27.059  15.819  40.849 0.0000000000
69263  27.513  16.208  40.905 0.0000000000
131042  28.232  16.581  40.447 0.0000000000
70163  28.864  16.827  39.854 0.0000000000
70175  28.701  16.565  38.995 0.0000000000
75048  45.837  21.232  27.825 0.0000000000
74130  46.077  20.993  27.059 0.0000000000
53602  12.330  0.860  60.974 0.0000000000
57630  29.443  6.073  53.705 0.0000000000
57656  30.475  5.925  52.150 0.0000000000
57659  28.914  5.819  52.083 0.0000000000
57686  29.014  5.392  50.571 0.0000000000
57698  30.405  4.552  49.641 0.0000000000
57713  30.497  4.015  48.964 0.0000000000
57728  28.799  4.064  47.641 0.0000000000
58651  29.590  6.438  55.421 0.0000000000
58662  29.683  6.235  54.895 0.0000000000
58664  29.046  6.300  54.458 0.0000000000
58678  29.138  6.185  53.778 0.0000000000
58688  28.445  6.208  52.901 0.0000000000
58699  30.957  6.121  52.554 0.0000000000
58712  28.349  5.718  51.117 0.0000000000
58736  32.531  4.604  49.094 0.0000000000
58772  27.421  4.556  47.225 0.0000000000
59623  29.562  6.925  56.437 0.0000000000
59634  29.736  6.657  55.909 0.0000000000
59636  28.948  6.638  55.879 0.0000000000
59646  31.258  6.680  54.619 0.0000000000
59650  28.267  6.653  54.658 0.0000000000
59661  31.675  6.691  53.785 0.0000000000
59662  28.657  6.431  54.157 0.0000000000
59685  32.499  6.504  52.281 0.0000000000
59727  26.418  6.376  49.567 0.0000000000
59738  33.730  5.678  48.717 0.0000000000
60531  29.192  7.480  57.566 0.0000000000
60542  29.408  7.211  56.998 0.0000000000
60554  31.153  7.294  56.007 0.0000000000
60565  27.773  7.064  55.143 0.0000000000
60595  26.956  6.919  51.968 0.0000000000
60608  34.337  6.932  50.588 0.0000000000
60633  24.760  7.855  48.458 0.0000000000
61456  29.839  8.390  58.799 0.0000000000
61465  30.139  8.087  58.127 0.0000000000
61468  28.688  7.773  58.072 0.0000000000
61478  28.388  7.451  57.226 0.0000000000
61479  27.589  7.942  57.066 0.0000000000
61503  18.483  8.805  55.350 0.0000000000
61519  24.966  8.986  52.815 0.0000000000
61529  18.446  7.571  52.209 0.0000000000
61580  22.484  8.765  47.279 0.0000000000
62438  29.443  8.746  59.490 0.0000000000
62466  18.880  9.292  57.758 0.0000000000
62503  19.107  9.063  53.219 0.0000000000
62522  20.721  9.709  51.391 0.0000000000
63365  28.617  9.939  61.062 0.0000000000
63379  29.098  9.554  60.573 0.0000000000
63382  26.991  9.939  60.910 0.0000000000
63436  23.943  10.523  56.415 0.0000000000
63504  22.538  10.213  51.360 0.0000000000
68335  28.312  14.708  46.804 0.0000000000
68415  42.006  15.063  37.244 0.0000000000
69247  26.596  15.256  41.613 0.0000000000
70216  43.467  16.382  36.086 0.0000000000
120939  19.029  7.247  49.121 0.0000000000
121988  29.407  5.690  51.824 0.0000000000
126293  31.266  6.454  53.540 0.0000000000
127174  29.212  5.817  52.621 0.0000000000
129197  33.289  6.738  51.817 0.0000000000
130330  30.296  15.752  36.540 0.0000000000
133220  19.330  9.525  55.551 0.0000000000
134480  18.296  6.493  50.643 0.0000000000
134892  23.543  10.196  52.811 0.0000000000
134975  27.371  8.633  58.570 0.0000000000
137735  20.496  10.122  53.508 0.0000000000
138089  27.672  16.239  40.289 0.0000000000
139603  28.557  6.027  52.371 0.0000000000
