#!ascii label  , from subject sub-v1s18x0051211_ses-1 vox2ras=TkReg
1597
114806  -30.443  -21.754  -32.334 0.5000000000
33657  -30.091  -21.854  -31.937 0.4000000060
33647  -30.348  -21.571  -31.170 0.6000000238
34671  -30.056  -20.324  -31.882 0.6000000238
34682  -30.920  -20.335  -32.468 0.6000000238
33656  -30.029  -20.958  -32.017 0.5000000000
35699  -31.570  -19.686  -32.444 0.6000000238
34662  -30.306  -20.796  -31.086 0.6999999881
34651  -30.716  -21.114  -30.232 0.6999999881
35686  -30.131  -19.799  -31.655 0.6999999881
35697  -30.167  -19.795  -31.795 0.6999999881
36750  -31.077  -19.058  -32.031 0.6999999881
36751  -32.198  -19.085  -32.139 0.5000000000
36733  -31.547  -18.478  -31.694 0.6999999881
35700  -32.875  -19.871  -32.712 0.5000000000
27528  -22.889  -27.006  -30.506 0.5000000000
35672  -30.585  -20.145  -30.429 0.6999999881
35671  -30.065  -19.372  -31.126 0.6999999881
36731  -30.093  -18.776  -31.298 0.6999999881
36717  -30.033  -18.551  -30.560 0.6999999881
37709  -29.940  -18.116  -31.125 0.6999999881
37708  -29.882  -18.640  -31.132 0.6999999881
37690  -29.727  -17.975  -30.824 0.6999999881
36734  -32.787  -18.548  -31.581 0.6000000238
33613  -27.615  -21.124  -27.267 0.6999999881
34630  -27.991  -20.555  -27.198 0.6999999881
35659  -30.962  -19.724  -29.318 0.6999999881
35648  -30.926  -18.850  -27.994 0.6999999881
27542  -22.706  -26.630  -30.440 0.6000000238
26568  -22.119  -28.893  -29.822 0.4000000060
127330  -30.585  -19.248  -30.114 0.6999999881
36732  -30.565  -18.576  -31.555 0.6999999881
37711  -31.941  -17.955  -31.248 0.6999999881
38673  -30.790  -16.761  -30.612 0.6999999881
124447  -32.849  -18.029  -31.008 0.6000000238
132507  -25.118  -20.992  -27.883 0.6999999881
33612  -26.366  -21.052  -27.642 0.6999999881
35619  -28.847  -20.129  -26.941 0.6999999881
34629  -26.776  -20.307  -27.530 0.6999999881
34628  -25.022  -20.306  -27.896 0.6999999881
29536  -22.619  -24.775  -29.720 0.6000000238
35634  -28.213  -19.342  -27.282 0.6999999881
36678  -30.242  -18.456  -27.645 0.6999999881
35635  -29.427  -19.151  -27.216 0.6999999881
123176  -26.946  -19.434  -27.471 0.6999999881
118408  -25.411  -19.519  -27.723 0.6999999881
27526  -21.753  -28.039  -30.178 0.5000000000
26580  -21.893  -28.289  -30.182 0.5000000000
37677  -29.611  -17.371  -30.302 0.6999999881
36702  -29.915  -17.942  -29.899 0.6999999881
35633  -25.774  -18.645  -27.590 0.6999999881
25597  -21.294  -29.158  -30.154 0.4000000060
37691  -30.221  -17.416  -31.005 0.6999999881
36689  -30.465  -18.132  -28.244 0.6999999881
125789  -28.549  -18.614  -27.330 0.6999999881
36676  -27.388  -18.606  -27.427 0.6999999881
24610  -20.912  -29.852  -30.170 0.4000000060
37666  -29.806  -17.471  -28.914 0.6999999881
113622  -28.095  -17.845  -27.434 0.6999999881
112759  -26.337  -17.681  -27.580 0.6999999881
37710  -30.811  -17.946  -31.369 0.6999999881
122268  -29.711  -17.468  -30.786 0.6999999881
38637  -28.277  -16.561  -27.843 0.6999999881
37656  -27.613  -16.957  -27.598 0.6999999881
37692  -31.305  -17.384  -30.950 0.6999999881
120574  -28.609  -16.314  -29.089 0.6999999881
37694  -33.566  -17.767  -30.374 0.6000000238
38674  -31.911  -16.906  -30.294 0.6999999881
39733  -30.346  -16.106  -30.297 0.6999999881
38645  -34.212  -16.635  -28.770 0.5000000000
117328  -35.072  -17.006  -29.277 0.5000000000
38686  -36.667  -16.859  -31.732 0.4000000060
38685  -36.068  -17.376  -31.245 0.5000000000
120693  -24.127  -19.611  -27.710 0.6999999881
29528  -23.214  -24.765  -28.414 0.6000000238
36677  -29.284  -18.114  -27.464 0.6999999881
28503  -22.422  -26.545  -30.086 0.5000000000
35632  -24.223  -18.851  -27.682 0.6999999881
38671  -29.473  -16.869  -30.358 0.6999999881
37665  -29.169  -16.898  -28.208 0.6999999881
38672  -29.861  -16.851  -30.629 0.6999999881
38654  -28.255  -15.807  -29.577 0.6999999881
118506  -32.795  -15.396  -28.186 0.6999999881
38675  -32.778  -17.204  -30.027 0.6999999881
39722  -33.275  -16.435  -28.929 0.6999999881
38657  -32.588  -16.616  -29.535 0.6999999881
39703  -33.544  -15.834  -28.244 0.6999999881
31574  -23.752  -22.485  -27.528 0.6999999881
32578  -24.224  -22.103  -26.920 0.6999999881
33597  -23.817  -21.097  -27.370 0.8000000119
33582  -24.210  -20.620  -26.842 0.8000000119
115935  -23.354  -22.941  -27.956 0.6000000238
31575  -24.871  -23.241  -26.682 0.6000000238
117222  -23.884  -20.375  -27.572 0.8000000119
30562  -24.309  -23.647  -27.263 0.6000000238
30563  -25.281  -24.572  -26.398 0.6000000238
34614  -24.042  -19.763  -27.506 0.6999999881
124190  -24.561  -24.603  -27.059 0.6000000238
28493  -22.915  -25.932  -28.487 0.6000000238
28494  -23.681  -25.771  -27.670 0.6000000238
35631  -23.779  -18.932  -27.539 0.6999999881
27511  -22.023  -27.419  -29.918 0.5000000000
27499  -21.863  -27.471  -29.334 0.6000000238
35616  -23.828  -18.986  -27.552 0.6999999881
39732  -29.456  -16.150  -30.230 0.6999999881
121028  -29.228  -16.812  -29.640 0.6999999881
39701  -31.233  -15.093  -28.759 0.8000000119
38656  -31.546  -16.176  -29.759 0.6999999881
38655  -28.992  -16.291  -29.914 0.6999999881
38636  -27.293  -16.370  -27.821 0.6999999881
39702  -32.063  -15.260  -28.432 0.8000000119
39719  -28.766  -15.705  -29.976 0.6999999881
38659  -35.714  -16.469  -29.246 0.5000000000
38677  -36.569  -16.609  -30.705 0.5000000000
39734  -37.031  -15.825  -30.319 0.5000000000
38687  -37.207  -16.294  -32.214 0.4000000060
31559  -25.631  -22.867  -26.124 0.6000000238
32560  -25.092  -21.727  -26.408 0.6999999881
33583  -25.618  -21.024  -26.151 0.8000000119
34604  -24.955  -20.126  -26.452 0.8000000119
29518  -24.878  -25.427  -26.516 0.6000000238
34615  -23.967  -19.620  -27.300 0.8000000119
27500  -22.558  -26.978  -28.264 0.6000000238
28478  -23.506  -26.620  -27.368 0.6000000238
35617  -23.829  -18.846  -27.337 0.6999999881
27510  -21.602  -27.973  -30.010 0.5000000000
37643  -23.682  -18.606  -27.409 0.6999999881
36665  -23.835  -18.260  -27.324 0.6999999881
26566  -20.899  -29.199  -30.085 0.5000000000
27498  -21.325  -28.233  -29.323 0.5000000000
36675  -24.499  -17.938  -27.590 0.6999999881
130579  -25.218  -17.145  -27.834 0.6999999881
110580  -30.744  -14.442  -28.510 0.8000000119
122118  -30.887  -15.537  -29.529 0.8000000119
120865  -29.194  -15.348  -30.084 0.6999999881
39718  -27.933  -15.218  -29.898 0.6999999881
114185  -26.305  -15.848  -28.299 0.6999999881
39720  -29.967  -15.482  -29.974 0.6999999881
38676  -35.813  -17.060  -30.092 0.5000000000
32561  -26.651  -22.969  -25.538 0.6999999881
129969  -25.980  -22.393  -25.893 0.6999999881
33584  -26.490  -22.009  -25.671 0.8000000119
125290  -26.829  -21.137  -25.625 0.8000000119
30550  -25.918  -24.044  -25.865 0.6999999881
35609  -25.777  -19.585  -26.081 0.6999999881
35618  -24.635  -18.698  -26.620 0.8000000119
36652  -26.077  -18.636  -25.973 0.6999999881
27481  -22.073  -28.011  -27.746 0.6000000238
25567  -20.444  -29.303  -29.201 0.4000000060
37655  -25.798  -16.672  -27.915 0.6999999881
37654  -24.551  -17.060  -27.643 0.6999999881
114544  -24.005  -17.693  -27.081 0.6999999881
24595  -19.865  -30.258  -29.557 0.4000000060
38635  -25.007  -16.116  -27.860 0.6999999881
111692  -24.368  -17.227  -27.304 0.6999999881
40808  -30.398  -14.947  -29.274 0.8000000119
38643  -27.191  -15.432  -29.226 0.6999999881
40792  -32.514  -14.818  -27.861 0.8000000119
120736  -33.339  -15.031  -27.783 0.6999999881
39704  -34.556  -15.774  -28.096 0.5000000000
39735  -37.443  -15.259  -30.826 0.5000000000
38660  -36.413  -16.120  -29.649 0.5000000000
112965  -37.870  -15.835  -32.791 0.4000000060
31560  -26.555  -23.713  -25.516 0.6000000238
32548  -27.577  -22.837  -25.151 0.6999999881
32562  -27.685  -21.900  -25.278 0.8000000119
34606  -27.916  -21.028  -25.339 0.8000000119
114456  -26.156  -25.174  -25.443 0.6999999881
34605  -27.000  -20.318  -25.601 0.8000000119
29506  -25.537  -25.720  -25.765 0.6000000238
113156  -28.118  -20.193  -25.364 0.8000000119
28480  -25.020  -26.168  -25.969 0.6000000238
35610  -27.140  -19.463  -25.590 0.8000000119
27482  -23.150  -27.544  -26.928 0.6000000238
37645  -24.838  -17.750  -26.614 0.8999999762
38623  -24.398  -16.928  -27.069 0.8000000119
37646  -25.618  -16.933  -26.406 0.8000000119
26550  -21.320  -28.737  -27.794 0.5000000000
40758  -24.675  -14.858  -27.737 0.8000000119
38622  -24.756  -16.311  -27.520 0.6999999881
25549  -20.721  -29.228  -27.601 0.4000000060
115344  -29.682  -14.913  -29.772 0.8000000119
40807  -29.023  -14.607  -30.038 0.8000000119
39717  -26.759  -14.621  -29.573 0.8000000119
39688  -25.189  -15.480  -28.306 0.6999999881
40791  -31.642  -14.642  -28.105 0.8000000119
112334  -28.562  -15.076  -30.110 0.8000000119
39700  -26.041  -15.116  -28.739 0.6999999881
40806  -27.976  -14.398  -30.068 0.8000000119
40773  -32.189  -14.072  -27.645 0.8000000119
40789  -28.835  -13.815  -29.701 0.8000000119
39705  -35.387  -15.415  -28.241 0.6000000238
40775  -33.953  -14.476  -27.534 0.6000000238
120340  -36.796  -15.368  -29.748 0.5000000000
31545  -27.504  -23.967  -24.805 0.6000000238
33568  -28.653  -21.729  -24.890 0.6999999881
126396  -27.342  -24.876  -24.420 0.6000000238
31546  -28.255  -24.129  -24.059 0.6000000238
29494  -26.004  -26.082  -24.852 0.6000000238
27483  -24.050  -27.168  -26.304 0.6000000238
28464  -25.378  -26.548  -25.236 0.6000000238
26534  -22.702  -28.294  -26.237 0.5000000000
36653  -27.491  -18.656  -25.566 0.8000000119
26533  -21.996  -28.618  -26.690 0.3000000119
38610  -27.148  -16.866  -25.898 0.8000000119
37631  -26.671  -17.752  -25.845 0.8000000119
38624  -24.990  -16.199  -26.868 0.8000000119
40771  -24.712  -13.952  -28.057 0.8000000119
39698  -24.645  -14.869  -28.063 0.8000000119
39687  -24.668  -15.507  -27.986 0.6999999881
41895  -26.836  -13.755  -29.773 0.8000000119
41896  -27.841  -13.410  -29.764 0.8000000119
40774  -33.103  -14.259  -27.512 0.6999999881
40793  -35.648  -14.450  -28.207 0.6000000238
40826  -38.219  -14.233  -32.129 0.3000000119
113392  -28.330  -23.419  -24.405 0.6000000238
32550  -29.253  -22.333  -24.198 0.6999999881
33569  -29.486  -21.501  -24.391 0.6999999881
28446  -24.215  -26.486  -23.204 0.5000000000
29495  -26.771  -25.519  -24.441 0.6000000238
30538  -27.874  -24.699  -24.004 0.6000000238
34588  -28.892  -20.899  -25.035 0.6999999881
27465  -24.293  -27.521  -25.304 0.5000000000
28453  -25.522  -26.687  -24.384 0.5000000000
34607  -29.117  -20.070  -25.094 0.6999999881
26517  -22.940  -28.312  -25.073 0.3000000119
27464  -23.540  -27.892  -25.762 0.5000000000
35611  -28.337  -19.384  -25.387 0.8000000119
37632  -28.852  -17.799  -25.503 0.8000000119
36654  -28.579  -18.625  -25.419 0.8000000119
119369  -26.389  -16.202  -26.361 0.8999999762
38625  -27.723  -16.121  -26.076 0.8999999762
116885  -27.851  -17.456  -25.654 0.8000000119
40759  -25.327  -14.838  -27.066 0.8999999762
39676  -25.747  -15.510  -26.677 0.8999999762
41880  -30.279  -13.611  -28.289 0.8000000119
40805  -25.709  -13.806  -29.505 0.8000000119
40788  -25.618  -14.514  -29.027 0.8000000119
41881  -31.231  -13.923  -27.867 0.8000000119
41865  -32.815  -13.410  -27.384 0.6999999881
41882  -35.160  -13.931  -27.778 0.6000000238
41907  -37.035  -13.509  -30.135 0.6000000238
40816  -37.363  -14.418  -30.484 0.6000000238
31535  -28.760  -23.708  -23.493 0.6000000238
32538  -28.986  -23.058  -24.071 0.6000000238
30532  -28.197  -24.418  -23.398 0.6000000238
30531  -27.754  -24.892  -23.383 0.6000000238
28452  -24.906  -27.082  -24.075 0.6000000238
29485  -26.793  -25.695  -23.523 0.6000000238
34589  -29.734  -20.697  -24.544 0.6999999881
35613  -30.197  -18.885  -24.847 0.8000000119
119506  -23.729  -27.938  -24.946 0.4000000060
35612  -29.302  -19.250  -25.179 0.6999999881
36655  -29.379  -18.526  -25.288 0.8000000119
124353  -28.087  -15.491  -26.261 0.8000000119
37633  -29.664  -17.100  -25.555 0.8000000119
40772  -25.100  -13.903  -27.585 0.8999999762
39677  -27.130  -15.524  -26.408 0.8000000119
38611  -28.530  -16.763  -25.737 0.8000000119
129530  -26.080  -14.229  -26.885 0.8000000119
41878  -28.606  -13.010  -28.937 0.8000000119
43000  -25.300  -12.181  -29.025 0.8000000119
40787  -25.012  -14.010  -28.588 0.6999999881
41879  -29.581  -12.930  -28.372 0.8000000119
41893  -25.107  -13.047  -29.145 0.8000000119
41894  -25.859  -13.043  -29.639 0.8000000119
41864  -31.854  -13.274  -27.544 0.8000000119
42987  -29.011  -12.348  -28.401 0.8000000119
41868  -35.052  -13.174  -27.655 0.6999999881
41883  -35.613  -13.489  -28.139 0.6999999881
43003  -36.442  -12.827  -29.623 0.6000000238
43011  -37.143  -13.018  -30.892 0.6000000238
43016  -37.420  -12.926  -31.720 0.6000000238
30524  -27.783  -24.648  -22.839 0.6000000238
33542  -29.850  -22.020  -22.605 0.8000000119
33558  -29.818  -21.921  -23.607 0.6999999881
126533  -24.816  -25.312  -22.424 0.5000000000
29475  -26.640  -25.456  -22.862 0.5000000000
34590  -30.464  -20.440  -24.129 0.8000000119
35601  -29.984  -19.863  -24.704 0.6999999881
29483  -25.144  -26.221  -23.004 0.5000000000
29484  -26.096  -26.064  -23.274 0.5000000000
35602  -30.772  -19.584  -24.259 0.8000000119
36656  -30.778  -18.080  -24.801 0.8000000119
122239  -29.919  -17.976  -25.262 0.8000000119
37634  -30.595  -17.331  -25.250 0.8000000119
38626  -28.722  -15.826  -26.029 0.8000000119
118516  -27.350  -14.076  -26.677 0.8000000119
38612  -29.547  -16.183  -25.777 0.8000000119
115524  -28.093  -12.013  -28.668 0.8000000119
41861  -24.698  -12.763  -28.024 0.8000000119
42999  -24.901  -12.230  -28.512 0.8999999762
41863  -31.001  -13.244  -27.742 0.8000000119
42969  -29.775  -12.136  -27.980 0.8000000119
118332  -34.344  -12.951  -27.434 0.6999999881
42971  -33.485  -12.740  -27.331 0.6999999881
41897  -36.083  -13.067  -28.746 0.6999999881
42972  -34.127  -12.021  -27.531 0.6999999881
132443  -34.788  -12.470  -27.698 0.6999999881
44040  -35.218  -11.693  -28.757 0.6999999881
43002  -35.863  -12.246  -29.159 0.6999999881
32516  -29.427  -22.204  -21.763 0.8000000119
31523  -28.908  -23.362  -22.493 0.6000000238
32524  -29.336  -22.702  -22.328 0.6000000238
32503  -24.392  -22.152  -21.170 0.6000000238
31505  -24.871  -23.465  -21.636 0.5000000000
31507  -28.288  -23.528  -21.973 0.6000000238
33559  -30.318  -21.393  -23.163 0.8000000119
33509  -23.284  -21.480  -20.503 0.6000000238
33524  -24.714  -21.339  -21.155 0.6000000238
109635  -25.104  -21.981  -21.339 0.6000000238
130446  -26.563  -23.181  -21.536 0.5000000000
30522  -26.246  -24.865  -22.294 0.5000000000
117677  -23.105  -18.744  -21.440 0.5000000000
35567  -23.344  -19.634  -21.243 0.5000000000
34520  -24.566  -20.530  -21.190 0.6000000238
130877  -25.381  -24.862  -22.203 0.5000000000
31521  -26.681  -24.067  -21.846 0.5000000000
35592  -31.008  -20.065  -23.453 0.8000000119
36644  -31.141  -18.743  -24.363 0.8000000119
36610  -22.242  -18.504  -21.495 0.4000000060
132301  -31.409  -18.086  -24.428 0.6999999881
39666  -30.346  -15.627  -25.791 0.8000000119
38614  -31.233  -16.769  -25.184 0.6999999881
126324  -27.272  -13.250  -26.736 0.8000000119
117368  -27.809  -14.894  -26.453 0.8000000119
38613  -30.443  -16.497  -25.544 0.8000000119
39678  -29.522  -15.334  -26.105 0.8000000119
40762  -29.372  -14.549  -26.287 0.8000000119
42985  -25.456  -11.227  -28.702 0.8000000119
41862  -25.290  -12.623  -27.582 0.8000000119
112494  -26.789  -11.515  -28.910 1.0000000000
44018  -24.207  -10.652  -27.967 0.8000000119
123784  -32.474  -12.477  -27.335 0.8000000119
119201  -33.309  -11.979  -27.349 0.6999999881
110583  -28.655  -22.043  -21.188 0.8000000119
33529  -30.024  -21.512  -21.730 0.8000000119
34568  -30.528  -20.980  -22.010 0.8000000119
34546  -25.340  -20.245  -21.224 0.6000000238
32515  -28.023  -22.793  -21.483 0.6000000238
31508  -28.862  -22.866  -21.784 0.6000000238
33543  -30.318  -21.352  -22.451 0.8000000119
34569  -30.967  -20.296  -21.871 0.8000000119
120070  -24.049  -19.902  -21.313 0.5000000000
33525  -25.528  -21.510  -21.290 0.6000000238
34575  -30.738  -20.743  -22.717 0.8000000119
35593  -31.615  -19.440  -23.036 0.8000000119
36641  -32.077  -18.644  -23.297 0.6999999881
35568  -24.730  -19.663  -21.345 0.5000000000
33526  -26.426  -21.667  -21.223 0.6000000238
122486  -23.662  -18.205  -21.496 0.4000000060
36611  -24.025  -19.000  -21.425 0.4000000060
36645  -31.789  -18.420  -23.994 0.6999999881
37589  -23.816  -17.463  -21.573 0.4000000060
118320  -24.465  -18.083  -21.488 0.4000000060
34547  -26.112  -20.034  -21.026 0.4000000060
38599  -31.870  -16.979  -24.625 0.6999999881
119482  -24.609  -17.212  -21.567 0.4000000060
37591  -25.997  -17.627  -21.312 0.5000000000
38562  -24.015  -16.771  -21.636 0.3000000119
36613  -26.467  -18.343  -21.052 0.5000000000
40761  -28.502  -14.309  -26.449 0.8000000119
40750  -30.255  -14.715  -26.030 0.8000000119
127171  -31.662  -15.558  -25.319 0.8000000119
40751  -31.098  -15.081  -25.653 0.8000000119
44021  -28.896  -11.446  -28.122 0.8000000119
44038  -27.491  -10.907  -28.330 1.0000000000
126377  -24.565  -10.247  -28.180 0.8000000119
126813  -24.453  -10.585  -27.743 0.8000000119
42968  -25.423  -11.489  -27.418 0.8000000119
41847  -28.258  -13.369  -26.513 0.8000000119
42952  -27.530  -12.536  -26.594 0.8000000119
119107  -30.769  -11.950  -27.597 0.8000000119
44037  -25.838  -10.364  -28.310 0.8000000119
121764  -26.590  -11.540  -26.758 0.8000000119
44023  -31.775  -11.803  -27.345 0.8999999762
44025  -33.507  -11.293  -27.552 0.6999999881
42988  -34.793  -11.806  -27.978 0.6999999881
44039  -34.612  -11.191  -28.498 0.6999999881
44045  -35.496  -11.559  -29.721 0.6999999881
43009  -36.080  -11.995  -30.187 0.6999999881
43019  -36.796  -12.138  -32.312 0.6000000238
44053  -36.268  -11.771  -31.784 0.6999999881
44044  -34.828  -11.025  -29.416 0.6999999881
44058  -36.679  -11.885  -33.512 0.6000000238
33528  -29.402  -21.677  -21.212 0.8000000119
34551  -30.397  -20.812  -21.345 0.8000000119
123372  -25.206  -20.907  -21.193 0.5000000000
33511  -28.032  -21.186  -20.748 0.8000000119
34523  -29.259  -20.415  -20.616 0.8000000119
34549  -28.972  -21.241  -20.765 0.8000000119
113515  -25.908  -20.869  -21.152 0.6000000238
34521  -26.872  -19.768  -20.796 0.5000000000
35582  -31.513  -19.536  -22.269 0.6999999881
117191  -24.902  -18.798  -21.432 0.4000000060
35570  -26.230  -19.147  -21.043 0.5000000000
114248  -27.684  -20.282  -20.650 0.6999999881
33527  -27.500  -21.876  -21.086 0.6999999881
36627  -31.929  -18.983  -22.660 0.6999999881
121665  -32.556  -17.873  -23.126 0.6999999881
36646  -32.262  -17.907  -23.712 0.6999999881
37618  -32.627  -17.385  -23.515 0.6999999881
38594  -32.842  -16.771  -23.738 0.6999999881
121666  -26.403  -16.898  -21.324 0.5000000000
39668  -32.281  -15.589  -24.924 0.6999999881
39616  -25.353  -15.745  -21.603 0.4000000060
38564  -26.097  -16.241  -21.443 0.4000000060
41849  -29.889  -14.016  -26.192 0.8000000119
110818  -29.197  -13.754  -26.341 0.8000000119
41848  -29.108  -12.889  -26.260 0.8000000119
114769  -30.517  -12.917  -25.726 0.6999999881
45112  -25.568  -9.815  -27.606 0.8000000119
42953  -28.370  -12.507  -26.361 0.8000000119
44022  -30.055  -11.188  -27.698 0.8999999762
116724  -31.253  -11.125  -27.406 0.8999999762
132393  -29.255  -10.871  -27.834 0.8999999762
44020  -28.409  -10.410  -27.761 0.8000000119
45127  -26.815  -9.906  -27.673 0.8000000119
46228  -26.288  -9.421  -26.898 0.8000000119
116963  -32.106  -11.080  -27.269 0.8999999762
44024  -32.681  -11.534  -27.316 0.8999999762
45128  -33.582  -10.598  -27.822 0.8000000119
43021  -38.115  -12.872  -32.971 0.4000000060
44026  -34.172  -11.224  -27.878 0.8000000119
131830  -34.470  -10.814  -28.887 0.6999999881
130362  -35.612  -11.532  -30.392 0.6999999881
45147  -36.843  -10.890  -34.445 0.5000000000
34524  -30.076  -20.519  -20.808 0.8000000119
36593  -28.874  -18.523  -20.499 0.6999999881
35542  -30.638  -19.064  -20.756 0.6999999881
37590  -25.208  -17.732  -21.467 0.4000000060
36614  -27.352  -18.367  -20.768 0.6000000238
119683  -29.658  -18.858  -20.523 0.6999999881
36615  -31.850  -18.760  -21.947 0.6999999881
36628  -32.260  -18.349  -22.625 0.6999999881
37606  -32.593  -17.578  -22.505 0.6999999881
118842  -27.084  -16.942  -21.141 0.5000000000
38595  -33.269  -16.258  -23.431 0.6999999881
39617  -26.286  -15.515  -21.473 0.4000000060
38601  -33.100  -16.181  -24.012 0.6999999881
40692  -25.696  -14.849  -21.636 0.3000000119
39599  -27.706  -15.838  -21.059 0.5000000000
41836  -29.878  -13.295  -26.077 0.6999999881
117534  -31.400  -14.226  -25.582 0.6999999881
40740  -33.454  -14.970  -24.321 0.6999999881
39618  -27.103  -15.288  -21.319 0.4000000060
113455  -30.562  -13.843  -25.880 0.6999999881
40752  -31.937  -14.940  -25.357 0.6999999881
41837  -31.127  -13.392  -25.614 0.6999999881
42937  -29.802  -12.413  -25.836 0.6999999881
44006  -25.511  -10.361  -27.150 0.8000000119
44007  -26.859  -10.567  -26.501 0.8000000119
121863  -27.752  -11.656  -26.365 0.8000000119
45104  -27.171  -9.650  -26.228 0.8000000119
45115  -29.587  -10.226  -27.562 0.8000000119
45117  -31.881  -10.354  -27.358 0.8000000119
46241  -31.459  -9.494  -27.479 0.8000000119
45116  -30.822  -10.297  -27.431 0.8999999762
45118  -32.804  -10.599  -27.481 0.8999999762
46243  -33.077  -9.936  -27.801 0.8000000119
46257  -33.891  -9.968  -29.904 0.8000000119
44057  -36.180  -11.566  -32.782 0.6999999881
45131  -34.459  -10.485  -30.247 0.6999999881
45133  -35.110  -11.086  -30.572 0.6999999881
46264  -33.221  -9.645  -31.467 0.6999999881
35540  -29.939  -19.774  -20.631 0.6999999881
128748  -28.959  -17.177  -20.481 0.6000000238
37570  -29.490  -17.568  -20.441 0.6000000238
118239  -30.041  -18.188  -20.468 0.6999999881
113641  -30.824  -18.078  -20.634 0.6999999881
36594  -31.412  -18.596  -21.134 0.6999999881
37568  -27.562  -17.456  -20.862 0.5000000000
118623  -28.205  -18.919  -20.556 0.6000000238
37573  -31.753  -17.284  -20.919 0.6999999881
37593  -31.879  -17.988  -21.425 0.6999999881
36616  -32.212  -18.006  -22.067 0.6999999881
37569  -28.315  -17.266  -20.656 0.6000000238
38544  -27.749  -16.623  -20.935 0.5000000000
38546  -29.539  -16.768  -20.377 0.6000000238
38583  -33.323  -16.190  -22.729 0.6999999881
116420  -27.848  -15.042  -20.967 0.4000000060
119406  -28.479  -15.659  -20.652 0.6000000238
39646  -33.675  -15.580  -23.245 0.6999999881
121385  -33.288  -14.329  -24.573 0.6999999881
39656  -33.487  -15.646  -23.909 0.6999999881
41826  -32.745  -13.931  -24.964 0.6999999881
41787  -27.015  -13.492  -21.232 0.3000000119
128169  -32.045  -12.662  -25.278 0.6999999881
44008  -27.928  -10.658  -26.021 0.8000000119
43992  -28.882  -10.607  -25.700 0.8000000119
110977  -29.768  -11.442  -25.640 0.6999999881
42938  -30.512  -12.047  -25.596 0.6999999881
42940  -31.722  -11.927  -25.294 0.6999999881
45113  -26.688  -9.272  -26.998 0.8000000119
45087  -27.954  -9.555  -25.766 0.8000000119
118401  -30.341  -9.330  -27.395 0.8000000119
132181  -28.799  -9.871  -27.456 0.8000000119
45114  -27.927  -9.370  -27.184 0.8000000119
45086  -26.967  -9.291  -26.451 0.8000000119
47276  -31.793  -8.911  -27.708 0.8000000119
47274  -29.892  -7.942  -27.560 0.8000000119
47272  -28.474  -8.311  -26.545 0.8000000119
48275  -28.895  -7.754  -26.594 0.8000000119
48293  -29.027  -7.092  -27.479 0.8000000119
115295  -36.028  -11.385  -33.668 0.6000000238
44056  -35.571  -11.122  -33.187 0.6999999881
46260  -33.467  -9.601  -30.519 0.8000000119
45132  -34.469  -10.564  -31.353 0.6000000238
110813  -32.995  -9.581  -32.382 0.6999999881
46268  -33.532  -9.824  -32.890 0.6000000238
45135  -34.468  -10.555  -32.492 0.6000000238
37571  -30.229  -17.411  -20.420 0.6000000238
129857  -29.172  -16.049  -20.387 0.6000000238
38549  -32.079  -16.531  -20.926 0.6999999881
37594  -32.367  -17.246  -21.640 0.6999999881
39600  -29.891  -16.020  -20.095 0.6000000238
129342  -32.890  -15.636  -21.418 0.6999999881
38567  -33.229  -15.946  -22.010 0.6999999881
38582  -32.905  -16.756  -22.272 0.6999999881
40668  -27.996  -14.316  -20.837 0.4000000060
40669  -28.559  -14.715  -20.536 0.4000000060
39580  -30.111  -15.387  -19.845 0.5000000000
39602  -32.365  -15.759  -20.901 0.6999999881
39636  -33.656  -15.402  -22.511 0.6999999881
40670  -29.332  -15.244  -20.164 0.5000000000
40649  -30.026  -14.583  -19.820 0.5000000000
40714  -34.096  -14.865  -23.056 0.6999999881
40726  -33.891  -14.958  -23.756 0.6999999881
41758  -27.747  -13.632  -20.919 0.3000000119
41759  -28.496  -13.865  -20.586 0.3000000119
42939  -31.278  -12.591  -25.491 0.6999999881
40727  -34.243  -14.238  -23.591 0.6999999881
42866  -28.332  -12.969  -20.609 0.3000000119
41827  -33.496  -13.518  -24.523 0.6999999881
42925  -32.460  -12.170  -24.997 0.6999999881
42927  -34.076  -12.731  -24.252 0.6999999881
129137  -27.371  -8.992  -25.967 0.8000000119
122484  -30.986  -10.508  -25.331 0.6999999881
117772  -31.096  -11.759  -25.453 0.6999999881
43981  -33.889  -11.865  -24.453 0.6999999881
43994  -31.369  -11.159  -25.317 0.6999999881
45073  -32.679  -10.783  -24.922 0.6999999881
46238  -27.752  -8.921  -26.473 0.8000000119
125002  -30.391  -10.252  -25.381 0.6999999881
45091  -32.431  -9.939  -25.131 0.6999999881
119209  -29.118  -9.281  -27.245 0.8000000119
46229  -27.591  -8.922  -26.051 0.8000000119
117613  -28.013  -8.803  -25.729 0.8000000119
45088  -28.824  -9.523  -25.521 0.8000000119
119331  -31.546  -9.654  -25.260 0.8000000119
46216  -33.246  -9.253  -25.158 0.6999999881
123765  -30.827  -8.660  -27.535 0.8000000119
47260  -28.245  -8.325  -26.129 0.8000000119
132383  -29.080  -7.685  -25.861 0.8000000119
47245  -30.252  -8.187  -25.478 0.8000000119
47275  -30.989  -8.293  -27.751 0.8000000119
47273  -28.964  -7.710  -26.976 0.8000000119
47261  -28.743  -7.761  -26.065 0.8000000119
48252  -30.772  -7.585  -25.692 0.8000000119
46250  -32.530  -9.249  -27.923 0.8000000119
48295  -29.851  -7.593  -27.999 0.8000000119
48276  -29.057  -7.226  -26.809 0.8000000119
129245  -29.244  -7.378  -26.202 0.8000000119
48277  -30.072  -7.079  -26.125 0.8000000119
47284  -31.858  -8.574  -28.019 0.8000000119
49276  -28.964  -6.765  -27.653 0.8000000119
46255  -32.528  -8.992  -28.756 0.8000000119
45144  -36.256  -10.645  -34.139 0.5000000000
45140  -35.085  -10.552  -33.253 0.6000000238
47290  -32.356  -8.657  -29.930 0.8000000119
45143  -35.719  -10.979  -33.844 0.6000000238
117724  -35.628  -10.190  -33.709 0.6000000238
132520  -33.905  -10.223  -32.735 0.6000000238
46273  -35.003  -9.942  -33.548 0.6000000238
38547  -30.467  -16.660  -20.293 0.6999999881
38548  -31.316  -16.583  -20.459 0.6999999881
113962  -32.100  -15.123  -20.215 0.6999999881
39603  -32.772  -15.067  -20.850 0.6999999881
40650  -30.846  -14.498  -19.644 0.5000000000
40672  -32.607  -14.329  -20.081 0.6999999881
120670  -29.097  -13.374  -20.402 0.4000000060
115712  -29.672  -12.858  -20.264 0.4000000060
41760  -29.812  -13.664  -20.086 0.5000000000
40695  -33.945  -14.623  -22.281 0.6999999881
40715  -34.325  -14.110  -22.819 0.6999999881
122415  -28.630  -12.172  -20.434 0.3000000119
42867  -29.413  -12.141  -20.375 0.3000000119
41761  -30.504  -13.127  -19.807 0.5000000000
41802  -34.424  -13.317  -22.535 0.6999999881
41813  -34.455  -13.491  -23.387 0.6999999881
43915  -27.824  -12.243  -20.488 0.3000000119
45019  -29.466  -10.628  -20.194 0.3000000119
42914  -34.469  -12.781  -23.791 0.6999999881
45018  -28.487  -10.736  -20.238 0.3000000119
128216  -34.933  -10.519  -23.811 0.6999999881
119194  -29.728  -9.526  -25.399 0.8000000119
45090  -31.688  -10.425  -25.199 0.6999999881
121430  -33.523  -11.127  -24.637 0.6999999881
45089  -30.739  -9.714  -25.309 0.6999999881
46239  -28.420  -8.492  -26.898 0.8000000119
47243  -28.317  -8.333  -25.801 0.8000000119
46214  -30.953  -8.970  -25.324 0.6999999881
46215  -32.007  -9.117  -25.299 0.8000000119
46240  -29.568  -8.442  -27.288 0.8000000119
48253  -32.101  -7.616  -25.696 0.8000000119
48278  -31.321  -6.913  -26.171 0.8000000119
47283  -30.801  -8.023  -28.387 0.8000000119
48294  -28.921  -7.139  -27.812 0.8000000119
49277  -29.382  -6.802  -26.812 0.8000000119
49297  -29.502  -6.343  -27.578 0.8000000119
132917  -31.287  -6.278  -26.739 0.8000000119
117992  -31.587  -8.433  -29.126 0.8000000119
119734  -28.738  -6.920  -28.370 0.8000000119
118751  -28.822  -6.526  -28.463 0.8000000119
49299  -31.856  -5.885  -27.150 0.8000000119
47305  -32.452  -9.229  -31.823 0.8000000119
39601  -30.792  -15.865  -19.971 0.6000000238
39582  -31.319  -15.174  -19.815 0.6000000238
112793  -29.221  -14.232  -20.264 0.5000000000
40671  -31.693  -14.338  -19.717 0.6000000238
41739  -30.995  -13.824  -19.586 0.5000000000
41763  -32.621  -13.349  -19.791 0.6999999881
114823  -33.191  -13.804  -20.306 0.6999999881
41788  -33.717  -13.657  -21.054 0.6999999881
41762  -31.581  -13.323  -19.616 0.6000000238
41764  -33.428  -13.098  -20.228 0.6999999881
41789  -34.195  -13.097  -21.613 0.6999999881
43917  -29.878  -11.443  -20.245 0.3000000119
42872  -33.784  -12.355  -20.353 0.6999999881
115270  -28.126  -11.521  -20.323 0.3000000119
127437  -30.479  -9.659  -19.704 0.3000000119
43941  -34.650  -11.652  -21.378 0.6999999881
42892  -34.558  -12.407  -22.188 0.6999999881
47181  -27.922  -8.033  -19.714 0.3000000119
48174  -28.665  -7.844  -19.675 0.3000000119
47171  -29.126  -8.441  -19.628 0.3000000119
46133  -30.338  -8.565  -19.595 0.3000000119
109729  -27.774  -6.750  -20.190 0.3000000119
119641  -34.350  -11.042  -24.275 0.6999999881
45075  -34.544  -10.138  -24.335 0.6999999881
47247  -32.572  -8.436  -25.433 0.8000000119
49279  -32.222  -6.443  -26.568 0.8000000119
48314  -29.362  -7.445  -29.309 0.8000000119
48307  -28.609  -7.061  -28.805 0.8000000119
48313  -28.847  -7.080  -29.276 0.8000000119
48306  -28.564  -6.892  -28.973 0.8000000119
49315  -29.037  -6.382  -29.251 0.8000000119
49316  -29.950  -5.933  -28.466 0.8000000119
49298  -30.680  -5.955  -27.372 0.8000000119
47289  -31.127  -8.092  -30.334 0.8000000119
47295  -31.918  -8.617  -31.120 0.8000000119
47304  -31.751  -8.637  -31.996 0.6999999881
111441  -32.476  -9.109  -32.413 0.6000000238
42871  -32.941  -12.364  -19.739 0.6000000238
41765  -33.955  -12.936  -20.823 0.6999999881
45020  -30.397  -10.703  -19.968 0.4000000060
119543  -32.996  -10.852  -19.702 0.6000000238
42873  -34.355  -12.391  -21.074 0.6999999881
119542  -32.375  -10.030  -19.647 0.4000000060
43942  -34.916  -10.867  -21.657 0.6999999881
43963  -34.710  -12.000  -23.230 0.6999999881
109760  -31.016  -7.833  -19.603 0.3000000119
46145  -33.111  -9.300  -19.745 0.4000000060
114905  -34.595  -10.934  -20.839 0.6000000238
43951  -35.093  -10.756  -22.423 0.6999999881
43964  -35.142  -10.667  -23.130 0.6999999881
45076  -35.090  -9.916  -23.961 0.6999999881
46186  -35.641  -9.412  -22.931 0.6999999881
46200  -34.845  -9.410  -24.344 0.6999999881
47232  -35.226  -8.584  -24.244 0.6999999881
47246  -31.423  -8.317  -25.459 0.8000000119
109606  -33.116  -7.869  -25.562 0.8000000119
49278  -30.336  -6.466  -26.721 0.8000000119
49300  -32.923  -6.007  -27.017 0.8000000119
50331  -31.456  -5.647  -28.037 0.8000000119
48322  -29.953  -7.758  -30.983 0.8000000119
49325  -29.334  -6.853  -29.744 0.8000000119
50344  -30.032  -5.923  -29.448 0.8000000119
50355  -29.787  -6.362  -30.234 0.8000000119
47315  -33.888  -9.259  -33.369 0.6000000238
47303  -30.848  -8.147  -31.400 0.8000000119
48343  -32.928  -8.197  -33.137 0.6000000238
48342  -31.651  -8.047  -32.310 0.6999999881
42870  -32.044  -12.508  -19.618 0.6000000238
43920  -32.587  -11.569  -19.645 0.6000000238
43921  -33.444  -11.615  -19.933 0.6000000238
46144  -31.505  -9.604  -19.608 0.3000000119
43922  -34.198  -11.658  -20.576 0.6000000238
116145  -31.228  -8.845  -19.557 0.3000000119
45022  -33.473  -10.108  -19.942 0.5000000000
47183  -32.759  -8.589  -19.659 0.3000000119
47184  -33.544  -8.587  -19.992 0.5000000000
45042  -35.271  -10.161  -21.914 0.6999999881
49212  -30.437  -6.543  -20.231 0.3000000119
110955  -31.153  -6.915  -19.976 0.3000000119
47200  -35.003  -8.651  -21.237 0.4000000060
46172  -35.526  -9.470  -22.199 0.6999999881
50258  -29.863  -5.281  -20.901 0.3000000119
47206  -35.762  -8.639  -22.483 0.6000000238
48236  -35.214  -7.705  -24.443 0.6000000238
116341  -35.650  -7.872  -23.703 0.6000000238
47249  -34.291  -8.088  -25.123 0.8000000119
48235  -34.752  -8.119  -24.740 0.6999999881
111979  -35.636  -7.104  -24.020 0.6000000238
48254  -33.916  -7.658  -25.486 0.8000000119
48255  -34.681  -7.444  -25.105 0.6999999881
48256  -35.229  -7.035  -24.686 0.6999999881
48279  -32.453  -6.983  -26.107 0.8000000119
48280  -33.214  -7.278  -25.836 0.8000000119
49258  -34.184  -6.849  -25.763 0.6999999881
49259  -34.714  -6.048  -25.829 0.6999999881
49260  -34.969  -6.572  -25.211 0.6999999881
49280  -33.332  -6.576  -26.371 0.8000000119
49281  -34.166  -6.257  -26.321 0.6999999881
50332  -32.588  -5.588  -27.736 0.8000000119
50334  -34.201  -5.279  -27.178 0.6999999881
50322  -34.485  -5.624  -26.500 0.6999999881
125686  -30.216  -7.537  -30.092 0.8000000119
117448  -29.575  -7.121  -30.228 0.8000000119
50345  -31.153  -5.559  -29.015 0.8000000119
50347  -33.245  -5.257  -28.283 0.8000000119
49333  -29.329  -6.951  -30.837 0.8000000119
50356  -30.884  -5.590  -29.945 0.8000000119
50346  -32.348  -5.411  -28.634 0.8000000119
124325  -30.592  -7.921  -29.465 0.8000000119
48321  -29.485  -7.273  -31.078 0.8000000119
50369  -31.569  -5.174  -30.365 0.8000000119
48332  -30.106  -7.565  -31.455 0.8000000119
48341  -30.861  -7.398  -32.043 0.6999999881
47323  -33.688  -8.407  -33.465 0.6000000238
131455  -34.325  -7.738  -33.740 0.6000000238
126003  -31.000  -8.010  -31.783 0.8000000119
49350  -31.882  -7.041  -32.623 0.6999999881
46164  -34.665  -9.431  -20.875 0.5000000000
45041  -34.878  -10.190  -21.240 0.5000000000
47182  -32.004  -8.237  -19.571 0.3000000119
48188  -33.929  -7.824  -20.163 0.4000000060
49214  -32.547  -6.972  -19.867 0.3000000119
47201  -35.528  -8.206  -21.806 0.5000000000
50261  -32.312  -5.810  -20.483 0.3000000119
50262  -33.177  -6.142  -20.324 0.3000000119
48209  -35.836  -7.749  -22.420 0.6000000238
48210  -36.059  -7.289  -22.842 0.6000000238
50260  -31.378  -5.186  -20.824 0.3000000119
129448  -34.381  -5.578  -20.712 0.3000000119
51288  -30.949  -4.444  -21.393 0.3000000119
48219  -35.986  -7.216  -23.279 0.6000000238
51287  -29.622  -4.189  -21.715 0.3000000119
49252  -35.511  -6.324  -24.451 0.6999999881
50323  -35.077  -5.258  -25.956 0.6999999881
50358  -33.068  -5.071  -29.164 0.8000000119
50348  -33.968  -4.984  -27.903 0.6999999881
50357  -32.108  -5.269  -29.530 0.8000000119
51358  -32.730  -4.838  -29.977 0.6999999881
50367  -29.674  -6.443  -31.151 0.8000000119
50368  -30.357  -5.699  -30.814 0.6999999881
49363  -36.051  -6.814  -33.263 0.6000000238
114962  -30.154  -6.967  -31.739 0.6999999881
49349  -30.828  -6.396  -32.187 0.6999999881
49340  -30.103  -6.349  -31.631 0.6999999881
119034  -32.876  -7.249  -33.113 0.6999999881
49360  -33.605  -6.611  -33.479 0.6999999881
52368  -30.383  -3.832  -33.153 0.5000000000
53424  -31.149  -3.488  -33.597 0.5000000000
49241  -35.747  -6.892  -22.369 0.6000000238
49242  -36.095  -6.651  -22.964 0.6000000238
128152  -35.780  -6.042  -22.673 0.6000000238
117907  -35.761  -5.879  -23.821 0.6000000238
50309  -35.273  -5.741  -25.207 0.6999999881
51321  -35.514  -4.810  -25.208 0.6999999881
110676  -27.931  -3.549  -22.494 0.3000000119
51341  -34.540  -4.549  -27.448 0.6999999881
51333  -34.806  -4.848  -26.706 0.6999999881
51349  -33.822  -4.756  -28.725 0.6999999881
51350  -34.381  -4.304  -28.207 0.6000000238
51359  -33.634  -4.528  -29.613 0.6999999881
48331  -29.525  -6.994  -31.314 0.6999999881
51371  -30.894  -5.219  -31.146 0.6999999881
51372  -31.957  -4.588  -30.796 0.6000000238
130959  -30.626  -5.186  -32.018 0.6999999881
48353  -34.433  -6.965  -33.749 0.6000000238
49362  -35.109  -6.476  -33.692 0.5000000000
112687  -31.789  -6.124  -32.658 0.6999999881
51388  -31.445  -4.760  -33.048 0.6999999881
50389  -32.168  -5.556  -32.991 0.6999999881
50398  -32.649  -5.035  -33.317 0.6000000238
50291  -35.302  -5.202  -22.194 0.4000000060
50292  -35.786  -5.272  -22.941 0.5000000000
50293  -35.947  -5.932  -23.180 0.6000000238
51307  -35.686  -4.565  -23.340 0.5000000000
50298  -35.753  -5.272  -23.611 0.6000000238
119898  -35.613  -4.003  -24.750 0.6000000238
53318  -27.749  -2.872  -23.076 0.3000000119
53319  -28.569  -3.113  -22.699 0.3000000119
51334  -35.338  -4.436  -26.106 0.6999999881
52309  -35.113  -3.910  -26.926 0.6000000238
125564  -34.828  -3.863  -27.720 0.6000000238
51373  -33.225  -4.251  -30.296 0.6000000238
51360  -34.275  -4.049  -29.050 0.6000000238
50380  -30.438  -5.699  -31.547 0.6999999881
51382  -30.782  -4.810  -31.792 0.6999999881
52352  -31.640  -3.916  -31.415 0.6000000238
50388  -31.167  -5.461  -32.532 0.6999999881
50399  -33.355  -5.665  -33.433 0.6999999881
49361  -34.351  -6.078  -33.668 0.6000000238
50401  -34.959  -5.576  -33.691 0.5000000000
50400  -34.243  -5.212  -33.745 0.6000000238
51399  -34.917  -4.616  -33.825 0.5000000000
110751  -33.487  -4.906  -33.593 0.5000000000
51397  -32.783  -4.290  -33.537 0.5000000000
52370  -33.797  -3.637  -34.229 0.5000000000
115180  -32.501  -3.515  -33.829 0.5000000000
132630  -32.365  -2.841  -34.035 0.5000000000
51300  -35.049  -4.161  -22.053 0.4000000060
51301  -35.515  -4.622  -22.703 0.4000000060
52275  -35.003  -3.244  -22.390 0.4000000060
52274  -32.654  -3.191  -21.920 0.4000000060
51312  -35.679  -4.632  -24.179 0.6000000238
53331  -28.563  -2.458  -23.180 0.3000000119
124903  -29.217  -2.184  -23.305 0.3000000119
53333  -30.818  -2.147  -23.152 0.3000000119
52298  -35.510  -3.616  -26.089 0.6000000238
54435  -29.208  -1.211  -24.226 0.3000000119
52322  -35.295  -3.049  -27.632 0.6000000238
111444  -34.579  -3.179  -29.252 0.5000000000
52345  -33.498  -3.466  -30.441 0.6000000238
52334  -34.058  -3.820  -29.916 0.6000000238
132256  -32.694  -3.898  -30.786 0.6000000238
52344  -32.767  -3.185  -30.972 0.6000000238
126678  -30.787  -4.689  -32.476 0.6999999881
52369  -31.232  -4.085  -33.381 0.5000000000
52261  -34.293  -3.457  -21.787 0.4000000060
123461  -35.478  -3.892  -22.875 0.4000000060
119619  -35.652  -3.755  -23.794 0.5000000000
118311  -33.965  -2.143  -22.727 0.4000000060
52280  -35.631  -3.331  -24.440 0.4000000060
52290  -35.584  -3.413  -25.230 0.5000000000
54425  -29.564  -1.723  -23.687 0.3000000119
127734  -29.916  -1.304  -24.161 0.3000000119
114566  -35.600  -2.713  -25.759 0.4000000060
54436  -30.553  -1.069  -24.283 0.3000000119
127207  -31.218  -1.433  -23.681 0.4000000060
110570  -35.444  -2.996  -26.660 0.6000000238
53385  -35.157  -2.518  -28.594 0.5000000000
53393  -34.751  -2.276  -29.489 0.5000000000
53399  -33.567  -2.591  -30.564 0.6000000238
117894  -34.721  -1.410  -29.696 0.5000000000
53405  -31.940  -3.008  -31.534 0.6000000238
53398  -32.866  -2.331  -31.110 0.6000000238
52351  -30.659  -4.155  -32.348 0.6000000238
53404  -30.977  -3.023  -32.101 0.6000000238
52359  -30.429  -3.957  -32.915 0.5000000000
52360  -30.626  -4.237  -33.034 0.5000000000
53423  -30.132  -3.332  -33.250 0.5000000000
54506  -30.104  -2.501  -33.374 0.5000000000
53436  -31.521  -2.430  -33.875 0.5000000000
53324  -34.186  -2.735  -22.212 0.4000000060
52277  -35.446  -3.080  -23.206 0.4000000060
53338  -35.551  -2.170  -24.240 0.4000000060
117358  -35.612  -2.729  -24.733 0.4000000060
126945  -35.078  -1.967  -23.370 0.4000000060
53346  -35.615  -1.990  -25.089 0.4000000060
53358  -35.703  -1.803  -26.038 0.4000000060
55459  -29.814  -0.667  -24.723 0.3000000119
53386  -35.452  -2.181  -27.852 0.4000000060
131746  -35.573  -2.424  -26.379 0.5000000000
55473  -29.161  0.063  -25.239 0.3000000119
54473  -35.167  -1.647  -29.017 0.4000000060
53400  -34.242  -1.991  -30.195 0.5000000000
130576  -35.061  -0.972  -29.246 0.4000000060
54486  -33.543  -1.724  -30.685 0.5000000000
54485  -32.869  -1.503  -31.174 0.5000000000
52358  -29.985  -3.275  -33.090 0.5000000000
122336  -30.377  -3.652  -32.668 0.6000000238
54492  -31.104  -2.140  -32.304 0.6000000238
115713  -32.045  -2.166  -31.624 0.6000000238
53414  -30.026  -3.126  -32.764 0.6000000238
53422  -29.321  -2.862  -33.075 0.5000000000
54516  -31.232  -1.502  -33.983 0.5000000000
53413  -29.234  -2.798  -33.021 0.5000000000
58328  -26.991  2.409  -25.376 0.3000000119
117616  -28.648  2.083  -25.417 0.4000000060
58329  -29.172  2.889  -25.450 0.4000000060
55508  -31.039  -1.136  -32.354 0.5000000000
127767  -27.267  3.710  -25.385 0.4000000060
54499  -29.839  -2.374  -32.777 0.5000000000
56502  -32.009  0.693  -31.402 0.5000000000
56497  -32.825  0.263  -30.901 0.5000000000
115349  -29.595  -1.669  -32.716 0.5000000000
56501  -31.304  0.073  -32.114 0.5000000000
53412  -28.664  -2.496  -33.003 0.5000000000
54497  -28.184  -2.091  -32.977 0.6000000238
55533  -30.829  -0.783  -34.108 0.5000000000
54515  -29.910  -1.705  -33.497 0.6000000238
54505  -28.420  -1.926  -33.213 0.5000000000
55532  -29.614  -1.101  -33.728 0.6000000238
56536  -30.231  -0.173  -34.116 0.4000000060
59239  -27.962  3.717  -25.404 0.4000000060
58330  -30.575  2.439  -25.503 0.4000000060
55516  -30.143  -0.615  -32.569 0.5000000000
128868  -28.226  -1.545  -32.810 0.5000000000
56508  -27.900  -0.770  -32.809 0.5000000000
56509  -29.168  -0.141  -32.507 0.5000000000
130137  -28.998  -2.562  -33.160 0.5000000000
121205  -27.969  -1.521  -32.887 0.5000000000
119699  -29.297  0.434  -34.053 0.4000000060
56535  -28.251  -0.218  -33.476 0.5000000000
55531  -28.907  -0.723  -33.641 0.5000000000
59241  -29.751  3.779  -25.528 0.4000000060
120027  -27.512  4.436  -25.368 0.4000000060
57446  -31.790  1.698  -31.243 0.4000000060
55515  -27.910  -0.879  -32.837 0.4000000060
56520  -27.732  -0.025  -33.091 0.4000000060
57481  -28.650  1.334  -34.154 0.3000000119
57458  -31.202  1.045  -31.869 0.4000000060
113851  -27.685  0.324  -32.972 0.4000000060
57480  -27.841  1.276  -33.556 0.5000000000
58419  -29.143  2.338  -34.488 0.4000000060
58418  -27.929  2.127  -34.098 0.4000000060
57456  -27.975  1.494  -32.782 0.4000000060
59329  -31.199  3.555  -34.135 0.4000000060
57469  -27.609  0.978  -33.128 0.4000000060
117646  -28.098  2.892  -34.324 0.4000000060
113013  -27.760  3.291  -32.913 0.4000000060
120399  -28.719  4.194  -34.559 0.4000000060
59328  -30.031  3.916  -34.631 0.4000000060
115857  -30.919  4.336  -34.295 0.4000000060
59324  -31.577  4.262  -33.641 0.4000000060
59311  -27.168  3.004  -33.336 0.4000000060
59323  -27.327  3.310  -33.716 0.3000000119
59326  -27.779  3.736  -34.195 0.4000000060
114752  -28.243  4.171  -32.957 0.4000000060
61200  -28.156  5.211  -34.118 0.3000000119
60268  -29.051  4.905  -34.775 0.4000000060
60269  -30.191  4.885  -34.675 0.4000000060
60270  -31.049  5.032  -34.219 0.4000000060
60263  -27.722  4.223  -33.903 0.3000000119
61205  -28.628  5.718  -34.638 0.4000000060
121377  -29.398  5.510  -34.949 0.5000000000
60256  -27.996  4.654  -33.636 0.4000000060
61201  -28.488  5.988  -34.283 0.4000000060
111484  -30.695  -18.672  -29.090 0.6999999881
28492  -22.299  -26.374  -29.469 0.6000000238
34616  -24.436  -19.358  -26.701 0.8000000119
130492  -26.080  -20.453  -25.911 0.8000000119
30551  -26.816  -24.623  -25.134 0.6000000238
32549  -28.446  -22.563  -24.689 0.6999999881
118868  -27.916  -18.065  -25.550 0.8000000119
27453  -23.427  -27.823  -24.409 0.4000000060
129566  -29.432  -13.536  -28.876 0.8000000119
30507  -25.597  -24.184  -21.845 0.5000000000
129165  -30.574  -20.803  -23.506 0.8000000119
35569  -25.495  -19.385  -21.267 0.5000000000
35537  -27.536  -19.358  -20.644 0.6000000238
35571  -31.262  -19.459  -21.454 0.6999999881
42954  -28.867  -11.789  -25.983 0.6999999881
114849  -31.669  -15.850  -20.347 0.6999999881
40673  -33.271  -14.401  -20.896 0.6999999881
46199  -34.130  -9.585  -24.714 0.6999999881
47231  -34.330  -8.786  -24.843 0.6999999881
45023  -34.296  -10.171  -20.539 0.6000000238
46201  -35.401  -9.367  -23.734 0.6999999881
119387  -32.023  -10.908  -19.591 0.6000000238
47185  -34.315  -8.651  -20.534 0.5000000000
50285  -35.293  -6.121  -21.895 0.4000000060
114006  -34.799  -3.503  -28.409 0.6000000238
53325  -34.899  -2.458  -22.887 0.4000000060
54438  -35.480  -1.430  -24.531 0.4000000060
111707  -28.466  0.549  -32.618 0.4000000060
119590  -31.233  -21.153  -32.670 0.5000000000
34683  -32.025  -20.521  -32.773 0.5000000000
111749  -30.941  -21.262  -29.158 0.6999999881
28518  -23.468  -25.926  -30.449 0.5000000000
37693  -32.384  -17.538  -30.656 0.6999999881
37658  -29.789  -17.641  -27.841 0.6999999881
37657  -28.803  -17.287  -27.655 0.6999999881
38644  -27.672  -15.952  -28.644 0.6999999881
38658  -33.465  -17.049  -29.475 0.6999999881
38646  -35.181  -16.273  -28.617 0.5000000000
29517  -24.191  -25.196  -27.375 0.6000000238
36674  -23.747  -18.611  -27.520 0.6999999881
39721  -32.515  -15.887  -28.880 0.6999999881
30575  -23.728  -24.076  -27.754 0.6000000238
36664  -23.750  -18.657  -27.517 0.6999999881
39742  -37.200  -16.137  -31.198 0.4000000060
28479  -24.409  -26.220  -26.729 0.6000000238
40790  -29.787  -14.263  -29.193 0.8000000119
39706  -36.002  -15.121  -28.553 0.5000000000
39675  -24.837  -15.543  -27.344 0.8000000119
41866  -33.729  -13.616  -27.372 0.6999999881
40815  -36.819  -14.525  -29.657 0.6000000238
28448  -26.232  -26.268  -23.988 0.6000000238
41877  -24.826  -12.959  -28.337 0.8999999762
42986  -27.452  -12.581  -29.258 0.8000000119
41898  -36.472  -13.694  -29.261 0.6000000238
27445  -23.254  -27.281  -23.847 0.3000000119
27455  -24.915  -27.142  -24.806 0.5000000000
27454  -24.260  -27.520  -24.509 0.5000000000
132071  -22.839  -28.138  -24.635 0.4000000060
40760  -26.604  -14.848  -26.648 0.8999999762
118537  -30.420  -12.765  -27.859 0.8000000119
32539  -29.400  -22.816  -23.255 0.6000000238
33570  -30.185  -21.200  -23.945 0.8000000119
29476  -27.320  -25.210  -23.089 0.5000000000
128087  -24.834  -26.777  -23.573 0.5000000000
28447  -25.510  -26.583  -23.707 0.5000000000
123379  -28.720  -15.076  -26.315 0.8000000119
42989  -35.411  -12.527  -28.202 0.6999999881
44049  -36.301  -12.048  -30.986 0.6000000238
43025  -37.492  -12.233  -33.628 0.4000000060
30525  -28.323  -24.034  -22.675 0.6000000238
30506  -24.524  -24.339  -21.956 0.5000000000
30523  -27.132  -24.804  -22.507 0.5000000000
29474  -25.788  -25.557  -22.651 0.5000000000
35603  -31.474  -19.180  -23.749 0.6999999881
32512  -25.064  -22.664  -21.465 0.5000000000
110655  -25.781  -23.334  -21.581 0.6000000238
31522  -27.668  -24.148  -22.206 0.5000000000
34519  -23.653  -20.623  -20.857 0.6000000238
33510  -23.987  -21.427  -20.832 0.6000000238
32514  -26.977  -22.573  -21.387 0.6000000238
31506  -27.417  -23.443  -21.671 0.5000000000
37622  -32.382  -17.226  -24.069 0.6999999881
38615  -31.792  -16.224  -25.002 0.6999999881
42951  -26.478  -12.539  -27.001 0.8000000119
32513  -25.903  -22.391  -21.428 0.6000000238
34548  -26.905  -20.825  -20.844 0.6000000238
131314  -25.051  -18.251  -21.458 0.4000000060
36612  -25.622  -18.453  -21.318 0.4000000060
38600  -32.489  -16.396  -24.408 0.6999999881
38563  -25.478  -16.832  -21.501 0.4000000060
37592  -26.801  -17.587  -21.089 0.5000000000
132505  -30.832  -14.480  -25.790 0.6999999881
44052  -35.659  -11.305  -32.214 0.6999999881
35541  -30.635  -20.070  -21.020 0.6999999881
35538  -28.353  -19.848  -20.556 0.6999999881
35539  -29.046  -19.405  -20.518 0.6999999881
38565  -26.926  -16.195  -21.289 0.5000000000
40739  -32.720  -14.816  -24.863 0.6999999881
45129  -34.103  -10.608  -28.420 0.8000000119
130646  -29.373  -18.171  -20.472 0.6000000238
119363  -28.857  -17.784  -20.505 0.6000000238
40693  -26.500  -14.698  -21.479 0.3000000119
114392  -32.186  -14.290  -25.292 0.6999999881
40741  -33.869  -14.290  -24.189 0.6999999881
40694  -27.271  -14.361  -21.238 0.3000000119
46242  -32.338  -9.720  -27.599 0.8999999762
46252  -33.746  -10.009  -28.928 0.8000000119
46251  -33.188  -9.586  -28.428 0.8000000119
46261  -33.892  -10.056  -30.939 0.6000000238
45136  -35.088  -11.003  -31.742 0.6000000238
46265  -33.699  -10.160  -32.100 0.6000000238
47296  -32.818  -9.173  -30.748 0.8000000119
38545  -28.613  -16.529  -20.600 0.6000000238
127729  -28.131  -16.167  -20.845 0.5000000000
122955  -32.678  -13.061  -24.987 0.6999999881
118514  -29.737  -10.434  -25.499 0.8000000119
43995  -32.125  -11.327  -25.067 0.6999999881
46256  -33.223  -9.375  -29.568 0.8000000119
41738  -30.420  -13.925  -19.733 0.5000000000
41828  -34.223  -13.543  -24.037 0.6999999881
42926  -33.284  -12.514  -24.657 0.6999999881
43980  -33.000  -11.638  -24.780 0.6999999881
43982  -34.522  -11.981  -24.085 0.6999999881
45074  -33.572  -10.280  -24.756 0.6999999881
46212  -28.821  -8.666  -25.498 0.8000000119
46213  -29.853  -8.785  -25.393 0.8000000119
48251  -29.657  -7.618  -25.742 0.8000000119
129504  -33.709  -14.327  -21.582 0.6999999881
131856  -29.032  -12.700  -20.440 0.3000000119
42868  -30.210  -12.222  -20.147 0.5000000000
40696  -34.141  -13.885  -21.967 0.6999999881
43916  -29.009  -11.444  -20.349 0.3000000119
42869  -31.089  -12.374  -19.688 0.5000000000
42901  -34.594  -12.825  -23.105 0.6999999881
45061  -35.337  -10.021  -23.357 0.6999999881
45021  -31.299  -10.329  -19.661 0.3000000119
43950  -34.817  -11.495  -22.310 0.6999999881
47172  -29.683  -8.286  -19.614 0.3000000119
47313  -32.335  -8.609  -32.603 0.6999999881
114953  -33.875  -10.899  -20.232 0.6000000238
45050  -35.406  -10.096  -22.628 0.6999999881
114358  -35.718  -8.663  -23.337 0.6000000238
50321  -33.809  -5.927  -26.857 0.8000000119
48352  -33.672  -7.500  -33.506 0.6000000238
111894  -32.173  -9.106  -19.611 0.3000000119
46146  -33.933  -9.376  -20.281 0.5000000000
46165  -35.199  -9.488  -21.561 0.5000000000
50259  -30.498  -5.713  -20.604 0.3000000119
49213  -31.939  -6.604  -20.136 0.3000000119
48204  -35.472  -7.428  -21.792 0.5000000000
47207  -36.011  -7.925  -23.012 0.6000000238
49248  -35.850  -6.507  -23.571 0.6000000238
50333  -33.469  -5.511  -27.485 0.6999999881
49351  -32.657  -6.349  -33.085 0.6999999881
49215  -33.427  -6.907  -20.072 0.3000000119
49232  -34.058  -6.211  -20.394 0.3000000119
50280  -30.120  -4.612  -21.364 0.3000000119
51289  -31.714  -4.505  -21.257 0.3000000119
50303  -35.617  -5.434  -24.414 0.6000000238
127308  -30.594  -5.555  -32.011 0.6999999881
124850  -35.535  -4.078  -25.531 0.6999999881
115823  -34.827  -4.720  -21.495 0.4000000060
131153  -30.937  -3.596  -31.956 0.6000000238
51398  -34.071  -4.405  -33.956 0.6000000238
53425  -33.473  -2.864  -34.423 0.4000000060
53322  -32.091  -2.642  -22.477 0.4000000060
53332  -29.971  -2.322  -23.169 0.3000000119
54424  -28.662  -1.772  -23.711 0.3000000119
53372  -35.534  -2.168  -26.991 0.5000000000
52346  -34.239  -2.921  -30.065 0.5000000000
54437  -31.279  -0.764  -24.404 0.4000000060
54474  -35.398  -1.730  -28.332 0.5000000000
54448  -35.651  -1.178  -25.306 0.4000000060
113153  -35.364  -0.913  -28.549 0.4000000060
55502  -34.103  -1.019  -30.332 0.5000000000
54498  -28.616  -2.387  -32.905 0.6000000238
120904  -27.795  2.230  -25.403 0.3000000119
126069  -29.937  2.897  -25.501 0.4000000060
58397  -27.299  2.461  -33.282 0.4000000060
58398  -27.531  2.354  -32.946 0.4000000060
60257  -28.874  5.087  -32.984 0.4000000060
61202  -31.174  5.778  -34.368 0.3000000119
29521  -30.525  -25.061  -26.772 0.5000000000
30587  -30.679  -24.144  -27.983 0.5000000000
126610  -28.176  -26.188  -25.654 0.4000000060
29507  -28.404  -25.555  -25.786 0.5000000000
29508  -29.355  -25.810  -25.718 0.5000000000
30553  -29.893  -24.647  -25.980 0.5000000000
30567  -30.298  -24.448  -26.408 0.6000000238
31592  -30.652  -23.406  -27.306 0.6000000238
29520  -27.644  -25.104  -26.439 0.5000000000
29519  -26.919  -25.534  -27.062 0.5000000000
30565  -28.435  -24.644  -26.151 0.5000000000
30566  -29.288  -24.076  -26.074 0.5000000000
29530  -26.270  -25.088  -27.960 0.5000000000
31578  -29.808  -23.180  -26.334 0.6000000238
32581  -29.916  -22.254  -26.457 0.6000000238
32582  -30.430  -22.655  -26.758 0.6000000238
33600  -30.622  -21.736  -27.088 0.6000000238
130145  -30.300  -22.040  -26.656 0.6000000238
33614  -30.985  -21.666  -27.800 0.6000000238
34631  -30.957  -20.946  -27.660 0.6000000238
30577  -26.970  -24.685  -27.327 0.5000000000
30564  -27.653  -24.265  -26.735 0.5000000000
31577  -28.712  -23.248  -26.480 0.6000000238
29529  -25.460  -25.453  -28.683 0.5000000000
32580  -29.048  -22.471  -26.534 0.6000000238
28505  -24.921  -25.991  -29.117 0.5000000000
112517  -29.275  -21.830  -26.603 0.6000000238
34618  -30.416  -20.872  -26.999 0.6000000238
130124  -30.950  -20.546  -29.507 0.6000000238
123287  -26.964  -23.936  -27.405 0.5000000000
31576  -27.557  -23.369  -27.045 0.5000000000
30586  -25.603  -24.635  -28.629 0.5000000000
30576  -26.186  -24.080  -28.172 0.5000000000
31591  -26.428  -23.215  -27.761 0.5000000000
32579  -27.931  -22.523  -26.922 0.6000000238
29538  -24.503  -25.379  -29.569 0.5000000000
113907  -24.762  -24.577  -29.279 0.5000000000
124767  -28.288  -21.805  -26.860 0.6000000238
28504  -24.206  -26.143  -29.890 0.5000000000
30601  -23.820  -24.628  -29.751 0.5000000000
33598  -28.808  -21.091  -26.805 0.6000000238
34617  -29.642  -20.729  -26.766 0.6000000238
34641  -31.131  -20.415  -28.446 0.6000000238
119343  -30.702  -20.266  -27.481 0.6000000238
125899  -24.976  -23.778  -28.874 0.5000000000
32592  -24.373  -22.097  -28.340 0.5000000000
32593  -25.603  -22.301  -28.080 0.6000000238
33611  -24.635  -21.454  -28.115 0.6000000238
131320  -23.930  -23.749  -29.318 0.5000000000
32594  -26.849  -22.486  -27.521 0.6000000238
121685  -26.044  -21.676  -27.782 0.6000000238
29554  -23.658  -25.353  -30.175 0.5000000000
29560  -22.760  -25.831  -30.404 0.5000000000
35620  -29.952  -20.077  -26.994 0.6000000238
35636  -30.470  -19.410  -27.485 0.6000000238
32590  -23.476  -22.394  -28.171 0.5000000000
114998  -24.188  -22.856  -28.700 0.5000000000
30600  -23.225  -24.043  -29.528 0.5000000000
110789  -23.143  -24.748  -30.184 0.5000000000
31600  -23.039  -23.604  -29.090 0.6000000238
32604  -23.596  -21.963  -28.140 0.5000000000
33610  -23.612  -21.391  -27.996 0.5000000000
125627  -23.373  -22.894  -28.448 0.6000000238
31589  -23.435  -22.257  -28.095 0.6000000238
30585  -22.740  -24.165  -29.244 0.5000000000
30574  -23.235  -23.396  -28.588 0.5000000000
123108  -22.502  -25.520  -29.914 0.4000000060
130047  -23.359  -22.737  -28.250 0.6000000238
32577  -23.550  -21.586  -27.817 0.6000000238
32591  -23.504  -21.634  -27.934 0.5000000000
33596  -23.741  -20.927  -27.797 0.6000000238
34627  -23.975  -20.588  -27.858 0.6000000238
47248  -33.619  -8.363  -25.302 0.6000000238
47314  -32.971  -9.155  -33.019 0.5000000000
47324  -34.547  -8.430  -33.714 0.5000000000
62206  -30.285  6.298  -35.192 0.4000000060
63252  -31.610  7.191  -34.864 0.3000000119
63257  -31.981  7.849  -35.127 0.3000000119
28466  -28.088  -26.856  -25.562 0.4000000060
28468  -29.656  -26.731  -25.808 0.5000000000
28469  -30.100  -25.936  -25.998 0.5000000000
110192  -30.583  -24.118  -29.178 0.5000000000
28482  -27.545  -26.042  -25.955 0.4000000060
32595  -30.832  -22.484  -27.733 0.6000000238
31602  -30.711  -23.356  -28.403 0.5000000000
32605  -30.753  -22.665  -28.854 0.5000000000
27485  -26.412  -27.228  -26.303 0.4000000060
112590  -26.200  -25.931  -27.717 0.5000000000
27514  -24.807  -26.641  -28.895 0.5000000000
28495  -25.526  -26.321  -28.315 0.5000000000
27529  -23.483  -26.631  -30.353 0.4000000060
26581  -22.577  -27.617  -30.225 0.4000000060
41908  -37.526  -13.677  -31.012 0.4000000060
41913  -37.941  -13.733  -31.785 0.4000000060
43919  -31.687  -11.690  -19.638 0.5000000000
120297  -31.184  -11.019  -19.715 0.4000000060
46272  -34.770  -9.254  -33.625 0.5000000000
47325  -35.402  -8.452  -33.693 0.5000000000
48354  -35.141  -7.504  -33.788 0.5000000000
49234  -35.307  -6.770  -21.642 0.4000000060
116135  -30.332  6.994  -35.446 0.3000000119
64254  -32.458  8.668  -35.512 0.3000000119
28465  -27.174  -26.990  -25.794 0.4000000060
125658  -27.235  -21.792  -27.370 0.6000000238
29537  -22.491  -25.116  -29.310 0.5000000000
131974  -22.968  -24.867  -30.300 0.5000000000
110322  -35.594  -9.317  -33.677 0.5000000000
30578  -30.609  -24.253  -27.005 0.6000000238
28467  -28.763  -26.364  -25.611 0.4000000060
30552  -29.223  -24.989  -25.807 0.5000000000
127078  -30.030  -23.985  -26.153 0.6000000238
28481  -26.692  -26.372  -26.641 0.5000000000
31590  -25.329  -23.013  -28.466 0.5000000000
31601  -23.372  -23.252  -28.806 0.5000000000
125595  -26.009  -26.724  -27.321 0.4000000060
31613  -30.623  -23.317  -29.640 0.4000000060
32615  -30.745  -22.221  -30.026 0.4000000060
27502  -25.366  -27.079  -27.922 0.4000000060
30521  -23.844  -24.904  -22.280 0.4000000060
29473  -24.138  -25.722  -22.683 0.3000000119
27446  -24.103  -27.208  -23.832 0.4000000060
118944  -23.939  -23.504  -21.540 0.4000000060
32500  -21.832  -22.705  -20.329 0.4000000060
31497  -23.259  -22.919  -20.747 0.4000000060
130758  -23.533  -23.237  -21.176 0.4000000060
132137  -24.408  -22.890  -21.411 0.4000000060
33507  -20.970  -21.453  -20.418 0.3000000119
123975  -21.843  -21.679  -20.310 0.3000000119
34517  -21.405  -20.778  -20.527 0.4000000060
32502  -23.599  -22.155  -20.679 0.4000000060
33508  -22.625  -21.439  -20.377 0.5000000000
34544  -21.895  -20.004  -20.852 0.4000000060
34545  -22.776  -20.198  -20.818 0.4000000060
128294  -22.952  -20.913  -20.486 0.5000000000
35566  -22.480  -19.365  -21.236 0.4000000060
48189  -34.574  -8.012  -20.730 0.3000000119
49216  -34.490  -7.147  -20.568 0.3000000119
112621  -35.056  -7.087  -21.227 0.3000000119
114815  -32.075  -1.276  -31.666 0.4000000060
51291  -34.239  -4.189  -21.417 0.3000000119
52260  -33.399  -3.733  -21.579 0.3000000119
55500  -32.845  -0.678  -31.122 0.4000000060
55509  -32.075  -0.304  -31.557 0.4000000060
53323  -33.118  -2.527  -22.412 0.3000000119
53321  -31.218  -2.707  -22.617 0.3000000119
54409  -31.634  -2.082  -23.036 0.3000000119
55496  -34.069  -0.089  -30.126 0.4000000060
124928  -33.498  0.312  -30.413 0.3000000119
56510  -30.512  0.376  -32.333 0.4000000060
57457  -30.010  1.142  -32.285 0.3000000119
54411  -33.208  -1.948  -22.881 0.3000000119
54412  -34.556  -1.910  -23.138 0.3000000119
54410  -32.469  -2.048  -22.913 0.3000000119
54428  -33.815  -1.510  -23.211 0.3000000119
55448  -34.206  -0.837  -23.696 0.3000000119
54430  -35.320  -1.693  -23.829 0.3000000119
55447  -33.248  -0.869  -23.568 0.3000000119
55464  -34.457  -0.288  -24.232 0.3000000119
112303  -35.428  -0.668  -24.777 0.3000000119
55446  -31.905  -0.913  -23.938 0.3000000119
127658  -32.512  -0.999  -23.599 0.3000000119
55460  -30.703  -0.434  -24.873 0.3000000119
56453  -30.924  0.095  -25.272 0.3000000119
54467  -35.545  -1.304  -27.582 0.3000000119
55474  -30.208  0.087  -25.277 0.3000000119
56469  -29.855  0.909  -25.427 0.3000000119
128348  -35.055  -0.302  -29.099 0.3000000119
56494  -34.552  0.251  -29.505 0.3000000119
123817  -27.514  3.028  -25.408 0.3000000119
117067  -28.312  2.935  -25.427 0.3000000119
55490  -34.636  -0.582  -29.697 0.3000000119
59240  -28.800  3.729  -25.435 0.3000000119
120028  -26.586  4.180  -25.369 0.3000000119
127680  -29.083  1.622  -32.476 0.3000000119
129084  -35.078  -0.284  -24.515 0.3000000119
55462  -32.596  -0.454  -24.147 0.3000000119
55463  -33.549  -0.307  -24.059 0.3000000119
56457  -35.332  0.054  -24.957 0.3000000119
111772  -35.751  -0.866  -26.033 0.3000000119
111935  -35.658  -0.434  -26.808 0.3000000119
55461  -31.874  -0.452  -24.519 0.3000000119
121236  -33.038  0.095  -24.508 0.3000000119
118889  -34.711  0.272  -24.671 0.3000000119
56472  -35.475  0.305  -25.607 0.3000000119
120426  -35.561  0.429  -26.346 0.3000000119
55485  -35.539  -0.295  -27.803 0.3000000119
56471  -31.497  0.423  -25.312 0.3000000119
57403  -32.173  0.885  -25.357 0.3000000119
57383  -33.107  0.762  -24.966 0.3000000119
117006  -28.933  1.125  -25.399 0.3000000119
56470  -30.779  0.803  -25.461 0.3000000119
55491  -35.323  -0.105  -28.504 0.3000000119
57433  -34.494  1.109  -29.187 0.3000000119
129679  -29.636  1.976  -25.443 0.3000000119
56493  -33.843  0.852  -29.934 0.3000000119
60185  -29.241  4.576  -25.503 0.3000000119
113820  -33.192  0.873  -30.477 0.3000000119
57438  -32.560  1.199  -30.821 0.3000000119
58387  -30.949  1.946  -31.737 0.3000000119
58399  -28.742  2.566  -32.541 0.3000000119
58400  -29.995  2.263  -32.136 0.3000000119
57384  -34.173  0.897  -24.927 0.3000000119
56456  -34.982  0.713  -25.194 0.3000000119
57406  -35.216  1.018  -25.887 0.3000000119
57416  -35.288  1.182  -26.691 0.3000000119
57404  -33.611  1.451  -25.381 0.3000000119
57405  -34.498  1.331  -25.548 0.3000000119
56478  -35.512  0.466  -27.211 0.3000000119
57401  -30.386  1.550  -25.472 0.3000000119
57402  -31.105  1.689  -25.504 0.3000000119
111268  -32.049  1.819  -25.572 0.3000000119
57427  -34.959  1.247  -28.398 0.3000000119
57432  -33.837  1.783  -29.463 0.3000000119
57426  -34.392  1.908  -28.660 0.3000000119
59242  -30.645  3.445  -25.617 0.3000000119
60186  -30.509  4.264  -25.709 0.3000000119
128001  -30.025  4.714  -25.661 0.3000000119
57439  -33.110  1.680  -30.225 0.3000000119
61120  -29.637  5.303  -25.659 0.3000000119
131144  -30.130  5.220  -25.802 0.3000000119
130140  -32.362  1.944  -30.678 0.3000000119
130563  -31.372  2.331  -31.332 0.3000000119
59312  -29.790  3.103  -32.096 0.3000000119
57420  -34.996  1.933  -27.019 0.3000000119
58332  -32.353  2.982  -25.921 0.3000000119
118164  -33.116  2.166  -25.792 0.3000000119
58347  -33.990  2.821  -26.791 0.3000000119
57421  -35.229  1.275  -27.547 0.3000000119
129795  -31.025  2.983  -25.578 0.3000000119
59262  -33.527  3.359  -27.041 0.3000000119
58357  -34.472  2.484  -27.245 0.3000000119
114113  -34.804  1.979  -27.828 0.3000000119
59243  -31.475  3.398  -25.786 0.3000000119
125558  -30.718  4.965  -25.984 0.3000000119
61134  -30.466  5.548  -26.832 0.3000000119
58367  -32.607  3.025  -29.676 0.3000000119
58376  -32.529  2.506  -30.229 0.3000000119
61133  -29.980  5.604  -25.899 0.3000000119
58375  -31.761  2.624  -30.834 0.3000000119
129069  -30.779  3.000  -31.452 0.3000000119
59301  -29.031  3.614  -32.464 0.3000000119
58333  -33.777  2.451  -26.280 0.3000000119
58346  -33.287  2.938  -26.379 0.3000000119
128625  -33.990  2.946  -27.382 0.3000000119
58356  -34.201  2.565  -27.999 0.3000000119
60187  -31.222  4.187  -25.926 0.3000000119
59253  -32.809  3.644  -26.591 0.3000000119
61135  -31.178  5.044  -26.676 0.3000000119
59279  -33.040  3.184  -28.989 0.3000000119
62133  -29.525  6.378  -25.886 0.3000000119
117773  -29.696  6.020  -26.794 0.3000000119
61145  -31.061  5.243  -27.456 0.3000000119
59290  -32.019  3.260  -30.147 0.3000000119
59289  -31.278  3.547  -30.646 0.3000000119
59288  -30.561  4.021  -30.974 0.3000000119
59302  -30.020  3.845  -31.763 0.3000000119
60249  -29.453  4.397  -32.276 0.3000000119
59272  -33.508  3.246  -27.992 0.3000000119
59261  -32.938  3.889  -27.361 0.3000000119
59271  -32.704  3.851  -28.312 0.3000000119
60205  -31.715  4.793  -27.101 0.3000000119
60206  -32.238  4.383  -27.617 0.3000000119
59278  -32.228  3.744  -29.317 0.3000000119
62134  -29.488  6.549  -27.042 0.3000000119
59277  -31.501  4.005  -29.966 0.3000000119
62144  -30.150  6.116  -27.419 0.3000000119
61144  -30.608  5.748  -27.770 0.3000000119
60217  -31.486  4.827  -28.010 0.3000000119
60242  -30.952  4.247  -30.405 0.3000000119
60250  -30.127  4.568  -31.333 0.3000000119
61193  -28.309  5.461  -33.807 0.3000000119
60218  -31.931  4.364  -28.603 0.3000000119
128960  -31.561  4.363  -29.341 0.3000000119
63200  -30.168  6.915  -27.642 0.3000000119
62155  -30.478  6.417  -27.990 0.3000000119
111977  -31.200  4.867  -28.909 0.3000000119
60230  -30.900  4.733  -29.790 0.3000000119
60229  -30.471  5.287  -30.038 0.3000000119
61180  -30.199  5.129  -30.851 0.3000000119
60241  -30.482  4.708  -30.528 0.3000000119
62183  -29.926  6.244  -32.402 0.3000000119
126497  -30.167  5.616  -31.501 0.3000000119
61186  -29.886  5.010  -31.901 0.3000000119
62189  -29.508  6.854  -33.470 0.3000000119
129941  -29.638  5.586  -32.437 0.3000000119
63185  -29.625  7.523  -27.104 0.3000000119
119009  -30.351  7.618  -27.680 0.3000000119
115479  -30.578  7.152  -28.113 0.3000000119
61156  -30.420  5.856  -28.608 0.3000000119
62167  -30.477  6.496  -28.935 0.3000000119
61172  -30.579  5.391  -29.205 0.3000000119
117299  -30.470  6.397  -31.185 0.3000000119
125918  -30.385  5.698  -30.452 0.3000000119
63238  -30.321  7.144  -32.315 0.3000000119
61194  -28.922  6.055  -33.465 0.3000000119
62204  -28.922  6.483  -34.799 0.3000000119
62195  -28.918  6.650  -34.386 0.3000000119
61206  -29.324  6.179  -35.096 0.3000000119
64186  -30.847  7.900  -28.059 0.3000000119
63214  -30.933  7.403  -28.838 0.3000000119
63224  -30.988  7.025  -29.752 0.3000000119
62176  -30.577  6.281  -30.020 0.3000000119
63233  -30.834  6.862  -30.547 0.3000000119
63251  -29.182  7.010  -34.951 0.3000000119
62205  -29.410  6.881  -35.221 0.3000000119
32499  -20.994  -22.245  -20.341 0.3000000119
32511  -23.836  -22.790  -21.169 0.4000000060
32501  -22.749  -22.249  -20.365 0.4000000060
43918  -30.704  -11.556  -19.896 0.3000000119
49233  -34.885  -6.296  -20.948 0.3000000119
113154  -32.074  -1.479  -23.376 0.3000000119
53334  -35.402  -2.367  -23.556 0.3000000119
55449  -35.084  -0.902  -24.075 0.3000000119
111353  -33.410  -1.043  -30.793 0.4000000060
60184  -28.380  4.531  -25.410 0.3000000119
55475  -35.610  -0.399  -25.436 0.3000000119
31495  -21.757  -23.602  -20.481 0.4000000060
34516  -20.498  -20.810  -20.636 0.3000000119
34518  -22.259  -20.820  -20.485 0.4000000060
54427  -32.856  -1.458  -23.211 0.3000000119
56455  -33.862  0.291  -24.492 0.3000000119
116559  -32.232  0.099  -24.925 0.3000000119
56483  -35.370  0.528  -28.072 0.3000000119
131692  -31.499  1.087  -25.485 0.3000000119
125364  -32.786  1.421  -25.414 0.3000000119
61119  -28.840  5.364  -25.478 0.3000000119
61118  -27.907  5.324  -25.356 0.3000000119
58348  -34.399  2.265  -26.573 0.3000000119
58334  -34.037  1.934  -25.925 0.3000000119
58331  -31.431  2.567  -25.602 0.3000000119
58368  -33.165  2.463  -29.604 0.3000000119
58363  -33.740  2.562  -28.829 0.3000000119
59252  -32.006  3.914  -26.247 0.3000000119
62132  -29.082  6.636  -25.664 0.3000000119
60195  -31.561  4.564  -26.460 0.3000000119
60196  -32.300  4.290  -26.844 0.3000000119
61157  -30.858  5.336  -28.337 0.3000000119
119275  -30.406  5.808  -29.495 0.3000000119
62196  -29.460  7.359  -34.548 0.3000000119
63234  -31.195  7.661  -30.632 0.3000000119
112439  -21.020  -23.122  -20.404 0.4000000060
40825  -37.818  -14.518  -31.398 0.4000000060
129700  -20.418  -29.992  -29.821 0.3000000119
24609  -20.510  -30.221  -29.851 0.3000000119
25566  -20.089  -29.736  -29.062 0.3000000119
25596  -21.156  -29.494  -30.173 0.3000000119
34543  -20.947  -19.981  -20.892 0.3000000119
35565  -21.481  -19.154  -21.340 0.3000000119
30504  -22.806  -24.455  -21.606 0.3000000119
30490  -22.381  -24.127  -20.776 0.3000000119
31504  -23.158  -23.711  -21.139 0.3000000119
31496  -22.549  -23.249  -20.554 0.3000000119
30505  -23.516  -24.233  -21.860 0.3000000119
115046  -21.597  -24.430  -20.628 0.3000000119
39743  -37.628  -15.485  -31.726 0.3000000119
25582  -21.106  -29.662  -30.240 0.4000000060
25583  -21.815  -29.603  -29.476 0.4000000060
25595  -20.791  -29.701  -29.981 0.5000000000
26549  -20.809  -28.829  -29.333 0.5000000000
26567  -21.412  -28.774  -30.099 0.3000000119
27512  -23.274  -27.395  -30.148 0.4000000060
27527  -22.311  -27.419  -30.203 0.5000000000
28463  -24.741  -26.851  -25.696 0.6000000238
28517  -23.038  -26.218  -30.611 0.5000000000
29486  -27.404  -25.242  -23.793 0.6000000238
29509  -29.827  -25.316  -25.876 0.5000000000
29510  -30.238  -25.211  -26.214 0.5000000000
29552  -22.810  -25.019  -30.249 0.5000000000
29553  -23.055  -25.343  -30.515 0.5000000000
30520  -23.035  -24.791  -22.254 0.3000000119
30599  -22.898  -24.441  -29.794 0.5000000000
31579  -30.347  -23.652  -26.580 0.6000000238
33599  -29.971  -21.494  -26.586 0.6000000238
33625  -30.910  -21.929  -28.599 0.6000000238
34522  -28.463  -20.623  -20.621 0.8000000119
34550  -29.774  -21.128  -20.927 0.8000000119
34576  -31.204  -20.052  -22.658 0.6999999881
34632  -31.048  -19.760  -27.894 0.6999999881
34661  -30.132  -20.202  -31.503 0.6999999881
34672  -30.056  -20.909  -31.823 0.6000000238
34681  -30.173  -20.315  -32.088 0.5000000000
35698  -30.587  -19.686  -32.164 0.6000000238
36592  -28.181  -18.041  -20.635 0.6000000238
36748  -30.131  -19.252  -31.437 0.6999999881
36749  -30.379  -19.197  -31.693 0.6999999881
37572  -31.032  -17.316  -20.535 0.6999999881
37607  -32.986  -17.041  -23.036 0.6999999881
37621  -31.873  -17.698  -24.270 0.6999999881
37635  -31.314  -17.488  -24.767 0.8000000119
37644  -24.006  -17.981  -27.344 0.6999999881
37712  -33.588  -18.380  -31.089 0.6000000238
38566  -32.671  -16.330  -21.540 0.6999999881
39581  -30.620  -15.121  -19.729 0.5000000000
39619  -33.389  -15.068  -21.654 0.6999999881
39655  -32.965  -15.613  -24.416 0.6999999881
39667  -31.133  -15.974  -25.491 0.8000000119
39686  -24.626  -15.469  -27.811 0.6999999881
39699  -24.963  -14.932  -28.423 0.8000000119
39723  -35.925  -15.820  -28.812 0.5000000000
40776  -34.792  -14.765  -27.764 0.6000000238
40794  -36.279  -14.487  -28.860 0.6000000238
41846  -26.289  -13.469  -27.040 0.8000000119
41867  -34.546  -13.808  -27.527 0.6999999881
41884  -36.058  -13.831  -28.607 0.6999999881
41916  -37.853  -13.153  -32.316 0.4000000060
42967  -24.431  -11.430  -27.918 0.8000000119
42970  -31.381  -12.581  -27.538 0.8000000119
42984  -24.568  -11.757  -28.034 0.8999999762
43001  -26.272  -12.253  -29.400 0.8000000119
43010  -36.665  -12.632  -30.497 0.6000000238
43015  -36.759  -12.408  -31.356 0.6000000238
43020  -37.405  -12.506  -32.739 0.4000000060
43993  -30.577  -11.101  -25.465 0.6999999881
44019  -24.619  -10.120  -27.745 0.8000000119
44036  -24.621  -11.221  -28.363 0.8999999762
44048  -35.726  -11.526  -31.126 0.6999999881
44065  -36.414  -11.349  -34.180 0.6000000238
45102  -25.604  -9.846  -27.199 0.8000000119
45103  -26.327  -9.711  -26.679 0.8000000119
45139  -34.287  -10.039  -33.226 0.6000000238
46237  -27.036  -9.283  -26.559 0.8000000119
47244  -29.089  -8.036  -25.631 0.8000000119
48183  -28.194  -7.224  -19.847 0.3000000119
48203  -35.029  -7.765  -21.231 0.4000000060
50390  -35.453  -5.140  -33.421 0.5000000000
52259  -31.526  -4.025  -21.597 0.3000000119
54429  -34.762  -1.450  -23.514 0.4000000060
54459  -35.639  -1.323  -26.693 0.3000000119
55501  -33.475  -0.370  -30.604 0.4000000060
55520  -28.038  -1.021  -33.145 0.5000000000
56454  -31.429  -0.211  -24.957 0.3000000119
56487  -35.027  0.470  -28.839 0.3000000119
56534  -28.113  0.550  -33.576 0.5000000000
57415  -34.800  1.667  -26.252 0.3000000119
57455  -27.487  1.662  -33.119 0.4000000060
58410  -27.479  2.129  -33.437 0.4000000060
58417  -27.411  2.941  -34.058 0.3000000119
59327  -28.935  3.351  -34.544 0.4000000060
60267  -28.161  4.804  -34.317 0.3000000119
61207  -30.282  5.613  -34.852 0.4000000060
113174  -27.799  -19.988  -27.322 0.6999999881
113882  -28.350  -23.922  -26.453 0.5000000000
115535  -35.125  -10.938  -32.629 0.6000000238
116509  -31.062  -19.448  -28.461 0.6999999881
117226  -31.095  -21.253  -28.269 0.6000000238
119847  -35.495  -8.913  -21.839 0.5000000000
120439  -34.278  -10.468  -29.291 0.6999999881
122347  -30.428  -20.880  -32.299 0.5000000000
122402  -35.624  -2.874  -23.928 0.4000000060
122497  -27.519  3.726  -33.460 0.3000000119
123460  -31.675  -15.577  -29.068 0.6999999881
123802  -36.428  -15.259  -29.148 0.5000000000
124745  -33.518  -3.070  -21.884 0.3000000119
125999  -34.819  -11.259  -23.616 0.6999999881
126298  -33.582  -10.126  -28.181 0.8000000119
126417  -27.224  2.839  -33.528 0.3000000119
126712  -27.472  -1.450  -32.965 0.5000000000
127421  -37.116  -15.072  -30.176 0.6000000238
127580  -32.654  -6.470  -20.182 0.3000000119
127825  -26.869  -18.985  -20.807 0.5000000000
128003  -30.311  -18.026  -28.949 0.6999999881
128162  -31.958  -13.467  -25.373 0.6999999881
128212  -32.314  -7.892  -32.798 0.6999999881
128653  -35.730  -0.171  -26.021 0.3000000119
128932  -27.706  0.659  -33.254 0.4000000060
129060  -31.431  -17.873  -20.890 0.6999999881
129068  -26.890  -13.041  -29.631 0.8000000119
130923  -32.321  -12.020  -19.632 0.6000000238
131713  -34.941  -11.247  -22.955 0.6999999881
132527  -32.159  -13.860  -19.731 0.6000000238
132561  -31.058  -20.349  -27.836 0.6000000238
132787  -29.939  2.998  -34.566 0.4000000060
132832  -24.228  -20.963  -20.941 0.6000000238
133022  -34.061  -15.222  -27.781 0.6000000238
