#!ascii label  , from subject sub-v1s18x0051211_ses-1 vox2ras=TkReg
1943
11359  42.667  -52.578  -26.389 0.2000000030
11338  42.694  -52.732  -25.721 0.2000000030
11375  42.643  -52.443  -27.029 0.2000000030
10461  42.213  -53.029  -25.074 0.2000000030
12231  41.451  -51.692  -27.518 0.1000000015
11319  43.379  -52.291  -25.388 0.3000000119
11337  43.264  -52.295  -26.177 0.2000000030
12215  41.590  -52.112  -26.641 0.1000000015
12214  42.151  -52.533  -26.552 0.2000000030
12229  42.890  -52.076  -27.608 0.1000000015
12230  42.197  -52.155  -27.506 0.1000000015
117992  41.926  -51.775  -28.289 0.1000000015
12250  42.350  -51.394  -29.674 0.1000000015
12241  41.317  -51.392  -28.431 0.1000000015
14093  42.593  -50.237  -31.086 0.1000000015
12251  41.911  -51.424  -30.194 0.1000000015
13141  41.978  -51.141  -31.068 0.1000000015
14094  42.436  -49.356  -31.061 0.2000000030
13140  42.149  -50.790  -31.406 0.1000000015
111918  43.535  -50.035  -27.387 0.1000000015
14033  43.201  -49.669  -27.791 0.1000000015
12228  43.386  -51.604  -27.370 0.2000000030
13119  42.828  -51.228  -29.243 0.1000000015
13101  43.520  -50.864  -27.829 0.1000000015
12240  42.579  -51.665  -28.572 0.1000000015
13130  42.678  -51.011  -29.886 0.1000000015
14079  42.424  -49.427  -30.227 0.1000000015
16055  41.747  -47.838  -31.281 0.2000000030
15063  41.846  -48.481  -30.508 0.2000000030
17033  41.696  -46.356  -31.667 0.1000000015
15084  42.338  -48.856  -31.595 0.2000000030
18082  41.877  -45.714  -31.883 0.2000000030
18081  42.429  -45.481  -32.645 0.1000000015
114207  42.807  -44.638  -32.502 0.1000000015
14054  43.173  -49.894  -28.776 0.1000000015
15040  42.570  -49.247  -28.169 0.1000000015
14078  42.835  -50.289  -29.889 0.1000000015
18064  41.523  -45.621  -30.902 0.2000000030
19074  42.228  -44.087  -30.998 0.2000000030
20146  42.731  -43.552  -30.811 0.2000000030
19093  42.113  -44.769  -31.609 0.2000000030
20161  42.941  -43.936  -31.882 0.1000000015
20176  43.741  -44.486  -32.873 0.2000000030
15062  42.543  -49.413  -29.205 0.1000000015
121343  41.809  -48.648  -29.514 0.1000000015
125886  41.051  -46.268  -29.972 0.2000000030
17014  41.489  -46.766  -30.961 0.3000000119
21216  43.855  -42.935  -30.442 0.3000000119
20145  43.716  -43.451  -31.348 0.2000000030
20160  44.264  -44.010  -32.457 0.2000000030
131678  44.399  -44.931  -33.590 0.2000000030
18046  41.104  -45.191  -29.981 0.3000000119
16036  41.359  -47.370  -30.278 0.2000000030
21217  43.179  -43.150  -30.410 0.3000000119
21198  44.968  -42.671  -29.814 0.3000000119
114209  44.587  -42.916  -30.366 0.3000000119
111287  44.735  -43.329  -31.148 0.2000000030
20175  44.644  -44.340  -33.393 0.2000000030
21252  45.162  -43.722  -33.278 0.2000000030
22318  44.869  -41.831  -28.388 0.4000000060
21200  43.120  -42.747  -29.563 0.3000000119
21182  44.442  -42.196  -29.008 0.3000000119
20147  41.990  -43.911  -30.218 0.2000000030
21215  45.623  -43.244  -30.745 0.3000000119
21234  45.711  -43.482  -31.810 0.2000000030
21214  46.635  -42.797  -30.747 0.2000000030
21251  45.734  -43.238  -32.843 0.2000000030
22291  46.382  -41.748  -27.918 0.3000000119
22336  45.419  -42.355  -29.148 0.3000000119
21196  46.912  -42.814  -29.944 0.2000000030
21232  46.908  -42.287  -31.608 0.2000000030
133543  47.115  -42.526  -30.450 0.2000000030
22365  46.677  -42.165  -32.382 0.1000000015
21233  46.327  -42.947  -31.632 0.2000000030
22375  46.267  -42.012  -33.340 0.2000000030
21250  46.199  -42.881  -32.437 0.2000000030
23468  47.665  -41.616  -27.284 0.3000000119
22316  46.963  -42.308  -28.622 0.3000000119
133473  48.410  -41.991  -28.471 0.2000000030
21180  47.324  -42.456  -29.366 0.3000000119
22333  48.620  -41.520  -29.208 0.2000000030
21181  46.488  -42.601  -29.255 0.3000000119
22335  47.485  -42.184  -30.156 0.1000000015
22351  47.397  -41.936  -31.036 0.1000000015
23528  47.640  -40.325  -32.087 0.1000000015
22364  47.348  -41.307  -32.118 0.1000000015
23505  48.423  -40.978  -29.979 0.1000000015
22374  46.829  -41.269  -32.928 0.1000000015
23450  48.290  -41.442  -26.752 0.3000000119
22289  48.564  -41.941  -27.670 0.2000000030
22266  49.169  -41.820  -27.100 0.2000000030
22264  50.515  -41.466  -26.965 0.2000000030
23466  51.322  -40.446  -26.905 0.1000000015
22288  49.475  -41.750  -27.656 0.1000000015
23467  50.827  -40.827  -27.454 0.1000000015
22313  49.794  -41.362  -28.195 0.1000000015
22334  48.024  -41.733  -29.714 0.1000000015
126445  47.947  -40.783  -30.770 0.1000000015
23449  49.429  -41.463  -26.394 0.2000000030
24679  50.500  -40.104  -27.779 0.1000000015
128015  49.809  -39.704  -27.918 0.1000000015
23492  49.610  -40.912  -28.648 0.1000000015
24697  49.064  -40.413  -28.828 0.1000000015
23504  49.006  -40.994  -29.161 0.1000000015
24698  48.289  -40.024  -29.082 0.1000000015
24730  47.874  -40.431  -30.528 0.1000000015
24712  48.667  -40.731  -29.429 0.1000000015
25833  50.133  -39.262  -27.293 0.1000000015
24714  47.413  -39.804  -30.039 0.1000000015
24731  47.430  -39.764  -30.918 0.1000000015
24665  51.045  -39.531  -27.048 0.1000000015
12262  42.242  -51.159  -30.527 0.1000000015
14032  43.420  -50.298  -28.289 0.1000000015
114740  41.879  -47.335  -32.053 0.1000000015
24458  33.954  -39.853  -14.228 0.5000000000
24435  34.909  -39.928  -13.134 0.5000000000
24457  34.408  -39.689  -13.696 0.5000000000
25636  34.811  -38.177  -14.635 0.5000000000
26742  34.985  -38.089  -15.391 0.5000000000
121109  37.211  -41.558  -12.425 0.2000000030
22047  36.438  -41.398  -12.462 0.2000000030
126880  37.277  -40.573  -12.495 0.3000000119
23206  36.099  -40.558  -12.611 0.3000000119
24434  35.572  -39.813  -12.830 0.5000000000
24456  35.018  -39.226  -13.245 0.5000000000
25616  35.301  -38.433  -13.411 0.5000000000
25635  35.061  -38.038  -13.917 0.5000000000
26741  35.394  -37.534  -14.252 0.5000000000
127676  34.882  -38.346  -15.906 0.5000000000
26782  35.550  -37.870  -15.939 0.5000000000
25668  35.187  -38.522  -16.492 0.5000000000
23301  34.567  -40.702  -17.269 0.5000000000
130731  37.287  -39.785  -12.470 0.3000000119
25594  35.769  -39.013  -12.878 0.5000000000
27767  35.899  -37.024  -14.602 0.5000000000
26758  36.143  -37.218  -15.467 0.5000000000
26781  36.494  -37.536  -16.260 0.5000000000
25667  36.029  -38.213  -16.755 0.5000000000
18936  35.916  -44.198  -19.184 0.4000000060
19970  35.684  -43.483  -19.129 0.5000000000
19958  35.459  -43.127  -18.436 0.5000000000
22154  34.930  -41.685  -18.005 0.5000000000
24534  35.275  -39.515  -17.588 0.5000000000
17944  36.361  -44.868  -19.255 0.4000000060
22046  37.954  -41.386  -12.465 0.3000000119
24432  37.187  -39.173  -12.399 0.4000000060
26716  36.014  -38.212  -12.959 0.5000000000
26715  36.322  -37.343  -13.007 0.5000000000
133703  36.016  -37.092  -13.527 0.5000000000
27766  36.374  -36.482  -14.191 0.5000000000
27750  36.421  -36.648  -13.490 0.5000000000
28827  37.535  -35.529  -14.087 0.5000000000
27765  37.063  -36.050  -14.550 0.5000000000
27784  37.352  -36.278  -15.304 0.5000000000
126346  37.340  -37.303  -16.420 0.5000000000
25689  36.418  -38.667  -17.477 0.6000000238
21016  35.267  -42.251  -18.383 0.5000000000
24559  35.623  -39.841  -18.353 0.5000000000
24533  35.981  -39.227  -17.992 0.5000000000
16906  37.973  -46.205  -19.258 0.4000000060
130380  36.764  -45.493  -19.278 0.4000000060
19832  44.360  -43.275  -11.815 0.1000000015
22028  43.026  -41.895  -11.751 0.1000000015
23190  42.180  -40.950  -11.621 0.1000000015
20909  42.782  -42.083  -12.220 0.1000000015
23202  41.863  -40.807  -12.059 0.1000000015
23191  41.634  -40.488  -11.594 0.1000000015
124091  41.366  -41.031  -12.380 0.1000000015
23203  41.092  -40.221  -12.066 0.1000000015
24415  40.443  -39.562  -11.787 0.1000000015
22045  38.845  -41.373  -12.493 0.2000000030
23204  39.564  -40.523  -12.453 0.1000000015
23205  38.501  -40.513  -12.477 0.3000000119
25593  36.902  -38.206  -12.455 0.5000000000
117978  38.059  -39.616  -12.376 0.4000000060
25592  37.877  -38.709  -12.155 0.4000000060
26714  37.126  -37.303  -12.448 0.4000000060
27749  37.061  -36.191  -13.092 0.5000000000
28808  37.505  -35.579  -13.370 0.5000000000
28807  38.070  -35.068  -13.621 0.5000000000
28826  38.260  -35.212  -14.350 0.5000000000
23324  35.443  -40.576  -18.463 0.5000000000
21029  35.620  -42.627  -19.147 0.5000000000
16905  38.623  -46.642  -19.585 0.5000000000
18799  47.467  -44.354  -9.181 0.1000000015
129921  46.556  -44.052  -10.565 0.1000000015
19831  45.164  -43.509  -11.229 0.1000000015
20894  43.484  -42.181  -11.413 0.1000000015
22017  43.071  -41.767  -11.198 0.1000000015
22002  41.719  -41.154  -10.296 0.1000000015
119659  44.671  -42.955  -10.855 0.1000000015
20885  43.559  -42.201  -10.717 0.1000000015
23175  41.403  -40.447  -10.825 0.1000000015
115584  39.060  -37.790  -9.838 0.2000000030
26669  39.086  -37.270  -9.357 0.2000000030
22043  40.663  -41.632  -12.549 0.1000000015
113140  40.526  -40.674  -12.409 0.1000000015
24431  40.237  -39.817  -12.214 0.1000000015
118672  39.921  -39.056  -11.401 0.1000000015
25557  39.055  -38.046  -10.724 0.2000000030
24416  39.795  -39.188  -11.969 0.1000000015
25572  38.547  -38.174  -11.678 0.2000000030
26697  38.635  -37.505  -11.242 0.2000000030
27719  39.160  -36.570  -10.084 0.2000000030
27712  39.283  -36.714  -8.648 0.2000000030
24417  38.859  -38.955  -12.031 0.2000000030
25573  37.736  -37.894  -12.080 0.3000000119
27728  38.154  -36.140  -11.779 0.3000000119
28785  38.243  -35.316  -12.114 0.4000000060
28794  37.660  -35.794  -12.609 0.5000000000
128292  37.161  -38.616  -17.617 0.5000000000
29892  38.574  -34.707  -13.081 0.4000000060
24556  38.683  -39.542  -18.566 0.5000000000
25710  38.419  -38.908  -18.019 0.5000000000
25687  38.689  -38.365  -17.483 0.5000000000
24565  37.262  -40.151  -19.367 0.5000000000
24557  37.619  -39.437  -18.608 0.5000000000
25712  36.847  -39.086  -18.096 0.5000000000
27783  38.131  -36.056  -15.526 0.5000000000
28847  38.559  -35.529  -15.045 0.5000000000
21028  35.949  -42.173  -19.888 0.5000000000
23335  36.430  -40.478  -19.372 0.5000000000
23323  35.882  -40.212  -18.916 0.5000000000
25688  37.895  -38.351  -17.444 0.5000000000
18942  36.017  -44.540  -19.961 0.5000000000
19985  35.855  -43.077  -19.870 0.5000000000
24558  36.455  -39.701  -18.772 0.5000000000
26801  37.036  -38.064  -16.975 0.6000000238
22165  35.684  -41.751  -19.125 0.5000000000
18779  46.195  -44.473  -8.656 0.1000000015
19808  46.649  -43.858  -9.786 0.1000000015
19810  45.043  -43.292  -9.374 0.1000000015
19786  43.243  -43.216  -8.862 0.1000000015
19788  41.202  -43.267  -8.377 0.1000000015
19823  45.235  -43.237  -10.253 0.1000000015
133650  44.672  -42.979  -9.959 0.1000000015
20870  43.299  -42.569  -9.706 0.1000000015
121207  41.116  -41.482  -9.597 0.1000000015
23158  40.912  -40.854  -9.987 0.1000000015
23176  40.634  -40.123  -10.480 0.1000000015
24395  39.298  -39.173  -9.772 0.1000000015
133518  39.762  -39.140  -10.634 0.1000000015
25548  39.078  -38.473  -9.605 0.2000000030
119809  38.861  -38.002  -8.752 0.2000000030
25547  39.415  -38.679  -10.678 0.1000000015
27727  38.676  -36.787  -11.090 0.3000000119
129450  38.847  -36.108  -10.992 0.3000000119
28771  39.467  -36.089  -9.314 0.2000000030
28779  39.242  -35.731  -10.366 0.2000000030
29878  38.491  -34.827  -12.416 0.4000000060
29864  39.448  -34.612  -11.315 0.3000000119
29877  39.096  -34.461  -12.317 0.4000000060
120419  40.594  -38.712  -17.506 0.5000000000
26796  41.148  -38.199  -17.046 0.5000000000
26798  39.359  -37.978  -17.196 0.5000000000
29891  39.287  -34.498  -13.285 0.5000000000
25664  43.320  -38.739  -16.448 0.5000000000
26774  43.201  -37.979  -16.154 0.5000000000
26776  41.792  -37.714  -16.506 0.5000000000
26797  40.299  -37.991  -17.155 0.5000000000
120957  39.045  -35.045  -14.595 0.5000000000
29904  39.572  -34.678  -14.092 0.5000000000
26756  43.922  -37.620  -15.679 0.5000000000
27779  42.226  -37.050  -15.933 0.5000000000
26777  40.826  -37.461  -16.637 0.6000000238
26800  37.789  -37.752  -16.873 0.5000000000
27804  38.552  -36.551  -16.130 0.5000000000
26779  38.969  -37.196  -16.655 0.5000000000
26780  38.130  -37.176  -16.538 0.5000000000
15947  40.097  -47.560  -20.182 0.4000000060
16910  39.301  -47.109  -19.883 0.4000000060
120925  37.521  -42.944  -7.981 0.1000000015
19790  39.960  -42.915  -8.114 0.1000000015
21990  38.703  -41.886  -7.884 0.1000000015
20849  42.629  -42.834  -9.029 0.1000000015
20850  41.726  -42.743  -8.793 0.1000000015
20852  40.062  -42.056  -8.505 0.1000000015
128001  39.330  -41.737  -8.271 0.1000000015
21989  39.677  -41.263  -8.788 0.1000000015
23147  38.902  -41.058  -8.180 0.1000000015
23159  40.106  -40.670  -9.552 0.1000000015
131169  38.966  -40.482  -8.463 0.1000000015
23161  39.005  -39.925  -8.803 0.1000000015
26660  38.930  -38.240  -7.093 0.2000000030
115760  38.984  -37.421  -7.995 0.2000000030
28765  48.348  -36.341  -9.093 0.2000000030
28770  39.785  -35.565  -9.334 0.2000000030
26681  48.001  -37.382  -9.402 0.2000000030
129027  47.221  -37.196  -9.358 0.2000000030
27724  46.452  -36.855  -10.139 0.2000000030
28776  45.020  -36.110  -10.586 0.2000000030
29856  39.308  -35.070  -10.791 0.2000000030
112825  47.568  -37.784  -11.371 0.2000000030
26712  46.815  -37.462  -11.913 0.2000000030
27734  45.498  -36.583  -12.246 0.2000000030
27726  44.893  -36.082  -11.750 0.2000000030
28791  44.083  -35.655  -12.407 0.2000000030
128829  43.328  -35.279  -12.481 0.4000000060
26729  47.039  -37.905  -13.544 0.2000000030
123646  46.676  -37.525  -12.847 0.3000000119
27747  45.430  -36.712  -13.483 0.3000000119
27748  44.604  -36.243  -13.886 0.4000000060
27735  44.788  -36.140  -12.911 0.3000000119
28805  43.469  -35.437  -13.260 0.4000000060
29888  42.154  -34.874  -13.547 0.5000000000
29875  41.334  -34.447  -12.414 0.4000000060
29890  40.068  -34.490  -13.506 0.5000000000
124371  45.671  -39.224  -15.680 0.5000000000
25649  45.262  -38.496  -15.557 0.4000000060
26754  45.754  -37.810  -15.136 0.4000000060
26740  45.685  -37.221  -14.412 0.4000000060
27763  44.153  -36.260  -14.655 0.4000000060
27764  43.411  -36.043  -14.888 0.5000000000
28842  42.714  -35.604  -14.631 0.5000000000
28806  42.843  -35.242  -13.833 0.5000000000
130414  40.775  -34.574  -13.631 0.5000000000
26755  44.841  -37.739  -15.405 0.5000000000
26757  43.048  -37.233  -15.775 0.5000000000
118955  41.818  -36.377  -15.562 0.5000000000
27801  41.357  -36.924  -16.103 0.5000000000
27803  39.476  -36.543  -16.224 0.5000000000
27781  39.994  -35.888  -15.654 0.5000000000
28846  39.321  -35.483  -15.186 0.5000000000
20837  35.903  -42.721  -7.893 0.1000000015
19770  36.601  -43.294  -7.947 0.1000000015
117914  36.854  -42.420  -7.973 0.1000000015
117669  35.461  -41.275  -7.741 0.1000000015
121453  37.218  -41.552  -7.851 0.1000000015
23137  36.566  -40.813  -7.794 0.1000000015
23136  37.710  -40.768  -7.660 0.1000000015
120915  36.336  -39.762  -7.609 0.1000000015
24372  38.101  -40.148  -7.531 0.1000000015
121941  37.439  -39.237  -7.164 0.1000000015
24383  38.410  -39.622  -7.811 0.1000000015
114815  38.595  -38.334  -6.690 0.2000000030
27706  39.625  -36.958  -7.087 0.2000000030
28766  47.809  -35.911  -8.724 0.1000000015
27710  46.836  -36.579  -8.274 0.2000000030
27717  46.687  -36.824  -8.831 0.2000000030
27718  45.695  -36.409  -9.446 0.2000000030
29855  39.864  -34.862  -10.146 0.2000000030
29849  46.650  -34.424  -9.833 0.1000000015
133174  46.696  -35.540  -8.287 0.1000000015
27703  46.846  -36.298  -8.117 0.1000000015
28759  45.670  -36.133  -7.888 0.1000000015
28767  45.196  -36.244  -8.136 0.1000000015
28783  44.334  -35.711  -11.075 0.1000000015
28792  43.551  -35.355  -11.560 0.2000000030
129533  39.791  -34.298  -11.867 0.3000000119
29863  40.331  -34.485  -10.988 0.2000000030
28784  43.837  -35.455  -10.256 0.1000000015
114699  42.745  -34.894  -11.988 0.3000000119
118055  40.491  -34.266  -12.046 0.2000000030
28823  41.846  -35.339  -14.667 0.5000000000
127197  42.220  -35.122  -14.169 0.5000000000
29902  41.431  -34.826  -14.069 0.5000000000
29903  40.461  -34.742  -14.178 0.5000000000
28843  42.132  -35.855  -15.110 0.5000000000
28845  40.698  -35.626  -15.234 0.5000000000
28824  41.000  -35.179  -14.730 0.5000000000
27780  40.962  -36.238  -15.641 0.5000000000
20838  35.129  -42.905  -7.411 0.1000000015
21967  34.172  -41.920  -6.747 0.1000000015
23124  34.006  -40.948  -6.953 0.1000000015
113916  34.656  -41.569  -7.386 0.1000000015
23138  34.805  -40.713  -7.503 0.1000000015
129980  34.340  -40.029  -7.209 0.1000000015
130812  35.635  -40.479  -7.711 0.1000000015
25534  36.060  -38.315  -7.394 0.1000000015
25535  35.125  -38.369  -7.430 0.1000000015
25533  37.209  -38.497  -6.968 0.1000000015
26657  38.093  -38.133  -6.536 0.2000000030
26656  38.817  -37.729  -6.527 0.2000000030
27697  39.380  -36.969  -6.543 0.2000000030
28763  40.013  -36.492  -6.662 0.2000000030
27705  39.808  -36.258  -7.870 0.2000000030
28762  40.490  -35.994  -7.570 0.2000000030
29846  40.499  -35.439  -8.659 0.2000000030
29850  45.899  -34.149  -9.495 0.1000000015
29841  46.418  -34.797  -8.712 0.1000000015
129629  44.910  -35.525  -7.806 0.1000000015
115642  44.820  -35.995  -7.846 0.1000000015
28778  43.978  -35.698  -8.966 0.1000000015
29854  40.748  -34.881  -9.539 0.1000000015
28769  43.647  -35.621  -8.159 0.1000000015
29851  43.327  -35.438  -9.326 0.1000000015
29861  43.035  -35.129  -10.748 0.1000000015
29862  42.250  -34.700  -11.116 0.2000000030
112599  41.336  -34.448  -11.368 0.2000000030
23121  33.284  -40.273  -5.381 0.1000000015
23125  33.499  -40.629  -6.196 0.1000000015
24360  32.784  -39.039  -4.337 0.1000000015
129175  33.749  -40.137  -6.683 0.1000000015
25526  32.996  -38.108  -5.420 0.1000000015
25529  33.785  -38.373  -6.655 0.1000000015
26659  34.700  -37.728  -7.197 0.1000000015
25528  34.369  -38.458  -7.104 0.1000000015
26658  35.518  -37.619  -7.302 0.1000000015
121376  36.884  -36.563  -6.862 0.1000000015
128629  37.876  -37.421  -6.503 0.1000000015
28752  37.648  -35.943  -6.709 0.1000000015
123199  38.706  -36.297  -6.469 0.2000000030
128628  40.434  -36.203  -6.755 0.2000000030
28750  40.234  -36.008  -6.635 0.2000000030
28749  40.859  -35.926  -6.824 0.2000000030
29834  41.088  -35.841  -7.259 0.1000000015
32045  44.155  -32.682  -11.780 0.1000000015
30943  44.651  -33.427  -9.994 0.1000000015
115654  44.523  -33.573  -8.989 0.1000000015
30925  44.007  -34.915  -7.732 0.1000000015
29845  41.384  -35.452  -7.907 0.2000000030
30938  43.868  -33.793  -8.349 0.1000000015
28760  44.052  -35.508  -7.922 0.1000000015
29843  42.841  -35.444  -8.261 0.1000000015
29852  42.522  -35.043  -9.863 0.1000000015
29853  41.835  -35.188  -9.087 0.2000000030
27692  32.783  -36.838  -4.658 0.1000000015
27691  33.275  -36.407  -5.717 0.1000000015
27695  33.634  -36.714  -6.342 0.1000000015
27700  34.846  -36.303  -7.143 0.1000000015
27699  35.729  -35.942  -7.296 0.1000000015
114104  37.184  -35.160  -7.163 0.1000000015
29826  38.306  -35.370  -6.724 0.2000000030
29835  38.509  -34.405  -7.205 0.1000000015
128794  39.291  -35.396  -6.629 0.1000000015
29825  39.700  -34.961  -6.755 0.2000000030
30921  40.171  -34.415  -7.064 0.1000000015
29824  40.516  -35.476  -6.736 0.2000000030
32048  41.887  -31.926  -10.996 0.1000000015
32043  41.534  -32.314  -9.966 0.1000000015
32044  40.828  -32.409  -9.426 0.1000000015
122330  41.533  -32.827  -8.778 0.1000000015
30929  41.168  -33.806  -7.478 0.1000000015
29822  41.503  -34.950  -7.072 0.1000000015
29823  41.009  -35.327  -6.863 0.1000000015
32040  44.066  -33.038  -10.709 0.1000000015
32041  43.344  -32.787  -10.401 0.1000000015
32033  43.212  -33.058  -9.240 0.1000000015
32034  42.369  -32.899  -9.029 0.1000000015
30940  42.201  -33.464  -8.007 0.1000000015
30927  42.673  -34.608  -7.597 0.1000000015
29832  42.109  -35.140  -7.385 0.1000000015
29833  41.373  -35.462  -7.186 0.1000000015
30939  42.997  -33.594  -8.211 0.1000000015
30926  43.367  -34.458  -7.811 0.1000000015
29830  43.289  -35.139  -7.699 0.1000000015
29831  42.716  -35.239  -7.678 0.1000000015
28743  33.328  -35.699  -5.500 0.1000000015
121110  33.696  -35.740  -6.195 0.1000000015
29818  34.769  -34.831  -6.984 0.1000000015
28755  35.046  -35.525  -7.212 0.1000000015
29827  36.480  -34.722  -7.538 0.1000000015
29836  37.337  -34.492  -7.474 0.1000000015
33137  38.770  -31.066  -10.230 0.1000000015
32037  38.472  -32.085  -9.215 0.1000000015
32028  38.842  -32.762  -8.648 0.1000000015
30931  38.502  -33.456  -8.084 0.1000000015
34211  40.006  -30.584  -11.313 0.1000000015
34201  39.383  -30.802  -10.729 0.1000000015
33136  39.574  -31.492  -10.248 0.1000000015
33130  38.984  -31.796  -9.737 0.1000000015
32027  39.708  -32.816  -8.579 0.1000000015
116923  39.426  -33.443  -7.910 0.1000000015
33142  40.614  -31.206  -11.116 0.1000000015
33134  41.164  -31.697  -10.802 0.1000000015
33135  40.510  -31.783  -10.286 0.1000000015
32036  39.901  -32.224  -9.471 0.1000000015
30930  40.328  -33.518  -7.706 0.1000000015
30920  40.847  -34.366  -7.137 0.1000000015
30923  35.141  -33.563  -7.294 0.1000000015
32031  36.024  -32.384  -7.984 0.1000000015
30933  36.568  -33.178  -8.102 0.1000000015
116210  36.467  -31.855  -8.443 0.1000000015
30932  37.441  -33.537  -8.085 0.1000000015
34202  38.708  -30.309  -10.612 0.1000000015
34203  37.998  -30.498  -10.040 0.1000000015
33132  37.544  -31.053  -9.434 0.1000000015
32030  36.924  -32.578  -8.472 0.1000000015
34212  39.300  -30.152  -11.128 0.1000000015
33131  38.223  -31.387  -9.696 0.1000000015
27806  36.912  -36.855  -15.794 0.5000000000
126540  36.456  -38.859  -12.625 0.4000000060
19833  43.508  -42.588  -11.977 0.1000000015
24404  40.408  -39.399  -11.016 0.1000000015
27736  37.417  -36.562  -12.437 0.4000000060
19784  45.566  -43.733  -8.956 0.1000000015
20886  42.899  -41.910  -10.404 0.1000000015
26682  38.994  -37.320  -10.398 0.3000000119
25556  39.299  -38.644  -11.443 0.2000000030
131292  38.192  -37.696  -11.720 0.2000000030
26698  37.937  -37.126  -11.828 0.3000000119
29865  38.780  -34.848  -11.679 0.3000000119
25686  39.249  -38.681  -17.726 0.5000000000
120387  43.867  -43.706  -8.624 0.1000000015
19787  42.398  -43.371  -8.595 0.1000000015
113928  40.754  -42.760  -8.438 0.1000000015
123358  42.410  -42.259  -9.583 0.1000000015
22003  40.427  -41.416  -9.248 0.1000000015
20851  40.929  -42.078  -9.005 0.1000000015
23177  39.743  -39.846  -9.896 0.1000000015
25537  38.603  -38.800  -8.239 0.1000000015
116361  38.730  -35.435  -11.326 0.3000000119
29876  39.846  -34.333  -12.662 0.4000000060
25683  42.198  -38.879  -17.068 0.5000000000
25666  41.834  -38.421  -16.918 0.5000000000
24513  42.806  -39.179  -16.895 0.5000000000
25650  44.446  -38.410  -15.818 0.5000000000
20854  38.449  -42.671  -7.911 0.1000000015
114334  37.846  -42.126  -7.838 0.1000000015
20853  39.298  -42.412  -8.059 0.1000000015
21979  38.163  -41.356  -7.754 0.1000000015
23160  39.369  -40.573  -8.962 0.1000000015
113290  38.544  -40.367  -8.082 0.1000000015
23135  38.293  -40.748  -7.782 0.1000000015
25531  38.503  -38.865  -6.996 0.1000000015
113316  39.192  -37.484  -6.801 0.2000000030
27716  47.473  -36.977  -8.709 0.2000000030
26668  48.287  -36.927  -9.085 0.2000000030
26696  47.212  -37.438  -10.518 0.2000000030
27733  46.237  -37.017  -11.449 0.2000000030
27725  45.594  -36.533  -10.993 0.2000000030
28777  44.643  -35.942  -9.455 0.1000000015
26711  47.374  -37.877  -12.410 0.2000000030
26713  46.122  -37.091  -12.621 0.2000000030
29874  42.098  -34.689  -12.728 0.4000000060
26739  46.404  -37.734  -14.393 0.5000000000
26730  46.211  -37.347  -13.570 0.4000000060
25615  47.943  -38.441  -12.961 0.2000000030
27762  44.964  -36.696  -14.542 0.4000000060
133068  44.117  -35.990  -14.078 0.5000000000
28804  44.120  -35.831  -13.481 0.5000000000
29889  41.419  -34.602  -13.257 0.5000000000
116156  41.989  -34.538  -11.961 0.3000000119
25648  46.099  -38.620  -15.317 0.5000000000
132819  46.486  -38.180  -14.943 0.5000000000
27777  44.501  -36.958  -15.197 0.5000000000
27778  42.729  -36.384  -15.338 0.5000000000
21982  34.679  -42.262  -7.288 0.1000000015
21981  35.283  -42.116  -7.655 0.1000000015
21980  36.171  -41.831  -7.914 0.1000000015
24373  37.504  -40.009  -7.454 0.1000000015
24374  35.624  -39.053  -7.559 0.1000000015
122807  36.505  -38.946  -7.408 0.1000000015
114814  38.125  -39.419  -7.107 0.1000000015
25532  38.197  -38.764  -6.749 0.2000000030
27711  46.115  -36.435  -8.206 0.1000000015
29829  45.958  -35.577  -7.923 0.1000000015
20821  34.525  -42.626  -6.922 0.1000000015
21968  33.745  -41.332  -6.270 0.1000000015
116198  35.212  -39.864  -7.574 0.1000000015
126914  36.751  -37.596  -6.963 0.1000000015
27698  38.350  -36.886  -6.437 0.2000000030
28751  39.503  -36.213  -6.523 0.2000000030
29860  46.004  -34.053  -10.432 0.1000000015
30942  45.377  -33.711  -10.284 0.1000000015
30936  45.171  -33.827  -9.199 0.1000000015
29842  45.552  -34.619  -8.398 0.1000000015
129452  41.174  -34.613  -10.336 0.2000000030
28761  43.271  -35.378  -7.836 0.1000000015
112189  41.822  -34.688  -10.422 0.1000000015
24365  33.314  -39.652  -6.123 0.1000000015
23118  33.393  -40.636  -4.739 0.1000000015
24362  33.064  -39.410  -5.206 0.1000000015
25522  32.610  -38.290  -3.847 0.1000000015
25524  32.710  -38.187  -4.645 0.1000000015
24363  32.879  -38.717  -5.081 0.1000000015
127181  33.461  -38.866  -6.334 0.1000000015
133752  32.969  -36.830  -5.263 0.1000000015
26650  33.190  -37.316  -5.823 0.1000000015
128038  34.136  -37.850  -6.873 0.1000000015
26654  33.676  -37.585  -6.491 0.1000000015
126123  34.985  -37.081  -7.221 0.1000000015
26653  34.276  -37.068  -6.846 0.1000000015
122531  35.738  -36.818  -7.228 0.1000000015
28753  36.526  -35.533  -7.269 0.1000000015
30947  44.774  -33.350  -11.077 0.1000000015
30944  43.958  -33.224  -9.604 0.1000000015
30937  44.692  -34.326  -8.266 0.1000000015
28744  32.988  -36.190  -4.980 0.1000000015
28746  34.388  -35.540  -6.747 0.1000000015
27694  34.106  -36.257  -6.682 0.1000000015
28754  35.625  -35.019  -7.413 0.1000000015
128029  39.232  -34.076  -7.335 0.1000000015
32047  42.769  -32.191  -11.330 0.1000000015
32042  42.523  -32.546  -10.177 0.1000000015
32035  40.718  -32.907  -8.437 0.1000000015
132651  41.523  -33.359  -7.932 0.1000000015
30928  41.899  -34.236  -7.429 0.1000000015
29844  42.162  -35.312  -7.662 0.1000000015
112422  33.547  -34.948  -5.658 0.1000000015
29819  34.077  -34.690  -6.337 0.1000000015
30917  34.607  -33.995  -6.779 0.1000000015
120043  35.153  -34.319  -7.243 0.1000000015
126979  35.796  -34.167  -7.571 0.1000000015
29837  36.577  -33.921  -7.804 0.1000000015
32029  37.891  -32.555  -8.692 0.1000000015
115338  39.149  -32.342  -9.191 0.1000000015
32038  37.826  -31.756  -9.215 0.1000000015
33143  40.004  -31.181  -10.766 0.1000000015
32018  35.194  -32.661  -7.432 0.1000000015
30922  35.858  -33.310  -7.731 0.1000000015
33126  37.117  -31.677  -8.889 0.1000000015
33127  36.421  -31.104  -8.586 0.1000000015
35212  38.187  -29.652  -10.434 0.1000000015
124581  38.438  -29.007  -10.676 0.1000000015
34198  37.303  -30.243  -9.534 0.1000000015
18830  36.333  -43.973  -10.944 0.1000000015
18831  35.520  -44.043  -11.434 0.1000000015
19839  35.549  -43.123  -11.982 0.1000000015
20916  35.722  -42.198  -12.325 0.1000000015
19837  37.047  -43.394  -11.421 0.1000000015
19854  37.724  -42.963  -11.940 0.1000000015
20914  37.594  -42.225  -12.303 0.1000000015
124366  34.871  -43.689  -12.150 0.2000000030
18842  34.334  -44.302  -12.792 0.2000000030
19855  34.890  -42.841  -12.402 0.1000000015
22048  35.467  -41.314  -12.595 0.1000000015
119516  34.392  -45.037  -13.225 0.2000000030
19869  34.000  -43.550  -13.322 0.2000000030
20917  34.793  -42.027  -12.665 0.2000000030
124190  34.234  -42.760  -12.964 0.2000000030
23207  35.176  -40.537  -12.822 0.3000000119
22049  34.643  -41.228  -12.963 0.3000000119
18856  33.716  -43.595  -14.030 0.2000000030
20925  33.666  -42.759  -13.782 0.2000000030
18869  34.160  -44.720  -14.539 0.2000000030
20924  34.097  -41.954  -13.269 0.2000000030
18870  33.727  -44.014  -14.621 0.2000000030
16860  37.432  -47.070  -14.541 0.1000000015
111002  34.497  -45.241  -13.761 0.2000000030
18855  34.055  -44.369  -13.787 0.2000000030
22058  34.030  -41.144  -13.596 0.3000000119
23219  33.952  -40.397  -13.914 0.4000000060
17882  35.522  -45.876  -14.373 0.1000000015
128974  34.710  -45.389  -14.308 0.1000000015
19882  33.452  -43.215  -14.626 0.2000000030
20937  33.397  -42.326  -14.618 0.2000000030
17881  36.721  -46.571  -14.335 0.1000000015
23220  33.652  -40.308  -14.566 0.4000000060
18891  34.601  -44.952  -15.206 0.2000000030
16859  38.239  -46.782  -15.292 0.1000000015
17880  37.448  -46.275  -15.269 0.2000000030
18892  33.931  -44.328  -15.149 0.2000000030
19902  33.651  -43.633  -15.344 0.2000000030
117261  33.427  -42.770  -15.434 0.2000000030
20959  33.384  -41.773  -15.427 0.4000000060
126450  33.571  -42.305  -16.055 0.4000000060
23261  33.576  -40.130  -15.354 0.4000000060
19901  34.218  -44.071  -15.838 0.3000000119
18890  35.695  -45.371  -15.435 0.2000000030
22115  33.566  -40.826  -15.923 0.4000000060
24499  33.942  -39.319  -15.611 0.4000000060
19916  35.390  -44.002  -17.053 0.4000000060
18909  35.031  -44.520  -16.213 0.3000000119
28781  48.785  -35.843  -10.941 0.1000000015
28775  48.103  -35.591  -9.477 0.1000000015
23279  33.704  -39.968  -16.026 0.4000000060
111257  33.919  -43.105  -16.212 0.4000000060
23278  34.106  -40.337  -16.558 0.5000000000
19917  34.697  -43.679  -16.658 0.4000000060
19938  34.649  -42.875  -17.033 0.4000000060
28774  48.796  -36.057  -9.810 0.1000000015
27732  49.241  -36.241  -11.133 0.1000000015
27715  49.116  -36.914  -9.630 0.1000000015
24515  34.232  -39.546  -16.396 0.4000000060
24535  34.661  -39.899  -17.099 0.5000000000
22114  34.090  -41.200  -16.686 0.5000000000
24514  34.865  -39.165  -16.847 0.5000000000
26679  49.776  -37.622  -10.044 0.1000000015
26680  49.026  -37.576  -9.716 0.1000000015
24414  50.639  -38.396  -10.732 0.1000000015
26694  50.271  -38.028  -10.247 0.1000000015
25591  48.298  -38.284  -11.515 0.1000000015
126736  36.656  -44.478  -10.553 0.1000000015
19838  36.233  -43.316  -11.596 0.1000000015
20915  36.719  -42.145  -12.282 0.1000000015
20896  36.231  -42.697  -12.033 0.1000000015
18829  37.229  -43.969  -10.828 0.1000000015
128890  38.615  -43.801  -11.418 0.1000000015
118076  38.238  -42.566  -12.230 0.1000000015
25652  34.489  -38.576  -15.430 0.4000000060
26695  48.254  -37.881  -10.309 0.1000000015
18815  35.903  -44.884  -10.674 0.1000000015
22059  33.589  -41.010  -14.246 0.3000000119
22075  33.394  -40.918  -15.015 0.4000000060
117825  33.641  -41.655  -16.206 0.4000000060
27723  49.314  -36.466  -10.264 0.1000000015
25571  49.156  -38.241  -10.354 0.1000000015
122483  39.149  -44.366  -11.010 0.1000000015
13920  31.201  -49.153  -19.792 0.1000000015
121362  30.972  -48.568  -20.432 0.1000000015
111189  33.830  -48.283  -22.028 0.1000000015
14939  33.128  -48.096  -21.054 0.1000000015
12972  32.003  -50.187  -19.523 0.1000000015
12973  30.811  -50.028  -19.329 0.1000000015
12095  29.646  -51.474  -18.690 0.1000000015
13921  30.053  -49.285  -19.472 0.1000000015
3529  30.581  -63.908  -15.890 0.1000000015
124559  29.682  -54.929  -17.611 0.1000000015
8663  31.468  -56.714  -19.133 0.1000000015
14922  32.401  -48.439  -20.223 0.1000000015
9484  32.083  -56.108  -19.202 0.1000000015
14923  31.752  -48.715  -20.196 0.1000000015
10363  30.564  -53.444  -19.328 0.1000000015
14921  33.116  -47.981  -20.087 0.1000000015
11253  30.099  -52.388  -18.926 0.1000000015
14952  34.560  -48.265  -21.698 0.1000000015
2957  31.189  -64.096  -14.959 0.1000000015
128476  30.586  -63.277  -16.110 0.1000000015
4734  30.657  -61.392  -15.446 0.1000000015
4079  33.271  -62.210  -13.945 0.1000000015
3511  32.622  -62.777  -14.143 0.1000000015
121677  31.300  -64.125  -16.016 0.1000000015
3545  31.298  -63.575  -16.263 0.1000000015
5420  30.420  -60.056  -14.684 0.1000000015
8629  27.562  -55.001  -14.491 0.1000000015
10349  28.188  -53.296  -16.039 0.1000000015
13919  32.295  -49.090  -19.594 0.1000000015
12105  31.425  -51.075  -19.283 0.1000000015
15950  35.014  -48.021  -20.975 0.1000000015
14951  35.505  -48.394  -21.647 0.1000000015
4754  31.789  -61.829  -16.102 0.1000000015
4078  34.155  -62.192  -14.614 0.1000000015
3510  33.465  -62.714  -15.198 0.1000000015
3527  32.616  -63.391  -15.498 0.1000000015
4753  33.033  -62.110  -16.437 0.1000000015
4732  32.507  -60.971  -15.673 0.1000000015
4733  31.367  -60.564  -15.156 0.1000000015
6179  30.691  -58.132  -14.042 0.1000000015
7786  29.328  -56.849  -14.208 0.1000000015
7787  28.315  -56.520  -14.366 0.1000000015
7773  29.696  -56.046  -14.074 0.1000000015
128704  28.872  -55.921  -14.293 0.1000000015
10331  28.470  -53.414  -14.722 0.1000000015
10340  28.046  -53.254  -15.158 0.1000000015
10348  28.964  -53.271  -16.355 0.1000000015
9474  30.854  -55.307  -17.760 0.1000000015
11251  32.431  -53.727  -19.394 0.1000000015
122847  32.823  -48.357  -19.493 0.1000000015
12971  32.807  -50.437  -19.223 0.1000000015
12093  31.971  -52.249  -19.382 0.1000000015
11252  31.146  -52.851  -19.240 0.1000000015
15938  33.938  -47.621  -19.501 0.1000000015
15951  33.783  -47.851  -20.552 0.1000000015
6177  32.286  -59.195  -14.323 0.1000000015
4060  34.567  -61.677  -13.837 0.1000000015
4093  34.480  -62.410  -16.041 0.1000000015
3526  33.414  -62.908  -16.135 0.1000000015
4752  34.094  -62.164  -16.546 0.1000000015
5417  33.114  -60.091  -15.113 0.1000000015
6178  31.421  -58.839  -14.157 0.1000000015
6964  30.901  -57.298  -13.759 0.1000000015
121079  30.333  -56.033  -13.796 0.1000000015
10319  29.817  -53.618  -14.132 0.1000000015
4077  35.345  -62.123  -15.258 0.1000000015
4076  35.957  -61.348  -14.998 0.1000000015
4102  34.635  -62.065  -16.512 0.1000000015
4730  34.872  -61.650  -16.508 0.1000000015
5416  34.554  -60.707  -15.975 0.1000000015
8627  29.226  -55.200  -14.203 0.1000000015
130621  29.156  -53.695  -14.360 0.1000000015
11227  28.963  -52.883  -14.916 0.1000000015
10347  30.547  -53.309  -16.634 0.1000000015
10358  29.806  -53.815  -17.064 0.1000000015
10356  32.498  -54.706  -17.595 0.1000000015
10357  30.833  -54.258  -17.334 0.1000000015
9480  33.343  -55.166  -18.922 0.1000000015
9472  32.772  -55.459  -18.309 0.1000000015
121692  33.465  -52.843  -19.400 0.1000000015
128813  33.691  -54.329  -19.232 0.1000000015
9481  32.744  -55.638  -18.777 0.1000000015
12104  32.662  -51.374  -19.402 0.1000000015
111500  33.334  -47.894  -19.007 0.1000000015
15949  35.321  -47.825  -20.202 0.1000000015
123935  34.515  -47.729  -20.314 0.1000000015
131471  35.712  -47.815  -19.154 0.1000000015
15937  34.806  -47.598  -19.579 0.1000000015
6961  32.869  -58.235  -13.633 0.1000000015
6170  32.105  -58.338  -13.845 0.1000000015
4059  35.830  -61.754  -14.244 0.1000000015
4058  36.755  -61.467  -14.322 0.1000000015
4075  36.644  -60.980  -14.785 0.1000000015
5415  36.348  -60.647  -15.574 0.1000000015
5407  34.859  -59.928  -15.217 0.1000000015
5408  33.871  -59.735  -14.915 0.1000000015
6963  31.689  -57.495  -13.611 0.1000000015
117855  30.886  -56.430  -13.621 0.1000000015
9446  30.283  -54.429  -13.787 0.1000000015
4092  35.349  -61.669  -16.165 0.1000000015
10318  30.639  -53.393  -13.783 0.1000000015
10329  30.044  -52.972  -14.271 0.1000000015
11240  29.546  -52.654  -15.262 0.1000000015
11239  30.345  -52.484  -15.259 0.1000000015
11243  30.930  -52.708  -15.954 0.1000000015
128931  31.133  -52.466  -15.348 0.1000000015
10346  31.722  -53.525  -16.726 0.1000000015
132066  34.297  -54.529  -18.660 0.1000000015
10355  33.641  -55.011  -18.145 0.1000000015
13901  32.748  -49.429  -18.345 0.1000000015
12953  32.997  -50.439  -17.964 0.1000000015
12958  33.233  -50.800  -18.883 0.1000000015
12092  33.924  -52.018  -18.868 0.1000000015
11250  34.408  -53.757  -19.161 0.1000000015
12103  33.523  -51.689  -19.130 0.1000000015
14904  32.920  -48.356  -18.677 0.1000000015
14894  32.835  -48.523  -17.592 0.1000000015
4678  38.076  -61.086  -12.917 0.1000000015
4679  36.891  -61.418  -12.627 0.1000000015
4700  36.398  -61.658  -13.454 0.1000000015
5404  37.792  -60.312  -14.499 0.1000000015
5405  36.727  -60.196  -14.867 0.1000000015
4699  37.498  -61.415  -13.806 0.1000000015
4728  36.816  -60.585  -14.855 0.1000000015
5406  35.843  -60.096  -15.190 0.1000000015
6167  34.971  -59.112  -14.264 0.1000000015
6947  33.419  -58.008  -13.368 0.1000000015
7771  32.128  -56.913  -13.324 0.1000000015
8617  32.290  -56.196  -13.026 0.1000000015
120810  31.455  -55.163  -13.213 0.1000000015
7756  32.826  -56.686  -12.921 0.1000000015
9436  31.745  -54.345  -12.983 0.1000000015
11210  31.391  -52.782  -13.684 0.1000000015
11211  30.709  -52.711  -14.252 0.1000000015
11238  31.805  -52.430  -15.011 0.1000000015
11225  31.522  -52.473  -14.248 0.1000000015
11242  32.161  -53.032  -15.941 0.1000000015
11241  34.012  -53.998  -16.594 0.1000000015
10345  33.166  -54.103  -17.118 0.1000000015
10354  35.320  -54.181  -18.083 0.1000000015
122741  34.635  -54.591  -17.785 0.1000000015
12957  33.829  -51.641  -18.467 0.1000000015
11249  34.937  -53.701  -18.740 0.1000000015
12951  33.016  -50.111  -16.940 0.1000000015
12952  33.539  -51.130  -17.564 0.1000000015
13898  32.791  -49.121  -16.967 0.1000000015
14903  33.275  -47.827  -17.999 0.1000000015
15921  33.853  -47.562  -18.414 0.1000000015
15920  34.666  -47.552  -18.769 0.1000000015
6923  35.973  -57.340  -11.903 0.1000000015
6924  35.034  -57.039  -12.071 0.1000000015
4677  38.586  -60.511  -12.312 0.1000000015
4698  38.544  -60.320  -13.263 0.1000000015
5398  38.683  -60.032  -13.062 0.1000000015
6156  38.426  -59.560  -12.954 0.1000000015
6165  37.024  -59.583  -14.254 0.1000000015
6945  35.602  -57.892  -12.600 0.1000000015
122839  34.650  -56.314  -11.717 0.1000000015
4714  38.241  -60.727  -14.040 0.1000000015
6158  36.352  -58.767  -13.405 0.1000000015
6160  34.208  -58.234  -13.339 0.1000000015
8604  34.002  -55.755  -11.811 0.1000000015
9416  33.119  -53.973  -11.805 0.1000000015
9417  32.682  -53.354  -12.240 0.1000000015
8613  32.817  -55.852  -12.608 0.1000000015
9434  32.906  -54.961  -12.289 0.1000000015
11209  32.199  -52.507  -13.573 0.1000000015
11237  33.166  -53.064  -15.476 0.1000000015
12089  35.626  -53.397  -17.574 0.1000000015
112712  35.514  -54.323  -17.364 0.1000000015
12950  33.854  -51.273  -16.822 0.1000000015
12090  34.586  -52.345  -17.786 0.1000000015
11247  35.341  -53.559  -18.150 0.1000000015
14886  32.989  -48.601  -16.781 0.1000000015
6901  38.148  -57.768  -10.981 0.1000000015
5371  39.266  -59.628  -11.150 0.1000000015
6900  39.133  -58.537  -10.764 0.1000000015
6922  36.943  -57.664  -11.853 0.1000000015
7723  35.943  -56.055  -10.639 0.1000000015
4660  38.502  -60.561  -11.218 0.1000000015
4643  39.027  -60.290  -10.544 0.1000000015
6142  38.887  -59.613  -12.304 0.1000000015
6143  38.455  -58.891  -12.289 0.1000000015
6144  37.676  -58.585  -12.505 0.1000000015
6944  36.676  -58.233  -12.598 0.1000000015
7740  35.409  -56.406  -11.350 0.1000000015
8603  34.719  -55.637  -11.215 0.1000000015
9402  33.800  -54.029  -11.178 0.1000000015
11161  33.609  -52.710  -11.770 0.1000000015
116865  32.903  -52.477  -13.268 0.1000000015
11208  33.590  -52.541  -13.594 0.1000000015
11223  33.958  -53.228  -15.035 0.1000000015
11236  35.239  -54.159  -16.400 0.1000000015
12087  36.109  -53.801  -17.209 0.1000000015
13897  32.996  -49.179  -16.192 0.1000000015
14881  33.453  -48.714  -15.541 0.1000000015
5370  39.644  -59.148  -10.679 0.1000000015
6885  38.413  -57.448  -10.095 0.1000000015
7722  36.740  -56.513  -10.565 0.1000000015
6129  39.226  -59.331  -11.451 0.1000000015
6902  37.221  -57.279  -11.122 0.1000000015
8578  35.576  -55.065  -10.027 0.1000000015
9400  35.075  -54.008  -10.030 0.1000000015
9401  34.418  -54.007  -10.593 0.1000000015
11140  34.560  -52.791  -10.796 0.1000000015
11160  34.396  -52.591  -11.574 0.1000000015
11185  33.440  -52.508  -12.784 0.1000000015
11206  35.791  -53.937  -15.199 0.1000000015
113582  34.358  -53.110  -14.548 0.1000000015
129248  35.950  -54.225  -16.369 0.1000000015
11222  35.541  -54.074  -15.846 0.1000000015
12085  35.974  -53.211  -16.724 0.1000000015
11235  35.830  -54.117  -16.851 0.1000000015
12079  35.911  -52.621  -16.030 0.1000000015
12088  35.161  -52.564  -17.021 0.1000000015
12946  34.692  -50.879  -14.931 0.1000000015
12949  34.904  -51.643  -15.774 0.1000000015
12947  34.004  -50.513  -15.425 0.1000000015
15885  33.980  -48.049  -15.219 0.1000000015
6884  39.374  -58.110  -9.882 0.1000000015
7708  37.052  -56.268  -9.926 0.1000000015
119756  36.258  -54.904  -9.315 0.1000000015
9384  35.710  -53.997  -9.410 0.1000000015
6883  40.242  -58.681  -9.719 0.1000000015
8577  36.413  -55.755  -9.972 0.1000000015
10239  34.748  -53.254  -10.264 0.1000000015
11182  35.784  -52.848  -12.610 0.1000000015
115601  35.010  -52.573  -12.407 0.1000000015
11183  35.123  -53.006  -13.562 0.1000000015
12066  36.512  -52.630  -15.597 0.1000000015
11234  36.381  -53.977  -16.844 0.1000000015
13895  33.960  -49.656  -14.687 0.1000000015
13893  34.145  -49.018  -13.937 0.1000000015
14878  34.353  -48.266  -13.819 0.1000000015
15875  35.761  -47.147  -13.727 0.1000000015
6873  39.872  -57.761  -9.132 0.1000000015
7699  39.318  -56.681  -8.475 0.1000000015
8564  37.554  -55.459  -8.718 0.1000000015
10219  36.694  -53.038  -8.544 0.1000000015
10224  36.019  -53.119  -9.052 0.1000000015
7707  37.749  -56.446  -9.425 0.1000000015
8576  36.967  -55.630  -9.335 0.1000000015
11138  36.240  -52.586  -10.193 0.1000000015
11158  35.963  -52.561  -11.211 0.1000000015
10295  36.190  -53.928  -14.817 0.1000000015
10328  37.003  -54.355  -16.006 0.1000000015
11220  37.061  -54.214  -16.435 0.1000000015
14857  37.973  -48.585  -10.334 0.1000000015
13863  37.799  -49.299  -10.711 0.1000000015
13878  37.296  -49.731  -11.117 0.1000000015
12026  37.117  -50.846  -12.393 0.1000000015
12934  36.424  -50.675  -12.617 0.1000000015
12065  36.872  -52.355  -15.024 0.1000000015
12078  36.517  -53.531  -16.455 0.1000000015
14858  37.147  -48.212  -10.461 0.1000000015
13864  37.211  -48.998  -10.722 0.1000000015
12920  36.696  -50.181  -11.717 0.1000000015
12051  36.297  -51.349  -13.806 0.1000000015
15853  37.715  -47.716  -10.063 0.1000000015
121801  36.539  -47.907  -10.623 0.1000000015
14860  35.987  -48.015  -10.984 0.1000000015
14874  35.203  -48.915  -11.982 0.1000000015
12936  35.106  -50.186  -13.246 0.1000000015
12942  35.663  -51.067  -14.007 0.1000000015
15854  36.925  -47.467  -10.272 0.1000000015
15863  35.640  -47.196  -11.227 0.1000000015
122635  35.452  -48.141  -11.594 0.1000000015
13892  34.592  -49.476  -13.317 0.1000000015
15869  34.926  -47.983  -12.566 0.1000000015
127783  35.274  -46.823  -12.757 0.1000000015
15872  34.977  -47.716  -13.058 0.1000000015
16844  35.465  -47.058  -13.170 0.1000000015
7686  41.690  -56.658  -8.210 0.1000000015
7698  40.608  -57.272  -8.528 0.1000000015
8551  40.000  -56.012  -7.877 0.1000000015
8552  39.104  -54.920  -7.537 0.1000000015
115549  38.144  -54.949  -8.005 0.1000000015
7700  38.347  -56.094  -8.602 0.1000000015
9361  37.652  -53.802  -7.888 0.1000000015
11123  36.569  -52.744  -8.960 0.1000000015
122844  36.544  -52.647  -9.465 0.1000000015
11137  37.004  -52.583  -9.988 0.1000000015
11157  36.800  -52.687  -11.010 0.1000000015
128341  36.432  -53.479  -13.645 0.1000000015
121081  37.230  -54.386  -16.026 0.1000000015
11180  38.587  -52.387  -13.786 0.1000000015
11205  37.042  -53.622  -16.284 0.1000000015
12899  38.050  -49.866  -11.033 0.1000000015
12025  37.912  -51.085  -12.393 0.1000000015
12064  37.346  -52.226  -14.437 0.1000000015
13861  39.254  -49.311  -10.585 0.1000000015
17815  36.392  -45.784  -10.167 0.1000000015
16809  35.922  -46.478  -10.561 0.1000000015
116939  41.011  -55.635  -7.703 0.1000000015
10212  37.876  -53.068  -7.694 0.1000000015
11108  38.082  -52.369  -8.338 0.1000000015
10211  38.452  -53.745  -7.488 0.1000000015
11109  37.302  -52.704  -8.475 0.1000000015
11122  37.243  -52.518  -9.043 0.1000000015
123333  37.719  -52.608  -9.816 0.1000000015
11156  37.694  -52.930  -10.771 0.1000000015
10263  37.401  -53.326  -12.011 0.1000000015
10294  37.043  -53.815  -13.527 0.1000000015
10327  37.810  -54.314  -15.637 0.1000000015
9433  37.609  -54.457  -15.112 0.1000000015
117073  38.867  -53.258  -14.588 0.1000000015
10314  38.880  -54.076  -15.214 0.1000000015
12897  39.652  -49.925  -11.029 0.1000000015
12916  40.002  -50.514  -11.596 0.1000000015
11219  37.281  -54.062  -16.354 0.1000000015
14855  40.265  -48.503  -10.236 0.1000000015
12049  37.915  -51.958  -13.643 0.1000000015
15851  39.553  -47.984  -9.855 0.1000000015
15852  38.569  -47.914  -9.884 0.1000000015
9360  39.434  -53.874  -7.232 0.1000000015
130894  39.001  -53.118  -7.291 0.1000000015
11959  38.621  -52.306  -7.856 0.1000000015
11121  38.160  -52.380  -9.193 0.1000000015
11136  38.604  -52.927  -10.298 0.1000000015
10262  38.488  -53.630  -11.719 0.1000000015
10292  38.888  -54.456  -13.096 0.1000000015
9432  38.416  -54.637  -14.413 0.1000000015
10313  39.993  -53.941  -14.809 0.1000000015
9453  38.588  -54.507  -15.040 0.1000000015
11179  39.398  -52.479  -13.650 0.1000000015
11203  39.648  -53.414  -14.495 0.1000000015
12048  39.143  -51.694  -12.813 0.1000000015
124725  39.607  -48.749  -10.278 0.1000000015
114922  38.261  -47.140  -9.732 0.1000000015
11094  39.175  -52.514  -7.500 0.1000000015
11120  39.912  -52.288  -9.523 0.1000000015
124389  39.057  -52.405  -9.430 0.1000000015
11134  40.475  -52.938  -10.369 0.1000000015
11135  39.594  -52.965  -10.301 0.1000000015
10261  39.540  -54.122  -11.962 0.1000000015
10238  39.297  -53.499  -11.019 0.1000000015
10291  39.863  -54.678  -13.183 0.1000000015
9430  39.893  -54.909  -13.929 0.1000000015
9431  39.126  -54.881  -14.088 0.1000000015
9452  39.355  -54.306  -14.666 0.1000000015
119485  40.088  -52.653  -13.742 0.1000000015
12022  40.333  -51.095  -12.164 0.1000000015
12047  40.010  -51.846  -12.835 0.1000000015
124971  40.835  -49.085  -10.665 0.1000000015
127604  40.651  -50.580  -11.774 0.1000000015
17814  37.528  -45.502  -9.961 0.1000000015
117796  36.701  -45.049  -10.275 0.1000000015
10236  41.141  -53.730  -11.325 0.1000000015
10237  40.104  -53.635  -11.143 0.1000000015
10260  40.518  -54.350  -12.225 0.1000000015
125250  41.617  -54.808  -13.423 0.1000000015
10290  40.841  -54.819  -13.387 0.1000000015
9429  40.962  -54.612  -13.662 0.1000000015
9441  40.005  -54.576  -14.215 0.1000000015
9451  40.114  -54.209  -14.417 0.1000000015
11202  40.478  -53.417  -14.314 0.1000000015
16805  39.949  -46.833  -9.881 0.1000000015
130084  40.381  -47.751  -10.003 0.1000000015
12021  41.045  -51.061  -12.244 0.1000000015
17813  38.635  -45.725  -9.936 0.1000000015
124710  41.503  -54.603  -12.640 0.1000000015
9439  42.889  -54.502  -13.464 0.1000000015
125243  41.870  -54.655  -13.409 0.1000000015
11175  43.375  -53.087  -13.923 0.1000000015
11200  42.999  -53.917  -14.040 0.1000000015
120482  41.669  -54.543  -13.636 0.1000000015
12044  42.460  -52.096  -13.251 0.1000000015
10312  41.007  -53.922  -14.384 0.1000000015
122817  41.213  -53.447  -14.179 0.1000000015
15850  40.945  -47.201  -10.193 0.1000000015
14854  41.146  -48.203  -10.323 0.1000000015
13859  41.545  -48.911  -10.744 0.1000000015
13877  40.562  -49.921  -11.199 0.1000000015
12915  41.299  -50.384  -11.747 0.1000000015
12046  40.718  -51.633  -12.642 0.1000000015
18812  39.366  -45.213  -10.415 0.1000000015
13876  41.439  -49.620  -11.182 0.1000000015
12043  43.665  -52.026  -13.508 0.1000000015
11201  41.895  -53.814  -14.189 0.1000000015
10311  42.061  -54.212  -13.951 0.1000000015
12932  42.876  -51.039  -12.670 0.1000000015
11177  41.734  -52.809  -13.646 0.1000000015
117111  42.910  -49.443  -11.587 0.1000000015
12914  42.240  -50.124  -11.826 0.1000000015
12933  41.869  -51.050  -12.402 0.1000000015
9466  27.709  -53.990  -16.668 0.1000000015
10359  28.762  -53.871  -16.910 0.1000000015
9473  31.843  -55.331  -17.829 0.1000000015
8662  32.114  -56.240  -19.048 0.1000000015
14941  31.677  -48.435  -20.803 0.1000000015
10367  32.281  -55.025  -19.323 0.1000000015
14940  32.459  -48.297  -20.899 0.1000000015
10362  31.493  -53.918  -19.424 0.1000000015
12094  30.681  -51.784  -18.961 0.1000000015
12959  30.195  -50.790  -18.835 0.1000000015
129532  30.732  -64.137  -15.266 0.1000000015
8654  30.695  -56.314  -18.372 0.1000000015
10368  31.245  -54.758  -19.483 0.1000000015
3544  32.240  -63.471  -16.172 0.1000000015
5419  31.116  -59.586  -14.552 0.1000000015
9454  28.762  -54.292  -14.361 0.1000000015
10332  27.549  -53.679  -14.892 0.1000000015
4731  33.816  -61.381  -16.248 0.1000000015
5418  31.943  -59.833  -14.714 0.1000000015
6969  30.070  -57.494  -14.067 0.1000000015
6180  29.852  -58.328  -14.281 0.1000000015
6171  31.349  -57.996  -13.844 0.1000000015
7785  30.215  -56.719  -13.879 0.1000000015
10330  29.350  -53.056  -14.562 0.1000000015
11244  29.554  -52.953  -16.124 0.1000000015
10366  32.961  -54.896  -19.206 0.1000000015
13905  32.707  -49.335  -19.069 0.1000000015
7772  31.435  -56.846  -13.518 0.1000000015
8619  30.793  -55.447  -13.551 0.1000000015
8620  29.983  -55.292  -13.928 0.1000000015
128417  35.638  -60.886  -16.097 0.1000000015
11259  34.353  -52.789  -19.116 0.1000000015
6168  33.830  -58.885  -14.053 0.1000000015
6166  36.020  -59.348  -14.236 0.1000000015
8618  31.596  -56.075  -13.318 0.1000000015
9445  31.047  -54.377  -13.419 0.1000000015
12091  34.613  -52.732  -18.657 0.1000000015
6157  37.681  -59.349  -13.571 0.1000000015
120340  33.601  -57.293  -12.859 0.1000000015
6946  34.595  -57.606  -12.693 0.1000000015
8614  32.149  -55.310  -12.837 0.1000000015
7741  34.202  -56.723  -12.272 0.1000000015
9435  32.411  -54.233  -12.455 0.1000000015
10296  32.071  -53.449  -12.762 0.1000000015
11187  31.895  -52.846  -13.157 0.1000000015
11224  32.529  -52.500  -14.478 0.1000000015
14893  33.323  -48.048  -17.037 0.1000000015
7739  36.358  -56.856  -11.236 0.1000000015
4676  38.864  -60.070  -12.525 0.1000000015
122653  33.538  -54.851  -11.718 0.1000000015
10240  34.154  -53.325  -10.815 0.1000000015
10265  33.145  -53.214  -11.777 0.1000000015
111736  33.154  -52.513  -13.978 0.1000000015
10344  35.830  -54.009  -17.535 0.1000000015
115445  33.447  -50.283  -16.072 0.1000000015
6921  37.866  -58.088  -11.750 0.1000000015
133363  35.284  -55.612  -10.759 0.1000000015
8589  34.849  -54.853  -10.591 0.1000000015
11141  33.999  -52.867  -11.140 0.1000000015
11207  34.571  -52.880  -13.877 0.1000000015
10339  36.005  -54.169  -17.134 0.1000000015
13896  33.494  -49.426  -15.405 0.1000000015
14885  33.372  -48.374  -16.175 0.1000000015
7721  37.517  -56.936  -10.356 0.1000000015
6874  38.758  -57.104  -9.201 0.1000000015
10225  35.394  -53.193  -9.655 0.1000000015
11159  35.149  -52.543  -11.393 0.1000000015
125118  35.645  -54.017  -15.573 0.1000000015
10316  36.369  -54.237  -15.910 0.1000000015
12067  35.775  -51.842  -15.253 0.1000000015
14879  33.860  -48.683  -14.702 0.1000000015
15876  34.280  -48.026  -14.304 0.1000000015
15884  34.989  -47.570  -14.334 0.1000000015
9383  36.361  -53.916  -8.827 0.1000000015
129424  35.521  -53.092  -13.495 0.1000000015
12943  34.876  -50.485  -14.013 0.1000000015
124387  34.932  -47.583  -13.640 0.1000000015
14877  34.557  -48.495  -13.228 0.1000000015
114417  37.436  -54.597  -8.329 0.1000000015
10264  36.539  -53.035  -12.223 0.1000000015
10315  36.838  -54.266  -15.237 0.1000000015
12919  37.543  -50.400  -11.615 0.1000000015
13880  36.150  -49.686  -11.653 0.1000000015
12921  36.052  -50.142  -12.066 0.1000000015
12935  35.686  -50.378  -12.794 0.1000000015
12050  36.879  -51.410  -13.467 0.1000000015
11204  37.221  -53.239  -15.908 0.1000000015
14867  35.893  -48.912  -11.426 0.1000000015
13888  35.594  -49.649  -11.999 0.1000000015
13889  35.103  -49.573  -12.595 0.1000000015
14875  34.826  -48.744  -12.613 0.1000000015
132283  35.020  -48.254  -12.105 0.1000000015
16807  37.425  -46.940  -9.874 0.1000000015
15868  35.214  -47.553  -11.958 0.1000000015
11181  37.889  -53.381  -15.313 0.1000000015
12917  39.208  -50.495  -11.510 0.1000000015
12023  39.587  -51.077  -12.131 0.1000000015
113608  38.450  -51.599  -12.880 0.1000000015
114818  37.153  -46.243  -9.833 0.1000000015
10293  37.911  -54.198  -13.301 0.1000000015
9444  38.232  -54.599  -15.202 0.1000000015
116385  39.050  -47.293  -9.701 0.1000000015
16806  38.900  -46.533  -9.739 0.1000000015
11178  40.818  -52.479  -13.426 0.1000000015
9440  40.860  -54.379  -14.025 0.1000000015
20976  34.134  -42.134  -16.754 0.4000000060
18908  36.077  -44.729  -16.583 0.3000000119
131601  35.075  -43.388  -17.281 0.3000000119
20998  34.740  -42.212  -17.593 0.4000000060
22138  34.557  -41.514  -17.396 0.4000000060
19937  35.473  -43.571  -17.757 0.3000000119
11289  44.601  -52.374  -20.360 0.1000000015
131103  44.490  -50.553  -20.449 0.1000000015
123015  43.487  -49.630  -20.488 0.2000000030
15946  41.062  -47.964  -19.922 0.3000000119
22164  36.241  -41.313  -19.680 0.4000000060
16911  38.393  -46.956  -20.563 0.4000000060
17943  37.026  -46.019  -19.708 0.4000000060
14934  42.098  -48.467  -19.742 0.2000000030
16912  37.726  -46.445  -20.177 0.4000000060
17948  36.408  -45.414  -20.107 0.4000000060
10378  44.337  -53.160  -20.116 0.1000000015
14945  42.852  -49.081  -20.058 0.3000000119
17947  36.894  -46.018  -20.676 0.4000000060
19984  36.291  -43.646  -20.472 0.4000000060
113747  44.373  -52.887  -21.120 0.1000000015
22163  37.140  -41.017  -19.974 0.5000000000
13939  42.711  -49.295  -21.003 0.2000000030
14935  41.220  -48.397  -20.761 0.3000000119
15948  39.110  -47.406  -20.905 0.3000000119
18950  36.570  -44.530  -20.860 0.4000000060
24564  38.237  -40.032  -19.196 0.4000000060
25709  39.165  -39.176  -18.153 0.4000000060
16918  37.556  -46.493  -21.219 0.4000000060
21048  37.233  -42.416  -20.774 0.4000000060
22185  36.677  -41.848  -20.314 0.5000000000
11298  44.403  -51.971  -22.121 0.2000000030
111649  44.630  -52.007  -21.134 0.2000000030
12996  44.624  -50.676  -21.163 0.2000000030
14946  42.010  -48.883  -20.860 0.2000000030
129524  44.154  -50.082  -20.958 0.2000000030
15955  39.752  -47.875  -21.387 0.3000000119
11299  43.838  -52.670  -22.538 0.1000000015
17956  36.690  -45.345  -21.011 0.4000000060
15954  40.495  -48.041  -20.742 0.3000000119
16917  38.296  -47.033  -21.705 0.4000000060
18949  36.823  -44.858  -21.603 0.4000000060
23334  38.005  -40.670  -19.803 0.5000000000
24555  39.522  -39.673  -18.420 0.4000000060
17955  37.013  -45.654  -21.751 0.4000000060
21068  36.970  -43.064  -20.960 0.4000000060
22184  37.616  -41.801  -20.555 0.5000000000
23345  38.007  -41.301  -20.273 0.5000000000
24563  39.145  -40.110  -18.976 0.4000000060
12137  44.659  -51.271  -21.729 0.2000000030
124410  43.351  -49.518  -21.692 0.2000000030
13940  42.270  -49.067  -21.776 0.2000000030
111975  41.369  -48.661  -21.710 0.4000000060
14947  40.551  -48.298  -21.562 0.3000000119
14967  40.756  -48.393  -22.444 0.4000000060
15956  39.034  -47.462  -21.775 0.3000000119
23332  39.671  -40.715  -19.371 0.5000000000
24554  40.210  -39.788  -18.247 0.4000000060
24532  40.776  -39.482  -17.885 0.4000000060
14948  40.047  -48.125  -22.201 0.4000000060
16931  37.618  -46.254  -22.236 0.4000000060
23344  38.713  -41.216  -20.203 0.5000000000
127218  44.340  -49.872  -22.048 0.2000000030
115092  44.545  -51.237  -22.990 0.2000000030
121855  42.746  -49.187  -22.515 0.2000000030
24531  41.573  -39.926  -17.827 0.4000000060
15969  38.749  -47.155  -22.378 0.3000000119
17969  37.389  -45.496  -22.586 0.4000000060
20000  36.955  -44.085  -21.753 0.4000000060
11306  44.119  -51.975  -23.084 0.2000000030
13955  44.449  -49.795  -22.870 0.2000000030
14966  41.785  -48.733  -22.709 0.3000000119
15967  40.161  -47.963  -22.953 0.4000000060
24530  42.249  -39.572  -17.360 0.4000000060
15968  39.410  -47.604  -22.489 0.3000000119
128448  37.568  -42.727  -21.219 0.5000000000
23343  39.462  -41.209  -20.044 0.5000000000
25663  44.063  -39.031  -16.263 0.4000000060
12152  44.144  -51.726  -23.909 0.2000000030
127314  44.582  -50.041  -23.254 0.2000000030
17968  37.868  -45.845  -23.048 0.4000000060
18965  37.133  -44.697  -22.451 0.4000000060
23331  40.473  -40.879  -19.093 0.5000000000
23320  41.698  -40.662  -18.337 0.4000000060
25634  47.022  -38.271  -14.425 0.4000000060
113562  43.508  -52.366  -24.579 0.2000000030
13968  44.311  -49.713  -23.561 0.2000000030
14965  42.724  -49.046  -23.359 0.2000000030
16929  38.904  -46.928  -23.120 0.4000000060
21066  38.732  -42.294  -21.345 0.5000000000
22182  39.360  -41.832  -20.632 0.5000000000
10441  43.029  -53.189  -24.281 0.2000000030
16930  38.264  -46.601  -22.709 0.3000000119
21067  37.334  -43.214  -21.703 0.5000000000
22183  38.581  -41.918  -20.735 0.5000000000
23322  39.968  -40.264  -18.694 0.5000000000
11320  42.815  -52.914  -25.057 0.2000000030
119042  46.516  -39.434  -15.443 0.4000000060
25647  46.909  -38.749  -15.024 0.2000000030
24512  43.534  -39.565  -16.690 0.4000000060
24529  42.982  -39.990  -17.174 0.4000000060
12173  44.500  -50.932  -24.021 0.2000000030
14986  41.022  -48.235  -23.270 0.4000000060
23330  41.162  -40.966  -18.840 0.4000000060
23300  42.418  -40.448  -17.741 0.4000000060
117677  44.014  -51.526  -24.780 0.2000000030
13969  43.636  -49.368  -23.937 0.2000000030
13042  44.503  -50.187  -23.932 0.2000000030
24511  44.402  -39.979  -16.473 0.4000000060
23277  43.695  -40.373  -16.967 0.4000000060
23298  43.800  -40.996  -17.255 0.4000000060
132749  39.274  -42.219  -21.060 0.5000000000
22162  40.191  -41.401  -19.866 0.5000000000
22137  42.909  -41.052  -17.922 0.4000000060
15984  40.511  -47.582  -23.686 0.4000000060
16945  38.500  -46.225  -23.499 0.4000000060
17981  37.594  -45.051  -23.232 0.3000000119
20019  37.328  -43.619  -22.521 0.4000000060
15985  39.677  -47.260  -23.397 0.4000000060
21065  39.383  -42.085  -21.532 0.5000000000
13982  44.213  -49.750  -24.465 0.2000000030
23275  45.021  -40.786  -16.511 0.4000000060
22152  41.764  -41.342  -18.974 0.5000000000
110866  41.047  -41.636  -19.665 0.5000000000
18979  37.553  -44.091  -23.271 0.4000000060
21091  37.777  -42.793  -22.439 0.5000000000
131481  39.921  -41.783  -20.447 0.5000000000
21090  38.614  -42.220  -22.163 0.5000000000
20997  35.068  -42.892  -17.798 0.4000000060
19969  35.830  -43.849  -19.748 0.4000000060
24498  44.870  -39.182  -15.980 0.4000000060
112605  39.943  -42.226  -21.066 0.5000000000
17918  38.019  -45.309  -17.495 0.3000000119
132019  37.048  -44.630  -17.832 0.2000000030
131040  36.303  -44.197  -17.907 0.2000000030
16881  39.943  -46.383  -16.985 0.2000000030
16893  39.294  -46.071  -18.027 0.3000000119
16894  38.343  -45.875  -18.504 0.3000000119
112113  37.450  -45.744  -18.870 0.3000000119
16892  40.231  -46.581  -17.867 0.2000000030
128853  40.535  -47.044  -18.536 0.2000000030
16904  39.551  -46.691  -18.877 0.2000000030
11321  41.684  -53.041  -24.896 0.1000000015
11322  40.841  -53.297  -24.607 0.1000000015
115785  41.394  -47.655  -27.146 0.1000000015
17899  37.028  -45.305  -16.473 0.2000000030
18918  36.690  -44.557  -17.439 0.2000000030
128264  38.523  -45.744  -16.948 0.2000000030
17919  37.415  -44.972  -17.314 0.2000000030
16869  39.549  -46.712  -16.006 0.1000000015
16870  38.781  -46.281  -16.075 0.2000000030
15879  39.275  -47.347  -15.581 0.1000000015
15891  39.956  -47.502  -15.914 0.1000000015
11307  43.640  -52.530  -23.666 0.1000000015
13990  43.923  -49.821  -25.417 0.1000000015
13991  43.166  -49.193  -25.740 0.1000000015
15007  42.223  -48.044  -25.334 0.1000000015
16000  41.659  -47.516  -25.601 0.1000000015
14007  43.547  -49.847  -26.399 0.1000000015
122415  42.726  -48.829  -26.359 0.1000000015
15999  42.263  -48.029  -26.013 0.1000000015
16962  41.092  -46.985  -25.138 0.1000000015
15016  42.111  -48.245  -26.717 0.1000000015
16967  40.561  -46.200  -26.197 0.1000000015
18002  40.168  -45.591  -25.698 0.1000000015
19007  39.769  -44.841  -26.073 0.1000000015
19021  39.677  -44.151  -26.312 0.1000000015
17898  37.972  -45.762  -16.359 0.2000000030
17980  38.221  -45.444  -23.734 0.3000000119
13043  44.302  -50.508  -24.918 0.1000000015
14984  42.735  -48.879  -24.258 0.1000000015
15983  41.337  -47.892  -24.069 0.1000000015
16956  39.740  -46.170  -24.405 0.2000000030
17979  38.933  -45.828  -24.128 0.3000000119
130403  38.218  -42.682  -23.673 0.3000000119
22221  38.898  -41.591  -23.101 0.3000000119
11339  42.174  -52.753  -25.745 0.1000000015
12189  43.788  -51.435  -25.649 0.1000000015
15000  42.111  -48.237  -24.564 0.1000000015
16955  40.482  -46.520  -24.696 0.1000000015
17992  39.520  -45.356  -24.624 0.2000000030
20043  38.669  -42.750  -24.242 0.3000000119
13078  43.565  -51.537  -26.535 0.1000000015
17991  40.141  -45.788  -24.938 0.1000000015
20061  39.408  -43.512  -25.172 0.2000000030
21114  39.059  -42.171  -24.394 0.3000000119
19008  39.552  -44.236  -25.557 0.1000000015
21127  39.683  -42.705  -25.610 0.2000000030
23414  39.831  -40.806  -24.020 0.4000000060
20087  39.633  -43.515  -25.990 0.1000000015
112611  40.199  -41.835  -25.637 0.3000000119
114061  35.271  -44.839  -11.342 0.1000000015
22181  40.591  -42.153  -20.612 0.4000000060
21102  38.196  -42.313  -23.097 0.3000000119
115384  39.391  -41.716  -22.292 0.4000000060
111812  40.032  -41.882  -21.818 0.4000000060
128290  39.436  -41.214  -22.850 0.4000000060
23380  40.001  -40.905  -22.644 0.4000000060
23395  39.555  -40.966  -23.320 0.4000000060
23394  40.237  -40.485  -23.504 0.5000000000
22240  40.032  -41.176  -24.846 0.3000000119
23413  40.442  -40.473  -24.356 0.5000000000
20086  40.010  -43.560  -26.774 0.2000000030
21146  39.953  -42.963  -26.296 0.1000000015
18016  40.075  -45.427  -27.490 0.1000000015
20104  40.262  -43.872  -27.590 0.1000000015
22269  40.740  -41.972  -26.345 0.2000000030
21126  40.220  -42.422  -26.151 0.2000000030
16979  40.438  -46.336  -28.391 0.1000000015
18027  40.278  -45.520  -28.364 0.1000000015
21145  40.559  -42.680  -26.760 0.2000000030
114447  40.611  -46.382  -29.087 0.1000000015
133058  40.429  -45.916  -28.775 0.1000000015
116635  42.408  -41.763  -19.045 0.4000000060
22151  42.377  -41.123  -18.381 0.3000000119
111845  41.850  -42.033  -19.773 0.4000000060
22200  40.674  -42.287  -21.466 0.4000000060
132432  40.936  -42.526  -20.990 0.4000000060
22220  40.586  -41.584  -22.121 0.4000000060
21046  41.886  -42.917  -21.168 0.4000000060
23379  40.942  -40.720  -22.485 0.4000000060
23393  40.777  -40.145  -23.071 0.4000000060
127925  41.352  -39.671  -23.436 0.5000000000
24638  40.858  -39.925  -23.830 0.4000000060
22250  40.885  -41.388  -25.854 0.3000000119
23433  40.812  -40.757  -25.221 0.4000000060
23412  41.137  -40.047  -24.622 0.4000000060
20113  41.376  -43.532  -28.657 0.2000000030
126395  40.949  -43.318  -27.947 0.2000000030
22268  41.547  -41.541  -26.537 0.2000000030
19040  41.031  -44.193  -29.061 0.1000000015
20114  40.624  -44.033  -28.356 0.2000000030
14112  42.265  -50.310  -32.056 0.1000000015
22161  42.937  -42.164  -19.135 0.4000000060
112678  43.042  -41.617  -18.436 0.4000000060
21045  42.586  -43.159  -20.825 0.4000000060
21089  42.605  -42.591  -22.064 0.4000000060
21064  42.529  -43.139  -21.651 0.4000000060
22218  42.240  -41.745  -22.145 0.4000000060
24618  41.529  -39.899  -22.779 0.4000000060
23378  41.847  -40.687  -22.362 0.4000000060
24602  42.349  -39.716  -22.518 0.3000000119
24636  42.502  -38.997  -24.301 0.4000000060
24617  42.099  -39.203  -23.301 0.4000000060
22267  42.247  -40.940  -26.383 0.3000000119
23432  41.533  -40.891  -25.844 0.3000000119
124044  41.493  -40.321  -25.282 0.4000000060
21184  42.597  -42.500  -28.564 0.2000000030
22295  41.729  -41.984  -27.175 0.2000000030
21144  41.184  -42.158  -26.856 0.2000000030
19057  40.826  -44.808  -29.385 0.2000000030
115593  41.374  -50.102  -32.409 0.1000000015
14113  41.929  -50.403  -32.569 0.1000000015
15103  42.424  -49.451  -32.533 0.1000000015
22113  44.813  -41.390  -16.856 0.3000000119
21014  44.362  -42.886  -18.520 0.4000000060
22150  43.990  -42.054  -18.014 0.3000000119
19983  43.858  -43.520  -20.209 0.4000000060
19998  44.828  -44.144  -21.496 0.4000000060
21063  43.260  -43.441  -21.443 0.4000000060
21088  43.414  -42.934  -22.106 0.4000000060
23377  42.728  -40.583  -22.253 0.4000000060
22217  43.126  -41.769  -22.238 0.4000000060
24601  42.903  -38.966  -22.749 0.4000000060
116517  43.072  -39.611  -22.299 0.3000000119
129592  44.132  -39.420  -25.567 0.3000000119
24653  43.488  -39.755  -25.730 0.3000000119
24635  43.511  -38.922  -24.946 0.3000000119
24616  42.859  -38.719  -23.481 0.3000000119
21183  43.517  -42.257  -28.834 0.2000000030
23472  43.728  -40.826  -26.998 0.3000000119
127768  42.956  -40.836  -26.744 0.2000000030
24654  42.729  -39.562  -25.281 0.3000000119
24655  41.876  -39.681  -24.895 0.3000000119
20112  42.158  -43.093  -29.034 0.2000000030
22294  42.526  -41.462  -27.183 0.2000000030
20132  41.714  -43.719  -29.419 0.2000000030
22112  45.456  -41.590  -16.605 0.3000000119
20974  46.601  -42.925  -16.536 0.3000000119
22134  45.066  -42.087  -17.070 0.3000000119
20995  45.453  -42.953  -17.339 0.4000000060
22135  44.307  -41.601  -17.336 0.3000000119
19967  45.438  -44.201  -19.612 0.3000000119
19981  45.634  -44.459  -20.899 0.4000000060
19982  44.615  -44.073  -20.525 0.4000000060
21062  45.272  -43.700  -22.147 0.4000000060
115754  44.146  -43.635  -21.819 0.4000000060
22215  45.349  -41.981  -22.464 0.3000000119
22216  44.164  -41.883  -22.360 0.4000000060
21087  44.654  -42.938  -22.340 0.4000000060
112703  44.929  -38.028  -24.108 0.3000000119
118985  44.866  -37.993  -23.401 0.2000000030
25754  44.440  -38.351  -22.875 0.2000000030
123414  44.613  -39.678  -22.091 0.2000000030
23376  43.753  -40.420  -22.154 0.3000000119
24669  44.882  -39.568  -25.810 0.3000000119
116318  44.097  -38.402  -24.355 0.3000000119
25794  43.408  -38.500  -24.019 0.2000000030
25778  43.544  -38.480  -23.144 0.2000000030
24600  43.854  -39.074  -22.386 0.2000000030
23471  44.718  -40.836  -27.093 0.3000000119
114586  44.212  -40.131  -26.320 0.3000000119
22097  46.809  -41.068  -15.909 0.3000000119
23259  46.302  -40.191  -15.819 0.3000000119
23274  45.879  -40.877  -16.252 0.3000000119
20018  46.442  -43.690  -22.375 0.3000000119
24598  46.411  -38.844  -22.368 0.2000000030
23374  47.138  -40.329  -21.832 0.2000000030
121546  46.134  -41.047  -22.130 0.2000000030
128769  46.171  -38.190  -22.908 0.2000000030
24599  45.013  -38.896  -22.410 0.2000000030
120908  45.696  -39.768  -22.096 0.2000000030
24497  47.447  -39.455  -15.045 0.2000000030
16995  40.979  -47.141  -29.445 0.1000000015
18047  40.590  -45.532  -29.218 0.1000000015
22292  45.300  -41.482  -27.782 0.3000000119
20131  42.486  -43.349  -29.870 0.2000000030
18931  35.829  -43.890  -18.340 0.3000000119
115400  36.490  -44.428  -18.310 0.3000000119
17936  37.238  -45.023  -18.353 0.3000000119
15936  40.058  -47.198  -19.315 0.2000000030
18841  34.833  -44.581  -11.965 0.1000000015
18919  35.952  -44.146  -17.537 0.2000000030
14985  41.930  -48.498  -23.694 0.1000000015
116614  47.113  -40.209  -15.449 0.3000000119
22136  43.529  -41.396  -17.767 0.3000000119
16943  40.066  -46.890  -24.078 0.3000000119
18978  38.084  -44.579  -23.858 0.2000000030
16944  39.248  -46.564  -23.818 0.2000000030
13983  43.451  -49.295  -24.851 0.1000000015
16882  39.142  -46.049  -16.972 0.2000000030
17935  37.981  -45.429  -18.216 0.3000000119
16005  41.605  -47.528  -26.321 0.1000000015
13054  43.870  -50.543  -25.980 0.1000000015
130706  43.145  -49.341  -26.347 0.1000000015
14999  42.756  -48.657  -25.097 0.1000000015
15991  41.573  -47.623  -24.863 0.1000000015
16966  41.093  -46.906  -25.872 0.1000000015
16963  40.625  -46.311  -25.401 0.1000000015
18003  39.754  -45.037  -25.215 0.1000000015
15992  40.852  -47.229  -24.417 0.2000000030
20031  38.169  -43.525  -23.957 0.3000000119
18994  38.647  -44.217  -24.322 0.3000000119
21101  38.643  -42.071  -23.765 0.4000000060
18993  39.299  -44.399  -24.780 0.3000000119
20042  38.948  -43.506  -24.571 0.3000000119
112479  39.254  -42.780  -24.823 0.3000000119
22180  42.014  -42.647  -20.519 0.4000000060
22219  41.347  -41.890  -22.015 0.4000000060
19030  40.143  -44.685  -27.958 0.2000000030
21167  41.262  -42.606  -27.450 0.2000000030
21026  43.207  -42.867  -19.830 0.4000000060
22198  41.923  -42.657  -21.798 0.4000000060
21166  42.143  -42.229  -27.763 0.2000000030
21025  43.883  -42.994  -19.309 0.4000000060
131882  42.753  -40.518  -26.217 0.3000000119
22320  42.989  -41.898  -28.037 0.2000000030
19957  44.986  -43.596  -18.772 0.4000000060
21013  45.138  -43.323  -18.019 0.4000000060
19968  44.487  -43.548  -19.445 0.4000000060
24634  44.603  -38.803  -24.952 0.3000000119
22319  43.910  -41.762  -28.249 0.2000000030
113894  43.429  -41.373  -27.547 0.2000000030
19936  45.968  -43.845  -17.687 0.4000000060
23375  44.916  -40.728  -22.116 0.2000000030
25793  45.871  -37.975  -23.994 0.2000000030
25776  45.585  -37.957  -23.429 0.2000000030
25753  45.366  -38.264  -22.867 0.2000000030
19956  45.733  -44.053  -18.517 0.3000000119
20994  46.230  -43.505  -17.025 0.2000000030
18907  46.853  -44.483  -17.391 0.3000000119
22110  47.112  -42.140  -16.166 0.2000000030
20973  47.472  -43.364  -16.344 0.2000000030
15934  41.398  -47.455  -18.281 0.1000000015
14916  42.146  -48.071  -17.976 0.1000000015
15945  41.727  -47.921  -18.953 0.1000000015
17900  36.624  -45.634  -15.601 0.1000000015
15935  40.845  -47.459  -19.206 0.1000000015
14933  42.947  -48.907  -19.164 0.1000000015
110613  42.524  -48.537  -18.604 0.1000000015
24482  48.253  -39.426  -14.442 0.1000000015
23242  50.066  -40.539  -14.202 0.1000000015
116940  49.039  -40.088  -14.320 0.1000000015
22095  48.170  -41.331  -15.429 0.1000000015
22074  49.175  -41.138  -14.888 0.1000000015
20958  48.023  -42.452  -15.827 0.1000000015
127827  48.801  -42.022  -15.428 0.1000000015
20957  49.047  -43.201  -15.698 0.1000000015
111439  47.059  -44.143  -16.803 0.2000000030
20972  48.353  -43.934  -16.183 0.1000000015
19900  49.331  -44.684  -16.188 0.2000000030
18930  46.534  -44.679  -19.174 0.2000000030
18904  49.595  -45.651  -16.861 0.2000000030
18906  47.722  -45.067  -17.185 0.2000000030
18917  47.581  -45.051  -17.924 0.2000000030
19955  46.653  -44.670  -18.186 0.2000000030
18914  50.354  -45.513  -17.087 0.2000000030
18915  49.232  -45.429  -17.251 0.2000000030
18929  47.545  -45.099  -18.860 0.2000000030
18935  46.558  -44.701  -20.260 0.2000000030
18941  46.799  -44.665  -21.314 0.2000000030
19997  46.010  -44.265  -21.814 0.2000000030
126800  46.783  -42.932  -22.570 0.1000000015
18889  50.635  -45.505  -16.828 0.2000000030
18934  47.540  -44.989  -19.810 0.2000000030
18940  47.566  -44.844  -20.702 0.2000000030
127175  47.591  -44.636  -21.373 0.1000000015
21043  48.238  -44.079  -20.898 0.1000000015
21061  47.472  -43.465  -22.212 0.1000000015
23243  48.120  -40.307  -15.082 0.1000000015
121593  49.052  -39.318  -13.589 0.1000000015
24481  49.816  -39.887  -13.669 0.1000000015
22073  50.476  -41.585  -14.577 0.1000000015
22094  49.790  -42.400  -15.215 0.1000000015
19915  47.896  -44.745  -16.680 0.2000000030
18927  48.305  -44.871  -17.927 0.2000000030
23470  45.729  -41.057  -27.210 0.2000000030
23453  45.213  -40.317  -26.534 0.2000000030
23452  46.178  -40.626  -26.648 0.2000000030
24652  45.491  -39.122  -25.245 0.2000000030
24667  46.643  -40.193  -26.099 0.2000000030
24668  45.758  -39.849  -26.001 0.2000000030
23469  46.767  -41.382  -27.291 0.2000000030
25808  45.384  -38.453  -24.575 0.2000000030
127741  47.067  -39.789  -25.588 0.1000000015
24666  47.568  -40.474  -26.100 0.2000000030
24651  46.315  -39.437  -25.430 0.2000000030
25807  46.134  -38.625  -24.659 0.2000000030
24650  47.978  -39.818  -25.229 0.1000000015
25806  46.970  -39.104  -24.880 0.1000000015
23427  50.231  -41.151  -25.617 0.1000000015
23448  50.371  -41.417  -26.336 0.1000000015
19898  51.171  -45.103  -16.300 0.1000000015
25792  46.942  -38.287  -23.882 0.1000000015
24633  48.496  -39.100  -24.376 0.1000000015
24649  49.921  -40.422  -24.952 0.1000000015
115193  48.936  -39.935  -24.857 0.1000000015
24648  51.023  -40.820  -24.950 0.1000000015
24631  50.776  -40.033  -24.353 0.1000000015
119111  52.176  -40.207  -25.809 0.1000000015
20989  51.470  -44.688  -17.134 0.1000000015
22107  52.549  -43.041  -16.420 0.1000000015
18902  51.472  -44.948  -16.903 0.1000000015
25775  46.542  -38.074  -23.259 0.1000000015
110424  48.139  -38.510  -23.645 0.1000000015
24632  49.566  -39.462  -24.337 0.1000000015
24647  52.534  -40.305  -24.961 0.1000000015
24630  51.771  -40.424  -24.398 0.1000000015
20971  51.704  -43.847  -17.144 0.1000000015
19934  48.972  -44.900  -17.685 0.1000000015
24580  48.512  -38.713  -21.527 0.1000000015
25752  47.375  -38.537  -22.563 0.1000000015
25751  49.251  -38.603  -21.596 0.1000000015
25774  47.970  -38.399  -22.757 0.1000000015
25750  49.925  -38.338  -21.692 0.1000000015
25773  49.161  -38.505  -22.688 0.1000000015
25749  50.840  -38.114  -22.142 0.1000000015
25772  50.299  -38.483  -22.763 0.1000000015
25791  49.281  -38.749  -23.647 0.1000000015
26861  51.868  -37.628  -22.639 0.1000000015
25771  51.643  -38.708  -23.002 0.1000000015
25790  50.531  -39.073  -23.716 0.1000000015
25770  52.656  -39.334  -23.462 0.1000000015
22129  50.523  -43.050  -17.283 0.1000000015
20990  50.897  -44.525  -17.425 0.1000000015
24597  47.840  -39.625  -21.527 0.1000000015
27897  50.186  -37.479  -21.752 0.1000000015
26863  50.104  -38.040  -21.588 0.1000000015
26862  50.961  -37.824  -22.143 0.1000000015
119011  47.735  -40.389  -21.424 0.1000000015
23451  47.159  -40.986  -26.697 0.1000000015
23429  48.451  -40.751  -26.042 0.1000000015
25789  51.896  -39.785  -23.763 0.1000000015
24615  52.977  -39.441  -23.750 0.1000000015
18138  43.608  -46.937  -35.614 0.1000000015
19133  44.040  -45.947  -36.101 0.1000000015
18148  43.136  -46.378  -36.484 0.1000000015
17098  41.423  -47.402  -35.357 0.1000000015
17099  40.429  -46.539  -34.736 0.1000000015
17076  39.009  -46.016  -33.414 0.1000000015
18103  36.363  -45.736  -32.870 0.1000000015
18117  44.335  -46.363  -35.077 0.1000000015
17107  41.726  -47.008  -36.282 0.1000000015
17075  39.908  -46.648  -33.837 0.1000000015
19132  44.696  -45.367  -35.423 0.1000000015
20189  44.864  -44.535  -34.478 0.1000000015
19106  43.476  -45.330  -33.433 0.1000000015
18118  43.679  -47.407  -34.922 0.1000000015
17097  42.417  -47.894  -35.560 0.1000000015
19138  43.063  -45.386  -36.914 0.1000000015
19137  44.141  -44.836  -36.425 0.1000000015
119844  44.876  -43.806  -34.090 0.1000000015
21269  45.006  -43.066  -34.337 0.1000000015
21282  44.417  -43.066  -35.206 0.1000000015
120642  44.466  -41.948  -34.826 0.1000000015
19118  44.610  -45.607  -34.374 0.1000000015
18123  36.014  -45.818  -33.844 0.1000000015
3512  31.938  -63.625  -14.500 0.1000000015
3528  31.856  -63.969  -15.687 0.1000000015
4103  34.051  -62.396  -16.344 0.1000000015
4104  33.266  -62.689  -16.325 0.1000000015
4105  32.150  -62.873  -16.414 0.1000000015
4106  31.046  -62.660  -16.217 0.1000000015
4659  38.989  -60.156  -11.730 0.1000000015
4715  37.479  -60.983  -14.488 0.1000000015
4729  35.981  -60.441  -15.496 0.1000000015
5399  38.577  -60.116  -13.851 0.1000000015
6130  38.743  -58.724  -11.648 0.1000000015
6159  35.232  -58.479  -13.340 0.1000000015
6169  32.976  -59.057  -14.234 0.1000000015
6899  39.828  -58.832  -10.301 0.1000000015
6948  32.829  -57.448  -13.263 0.1000000015
6962  32.304  -57.668  -13.521 0.1000000015
7755  33.458  -56.327  -12.458 0.1000000015
8563  38.904  -55.776  -8.001 0.1000000015
8565  36.892  -54.773  -8.758 0.1000000015
8590  34.188  -54.846  -11.146 0.1000000015
8612  33.356  -55.548  -12.202 0.1000000015
8628  28.406  -55.047  -14.370 0.1000000015
8652  32.302  -55.909  -18.486 0.1000000015
8653  31.684  -56.187  -18.450 0.1000000015
9371  37.032  -53.807  -8.348 0.1000000015
9442  39.227  -54.615  -14.490 0.1000000015
9443  38.686  -54.672  -14.773 0.1000000015
9447  29.535  -54.426  -14.122 0.1000000015
9455  27.910  -54.172  -14.580 0.1000000015
9471  33.358  -55.218  -18.693 0.1000000015
9483  32.693  -55.685  -19.006 0.1000000015
10218  37.357  -53.036  -8.070 0.1000000015
10241  33.597  -53.325  -11.334 0.1000000015
10317  31.450  -53.463  -13.284 0.1000000015
11095  37.896  -52.616  -7.937 0.1000000015
11124  35.949  -52.775  -9.513 0.1000000015
11139  35.353  -52.703  -10.322 0.1000000015
11162  33.005  -52.811  -12.185 0.1000000015
11176  42.499  -53.211  -13.857 0.1000000015
11184  34.320  -52.532  -12.577 0.1000000015
11186  32.534  -52.725  -12.778 0.1000000015
11221  36.322  -54.174  -16.333 0.1000000015
11226  29.914  -52.682  -14.724 0.1000000015
11245  28.796  -52.946  -15.459 0.1000000015
11990  38.675  -52.167  -8.641 0.1000000015
12024  38.786  -51.027  -12.162 0.1000000015
12045  41.424  -51.831  -12.857 0.1000000015
12086  34.386  -51.494  -16.180 0.1000000015
12129  44.689  -51.542  -20.623 0.1000000015
12190  41.715  -52.498  -25.771 0.2000000030
12213  43.134  -52.295  -26.944 0.2000000030
12239  43.150  -51.566  -28.061 0.1000000015
12898  38.832  -49.934  -10.960 0.1000000015
12918  38.363  -50.488  -11.540 0.1000000015
13009  44.627  -50.429  -22.495 0.2000000030
13024  44.604  -50.534  -23.353 0.2000000030
13118  43.227  -51.116  -28.599 0.1000000015
13120  41.902  -51.618  -29.198 0.1000000015
13129  43.112  -50.654  -29.143 0.1000000015
13151  41.986  -50.551  -32.215 0.1000000015
13860  40.035  -49.274  -10.609 0.1000000015
13862  38.473  -49.275  -10.601 0.1000000015
13879  36.615  -49.395  -11.209 0.1000000015
13894  34.301  -49.856  -14.070 0.1000000015
13956  43.819  -49.416  -22.888 0.2000000030
14131  42.100  -50.222  -32.696 0.1000000015
14856  38.902  -48.642  -10.218 0.1000000015
14859  36.538  -48.584  -10.859 0.1000000015
14953  33.073  -48.218  -21.891 0.1000000015
15006  42.646  -48.511  -25.714 0.1000000015
15083  42.457  -49.737  -31.845 0.1000000015
15855  36.229  -47.294  -10.606 0.1000000015
15957  33.775  -48.092  -21.368 0.1000000015
16022  40.749  -47.097  -28.617 0.1000000015
16808  36.625  -46.698  -10.162 0.1000000015
16858  38.961  -46.875  -15.502 0.1000000015
17096  43.164  -47.936  -35.341 0.1000000015
17106  42.675  -47.155  -36.102 0.1000000015
17816  35.725  -45.742  -10.623 0.1000000015
17917  38.597  -45.658  -17.725 0.3000000119
17993  38.775  -44.989  -24.277 0.3000000119
18102  37.107  -45.555  -33.029 0.1000000015
18139  40.915  -46.514  -35.705 0.1000000015
18800  46.367  -43.875  -9.183 0.1000000015
18811  45.881  -43.632  -10.506 0.1000000015
18888  51.431  -45.054  -16.648 0.1000000015
18903  50.997  -45.366  -16.929 0.2000000030
18905  48.551  -45.527  -17.024 0.2000000030
18916  48.254  -45.194  -17.566 0.2000000030
18933  48.078  -45.034  -19.504 0.2000000030
18939  48.026  -44.942  -20.215 0.2000000030
19041  40.476  -44.767  -28.763 0.2000000030
19056  41.357  -44.408  -29.770 0.2000000030
19075  41.650  -44.646  -30.564 0.2000000030
19119  44.130  -46.339  -34.447 0.1000000015
19785  44.750  -43.618  -8.815 0.1000000015
19789  40.570  -43.476  -8.181 0.1000000015
19809  45.792  -43.530  -9.597 0.1000000015
19811  44.163  -43.119  -9.292 0.1000000015
19836  37.888  -43.566  -11.406 0.1000000015
19856  34.410  -43.426  -12.689 0.1000000015
19899  50.242  -45.301  -16.378 0.2000000030
19914  48.673  -45.163  -16.623 0.2000000030
19932  50.942  -45.209  -17.178 0.1000000015
19933  50.114  -45.239  -17.471 0.2000000030
19995  47.867  -44.276  -21.593 0.1000000015
19996  47.147  -44.358  -21.970 0.1000000015
19999  43.907  -43.869  -21.156 0.4000000060
20001  36.839  -43.685  -21.162 0.4000000060
20032  37.711  -43.063  -23.223 0.4000000060
20203  44.615  -44.313  -35.699 0.1000000015
20871  41.679  -41.890  -9.535 0.1000000015
20884  44.113  -42.661  -10.277 0.1000000015
20893  44.046  -42.553  -11.244 0.1000000015
20895  36.940  -42.789  -11.975 0.1000000015
20969  52.551  -43.677  -16.225 0.1000000015
20970  52.025  -44.224  -16.805 0.1000000015
20975  45.803  -42.498  -16.766 0.3000000119
20996  44.693  -42.486  -17.679 0.4000000060
21015  43.551  -42.312  -18.738 0.4000000060
21027  42.492  -42.438  -19.848 0.4000000060
21044  43.304  -43.461  -20.783 0.4000000060
21047  38.049  -42.356  -21.005 0.5000000000
21049  36.431  -42.685  -20.443 0.5000000000
21086  45.855  -42.943  -22.559 0.3000000119
21185  41.727  -42.854  -28.241 0.2000000030
21197  46.055  -42.986  -29.900 0.3000000119
21199  44.049  -42.541  -29.692 0.3000000119
21235  45.020  -43.827  -32.091 0.2000000030
21268  45.430  -42.414  -34.050 0.1000000015
22001  42.278  -41.637  -10.127 0.1000000015
22018  42.480  -41.270  -10.935 0.1000000015
22029  42.633  -41.398  -11.634 0.1000000015
22041  42.643  -41.517  -12.007 0.1000000015
22042  42.143  -41.496  -12.300 0.1000000015
22096  47.503  -41.533  -15.757 0.3000000119
22111  46.259  -41.836  -16.368 0.2000000030
22153  35.359  -41.373  -18.497 0.5000000000
22199  41.300  -42.590  -21.356 0.4000000060
22241  39.295  -41.442  -24.054 0.4000000060
22251  39.534  -41.985  -24.945 0.3000000119
22265  49.874  -41.737  -26.982 0.2000000030
22287  50.166  -41.419  -27.611 0.1000000015
22290  47.540  -42.002  -27.998 0.3000000119
22293  44.306  -41.330  -27.671 0.3000000119
22314  49.176  -41.578  -28.528 0.1000000015
22315  47.878  -42.198  -28.871 0.3000000119
22317  45.916  -42.038  -28.545 0.3000000119
22350  47.820  -40.930  -31.382 0.1000000015
23192  40.991  -39.968  -11.386 0.1000000015
23201  42.356  -41.151  -11.974 0.1000000015
23208  34.504  -40.478  -13.321 0.3000000119
23258  47.524  -40.863  -15.522 0.3000000119
23260  45.438  -39.969  -16.089 0.4000000060
23276  44.316  -40.869  -16.872 0.4000000060
23299  43.218  -40.712  -17.457 0.4000000060
23321  40.834  -40.294  -18.379 0.4000000060
23325  34.943  -41.019  -17.954 0.5000000000
23333  38.854  -40.607  -19.618 0.5000000000
23336  35.819  -40.914  -19.054 0.5000000000
23411  51.891  -40.684  -24.867 0.1000000015
23428  49.136  -40.638  -25.533 0.1000000015
23430  42.930  -40.119  -25.862 0.3000000119
23431  42.238  -40.304  -25.689 0.3000000119
23446  51.673  -40.487  -26.325 0.1000000015
23454  43.357  -40.367  -26.327 0.2000000030
23491  50.201  -40.819  -28.152 0.1000000015
23520  47.741  -40.322  -31.331 0.1000000015
24359  33.155  -39.947  -4.519 0.1000000015
24375  34.719  -39.164  -7.382 0.1000000015
24396  38.832  -39.206  -8.848 0.1000000015
24433  36.534  -39.697  -12.581 0.3000000119
24483  34.214  -38.906  -14.768 0.5000000000
24484  33.822  -39.601  -14.803 0.5000000000
24629  52.566  -40.049  -24.133 0.1000000015
24637  41.583  -39.487  -24.077 0.4000000060
24678  51.100  -40.108  -27.271 0.1000000015
24696  49.791  -40.311  -28.339 0.1000000015
24699  47.467  -39.590  -29.245 0.1000000015
24713  48.088  -40.344  -29.764 0.1000000015
25525  33.323  -38.177  -6.133 0.1000000015
25555  49.766  -38.014  -10.028 0.1000000015
25570  50.035  -38.483  -10.532 0.1000000015
25617  34.600  -38.753  -13.927 0.5000000000
25633  47.593  -38.812  -14.493 0.2000000030
25651  43.793  -38.348  -16.082 0.5000000000
25665  42.529  -38.360  -16.592 0.5000000000
25669  34.494  -38.850  -16.161 0.5000000000
25684  41.493  -39.012  -17.395 0.4000000060
25685  39.890  -38.499  -17.518 0.5000000000
25690  35.591  -38.853  -17.229 0.6000000238
25708  39.925  -39.135  -17.943 0.4000000060
25711  37.592  -38.884  -17.975 0.5000000000
25777  44.177  -38.144  -23.706 0.2000000030
26648  32.642  -37.474  -4.171 0.1000000015
26651  32.799  -37.453  -5.020 0.1000000015
26731  35.656  -37.610  -13.574 0.5000000000
26759  35.403  -37.606  -15.036 0.5000000000
26775  42.562  -37.662  -16.204 0.5000000000
26778  39.901  -37.277  -16.724 0.5000000000
26799  38.471  -37.808  -17.022 0.5000000000
26879  51.835  -38.146  -22.563 0.1000000015
27704  46.396  -36.328  -7.997 0.1000000015
27709  47.509  -36.434  -8.550 0.2000000030
27722  49.814  -37.109  -10.194 0.1000000015
27737  36.786  -36.765  -12.864 0.5000000000
27751  35.860  -36.977  -13.907 0.5000000000
27776  45.200  -37.201  -15.078 0.4000000060
27782  38.981  -35.932  -15.690 0.5000000000
27785  36.587  -36.580  -15.016 0.5000000000
27802  40.428  -36.699  -16.200 0.5000000000
27805  37.719  -36.653  -15.985 0.5000000000
28757  47.205  -35.954  -8.226 0.1000000015
28758  46.471  -36.108  -7.918 0.1000000015
28768  44.391  -35.944  -8.097 0.1000000015
28793  38.001  -35.129  -12.870 0.5000000000
28809  36.924  -36.015  -13.792 0.5000000000
28822  43.570  -35.725  -14.161 0.5000000000
28825  40.014  -35.176  -14.849 0.5000000000
28844  41.432  -35.746  -15.185 0.5000000000
28848  37.772  -35.702  -14.832 0.5000000000
29840  47.280  -35.214  -9.025 0.1000000015
29873  42.789  -35.037  -13.006 0.5000000000
29905  38.760  -34.746  -13.873 0.5000000000
35223  38.805  -29.569  -10.917 0.1000000015
110260  38.018  -42.549  -21.661 0.5000000000
111170  39.446  -45.984  -10.008 0.1000000015
112483  37.406  -51.448  -13.162 0.1000000015
113799  34.177  -39.344  -14.275 0.5000000000
113917  42.496  -50.784  -30.593 0.1000000015
114599  30.840  -52.440  -14.763 0.1000000015
114694  33.615  -41.798  -13.988 0.3000000119
115015  37.980  -46.347  -9.749 0.1000000015
115118  38.146  -43.457  -7.941 0.1000000015
115437  49.239  -38.646  -11.131 0.1000000015
115503  47.916  -41.296  -30.531 0.1000000015
116639  39.251  -39.687  -12.274 0.2000000030
117202  35.798  -53.634  -14.593 0.1000000015
118954  41.329  -42.444  -20.644 0.4000000060
119362  38.768  -46.267  -18.867 0.4000000060
119942  33.923  -39.250  -6.815 0.1000000015
120092  43.654  -36.695  -15.299 0.5000000000
121538  40.625  -34.421  -12.955 0.4000000060
121594  49.667  -36.678  -10.787 0.1000000015
123084  38.438  -52.801  -7.571 0.1000000015
123410  30.118  -52.691  -15.822 0.1000000015
123560  42.326  -50.006  -32.544 0.1000000015
124426  33.144  -38.822  -5.753 0.1000000015
124914  32.745  -49.487  -17.545 0.1000000015
125360  31.429  -54.116  -17.254 0.1000000015
125828  41.962  -40.776  -11.101 0.1000000015
126148  41.720  -43.472  -8.452 0.1000000015
126807  39.067  -59.783  -11.916 0.1000000015
126928  35.042  -40.237  -17.843 0.5000000000
126951  52.416  -38.207  -22.970 0.1000000015
127370  38.317  -41.998  -12.419 0.1000000015
128025  47.643  -38.816  -24.424 0.1000000015
128701  40.584  -43.181  -27.317 0.1000000015
129740  43.158  -41.094  -27.138 0.3000000119
131446  45.972  -39.681  -15.766 0.4000000060
131555  51.087  -45.340  -16.783 0.1000000015
131606  43.530  -41.805  -18.216 0.3000000119
131787  34.324  -47.957  -20.992 0.1000000015
132002  52.469  -38.652  -23.037 0.1000000015
132153  40.480  -41.293  -25.416 0.4000000060
132862  37.296  -43.656  -7.960 0.1000000015
133307  33.427  -41.563  -14.628 0.4000000060
