#!ascii label  , from subject sub-v1s18x0051257_ses-1 vox2ras=TkReg
994
49470  33.299  -8.071  23.579 0.0000000000
63092  42.098  4.312  3.164 0.0000000000
53566  34.999  -4.250  13.727 0.0000000000
48288  17.497  -10.000  38.528 0.0000000000
50451  27.526  -6.921  27.984 0.0000000000
58932  34.725  0.770  10.635 0.0000000000
47203  22.181  -10.256  32.434 0.0000000000
45148  20.756  -12.148  36.243 0.0000000000
46191  24.686  -10.917  30.082 0.0000000000
99899  47.006  2.335  3.256 0.0000000000
54559  32.887  -3.817  24.714 0.0000000000
54600  31.835  -4.110  21.165 0.0000000000
102488  36.992  -6.407  22.404 0.0000000000
65073  45.551  6.021  0.797 0.0000000000
62129  49.286  3.612  -0.617 0.0000000000
65056  38.720  6.103  5.503 0.0000000000
112263  42.106  1.663  7.507 0.0000000000
58958  37.863  0.728  8.373 0.0000000000
55838  38.827  -2.904  12.250 0.0000000000
48424  32.420  -9.804  27.412 0.0000000000
45060  16.335  -12.502  41.654 0.0000000000
47068  15.078  -10.814  45.545 0.0000000000
49178  14.805  -8.314  49.437 0.0000000000
51404  29.835  -7.194  24.958 0.0000000000
46253  28.623  -11.235  27.694 0.0000000000
56859  30.302  -2.120  17.262 0.0000000000
54630  35.865  -3.187  19.477 0.0000000000
64126  50.856  6.013  -4.239 0.0000000000
61073  44.668  3.016  3.172 0.0000000000
100554  43.949  2.623  5.510 0.0000000000
52391  34.879  -5.887  24.091 0.0000000000
52409  34.736  -5.577  22.314 0.0000000000
50486  35.236  -7.603  23.121 0.0000000000
65060  41.876  6.931  3.090 0.0000000000
65885  44.499  7.724  2.121 0.0000000000
63110  43.990  5.020  1.671 0.0000000000
62106  45.944  3.673  1.397 0.0000000000
46012  14.709  -11.558  50.770 0.0000000000
61025  37.931  3.644  6.845 0.0000000000
106356  36.303  4.003  8.434 0.0000000000
56913  34.236  -1.891  12.018 0.0000000000
56944  35.915  -1.633  10.333 0.0000000000
114173  36.382  -3.496  12.268 0.0000000000
53545  37.322  -4.304  15.531 0.0000000000
46071  18.821  -11.107  37.197 0.0000000000
45105  20.339  -12.718  38.327 0.0000000000
45088  18.316  -12.283  39.161 0.0000000000
109311  18.175  -12.772  40.683 0.0000000000
46042  16.870  -11.595  39.925 0.0000000000
48226  15.820  -9.604  43.814 0.0000000000
48182  14.830  -10.006  46.710 0.0000000000
51394  28.601  -6.653  26.226 0.0000000000
48454  28.641  -9.042  25.520 0.0000000000
48442  26.911  -9.099  26.656 0.0000000000
104307  25.277  -12.293  32.677 0.0000000000
45224  26.805  -12.225  32.148 0.0000000000
54585  35.412  -2.057  21.934 0.0000000000
54633  33.270  -3.322  20.009 0.0000000000
62018  35.357  3.512  10.023 0.0000000000
58912  34.263  0.441  12.703 0.0000000000
55828  32.731  -1.882  13.899 0.0000000000
45211  23.052  -12.066  33.761 0.0000000000
45169  22.815  -12.394  35.396 0.0000000000
47171  21.166  -10.683  34.195 0.0000000000
48335  20.226  -9.824  35.211 0.0000000000
49314  19.146  -8.794  37.392 0.0000000000
48415  25.695  -9.530  28.456 0.0000000000
112879  24.698  -9.603  29.769 0.0000000000
46168  23.624  -11.071  31.078 0.0000000000
55682  29.953  -2.439  24.527 0.0000000000
55703  29.272  -2.940  22.186 0.0000000000
111971  31.871  -4.524  22.688 0.0000000000
52417  34.876  -4.846  21.636 0.0000000000
64110  48.210  5.739  -1.588 0.0000000000
63125  46.703  5.304  -0.088 0.0000000000
62104  47.824  3.218  1.163 0.0000000000
64092  40.423  5.497  4.026 0.0000000000
61039  41.756  2.807  5.438 0.0000000000
118700  39.681  3.588  5.582 0.0000000000
59952  39.648  1.562  7.367 0.0000000000
57951  40.553  -0.775  9.563 0.0000000000
58946  35.557  0.988  9.380 0.0000000000
56958  38.208  -1.119  9.757 0.0000000000
48451  32.600  -9.360  24.834 0.0000000000
49445  34.891  -8.964  24.827 0.0000000000
110737  41.166  7.870  4.363 0.0000000000
48262  16.914  -9.306  40.028 0.0000000000
47101  15.654  -10.811  41.676 0.0000000000
116929  15.400  -11.907  43.482 0.0000000000
44139  15.128  -13.055  45.020 0.0000000000
105251  14.680  -12.130  47.320 0.0000000000
115155  14.674  -10.832  48.458 0.0000000000
107388  14.596  -9.228  51.519 0.0000000000
50175  13.709  -7.595  52.440 0.0000000000
51415  31.741  -7.075  24.454 0.0000000000
105421  30.650  -9.580  25.575 0.0000000000
47275  30.638  -10.763  28.139 0.0000000000
46214  26.901  -11.546  29.189 0.0000000000
106854  32.257  -3.220  15.063 0.0000000000
53473  30.242  -3.876  19.293 0.0000000000
53512  32.605  -4.521  17.597 0.0000000000
53530  35.307  -4.668  16.583 0.0000000000
50467  37.775  -7.708  25.263 0.0000000000
63165  51.930  4.680  -4.727 0.0000000000
63146  49.483  4.842  -2.457 0.0000000000
62169  51.824  3.800  -3.364 0.0000000000
62098  43.338  3.842  2.739 0.0000000000
61063  44.301  2.670  4.015 0.0000000000
61064  43.514  2.857  4.098 0.0000000000
50487  33.899  -7.683  23.504 0.0000000000
102463  34.577  -7.711  23.320 0.0000000000
49469  34.470  -8.111  23.380 0.0000000000
64090  41.874  5.099  2.926 0.0000000000
64095  43.183  6.113  2.261 0.0000000000
63101  42.728  4.603  2.575 0.0000000000
63100  43.631  4.422  2.133 0.0000000000
104994  14.654  -10.837  51.356 0.0000000000
64072  37.074  5.091  7.948 0.0000000000
63033  36.575  4.911  9.250 0.0000000000
54746  34.203  -3.081  12.792 0.0000000000
54757  35.187  -2.978  11.886 0.0000000000
54732  35.262  -3.824  13.056 0.0000000000
53563  37.292  -4.048  13.943 0.0000000000
53556  35.695  -4.423  14.185 0.0000000000
47133  18.573  -10.488  37.304 0.0000000000
46059  18.228  -11.180  37.834 0.0000000000
46060  17.583  -10.809  38.481 0.0000000000
45089  17.549  -11.951  39.461 0.0000000000
47118  17.076  -10.487  39.102 0.0000000000
51386  28.280  -6.658  27.302 0.0000000000
50460  27.536  -7.808  25.888 0.0000000000
49427  26.692  -8.481  27.122 0.0000000000
45209  24.875  -12.383  33.540 0.0000000000
103510  29.391  -0.580  22.093 0.0000000000
99507  35.553  -1.628  21.965 0.0000000000
57897  33.330  -0.781  13.254 0.0000000000
57888  33.240  -0.246  14.071 0.0000000000
46149  22.597  -11.100  32.292 0.0000000000
46113  22.189  -11.737  34.050 0.0000000000
47187  21.471  -10.373  33.519 0.0000000000
49353  20.698  -9.233  34.748 0.0000000000
49340  20.324  -9.029  35.478 0.0000000000
48318  19.223  -9.882  36.447 0.0000000000
113876  25.524  -8.378  29.902 0.0000000000
49387  22.815  -8.978  31.853 0.0000000000
48392  23.647  -9.600  30.880 0.0000000000
47223  22.697  -10.348  31.798 0.0000000000
46148  23.374  -11.439  31.856 0.0000000000
54574  30.541  -3.818  23.900 0.0000000000
53415  32.080  -4.188  24.114 0.0000000000
51437  35.791  -6.465  22.333 0.0000000000
52408  35.311  -5.636  21.897 0.0000000000
52407  36.253  -5.848  21.938 0.0000000000
53436  36.457  -4.821  21.805 0.0000000000
52398  37.692  -5.957  22.859 0.0000000000
65892  44.827  7.222  1.581 0.0000000000
64107  46.610  6.086  -0.097 0.0000000000
64104  46.099  5.611  0.387 0.0000000000
61080  46.547  3.083  1.973 0.0000000000
62105  46.932  3.430  1.260 0.0000000000
61079  47.415  2.948  1.884 0.0000000000
64083  39.250  5.670  4.962 0.0000000000
63075  39.725  4.159  5.047 0.0000000000
108094  39.179  4.849  5.200 0.0000000000
59954  37.861  2.073  7.601 0.0000000000
61011  38.564  2.488  7.089 0.0000000000
112209  39.042  1.083  7.801 0.0000000000
58956  40.081  0.273  8.361 0.0000000000
57965  39.427  -0.176  8.778 0.0000000000
60978  34.958  2.295  10.488 0.0000000000
60983  34.970  2.174  9.939 0.0000000000
59926  35.010  1.351  10.044 0.0000000000
55846  37.541  -2.693  11.315 0.0000000000
56942  37.638  -1.678  10.210 0.0000000000
55856  39.014  -2.109  11.062 0.0000000000
56940  39.531  -1.640  10.596 0.0000000000
48436  32.166  -9.622  26.510 0.0000000000
48435  33.609  -9.415  26.151 0.0000000000
65868  39.480  7.365  6.315 0.0000000000
65873  39.795  7.343  5.354 0.0000000000
65876  40.641  7.119  4.096 0.0000000000
45170  21.848  -12.239  35.527 0.0000000000
45124  21.195  -12.628  36.961 0.0000000000
45059  17.249  -12.819  41.154 0.0000000000
44181  18.298  -13.353  42.327 0.0000000000
44182  17.392  -13.500  42.465 0.0000000000
44167  16.114  -13.525  43.221 0.0000000000
49267  17.218  -8.265  41.322 0.0000000000
102475  16.270  -9.581  41.218 0.0000000000
48252  16.184  -9.442  42.059 0.0000000000
47067  15.298  -10.628  44.758 0.0000000000
47083  15.514  -10.648  42.999 0.0000000000
107792  15.336  -11.136  44.165 0.0000000000
116901  15.370  -13.018  44.306 0.0000000000
45023  15.085  -12.223  45.445 0.0000000000
102479  14.798  -13.007  45.841 0.0000000000
117497  15.030  -11.477  45.767 0.0000000000
103059  14.736  -9.312  48.137 0.0000000000
47054  14.683  -10.584  47.971 0.0000000000
48158  14.743  -9.209  49.097 0.0000000000
106294  14.775  -9.967  49.714 0.0000000000
103598  14.707  -8.994  50.325 0.0000000000
51391  31.160  -6.071  25.805 0.0000000000
52385  32.220  -6.052  25.656 0.0000000000
51416  30.792  -7.098  24.642 0.0000000000
48468  31.177  -8.793  24.531 0.0000000000
49457  29.730  -8.280  24.802 0.0000000000
47318  28.660  -10.314  26.342 0.0000000000
47317  29.596  -10.222  26.401 0.0000000000
47276  29.680  -11.053  27.894 0.0000000000
47259  25.315  -10.625  29.163 0.0000000000
46235  26.000  -10.778  28.420 0.0000000000
46215  25.956  -11.202  29.057 0.0000000000
45241  28.117  -12.170  31.416 0.0000000000
61021  41.929  2.523  6.287 0.0000000000
61020  42.814  2.539  6.662 0.0000000000
61006  43.208  2.488  7.170 0.0000000000
57867  31.150  -0.884  16.225 0.0000000000
56888  31.612  -1.245  15.506 0.0000000000
55791  31.200  -2.705  16.118 0.0000000000
54602  30.047  -4.128  21.123 0.0000000000
54617  29.449  -3.235  20.331 0.0000000000
105376  30.745  -4.132  19.936 0.0000000000
54631  34.898  -3.072  19.720 0.0000000000
54654  33.699  -3.974  19.171 0.0000000000
53487  34.136  -4.382  18.242 0.0000000000
118073  34.009  -4.673  16.894 0.0000000000
53485  36.040  -4.214  18.049 0.0000000000
54674  36.869  -4.232  17.564 0.0000000000
49443  36.520  -8.524  25.548 0.0000000000
64136  51.467  5.474  -4.709 0.0000000000
63134  48.326  4.887  -1.438 0.0000000000
64109  48.787  5.295  -2.074 0.0000000000
63133  49.112  4.414  -1.700 0.0000000000
62144  51.316  3.358  -1.690 0.0000000000
61135  53.048  2.678  -2.182 0.0000000000
49375  22.395  -8.782  32.492 0.0000000000
48363  21.478  -9.594  33.391 0.0000000000
61072  45.493  2.825  3.075 0.0000000000
99675  47.068  2.069  4.192 0.0000000000
61062  45.168  2.523  3.979 0.0000000000
53413  34.509  -4.834  24.222 0.0000000000
53425  33.985  -5.011  23.324 0.0000000000
52399  34.800  -5.825  23.144 0.0000000000
50498  35.522  -6.940  22.777 0.0000000000
50496  36.283  -7.360  22.817 0.0000000000
66670  44.525  8.689  3.243 0.0000000000
65886  43.148  7.006  2.401 0.0000000000
65064  43.751  6.653  1.994 0.0000000000
64100  44.951  5.761  1.215 0.0000000000
63117  45.478  5.103  0.862 0.0000000000
101162  44.712  4.991  1.330 0.0000000000
62107  45.036  3.698  1.838 0.0000000000
45004  14.513  -12.259  49.088 0.0000000000
107772  38.123  6.452  7.027 0.0000000000
117999  38.032  4.786  6.276 0.0000000000
63063  37.649  5.133  6.728 0.0000000000
62040  37.335  3.664  7.402 0.0000000000
60994  36.578  2.498  8.261 0.0000000000
57922  34.495  -0.630  11.221 0.0000000000
57936  35.399  -0.630  10.171 0.0000000000
55860  35.317  -1.828  10.786 0.0000000000
55847  36.559  -2.699  11.196 0.0000000000
54754  37.922  -3.093  12.012 0.0000000000
54729  38.562  -3.465  13.504 0.0000000000
54711  38.757  -3.658  14.930 0.0000000000
47273  32.265  -10.370  28.638 0.0000000000
46085  19.461  -11.547  36.807 0.0000000000
45125  20.264  -12.247  36.852 0.0000000000
45126  19.796  -12.314  37.511 0.0000000000
45106  19.455  -12.420  38.280 0.0000000000
101723  18.983  -12.622  39.839 0.0000000000
45073  17.333  -12.288  40.267 0.0000000000
45074  16.473  -12.014  40.788 0.0000000000
48240  16.102  -9.364  42.997 0.0000000000
111965  15.752  -9.056  45.117 0.0000000000
105117  15.188  -10.139  45.380 0.0000000000
114828  14.961  -10.313  45.992 0.0000000000
48181  15.136  -9.148  46.474 0.0000000000
118201  14.923  -8.713  47.762 0.0000000000
49186  15.092  -7.723  48.786 0.0000000000
51393  29.422  -6.305  26.090 0.0000000000
50468  28.967  -7.675  25.221 0.0000000000
49446  28.176  -8.207  25.471 0.0000000000
48441  27.467  -9.261  26.113 0.0000000000
47300  27.303  -10.669  27.077 0.0000000000
45244  24.789  -11.734  31.346 0.0000000000
45261  25.923  -11.720  30.614 0.0000000000
45225  25.921  -12.211  32.041 0.0000000000
112264  42.429  1.204  7.850 0.0000000000
56841  29.604  -1.361  18.678 0.0000000000
54598  34.101  -2.887  21.203 0.0000000000
54613  33.109  -3.347  20.577 0.0000000000
113576  34.330  -2.443  21.026 0.0000000000
55725  35.015  -1.935  21.218 0.0000000000
65911  50.285  7.372  -3.107 0.0000000000
48144  13.560  -9.880  52.999 0.0000000000
60965  36.105  2.841  11.591 0.0000000000
59907  35.060  1.743  11.766 0.0000000000
112887  34.474  0.547  11.903 0.0000000000
57910  33.809  -0.455  12.585 0.0000000000
112026  33.666  -1.395  12.569 0.0000000000
54734  33.735  -3.151  13.322 0.0000000000
45188  24.610  -12.422  34.311 0.0000000000
102288  23.507  -12.397  35.029 0.0000000000
45190  22.876  -12.215  34.571 0.0000000000
45191  22.001  -12.025  34.803 0.0000000000
46115  20.781  -11.020  34.855 0.0000000000
47188  21.066  -10.014  34.046 0.0000000000
47172  20.675  -10.300  34.696 0.0000000000
47157  20.209  -10.591  35.374 0.0000000000
48336  19.663  -10.219  35.936 0.0000000000
48319  18.843  -10.049  36.910 0.0000000000
48301  18.527  -9.692  37.438 0.0000000000
50445  26.398  -8.157  28.011 0.0000000000
49419  25.922  -8.703  28.582 0.0000000000
49407  25.322  -9.109  29.259 0.0000000000
47260  24.672  -10.256  29.722 0.0000000000
49396  24.285  -9.222  30.441 0.0000000000
48391  24.196  -9.941  30.267 0.0000000000
46192  24.106  -10.886  30.540 0.0000000000
46147  24.066  -11.594  31.512 0.0000000000
45227  24.305  -12.196  32.793 0.0000000000
57763  29.663  -0.867  24.350 0.0000000000
56765  29.337  -1.522  23.008 0.0000000000
54562  29.569  -2.680  23.760 0.0000000000
53440  30.178  -4.141  22.540 0.0000000000
111800  31.812  -4.413  21.983 0.0000000000
53437  33.629  -4.952  22.484 0.0000000000
110971  33.007  -4.567  21.920 0.0000000000
103663  33.145  -3.919  21.326 0.0000000000
53448  34.823  -3.914  21.485 0.0000000000
100281  36.683  -3.783  22.111 0.0000000000
65075  47.762  6.681  -0.845 0.0000000000
63135  47.686  5.369  -1.050 0.0000000000
63124  47.855  4.498  -0.682 0.0000000000
63116  46.254  4.779  0.426 0.0000000000
62116  47.356  3.690  0.542 0.0000000000
63093  41.391  4.637  3.455 0.0000000000
62076  42.025  3.392  4.214 0.0000000000
63085  40.515  4.020  4.450 0.0000000000
62066  40.340  3.451  5.281 0.0000000000
61022  40.595  2.475  6.463 0.0000000000
62053  38.387  4.017  6.265 0.0000000000
61023  39.767  2.579  6.503 0.0000000000
59950  41.472  1.677  7.366 0.0000000000
58955  41.389  0.501  8.218 0.0000000000
57950  41.790  -0.510  9.319 0.0000000000
63026  35.906  4.182  9.512 0.0000000000
104157  35.977  2.262  8.658 0.0000000000
58959  37.055  0.805  8.574 0.0000000000
57956  35.834  -0.356  9.696 0.0000000000
111601  37.178  -0.305  9.221 0.0000000000
57967  37.535  0.169  8.838 0.0000000000
56957  39.150  -1.174  9.918 0.0000000000
49454  32.855  -8.507  23.906 0.0000000000
48465  34.001  -9.119  24.435 0.0000000000
48450  33.408  -9.386  25.110 0.0000000000
48433  35.208  -9.108  26.860 0.0000000000
65881  41.436  7.433  3.684 0.0000000000
65061  41.190  6.550  3.474 0.0000000000
49304  18.379  -8.645  38.543 0.0000000000
49295  17.500  -8.796  39.657 0.0000000000
48274  17.150  -9.653  39.262 0.0000000000
48275  16.688  -10.154  39.716 0.0000000000
47100  16.064  -10.516  40.909 0.0000000000
103152  15.951  -11.920  41.501 0.0000000000
48241  15.727  -10.231  42.395 0.0000000000
47092  15.458  -11.031  42.387 0.0000000000
45061  15.749  -12.191  42.232 0.0000000000
44168  15.653  -13.257  43.780 0.0000000000
44153  15.431  -13.744  44.579 0.0000000000
108445  14.401  -12.983  47.590 0.0000000000
47056  14.749  -10.704  47.290 0.0000000000
46019  14.656  -11.312  47.861 0.0000000000
46017  14.623  -11.454  48.720 0.0000000000
46015  14.667  -11.494  49.666 0.0000000000
106208  14.723  -10.754  50.253 0.0000000000
108760  14.600  -10.135  51.893 0.0000000000
49174  14.639  -8.267  51.171 0.0000000000
49171  14.448  -8.550  51.991 0.0000000000
48148  13.924  -9.300  52.790 0.0000000000
51413  33.852  -7.079  23.969 0.0000000000
51414  32.791  -7.118  24.282 0.0000000000
50474  32.210  -7.664  24.063 0.0000000000
49455  32.038  -8.481  24.125 0.0000000000
48452  31.183  -9.387  25.029 0.0000000000
48437  31.347  -9.656  26.031 0.0000000000
104861  29.454  -9.106  25.296 0.0000000000
48426  30.638  -9.989  26.557 0.0000000000
47296  31.108  -10.284  27.602 0.0000000000
48428  26.547  -9.421  27.239 0.0000000000
46255  26.722  -10.914  27.821 0.0000000000
46234  27.227  -11.374  28.375 0.0000000000
45260  26.793  -11.874  30.652 0.0000000000
45278  27.713  -11.810  29.701 0.0000000000
46213  28.494  -11.783  29.313 0.0000000000
100350  43.175  2.609  5.040 0.0000000000
57882  32.147  -0.725  15.103 0.0000000000
55819  32.718  -2.576  14.160 0.0000000000
54722  33.600  -3.976  14.452 0.0000000000
56793  29.266  -1.685  21.248 0.0000000000
55744  29.320  -2.514  19.979 0.0000000000
55757  30.077  -3.225  18.116 0.0000000000
53471  31.976  -4.282  19.262 0.0000000000
53490  31.473  -4.335  18.482 0.0000000000
54676  30.709  -3.557  17.490 0.0000000000
54694  32.233  -4.091  16.245 0.0000000000
53548  33.855  -4.547  15.756 0.0000000000
53557  34.897  -4.501  14.559 0.0000000000
53546  36.412  -4.526  15.598 0.0000000000
49451  35.580  -8.527  24.218 0.0000000000
49450  36.413  -8.227  24.063 0.0000000000
50483  37.267  -7.407  23.511 0.0000000000
50466  38.440  -7.235  25.738 0.0000000000
51411  37.899  -6.923  23.913 0.0000000000
113772  52.397  5.851  -5.695 0.0000000000
65083  49.262  6.564  -2.639 0.0000000000
64114  49.907  5.236  -3.085 0.0000000000
62145  50.466  3.592  -1.496 0.0000000000
63145  50.233  4.486  -2.790 0.0000000000
63157  50.591  4.828  -3.492 0.0000000000
63155  52.196  3.975  -4.166 0.0000000000
62181  53.042  3.526  -4.268 0.0000000000
114080  42.687  3.923  3.022 0.0000000000
62086  43.084  3.433  3.453 0.0000000000
62087  42.369  3.671  3.572 0.0000000000
112134  33.931  -8.046  23.424 0.0000000000
64096  42.531  5.574  2.536 0.0000000000
104762  14.398  -10.945  52.196 0.0000000000
54733  34.433  -3.659  13.323 0.0000000000
54745  34.816  -3.324  12.569 0.0000000000
53565  35.683  -4.179  13.503 0.0000000000
47124  17.996  -10.295  37.882 0.0000000000
118778  27.523  -7.188  27.148 0.0000000000
50452  26.952  -7.608  27.530 0.0000000000
109971  25.321  -12.458  34.170 0.0000000000
58790  29.547  0.058  22.454 0.0000000000
47186  21.949  -10.778  32.985 0.0000000000
47204  21.737  -10.116  32.964 0.0000000000
48375  22.467  -9.569  32.097 0.0000000000
54560  31.304  -3.685  24.477 0.0000000000
51436  36.346  -6.759  22.454 0.0000000000
52406  37.112  -5.507  22.181 0.0000000000
65067  45.164  6.577  1.196 0.0000000000
65891  45.648  7.353  1.294 0.0000000000
65898  45.704  6.716  0.865 0.0000000000
65072  46.133  6.406  0.458 0.0000000000
99856  46.319  2.727  2.794 0.0000000000
103919  47.016  2.697  2.486 0.0000000000
61071  47.780  2.404  2.632 0.0000000000
44116  14.182  -13.730  47.867 0.0000000000
64084  38.737  5.415  5.469 0.0000000000
59940  38.236  1.276  7.894 0.0000000000
116981  38.562  0.709  8.189 0.0000000000
59919  34.757  1.627  10.692 0.0000000000
117208  34.871  1.881  10.290 0.0000000000
55845  38.489  -2.598  11.526 0.0000000000
55857  38.083  -2.205  10.823 0.0000000000
113501  32.982  -9.553  26.817 0.0000000000
48423  33.199  -9.679  27.652 0.0000000000
65053  38.986  6.792  5.748 0.0000000000
65055  39.428  6.581  4.927 0.0000000000
45171  21.143  -12.055  35.718 0.0000000000
45147  21.704  -12.471  36.281 0.0000000000
44196  16.834  -13.126  41.983 0.0000000000
116396  16.660  -13.455  42.632 0.0000000000
45046  16.185  -12.920  42.444 0.0000000000
49268  16.624  -8.792  41.663 0.0000000000
46023  15.230  -11.480  44.917 0.0000000000
49187  14.857  -8.564  48.506 0.0000000000
51392  30.223  -6.081  25.935 0.0000000000
107838  30.487  -6.542  25.224 0.0000000000
51403  31.403  -6.510  24.980 0.0000000000
50475  30.387  -7.737  24.547 0.0000000000
47298  29.138  -10.792  27.025 0.0000000000
46231  30.099  -11.271  28.732 0.0000000000
46232  29.093  -11.488  28.559 0.0000000000
46190  25.458  -11.281  29.828 0.0000000000
61007  42.118  2.204  7.044 0.0000000000
59949  42.783  1.940  7.513 0.0000000000
104921  30.061  -1.380  17.740 0.0000000000
116102  30.401  -0.621  17.461 0.0000000000
57854  30.544  -1.187  16.969 0.0000000000
56875  30.770  -1.935  16.482 0.0000000000
54696  30.650  -2.865  16.849 0.0000000000
54601  30.889  -4.242  21.153 0.0000000000
111808  30.535  -4.161  20.568 0.0000000000
54615  31.374  -4.118  20.521 0.0000000000
54653  34.572  -3.848  19.049 0.0000000000
54652  35.473  -3.778  18.880 0.0000000000
53486  35.052  -4.291  18.159 0.0000000000
108813  36.261  -3.721  18.771 0.0000000000
65088  50.962  6.774  -4.207 0.0000000000
65099  51.431  6.432  -4.691 0.0000000000
63123  48.656  4.139  -1.051 0.0000000000
63122  49.154  3.935  -1.211 0.0000000000
49363  22.962  -7.988  32.906 0.0000000000
49364  22.144  -8.445  33.247 0.0000000000
61061  46.159  2.355  3.845 0.0000000000
99530  43.932  2.590  4.711 0.0000000000
61049  44.707  2.519  4.877 0.0000000000
53424  34.729  -5.471  23.861 0.0000000000
51427  35.194  -7.033  23.090 0.0000000000
50497  35.824  -7.176  22.722 0.0000000000
50485  35.808  -7.762  23.068 0.0000000000
65880  42.562  7.414  2.891 0.0000000000
65879  43.298  7.880  2.790 0.0000000000
113954  43.286  5.247  2.118 0.0000000000
64102  43.829  5.827  1.838 0.0000000000
65068  44.432  6.402  1.568 0.0000000000
64101  44.382  5.585  1.515 0.0000000000
62097  44.251  3.679  2.426 0.0000000000
62096  45.012  3.298  2.526 0.0000000000
44997  14.636  -12.294  50.158 0.0000000000
64080  37.782  5.851  6.755 0.0000000000
65051  37.636  6.030  7.539 0.0000000000
63052  36.742  4.599  8.218 0.0000000000
108072  36.806  4.075  7.875 0.0000000000
62041  36.692  3.331  8.064 0.0000000000
56926  34.630  -1.482  11.287 0.0000000000
55849  34.861  -2.282  11.501 0.0000000000
54756  36.018  -3.157  11.711 0.0000000000
54755  36.948  -3.185  11.791 0.0000000000
54743  37.248  -3.550  12.613 0.0000000000
54742  38.277  -3.341  12.768 0.0000000000
54730  37.784  -3.703  13.347 0.0000000000
53554  37.634  -4.087  14.682 0.0000000000
114888  38.277  -3.807  14.611 0.0000000000
53544  38.119  -3.980  15.264 0.0000000000
54692  38.701  -3.758  15.836 0.0000000000
65869  38.734  6.911  6.620 0.0000000000
45107  18.554  -12.081  38.332 0.0000000000
45087  19.194  -12.552  39.079 0.0000000000
110023  15.385  -9.579  45.379 0.0000000000
49220  15.474  -9.078  45.772 0.0000000000
48198  15.102  -9.719  45.943 0.0000000000
49199  15.245  -8.008  47.926 0.0000000000
51385  29.194  -6.280  27.016 0.0000000000
52376  29.980  -5.928  26.784 0.0000000000
50469  28.279  -7.332  25.696 0.0000000000
49437  27.133  -8.435  26.265 0.0000000000
48456  27.582  -8.489  25.796 0.0000000000
47319  27.792  -10.191  26.430 0.0000000000
48427  27.060  -9.869  26.753 0.0000000000
100091  25.225  -12.069  31.872 0.0000000000
45243  25.554  -11.892  31.315 0.0000000000
57821  29.711  -0.278  18.930 0.0000000000
57822  29.493  -0.875  19.426 0.0000000000
54597  34.871  -2.632  21.515 0.0000000000
55711  33.539  -3.079  20.896 0.0000000000
55710  35.173  -2.029  21.392 0.0000000000
55709  35.782  -1.413  22.144 0.0000000000
56792  35.451  -1.727  21.766 0.0000000000
56810  35.648  -1.639  21.537 0.0000000000
48145  12.752  -9.723  53.076 0.0000000000
60966  35.279  2.467  11.162 0.0000000000
103483  34.248  -0.150  11.929 0.0000000000
56903  33.200  -1.695  13.265 0.0000000000
55840  33.760  -2.394  12.755 0.0000000000
55827  33.203  -2.537  13.530 0.0000000000
45210  23.977  -12.285  33.606 0.0000000000
45189  23.738  -12.344  34.414 0.0000000000
46130  21.681  -11.098  33.681 0.0000000000
46114  21.451  -11.378  34.424 0.0000000000
46097  21.230  -11.694  35.132 0.0000000000
49365  21.512  -8.869  33.614 0.0000000000
48349  21.091  -9.377  34.089 0.0000000000
48350  20.745  -9.764  34.555 0.0000000000
46099  19.758  -10.992  36.064 0.0000000000
49328  19.454  -9.164  36.614 0.0000000000
48300  18.997  -9.577  36.928 0.0000000000
50430  26.497  -7.868  28.962 0.0000000000
48401  25.134  -9.930  29.047 0.0000000000
47222  23.259  -10.352  31.208 0.0000000000
47243  23.799  -10.400  30.657 0.0000000000
46167  24.338  -11.295  30.821 0.0000000000
116467  23.316  -11.849  32.774 0.0000000000
114683  23.907  -11.844  32.170 0.0000000000
56756  29.997  -1.452  24.887 0.0000000000
56757  29.527  -1.721  23.951 0.0000000000
54586  30.048  -3.891  23.174 0.0000000000
53427  30.623  -4.172  23.149 0.0000000000
53439  31.071  -4.361  22.506 0.0000000000
105474  32.603  -4.642  23.161 0.0000000000
52418  34.546  -5.113  21.796 0.0000000000
53450  33.818  -4.817  21.880 0.0000000000
53451  32.419  -4.267  21.583 0.0000000000
53449  34.136  -4.343  21.537 0.0000000000
53435  37.196  -4.649  22.227 0.0000000000
66681  44.878  8.339  2.556 0.0000000000
113014  48.250  7.276  -0.713 0.0000000000
65902  47.492  7.066  -0.323 0.0000000000
64106  47.173  5.746  -0.567 0.0000000000
107692  47.255  5.085  -0.519 0.0000000000
63107  45.846  4.339  0.892 0.0000000000
62115  48.188  3.478  0.431 0.0000000000
63094  40.692  4.793  3.897 0.0000000000
62077  41.084  4.188  3.891 0.0000000000
61040  41.019  2.776  5.849 0.0000000000
62051  40.088  2.954  5.916 0.0000000000
61010  39.340  2.159  6.954 0.0000000000
61009  40.191  2.020  6.901 0.0000000000
59951  40.623  1.485  7.412 0.0000000000
118064  41.152  1.282  7.613 0.0000000000
59938  40.817  0.792  7.939 0.0000000000
57964  40.282  -0.325  8.915 0.0000000000
112194  40.860  0.098  8.510 0.0000000000
112231  41.051  -0.418  9.091 0.0000000000
59925  35.321  1.713  9.505 0.0000000000
60982  35.410  2.493  9.282 0.0000000000
59943  35.775  1.627  8.944 0.0000000000
59942  36.579  1.613  8.455 0.0000000000
58960  36.255  0.880  8.884 0.0000000000
115699  35.522  -1.263  10.354 0.0000000000
56960  36.099  -1.057  9.886 0.0000000000
56959  37.156  -0.995  9.647 0.0000000000
57954  37.891  -0.460  9.238 0.0000000000
57953  38.800  -0.604  9.294 0.0000000000
48467  32.480  -9.009  24.261 0.0000000000
48466  33.153  -9.089  24.274 0.0000000000
48422  34.501  -9.325  27.387 0.0000000000
48434  34.420  -9.280  26.484 0.0000000000
66673  41.889  8.162  3.964 0.0000000000
65062  40.526  6.234  3.922 0.0000000000
64091  41.098  5.544  3.469 0.0000000000
45168  23.683  -12.479  35.590 0.0000000000
45145  23.286  -12.587  36.239 0.0000000000
104545  20.733  -12.694  37.633 0.0000000000
44194  18.469  -13.129  41.558 0.0000000000
49281  17.356  -8.499  40.483 0.0000000000
49280  18.078  -8.029  40.172 0.0000000000
116053  15.917  -10.132  41.623 0.0000000000
46035  15.943  -11.356  41.143 0.0000000000
109181  15.706  -10.079  43.212 0.0000000000
105533  15.397  -11.330  43.273 0.0000000000
46030  15.501  -11.623  42.513 0.0000000000
101128  15.476  -12.066  42.988 0.0000000000
45047  15.743  -12.734  43.031 0.0000000000
45036  15.455  -12.457  43.721 0.0000000000
117049  14.883  -12.014  46.398 0.0000000000
110586  14.571  -12.978  46.720 0.0000000000
47059  14.876  -10.942  46.406 0.0000000000
105702  14.699  -10.756  49.208 0.0000000000
106295  14.697  -9.975  50.888 0.0000000000
50182  14.774  -7.369  50.802 0.0000000000
50179  14.448  -7.499  51.624 0.0000000000
50174  14.133  -8.014  52.214 0.0000000000
49167  14.134  -8.784  52.439 0.0000000000
49168  13.817  -8.506  52.662 0.0000000000
50172  13.224  -8.199  52.793 0.0000000000
52392  34.619  -6.208  24.329 0.0000000000
51402  32.474  -6.544  24.856 0.0000000000
48453  30.339  -9.120  24.924 0.0000000000
110081  28.990  -8.479  25.248 0.0000000000
48439  29.077  -9.755  25.765 0.0000000000
47297  30.170  -10.487  27.307 0.0000000000
47274  31.486  -10.544  28.384 0.0000000000
100467  26.161  -9.029  27.826 0.0000000000
48414  26.095  -9.805  27.836 0.0000000000
103409  26.507  -11.186  28.526 0.0000000000
47277  26.210  -10.396  27.946 0.0000000000
105113  26.385  -12.021  31.377 0.0000000000
100932  27.705  -11.968  30.594 0.0000000000
45277  28.306  -11.961  30.101 0.0000000000
61051  41.702  3.172  4.758 0.0000000000
61050  42.316  2.845  4.892 0.0000000000
58881  32.701  0.168  15.466 0.0000000000
55809  31.677  -2.386  15.374 0.0000000000
55808  32.224  -2.499  14.718 0.0000000000
112856  32.639  -3.094  14.515 0.0000000000
54723  32.927  -3.663  14.777 0.0000000000
102588  29.281  -2.225  22.510 0.0000000000
100469  29.277  -1.422  22.109 0.0000000000
100456  29.241  -2.335  21.748 0.0000000000
54616  29.919  -3.867  20.231 0.0000000000
111787  29.603  -3.261  19.429 0.0000000000
111459  29.466  -2.409  19.053 0.0000000000
54656  29.946  -3.459  18.744 0.0000000000
54612  33.771  -2.887  20.637 0.0000000000
54634  32.526  -3.653  20.005 0.0000000000
53488  33.225  -4.444  18.360 0.0000000000
53489  32.328  -4.456  18.450 0.0000000000
53513  31.775  -4.391  17.753 0.0000000000
54675  31.118  -4.141  17.847 0.0000000000
105455  31.318  -4.076  17.299 0.0000000000
54695  31.351  -3.631  16.636 0.0000000000
53534  31.955  -4.306  16.995 0.0000000000
53531  34.343  -4.666  16.426 0.0000000000
53532  33.597  -4.586  16.517 0.0000000000
53558  34.108  -4.437  14.918 0.0000000000
103215  34.819  -4.646  15.576 0.0000000000
53547  35.676  -4.570  15.058 0.0000000000
103384  35.685  -4.639  15.831 0.0000000000
54673  37.565  -4.145  17.123 0.0000000000
49452  34.606  -8.608  23.891 0.0000000000
49442  37.262  -8.207  25.774 0.0000000000
115377  36.271  -8.478  24.780 0.0000000000
49449  37.009  -8.153  24.796 0.0000000000
50473  37.005  -7.900  23.964 0.0000000000
50472  37.566  -7.569  24.355 0.0000000000
50471  38.243  -7.075  24.817 0.0000000000
51410  38.554  -6.228  24.361 0.0000000000
64143  52.125  5.320  -5.328 0.0000000000
62193  52.698  4.077  -4.929 0.0000000000
65079  48.290  6.613  -1.463 0.0000000000
64115  49.291  5.673  -2.636 0.0000000000
64128  49.749  6.125  -3.199 0.0000000000
62157  51.558  3.584  -2.533 0.0000000000
62158  50.706  3.841  -2.323 0.0000000000
63144  50.999  4.140  -3.119 0.0000000000
63156  51.377  4.484  -3.929 0.0000000000
62085  43.854  3.241  3.283 0.0000000000
51412  34.781  -6.838  23.503 0.0000000000
64097  41.785  6.008  2.934 0.0000000000
65065  42.486  6.482  2.630 0.0000000000
64064  37.297  5.569  8.124 0.0000000000
65047  37.674  6.111  8.354 0.0000000000
64065  36.819  5.093  8.580 0.0000000000
63042  36.269  4.505  8.859 0.0000000000
55839  34.485  -2.682  12.228 0.0000000000
54744  35.603  -3.477  12.381 0.0000000000
54731  36.211  -3.880  12.946 0.0000000000
108070  37.021  -3.907  13.299 0.0000000000
53564  36.416  -4.210  13.735 0.0000000000
53555  36.642  -4.373  14.672 0.0000000000
46048  17.795  -11.621  38.645 0.0000000000
46049  17.197  -11.226  39.173 0.0000000000
46050  16.685  -10.925  39.690 0.0000000000
103377  15.653  -8.451  46.197 0.0000000000
50459  27.818  -7.164  26.397 0.0000000000
109194  27.196  -7.753  26.617 0.0000000000
101174  25.754  -12.443  33.613 0.0000000000
57795  29.353  -0.841  21.440 0.0000000000
54584  36.036  -2.501  22.310 0.0000000000
55701  36.358  -2.060  22.883 0.0000000000
58901  33.717  0.063  13.401 0.0000000000
56896  32.840  -1.040  13.894 0.0000000000
46129  22.397  -11.485  33.221 0.0000000000
48317  19.759  -9.528  35.956 0.0000000000
103678  24.885  -8.771  30.072 0.0000000000
49386  23.388  -8.873  31.418 0.0000000000
48386  23.012  -9.603  31.513 0.0000000000
46169  23.041  -10.947  31.585 0.0000000000
55681  30.572  -3.131  24.683 0.0000000000
54573  31.321  -4.072  24.024 0.0000000000
53426  31.427  -4.317  23.405 0.0000000000
51438  35.339  -6.352  22.562 0.0000000000
52416  35.595  -4.876  21.650 0.0000000000
53422  37.899  -4.929  22.840 0.0000000000
66692  46.078  8.102  1.776 0.0000000000
65076  47.232  6.421  -0.475 0.0000000000
116279  48.313  2.772  1.826 0.0000000000
61070  48.707  2.216  2.467 0.0000000000
64087  39.877  5.944  4.401 0.0000000000
63086  39.892  4.978  4.506 0.0000000000
62067  39.087  4.118  5.637 0.0000000000
61012  37.879  2.964  7.213 0.0000000000
61024  38.500  3.203  6.711 0.0000000000
59953  38.768  1.765  7.430 0.0000000000
59939  39.898  0.907  7.832 0.0000000000
58957  39.237  0.455  8.256 0.0000000000
115680  35.164  2.904  10.416 0.0000000000
60977  35.014  2.934  9.948 0.0000000000
55858  37.098  -2.233  10.677 0.0000000000
56943  36.654  -1.661  10.192 0.0000000000
56941  38.613  -1.665  10.386 0.0000000000
103418  32.789  -9.496  25.817 0.0000000000
102658  33.765  -9.442  27.073 0.0000000000
65862  40.128  7.750  7.050 0.0000000000
65867  40.266  7.827  6.124 0.0000000000
65872  40.485  7.861  5.427 0.0000000000
108322  40.503  7.592  4.797 0.0000000000
65877  40.040  7.099  4.651 0.0000000000
65059  40.095  6.625  4.381 0.0000000000
102289  22.451  -12.496  36.001 0.0000000000
44195  17.654  -13.224  41.845 0.0000000000
44166  16.973  -13.968  43.189 0.0000000000
49282  16.720  -8.993  40.816 0.0000000000
48263  16.447  -9.844  40.430 0.0000000000
47076  15.485  -10.463  43.836 0.0000000000
46025  15.341  -11.769  44.029 0.0000000000
45030  15.275  -12.346  44.579 0.0000000000
49200  14.851  -9.256  47.280 0.0000000000
48168  14.722  -10.000  47.662 0.0000000000
106700  14.737  -10.098  48.594 0.0000000000
50176  13.022  -7.255  52.625 0.0000000000
100941  31.206  -7.874  24.267 0.0000000000
49456  30.534  -8.402  24.542 0.0000000000
47278  25.699  -10.178  28.423 0.0000000000
45223  27.693  -12.251  32.152 0.0000000000
45242  27.257  -12.094  31.401 0.0000000000
61038  42.532  2.636  5.784 0.0000000000
57853  30.845  -0.217  16.921 0.0000000000
56874  31.254  -1.821  15.903 0.0000000000
54713  31.831  -3.397  15.776 0.0000000000
53441  29.773  -3.992  21.839 0.0000000000
55712  29.272  -3.001  21.563 0.0000000000
54603  29.518  -3.548  21.119 0.0000000000
54632  34.028  -3.115  19.926 0.0000000000
53470  32.849  -4.150  19.242 0.0000000000
53511  33.569  -4.594  17.374 0.0000000000
53510  34.546  -4.600  17.291 0.0000000000
53509  35.418  -4.490  17.437 0.0000000000
53508  36.136  -4.521  17.147 0.0000000000
49436  35.984  -8.843  26.299 0.0000000000
49444  35.741  -8.771  25.266 0.0000000000
49435  36.782  -8.543  26.342 0.0000000000
63132  49.904  4.115  -2.062 0.0000000000
62143  52.162  3.074  -1.916 0.0000000000
62156  52.394  3.292  -2.735 0.0000000000
48376  21.957  -9.531  32.698 0.0000000000
49376  21.785  -8.993  33.012 0.0000000000
49374  23.203  -8.349  32.101 0.0000000000
61048  45.638  2.433  4.744 0.0000000000
53414  33.331  -4.477  24.003 0.0000000000
108908  35.106  -6.403  22.952 0.0000000000
51435  36.870  -7.154  22.814 0.0000000000
113200  43.814  7.440  2.272 0.0000000000
119245  44.220  7.122  1.828 0.0000000000
63108  45.217  4.330  1.298 0.0000000000
63109  44.434  4.326  1.715 0.0000000000
62095  45.701  3.210  2.234 0.0000000000
65054  38.335  6.296  6.219 0.0000000000
64079  38.158  5.545  6.044 0.0000000000
108175  37.719  4.323  6.785 0.0000000000
64071  37.401  5.406  7.389 0.0000000000
63051  37.222  4.632  7.451 0.0000000000
61013  37.234  2.728  7.748 0.0000000000
60993  37.125  2.032  8.022 0.0000000000
58919  34.486  0.262  11.250 0.0000000000
57937  34.829  -0.178  10.617 0.0000000000
56945  34.974  -1.044  10.673 0.0000000000
55848  35.626  -2.555  11.256 0.0000000000
55859  36.148  -2.170  10.656 0.0000000000
54719  38.730  -3.552  14.206 0.0000000000
54720  38.070  -3.779  14.037 0.0000000000
54710  39.277  -3.447  15.250 0.0000000000
48413  31.944  -10.155  27.904 0.0000000000
48412  32.732  -10.024  28.162 0.0000000000
48400  33.043  -10.183  28.889 0.0000000000
46084  20.088  -11.679  36.282 0.0000000000
46058  18.957  -11.812  37.569 0.0000000000
45072  18.168  -12.463  39.939 0.0000000000
48225  16.287  -8.869  43.740 0.0000000000
49231  16.014  -9.034  44.422 0.0000000000
48210  15.513  -9.784  44.667 0.0000000000
118775  29.776  -6.560  25.505 0.0000000000
51405  29.083  -6.877  25.548 0.0000000000
48440  28.243  -9.628  25.895 0.0000000000
47299  28.156  -10.888  26.911 0.0000000000
46254  27.633  -11.198  27.620 0.0000000000
46166  25.066  -11.486  30.619 0.0000000000
105551  26.294  -12.363  32.904 0.0000000000
57838  30.044  -0.489  18.123 0.0000000000
54599  32.692  -3.627  20.969 0.0000000000
54614  32.303  -3.783  20.511 0.0000000000
55726  34.415  -2.487  20.639 0.0000000000
55743  35.275  -2.443  20.346 0.0000000000
65089  50.342  6.642  -3.676 0.0000000000
62113  49.888  3.158  0.074 0.0000000000
48147  13.991  -10.028  52.802 0.0000000000
62017  36.106  3.902  10.360 0.0000000000
62008  35.722  3.202  10.770 0.0000000000
60967  34.809  1.902  11.087 0.0000000000
59908  34.614  1.172  11.362 0.0000000000
57909  34.137  -1.030  11.896 0.0000000000
46098  20.488  -11.447  35.623 0.0000000000
47146  19.151  -10.590  36.651 0.0000000000
48287  18.051  -9.494  38.133 0.0000000000
50444  27.007  -7.437  28.507 0.0000000000
49406  25.992  -8.191  29.450 0.0000000000
47242  24.287  -10.482  30.258 0.0000000000
45226  24.591  -12.000  32.045 0.0000000000
57786  29.395  -0.706  22.760 0.0000000000
57775  29.473  -0.808  23.599 0.0000000000
109506  29.381  -2.206  23.211 0.0000000000
55693  29.359  -2.863  22.954 0.0000000000
54561  29.916  -3.168  24.165 0.0000000000
54575  29.736  -3.390  23.481 0.0000000000
54587  29.610  -3.582  22.585 0.0000000000
53453  30.430  -4.262  21.833 0.0000000000
53438  32.510  -4.589  22.292 0.0000000000
54596  35.645  -3.546  21.701 0.0000000000
65080  47.661  6.102  -1.077 0.0000000000
62130  48.434  3.764  -0.334 0.0000000000
63115  47.087  4.466  0.034 0.0000000000
62117  46.516  3.969  0.673 0.0000000000
62131  47.747  3.916  -0.061 0.0000000000
62088  41.671  3.939  3.683 0.0000000000
116457  41.323  3.648  4.281 0.0000000000
62065  41.090  3.265  4.988 0.0000000000
118911  41.352  2.379  6.571 0.0000000000
61008  41.082  2.077  6.964 0.0000000000
63076  38.538  4.795  5.759 0.0000000000
62052  39.211  3.297  6.172 0.0000000000
59937  41.643  1.106  7.804 0.0000000000
58954  42.022  0.543  8.240 0.0000000000
57962  42.341  -0.122  8.757 0.0000000000
57963  41.565  -0.048  8.654 0.0000000000
118356  35.780  4.007  8.959 0.0000000000
62030  35.462  3.472  9.435 0.0000000000
60995  35.909  3.189  8.680 0.0000000000
58931  35.299  0.294  9.957 0.0000000000
58945  36.013  0.237  9.340 0.0000000000
57955  36.514  -0.393  9.452 0.0000000000
57968  36.763  0.214  9.024 0.0000000000
57966  38.471  0.097  8.683 0.0000000000
57952  39.713  -0.716  9.417 0.0000000000
56956  40.052  -1.214  10.080 0.0000000000
56955  40.929  -1.178  10.213 0.0000000000
49453  33.703  -8.486  23.736 0.0000000000
48449  34.259  -9.280  25.462 0.0000000000
48448  35.107  -9.085  25.870 0.0000000000
108917  42.085  7.683  3.402 0.0000000000
49315  18.582  -8.997  37.905 0.0000000000
49294  18.210  -8.314  39.340 0.0000000000
48273  17.704  -9.151  38.838 0.0000000000
47110  16.416  -10.578  40.193 0.0000000000
107281  16.353  -11.216  40.390 0.0000000000
49254  16.552  -8.680  42.512 0.0000000000
46036  15.631  -11.483  41.869 0.0000000000
43365  15.808  -13.850  43.944 0.0000000000
43357  15.825  -14.324  44.447 0.0000000000
44130  14.583  -13.819  46.206 0.0000000000
116593  14.297  -13.060  48.464 0.0000000000
46021  14.783  -11.410  47.077 0.0000000000
105669  14.526  -12.179  48.167 0.0000000000
111425  14.272  -10.275  52.413 0.0000000000
101584  14.741  -8.044  50.306 0.0000000000
48151  14.324  -9.481  52.318 0.0000000000
56749  30.614  -1.105  25.615 0.0000000000
50488  33.066  -7.661  23.774 0.0000000000
49471  32.640  -8.063  23.761 0.0000000000
111063  31.880  -9.185  24.578 0.0000000000
105568  31.978  -9.492  25.433 0.0000000000
48425  31.607  -9.899  27.071 0.0000000000
48438  29.925  -9.687  25.666 0.0000000000
47301  26.614  -10.249  27.383 0.0000000000
46233  28.109  -11.533  28.387 0.0000000000
46189  26.338  -11.592  29.874 0.0000000000
46188  27.094  -11.770  30.007 0.0000000000
103005  27.694  -11.642  28.983 0.0000000000
46212  29.510  -11.706  29.402 0.0000000000
62075  42.747  3.097  4.187 0.0000000000
61037  43.332  2.659  6.170 0.0000000000
59948  43.601  2.120  7.616 0.0000000000
110597  33.306  0.220  14.884 0.0000000000
57881  32.715  -0.443  14.644 0.0000000000
56897  32.387  -1.286  14.451 0.0000000000
56887  31.969  -1.677  14.890 0.0000000000
118821  32.342  -1.991  14.398 0.0000000000
55818  33.210  -3.284  14.042 0.0000000000
54721  34.292  -4.159  14.101 0.0000000000
100915  29.340  -1.097  20.811 0.0000000000
55727  29.265  -2.604  20.924 0.0000000000
56811  29.284  -1.756  20.467 0.0000000000
56827  29.364  -1.655  19.639 0.0000000000
56840  29.816  -2.380  18.113 0.0000000000
54635  31.672  -4.041  19.941 0.0000000000
53472  31.084  -4.245  19.215 0.0000000000
54655  30.607  -3.893  18.417 0.0000000000
55776  30.248  -2.860  17.537 0.0000000000
105582  32.595  -3.902  15.498 0.0000000000
53533  32.813  -4.477  16.758 0.0000000000
53549  33.047  -4.393  15.978 0.0000000000
54712  33.356  -4.217  15.226 0.0000000000
53507  36.879  -4.434  16.801 0.0000000000
53528  37.480  -4.264  16.368 0.0000000000
53527  37.976  -4.101  15.933 0.0000000000
49468  35.220  -8.182  23.390 0.0000000000
49467  35.910  -8.169  23.523 0.0000000000
50484  36.533  -7.770  23.329 0.0000000000
50458  37.942  -7.784  26.160 0.0000000000
51426  37.492  -6.745  23.099 0.0000000000
51425  38.022  -6.310  23.528 0.0000000000
52390  38.313  -5.568  23.565 0.0000000000
64116  48.708  6.173  -2.156 0.0000000000
65082  49.746  6.895  -3.087 0.0000000000
64127  50.360  5.634  -3.667 0.0000000000
62146  49.672  3.794  -1.321 0.0000000000
115174  50.950  5.181  -4.113 0.0000000000
118448  51.374  4.905  -4.398 0.0000000000
62168  52.653  3.447  -3.514 0.0000000000
48455  27.966  -8.927  25.678 0.0000000000
53452  31.216  -4.346  21.724 0.0000000000
53529  36.226  -4.587  16.358 0.0000000000
55702  35.893  -1.534  22.362 0.0000000000
55758  29.674  -3.005  18.656 0.0000000000
59941  37.441  1.409  8.151 0.0000000000
100214  29.441  -3.440  21.844 0.0000000000
108515  39.089  2.732  6.677 0.0000000000
113109  33.838  -3.680  13.823 0.0000000000
116721  36.882  -4.467  16.139 0.0000000000
