#!ascii label  , from subject sub-v1s18x0051257_ses-1 vox2ras=TkReg
1553
14920  34.797  -47.176  -20.849 0.6000000238
14919  35.568  -47.452  -20.425 0.5000000000
17111  33.621  -44.715  -20.775 0.6999999881
103840  33.364  -44.157  -21.198 0.6000000238
102005  33.069  -43.941  -21.977 0.6000000238
15634  34.575  -46.057  -20.154 0.6999999881
15635  34.004  -46.123  -20.800 0.6000000238
16398  33.507  -45.503  -21.120 0.5000000000
16405  33.141  -45.654  -21.918 0.5000000000
109202  32.972  -44.952  -22.567 0.6000000238
17821  33.171  -43.343  -22.567 0.6000000238
15633  35.057  -46.740  -20.169 0.5000000000
15642  34.156  -46.799  -21.228 0.6000000238
17828  33.282  -43.266  -23.343 0.6000000238
99188  36.954  -48.916  -20.456 0.5000000000
13591  36.800  -49.799  -20.272 0.5000000000
19241  34.153  -41.904  -21.836 0.6000000238
118476  34.255  -41.533  -22.285 0.6999999881
16392  34.368  -44.600  -20.165 0.6000000238
17110  34.491  -43.865  -20.315 0.6999999881
18526  33.823  -42.683  -21.495 0.6000000238
115012  33.637  -42.352  -22.062 0.6000000238
18539  33.459  -42.549  -22.722 0.6000000238
15627  34.805  -45.350  -19.817 0.6000000238
106131  34.089  -45.399  -20.418 0.6999999881
19260  33.850  -41.823  -23.207 0.6000000238
14910  35.827  -46.954  -19.676 0.5000000000
119420  35.353  -45.478  -19.574 0.5000000000
18552  33.637  -42.542  -23.670 0.6000000238
14918  36.468  -47.792  -19.962 0.5000000000
118431  33.903  -42.614  -24.434 0.6000000238
18551  34.284  -42.268  -24.932 0.6000000238
19291  35.439  -41.779  -26.534 0.6999999881
18561  34.476  -42.702  -25.782 0.6000000238
18569  34.957  -42.409  -26.373 0.6000000238
18568  35.569  -42.634  -27.187 0.6000000238
18577  36.589  -42.931  -28.200 0.6000000238
20029  36.528  -40.703  -29.346 0.5000000000
116271  35.832  -38.755  -27.975 0.6999999881
20022  35.843  -39.953  -28.433 0.6000000238
20768  35.397  -39.325  -27.673 0.6999999881
114894  35.374  -40.798  -22.114 0.6000000238
19972  34.985  -40.633  -22.667 0.6999999881
17798  35.057  -43.400  -20.348 0.6999999881
17799  34.241  -43.179  -20.777 0.6999999881
18525  34.530  -42.385  -21.225 0.6000000238
19252  34.340  -41.225  -22.808 0.6999999881
19977  34.785  -40.626  -23.400 0.6999999881
16383  35.343  -44.991  -19.575 0.6000000238
109877  35.738  -43.593  -20.107 0.6000000238
99871  36.821  -44.942  -19.199 0.5000000000
17093  36.031  -44.613  -19.488 0.5000000000
19991  34.707  -40.782  -24.113 0.8000000119
19274  34.039  -41.954  -24.064 0.6000000238
15625  36.279  -46.311  -19.287 0.5000000000
112812  35.990  -45.459  -19.338 0.5000000000
113658  35.040  -40.782  -24.949 0.8000000119
19273  34.487  -41.443  -24.553 0.6000000238
104326  36.834  -48.530  -19.589 0.5000000000
19283  35.364  -41.094  -25.890 0.8000000119
19290  36.218  -40.965  -26.691 0.8000000119
19284  34.780  -41.763  -25.605 0.6999999881
20011  37.448  -40.458  -27.199 0.6999999881
19298  38.575  -41.356  -28.951 0.6999999881
20021  38.214  -40.772  -28.144 0.6999999881
19300  36.275  -41.970  -27.461 0.6999999881
19307  38.991  -41.445  -29.802 0.6000000238
108862  37.221  -42.351  -28.441 0.6000000238
19299  37.418  -41.447  -28.015 0.6000000238
20786  38.921  -40.681  -30.040 0.6999999881
18582  38.558  -42.127  -30.057 0.6999999881
19308  38.279  -42.201  -29.529 0.6000000238
20778  37.053  -39.795  -29.155 0.6999999881
20041  38.548  -41.250  -30.212 0.6000000238
110788  36.426  -39.246  -28.535 0.8000000119
20042  37.624  -41.511  -30.086 0.6000000238
22466  36.228  -38.195  -28.776 0.8999999762
21568  35.196  -38.095  -27.340 0.6999999881
22467  35.468  -37.733  -28.404 0.8000000119
21558  34.852  -38.789  -26.896 0.6999999881
19971  35.693  -40.280  -22.502 0.6000000238
20693  36.117  -39.696  -22.942 0.6999999881
19240  35.524  -41.375  -21.606 0.6000000238
20705  36.699  -39.381  -23.407 0.6000000238
118384  36.833  -42.298  -21.219 0.4000000060
18504  35.784  -42.881  -20.623 0.6000000238
19239  36.304  -41.269  -21.563 0.6000000238
19976  35.391  -40.068  -23.198 0.6999999881
18503  36.706  -42.747  -20.834 0.6000000238
20718  36.002  -39.595  -23.769 0.8000000119
103746  37.633  -44.435  -19.320 0.4000000060
17092  36.782  -44.151  -19.571 0.5000000000
17783  36.060  -43.979  -19.739 0.6000000238
20736  36.008  -39.677  -24.814 0.8000000119
112759  36.878  -45.791  -19.017 0.5000000000
15624  36.978  -46.502  -18.978 0.4000000060
20002  36.668  -40.021  -26.194 0.8000000119
14243  37.015  -47.834  -19.085 0.5000000000
21566  38.687  -38.915  -28.229 0.8000000119
20010  38.666  -40.062  -27.754 0.6999999881
20756  37.951  -39.594  -26.609 0.8000000119
20776  38.865  -39.932  -29.456 0.8000000119
20766  39.030  -39.791  -28.419 0.6999999881
22465  37.348  -37.629  -28.895 0.8999999762
21572  39.004  -39.521  -28.790 0.6999999881
104885  38.256  -39.243  -29.313 0.8999999762
19306  39.209  -40.922  -29.904 0.6999999881
20777  38.238  -39.813  -29.585 0.6000000238
21567  36.926  -38.590  -29.108 0.8999999762
112270  34.660  -37.323  -27.467 0.8000000119
23379  34.040  -36.922  -26.719 0.8000000119
22482  35.020  -37.092  -28.751 0.8000000119
22447  34.362  -37.570  -26.539 0.8000000119
20692  36.952  -39.541  -22.788 0.6999999881
21515  38.168  -38.767  -23.390 0.6000000238
19955  36.019  -40.689  -21.899 0.6000000238
19969  37.455  -40.113  -22.210 0.5000000000
20704  37.431  -39.100  -23.435 0.6999999881
19237  37.673  -41.974  -21.618 0.4000000060
19238  36.988  -41.702  -21.494 0.5000000000
19954  36.833  -40.757  -21.788 0.6000000238
20717  37.023  -39.133  -24.343 0.6999999881
18522  37.388  -42.571  -21.278 0.5000000000
17781  38.022  -43.466  -20.311 0.5000000000
17797  36.563  -43.465  -20.160 0.6000000238
17090  39.271  -44.117  -19.631 0.4000000060
17091  38.347  -43.897  -19.648 0.4000000060
21540  37.980  -38.585  -26.097 0.8000000119
20735  37.163  -39.384  -25.538 0.8000000119
113693  38.609  -44.794  -19.015 0.4000000060
102258  38.404  -39.021  -26.396 0.8000000119
115872  38.029  -39.137  -25.939 0.8000000119
118627  36.299  -39.810  -25.505 0.8000000119
14908  37.360  -47.166  -18.747 0.3000000119
22446  37.434  -37.692  -27.727 0.8000000119
22445  38.135  -38.407  -27.416 0.8000000119
20755  38.707  -39.371  -27.404 0.8000000119
23378  36.784  -36.930  -28.072 0.8000000119
20754  38.888  -39.295  -28.033 0.8000000119
23398  36.553  -36.480  -28.953 0.8999999762
22464  37.894  -38.348  -28.709 0.8999999762
23397  36.919  -37.240  -29.398 0.8999999762
111184  37.203  -37.903  -29.422 0.8999999762
23410  36.516  -36.776  -29.908 0.8999999762
21575  36.948  -37.990  -29.582 0.8999999762
109431  33.921  -36.467  -27.573 0.8000000119
22489  36.366  -36.927  -30.133 0.8999999762
22481  36.143  -37.480  -29.654 0.8999999762
22491  35.469  -36.857  -29.929 0.8000000119
111291  37.834  -39.357  -22.764 0.6000000238
22420  38.680  -37.771  -23.696 0.6000000238
20691  38.312  -39.896  -22.373 0.6000000238
19249  38.310  -41.787  -21.859 0.4000000060
19968  38.622  -40.717  -22.079 0.4000000060
119562  38.038  -40.405  -22.082 0.4000000060
20716  37.763  -38.586  -24.176 0.6999999881
21524  37.919  -38.229  -24.733 0.6999999881
17812  38.140  -43.118  -21.234 0.5000000000
18521  38.137  -42.638  -21.711 0.4000000060
20734  37.893  -38.829  -25.343 0.6999999881
17811  39.073  -43.462  -21.478 0.5000000000
23362  36.850  -37.068  -25.318 0.8000000119
23363  36.682  -37.062  -26.583 0.8000000119
22433  37.524  -37.811  -26.372 0.8000000119
109305  36.085  -36.214  -27.782 0.8000000119
24341  36.229  -35.975  -29.451 0.8999999762
23417  36.295  -36.706  -30.192 1.0000000000
24353  33.850  -35.579  -30.163 0.8000000119
23424  35.954  -36.340  -30.343 1.0000000000
23411  34.268  -36.368  -28.954 0.8000000119
116135  35.448  -36.362  -30.358 1.0000000000
23419  34.736  -35.858  -30.596 0.8000000119
21514  38.767  -38.441  -23.513 0.6000000238
20703  38.766  -39.127  -22.892 0.6000000238
22404  38.298  -37.016  -23.571 0.6999999881
19967  39.594  -40.720  -22.350 0.4000000060
20690  39.183  -39.898  -22.469 0.4000000060
19248  39.097  -41.665  -22.189 0.4000000060
17819  39.361  -43.252  -22.682 0.5000000000
19247  40.001  -41.655  -22.511 0.4000000060
22432  37.659  -37.689  -24.914 0.8000000119
23346  36.472  -36.272  -24.528 0.8000000119
23364  35.966  -36.329  -26.734 0.8000000119
25250  35.256  -34.914  -27.716 0.8000000119
24328  35.799  -35.727  -28.238 0.8999999762
99534  35.728  -35.246  -29.498 0.8999999762
24352  36.144  -36.151  -30.224 1.0000000000
25266  35.680  -35.250  -30.422 1.0000000000
24359  35.571  -35.663  -30.606 1.0000000000
103465  34.129  -35.377  -30.787 0.8000000119
24342  33.572  -35.684  -29.225 0.8000000119
24360  35.391  -35.801  -30.673 1.0000000000
106618  34.829  -35.432  -31.181 0.8000000119
21513  39.779  -37.903  -23.511 0.6000000238
102737  39.397  -38.558  -23.341 0.6000000238
105620  39.196  -37.041  -23.407 0.6000000238
23328  37.669  -36.290  -23.497 0.6999999881
20689  40.076  -39.922  -22.610 0.4000000060
20701  40.512  -39.257  -22.958 0.5000000000
20702  39.684  -39.211  -22.881 0.5000000000
23345  37.564  -37.015  -23.894 0.8000000119
24274  37.077  -35.569  -23.518 0.8000000119
23329  36.939  -36.292  -23.834 0.8000000119
19246  40.815  -41.282  -22.720 0.4000000060
19965  41.198  -40.579  -22.844 0.4000000060
109561  36.118  -36.344  -25.553 0.8000000119
24309  35.559  -35.563  -25.782 0.8000000119
24321  35.444  -35.489  -26.963 0.8000000119
99714  35.594  -35.253  -28.653 0.8999999762
26201  34.997  -33.709  -27.929 0.8000000119
105073  35.464  -34.417  -29.545 1.0000000000
100860  35.654  -34.439  -30.630 1.0000000000
26212  35.453  -33.488  -29.652 1.0000000000
25286  36.365  -34.327  -32.546 1.0000000000
24366  34.994  -35.003  -31.901 0.8999999762
24361  33.305  -34.989  -30.469 0.8000000119
25279  34.069  -34.385  -31.798 0.8999999762
25287  35.699  -34.499  -32.408 1.0000000000
26232  34.602  -34.121  -32.265 1.0000000000
26243  37.649  -33.702  -33.423 1.0000000000
27177  38.150  -33.529  -33.887 1.0000000000
26255  36.955  -33.573  -33.530 1.0000000000
27179  36.554  -32.847  -33.574 1.0000000000
28089  39.063  -31.898  -34.322 1.0000000000
103213  38.436  -33.067  -34.095 1.0000000000
119395  39.162  -36.145  -23.289 0.6999999881
23327  38.495  -36.244  -23.346 0.6999999881
24272  38.785  -35.547  -23.303 0.6999999881
22402  40.171  -37.139  -23.377 0.6000000238
23326  39.866  -36.326  -23.318 0.6000000238
24273  37.949  -35.564  -23.317 0.6999999881
107655  40.140  -38.604  -23.293 0.6000000238
25205  37.141  -34.166  -23.540 0.8000000119
111176  41.527  -39.909  -23.120 0.4000000060
24275  36.380  -35.534  -23.952 0.8000000119
24291  35.857  -35.534  -24.730 0.8000000119
25236  35.405  -34.634  -25.036 0.8000000119
99121  35.229  -34.843  -25.999 0.8000000119
107076  35.107  -34.071  -25.777 0.8000000119
25245  34.951  -34.079  -27.436 0.6999999881
25244  35.060  -34.480  -26.704 0.8000000119
26200  35.164  -33.609  -28.655 0.8999999762
27116  35.284  -32.642  -28.632 0.8000000119
27129  35.616  -32.527  -29.653 1.0000000000
27144  35.982  -33.431  -30.928 1.0000000000
28064  36.176  -32.183  -30.434 1.0000000000
28063  36.841  -31.580  -31.027 1.0000000000
27143  36.779  -32.776  -31.601 1.0000000000
28076  38.315  -32.241  -32.924 1.0000000000
27166  37.977  -33.538  -33.521 1.0000000000
26246  35.270  -33.719  -32.709 1.0000000000
26233  33.713  -33.610  -31.816 1.0000000000
28090  38.577  -33.048  -33.882 1.0000000000
27168  35.924  -33.395  -33.196 1.0000000000
104798  35.511  -32.457  -32.933 1.0000000000
28091  36.371  -31.974  -33.450 1.0000000000
28981  38.492  -32.204  -34.336 1.0000000000
28100  37.679  -32.773  -34.159 1.0000000000
111367  39.583  -35.580  -23.394 0.6999999881
101640  38.350  -34.858  -23.386 0.6999999881
23325  40.735  -36.455  -23.454 0.5000000000
106649  37.453  -34.841  -23.396 0.6999999881
22401  40.528  -37.940  -23.462 0.6000000238
116390  41.199  -37.998  -23.474 0.5000000000
25206  36.548  -34.698  -23.639 0.8000000119
25223  35.963  -34.138  -23.880 0.8000000119
25224  35.590  -33.946  -24.410 0.6999999881
113717  35.309  -33.765  -25.062 0.8000000119
26187  35.007  -33.530  -26.583 0.8000000119
26176  35.195  -33.261  -25.653 0.8000000119
27117  35.061  -33.060  -27.850 0.6999999881
27108  35.077  -32.827  -27.057 0.6999999881
28032  35.587  -31.353  -28.842 0.8999999762
28921  35.590  -30.614  -28.210 0.8000000119
29815  35.997  -29.560  -28.236 0.8000000119
106595  36.474  -29.141  -29.057 0.8000000119
28042  35.776  -31.683  -29.523 0.8999999762
28920  36.353  -29.996  -29.305 0.8000000119
28041  36.249  -31.366  -30.078 1.0000000000
28933  35.939  -30.895  -29.380 0.8999999762
117696  36.831  -29.368  -29.794 0.8999999762
30726  36.956  -28.782  -29.773 0.8000000119
28952  36.593  -30.692  -30.186 0.8999999762
28951  37.347  -30.708  -31.059 1.0000000000
28077  37.512  -32.369  -32.180 1.0000000000
27158  37.568  -33.375  -32.718 1.0000000000
28978  39.049  -31.885  -33.690 1.0000000000
28968  35.918  -30.891  -32.728 1.0000000000
29861  39.593  -29.982  -33.034 1.0000000000
28979  37.093  -31.522  -33.749 1.0000000000
28977  39.810  -30.995  -34.285 1.0000000000
28982  40.569  -30.378  -35.192 1.0000000000
29873  38.821  -30.225  -34.682 1.0000000000
24290  40.890  -35.071  -23.942 0.6999999881
25202  40.050  -34.955  -23.713 0.6999999881
25203  39.211  -34.879  -23.514 0.6999999881
25222  38.766  -34.189  -23.818 0.6999999881
25204  37.902  -34.142  -23.588 0.6999999881
26160  37.404  -33.376  -23.749 0.6999999881
23324  41.618  -36.630  -23.648 0.5000000000
26161  36.531  -33.793  -23.715 0.6999999881
22400  41.885  -37.588  -23.615 0.5000000000
27069  36.568  -32.977  -23.944 0.8000000119
116107  36.004  -32.701  -24.356 0.6999999881
27085  35.327  -32.622  -25.590 0.6999999881
26170  35.486  -32.972  -24.825 0.6999999881
100020  35.299  -32.023  -25.967 0.6999999881
99556  35.180  -32.072  -26.760 0.6999999881
27107  35.184  -32.273  -27.623 0.6999999881
28024  35.257  -31.379  -27.334 0.6999999881
29801  35.947  -29.113  -27.266 0.8000000119
30703  36.231  -28.425  -27.445 0.8000000119
30714  36.255  -28.773  -28.173 0.8000000119
30727  36.536  -28.399  -28.985 0.8000000119
29845  37.005  -29.915  -30.334 1.0000000000
29829  37.398  -29.220  -30.422 0.8999999762
31555  36.956  -28.083  -29.786 0.8000000119
30756  38.031  -29.110  -31.181 1.0000000000
30742  37.507  -28.577  -30.487 0.8000000119
28062  37.630  -31.510  -31.814 1.0000000000
29844  37.746  -29.893  -31.174 1.0000000000
28967  38.255  -30.948  -32.207 1.0000000000
28966  39.120  -30.765  -33.041 1.0000000000
30760  39.886  -29.161  -33.363 1.0000000000
109973  36.631  -30.429  -33.171 1.0000000000
30759  40.661  -29.257  -34.567 1.0000000000
30767  40.944  -29.256  -35.451 1.0000000000
29872  40.215  -30.403  -35.249 1.0000000000
29874  37.819  -30.842  -34.175 1.0000000000
30764  40.615  -29.246  -35.558 1.0000000000
26166  40.002  -33.749  -24.832 0.6999999881
26167  39.177  -33.588  -24.403 0.6999999881
26168  38.123  -32.786  -24.157 0.6000000238
27078  37.306  -32.510  -24.044 0.6000000238
27079  36.580  -32.207  -24.319 0.6999999881
104934  35.500  -32.174  -25.318 0.6999999881
27997  35.852  -31.944  -24.790 0.6999999881
28004  35.567  -31.343  -25.551 0.6999999881
28012  35.315  -31.285  -26.398 0.6999999881
29791  35.702  -29.754  -26.664 0.8000000119
28908  35.443  -30.492  -26.891 0.6999999881
29802  35.685  -29.886  -27.440 0.8000000119
102501  36.419  -27.071  -27.825 0.8000000119
31556  36.545  -27.593  -28.893 0.8000000119
31573  36.771  -27.238  -29.774 0.8000000119
119198  37.990  -28.523  -31.210 0.8000000119
31572  37.513  -27.814  -30.667 0.8000000119
30755  38.870  -28.989  -32.045 1.0000000000
31584  38.307  -28.102  -31.715 1.0000000000
32440  37.668  -27.270  -31.557 0.6999999881
31583  39.205  -28.337  -32.744 1.0000000000
31587  40.130  -28.341  -34.162 1.0000000000
32446  39.439  -27.445  -34.108 1.0000000000
109819  35.468  -30.190  -31.848 1.0000000000
31586  40.857  -28.755  -35.343 1.0000000000
31594  40.606  -28.495  -35.578 1.0000000000
30761  38.206  -29.159  -34.352 1.0000000000
29868  37.642  -29.601  -33.865 1.0000000000
29869  36.815  -29.493  -32.934 1.0000000000
30765  39.521  -29.279  -35.290 1.0000000000
102201  38.800  -33.043  -24.469 0.6999999881
27996  36.677  -31.323  -24.553 0.6000000238
28003  36.023  -31.095  -25.031 0.6999999881
28887  35.513  -30.563  -26.052 0.6999999881
28886  35.894  -30.510  -25.469 0.6999999881
119260  35.592  -30.158  -26.354 0.6999999881
29790  36.024  -29.146  -26.308 0.8000000119
31533  36.359  -27.788  -27.130 0.6999999881
32412  36.483  -26.672  -28.859 0.6999999881
99223  36.531  -26.275  -29.735 0.6999999881
32427  36.955  -26.822  -30.640 0.6999999881
32441  37.089  -26.370  -31.581 0.8000000119
31588  38.562  -27.496  -32.673 0.8999999762
116194  39.312  -27.889  -33.337 1.0000000000
32447  38.482  -26.664  -33.546 1.0000000000
29863  36.213  -29.074  -32.047 1.0000000000
31591  40.436  -27.872  -35.430 1.0000000000
30762  37.163  -28.650  -33.399 1.0000000000
30768  40.081  -28.208  -35.869 1.0000000000
27077  38.829  -32.320  -24.605 0.6000000238
27994  38.485  -31.460  -24.513 0.6000000238
105489  37.961  -32.028  -24.274 0.6000000238
110677  38.150  -30.665  -24.477 0.6000000238
27995  37.643  -31.305  -24.385 0.6000000238
28873  37.261  -30.560  -24.558 0.6000000238
29762  36.967  -29.818  -24.813 0.6000000238
29777  36.339  -29.847  -25.354 0.6000000238
107272  36.266  -29.304  -25.727 0.6000000238
30688  36.504  -28.534  -25.812 0.6999999881
115512  36.491  -27.066  -26.755 0.6999999881
32403  36.365  -26.050  -28.036 0.6999999881
101656  36.391  -25.728  -28.901 0.6999999881
33287  36.388  -25.439  -29.607 0.6999999881
107058  36.522  -25.676  -30.587 0.6999999881
110611  41.962  -21.102  -30.424 0.3000000119
33307  36.669  -25.325  -31.833 0.6999999881
38096  42.097  -20.059  -30.601 0.3000000119
28935  32.518  -30.538  -29.186 0.8999999762
29847  34.373  -29.389  -30.204 1.0000000000
29864  35.578  -29.270  -31.460 1.0000000000
29846  35.033  -29.106  -30.703 1.0000000000
32452  39.622  -26.644  -35.223 1.0000000000
31596  39.263  -27.231  -36.013 1.0000000000
31595  39.889  -27.353  -36.103 1.0000000000
30766  38.404  -28.243  -34.843 1.0000000000
27993  39.218  -31.615  -24.884 0.6000000238
28871  38.642  -30.018  -24.625 0.6000000238
29760  38.258  -29.268  -24.623 0.6000000238
30674  38.642  -28.649  -24.763 0.6000000238
30686  38.142  -28.063  -24.920 0.6999999881
30687  37.294  -28.383  -25.179 0.6999999881
29761  37.475  -29.168  -24.773 0.6000000238
31513  36.886  -27.665  -25.693 0.6999999881
113884  42.454  -26.364  -26.813 0.3000000119
33244  41.517  -25.234  -26.622 0.3000000119
31522  36.518  -27.757  -26.300 0.6999999881
32392  36.483  -26.296  -27.135 0.6999999881
36992  41.062  -21.469  -29.974 0.3000000119
38097  41.104  -20.270  -30.233 0.4000000060
28922  31.929  -30.158  -28.714 0.6999999881
29817  31.617  -29.528  -28.611 0.6999999881
41153  41.667  -17.420  -31.445 0.3000000119
34159  36.433  -24.427  -31.620 0.6999999881
117242  33.037  -29.172  -29.147 0.8999999762
39075  41.399  -19.296  -30.555 0.3000000119
33318  37.138  -25.385  -32.863 0.8000000119
30728  34.045  -28.671  -29.739 0.8999999762
40118  41.596  -18.584  -30.819 0.3000000119
39076  40.443  -19.365  -30.380 0.3000000119
32453  37.950  -25.890  -33.643 0.8000000119
33325  38.880  -25.966  -34.714 1.0000000000
30758  35.889  -28.341  -31.752 1.0000000000
32456  39.199  -26.324  -36.270 1.0000000000
31592  36.927  -27.697  -33.751 1.0000000000
31589  36.392  -27.980  -32.591 1.0000000000
31597  37.622  -27.249  -34.991 1.0000000000
32457  38.006  -26.764  -35.578 1.0000000000
32458  37.022  -26.483  -35.155 1.0000000000
30685  38.979  -27.984  -24.966 0.6999999881
31511  38.432  -27.365  -25.190 0.6999999881
31519  42.018  -26.972  -26.714 0.3000000119
102443  41.293  -26.774  -26.297 0.4000000060
31512  37.601  -27.524  -25.328 0.6999999881
32372  37.170  -26.809  -25.698 0.6999999881
32381  36.733  -26.473  -26.317 0.6999999881
33258  36.528  -25.459  -27.410 0.6999999881
34110  41.523  -24.421  -27.098 0.3000000119
34093  40.820  -24.610  -26.654 0.5000000000
103131  36.577  -24.652  -27.635 0.6999999881
34125  36.416  -24.292  -28.396 0.6999999881
34111  40.815  -23.964  -27.128 0.5000000000
100325  36.336  -24.824  -29.011 0.6999999881
35935  40.612  -22.795  -28.352 0.4000000060
35922  39.159  -22.593  -28.027 0.6000000238
35949  39.921  -21.961  -29.083 0.5000000000
104675  36.306  -24.702  -29.878 0.6999999881
35948  40.659  -22.041  -29.458 0.3000000119
34153  36.344  -24.633  -30.833 0.6999999881
41156  38.827  -17.840  -32.073 0.4000000060
38082  39.448  -20.716  -29.698 0.4000000060
29818  30.768  -29.485  -28.599 0.6999999881
42145  39.962  -16.830  -32.029 0.4000000060
38098  40.314  -20.590  -29.886 0.4000000060
117140  40.402  -19.991  -30.100 0.4000000060
107040  30.363  -30.213  -28.611 0.6000000238
41154  40.886  -17.372  -31.405 0.3000000119
40139  40.419  -17.947  -31.066 0.3000000119
41155  40.091  -17.335  -31.575 0.4000000060
102650  39.750  -19.882  -30.096 0.4000000060
34165  36.752  -24.596  -32.610 0.6999999881
35044  36.428  -23.787  -31.923 0.6999999881
29816  32.431  -29.562  -28.833 0.6999999881
40140  39.513  -18.019  -31.352 0.4000000060
39077  39.689  -19.180  -30.466 0.4000000060
39078  39.052  -19.458  -30.459 0.4000000060
34176  37.287  -24.351  -33.454 0.8000000119
40138  41.260  -17.970  -31.040 0.3000000119
40119  40.837  -18.573  -30.685 0.3000000119
33326  37.601  -25.127  -33.605 0.8000000119
30743  35.270  -28.426  -30.965 1.0000000000
34175  38.359  -25.026  -34.337 0.8999999762
33324  38.868  -26.364  -35.900 1.0000000000
32461  37.936  -26.136  -35.834 1.0000000000
32460  39.235  -26.205  -36.382 1.0000000000
33335  39.070  -25.981  -36.324 1.0000000000
31593  36.307  -26.755  -34.138 1.0000000000
33332  36.641  -25.777  -35.342 1.0000000000
32459  35.874  -25.984  -34.750 1.0000000000
30684  39.857  -28.018  -25.272 0.6000000238
31510  39.313  -27.280  -25.289 0.6000000238
32370  38.699  -26.519  -25.414 0.6999999881
32368  40.557  -26.599  -25.833 0.5000000000
32369  39.711  -26.556  -25.530 0.6000000238
32371  37.820  -26.195  -25.586 0.6999999881
32379  41.001  -25.954  -26.179 0.5000000000
33229  40.164  -25.869  -25.776 0.4000000060
32380  37.164  -25.958  -25.946 0.6999999881
100117  36.769  -25.707  -26.611 0.6999999881
33230  39.680  -25.200  -25.912 0.6000000238
33247  37.265  -25.227  -26.252 0.6999999881
34963  40.131  -24.174  -26.691 0.6000000238
33248  36.825  -24.947  -26.895 0.6999999881
34979  40.048  -23.567  -27.210 0.6000000238
34980  39.200  -23.218  -27.369 0.6000000238
34983  36.672  -23.899  -27.811 0.6999999881
34995  36.529  -23.509  -28.518 0.6999999881
35921  39.965  -22.946  -27.806 0.5000000000
35937  38.354  -22.269  -28.397 0.6000000238
35938  37.511  -22.629  -28.214 0.6000000238
34141  36.296  -23.891  -29.228 0.6000000238
40164  38.379  -18.696  -32.738 0.4000000060
36979  40.102  -21.380  -29.548 0.4000000060
36980  39.232  -21.447  -29.270 0.4000000060
36966  38.405  -21.616  -29.015 0.5000000000
119266  37.196  -22.330  -28.709 0.6000000238
111588  36.279  -23.857  -30.158 0.6999999881
41182  39.045  -17.301  -32.788 0.4000000060
38083  38.462  -20.897  -29.616 0.5000000000
102332  36.294  -23.797  -31.018 0.6999999881
40141  38.368  -18.517  -32.092 0.5000000000
103841  38.079  -20.372  -30.151 0.4000000060
30715  32.572  -28.660  -28.894 0.8999999762
30717  31.261  -28.768  -28.614 0.6999999881
40120  40.001  -18.578  -30.694 0.4000000060
39079  38.267  -19.819  -30.574 0.4000000060
35066  37.792  -24.152  -33.986 0.6999999881
35049  36.740  -23.799  -32.841 0.6999999881
40121  39.238  -18.769  -30.815 0.4000000060
31557  33.970  -27.887  -29.755 0.8999999762
34185  39.641  -25.657  -35.523 0.8999999762
31574  34.923  -27.805  -30.658 0.8999999762
31590  35.970  -27.180  -33.065 1.0000000000
31585  35.281  -27.631  -31.295 1.0000000000
34184  39.685  -25.793  -36.289 1.0000000000
102287  35.632  -27.416  -32.138 1.0000000000
33336  38.597  -25.873  -36.200 1.0000000000
32449  35.133  -26.653  -32.692 1.0000000000
33337  37.581  -25.513  -35.748 1.0000000000
35085  35.690  -23.856  -34.692 0.8999999762
34186  36.248  -24.495  -35.217 1.0000000000
33338  36.359  -25.121  -35.354 1.0000000000
33327  34.948  -25.546  -34.487 1.0000000000
100912  35.474  -26.547  -33.553 1.0000000000
34187  35.473  -24.776  -34.932 1.0000000000
33334  34.665  -25.038  -34.730 1.0000000000
33328  34.042  -25.278  -34.370 0.8999999762
34177  34.840  -24.460  -34.441 1.0000000000
107253  39.310  -25.830  -25.590 0.6000000238
33231  38.491  -25.575  -25.646 0.6999999881
33232  37.713  -25.529  -25.813 0.6999999881
34082  38.895  -24.922  -25.879 0.6999999881
107794  37.960  -24.218  -26.536 0.6999999881
34964  39.322  -23.839  -26.732 0.6000000238
34965  38.349  -23.618  -26.955 0.6000000238
34112  36.963  -24.259  -27.202 0.6999999881
34981  37.595  -23.302  -27.504 0.6999999881
34982  36.938  -23.233  -27.959 0.6000000238
115348  36.405  -23.162  -29.104 0.6000000238
41203  39.132  -16.900  -33.970 0.3000000119
35923  38.344  -22.868  -27.664 0.6000000238
35013  36.309  -23.174  -29.733 0.6000000238
39127  38.495  -18.909  -33.492 0.4000000060
103524  39.004  -17.802  -34.046 0.4000000060
118631  37.843  -21.336  -29.391 0.6000000238
35950  36.951  -22.129  -29.159 0.6000000238
36981  37.246  -21.510  -29.582 0.5000000000
35033  36.260  -23.131  -30.488 0.6000000238
38084  37.595  -20.861  -29.924 0.4000000060
113981  36.305  -23.085  -31.312 0.6000000238
38100  37.460  -20.344  -30.736 0.4000000060
101298  36.520  -23.062  -32.272 0.6000000238
40142  37.899  -19.245  -31.959 0.5000000000
39095  37.850  -19.589  -31.262 0.4000000060
36011  37.140  -23.259  -33.355 0.6000000238
119612  38.207  -19.024  -31.549 0.4000000060
38111  37.379  -20.123  -31.747 0.4000000060
30729  33.325  -28.427  -29.342 0.8999999762
102870  40.070  -24.680  -35.253 0.8999999762
31558  33.805  -27.047  -30.108 0.8999999762
31575  34.583  -27.075  -30.871 0.8999999762
32443  34.215  -26.460  -31.724 0.8999999762
32442  35.002  -26.892  -31.743 0.8999999762
34192  37.429  -24.862  -35.725 1.0000000000
32455  34.601  -26.028  -33.835 0.8999999762
35069  34.292  -23.958  -33.774 1.0000000000
34178  33.799  -24.861  -34.410 1.0000000000
35070  33.379  -24.286  -33.707 0.8999999762
34095  38.655  -24.313  -26.373 0.6999999881
106360  39.139  -17.104  -34.489 0.3000000119
39137  39.334  -17.808  -35.327 0.3000000119
36982  36.671  -21.880  -29.883 0.6000000238
38140  38.771  -19.420  -34.040 0.5000000000
39126  39.282  -18.355  -34.577 0.4000000060
36993  36.958  -21.141  -30.338 0.5000000000
38112  36.841  -20.858  -31.189 0.5000000000
35987  36.438  -22.324  -31.562 0.5000000000
37008  36.642  -21.474  -31.761 0.5000000000
38141  38.031  -20.027  -33.425 0.5000000000
38128  36.894  -20.757  -31.982 0.5000000000
39109  37.798  -19.567  -32.616 0.5000000000
104358  38.376  -23.732  -34.305 0.6999999881
37035  38.791  -20.646  -34.152 0.5000000000
37036  37.783  -21.091  -33.492 0.5000000000
36021  39.068  -23.118  -34.477 0.6000000238
114082  41.094  -24.990  -35.705 0.8999999762
35082  40.200  -25.276  -35.836 0.8999999762
35093  39.695  -25.250  -36.298 0.8999999762
36022  36.253  -23.000  -34.839 0.8999999762
35084  36.698  -23.912  -35.370 0.8999999762
35094  38.052  -24.365  -35.903 0.8999999762
34191  38.969  -25.464  -36.264 1.0000000000
32450  34.261  -26.231  -32.829 0.8999999762
119511  34.681  -26.558  -32.193 0.8999999762
35068  35.045  -23.615  -34.011 0.8000000119
35999  34.786  -22.911  -33.227 0.6999999881
33319  33.514  -25.576  -33.859 0.8999999762
34179  32.824  -24.964  -34.307 0.8999999762
114819  33.258  -25.085  -34.371 0.8999999762
42182  39.086  -16.439  -34.954 0.3000000119
40192  38.992  -17.180  -35.370 0.3000000119
41224  38.173  -17.255  -36.046 0.3000000119
40205  38.926  -17.483  -35.712 0.4000000060
39136  40.400  -18.257  -35.512 0.4000000060
36994  36.528  -21.749  -30.772 0.6000000238
38151  39.781  -19.299  -34.556 0.5000000000
38150  41.255  -19.222  -35.086 0.4000000060
37025  37.039  -21.335  -32.740 0.5000000000
35998  36.751  -22.241  -32.614 0.5000000000
108737  40.422  -20.771  -34.655 0.5000000000
38127  37.356  -20.450  -32.681 0.5000000000
37049  38.446  -21.819  -34.109 0.5000000000
36010  37.667  -22.309  -33.648 0.5000000000
108514  39.661  -22.183  -34.569 0.5000000000
37048  41.473  -22.674  -34.992 0.6000000238
36020  41.029  -24.214  -35.177 0.6000000238
37065  41.752  -21.907  -36.442 0.6999999881
35095  41.665  -23.509  -36.555 0.6999999881
36032  40.599  -22.816  -36.545 0.6999999881
36028  39.937  -23.651  -36.420 0.8000000119
35092  40.953  -25.017  -36.213 0.8000000119
32451  33.483  -25.954  -32.571 0.8999999762
36030  37.146  -23.224  -35.488 0.8999999762
36029  38.438  -23.733  -35.960 0.8999999762
36012  35.526  -22.857  -34.114 0.6999999881
33320  32.729  -25.534  -33.442 0.8999999762
33329  32.671  -25.100  -34.205 0.8999999762
35050  33.928  -23.398  -32.816 1.0000000000
41216  37.163  -17.071  -35.923 0.3000000119
39152  39.599  -18.024  -35.809 0.4000000060
39153  38.174  -18.080  -35.708 0.3000000119
39135  41.931  -18.182  -35.797 0.4000000060
39151  40.898  -17.981  -36.291 0.4000000060
39163  39.957  -18.551  -36.422 0.4000000060
113977  42.568  -19.239  -35.445 0.4000000060
40204  42.216  -18.665  -36.997 0.4000000060
110086  43.086  -20.797  -36.087 0.5000000000
102730  42.049  -20.887  -35.055 0.5000000000
37060  39.225  -21.944  -36.192 0.6000000238
111728  38.772  -22.898  -35.962 0.8000000119
35071  32.423  -24.490  -33.771 0.8999999762
34180  32.067  -25.028  -34.126 0.8999999762
36000  33.570  -22.817  -32.131 0.8999999762
36001  32.800  -22.969  -32.159 0.8000000119
35052  32.169  -23.723  -32.952 0.8000000119
35991  32.500  -22.380  -31.809 0.6999999881
37013  31.773  -22.057  -31.878 0.8000000119
116439  36.875  -17.046  -35.513 0.3000000119
40193  37.187  -17.853  -35.616 0.3000000119
40194  36.795  -17.706  -35.214 0.4000000060
100362  38.769  -18.973  -35.811 0.4000000060
39138  37.161  -18.962  -35.271 0.4000000060
38167  37.981  -20.276  -35.539 0.5000000000
116719  40.849  -18.949  -36.983 0.5000000000
38153  37.069  -20.289  -35.155 0.5000000000
37068  39.656  -20.742  -36.574 0.5000000000
37062  37.357  -21.188  -35.374 0.5000000000
106683  37.480  -22.306  -35.535 0.6000000238
37050  36.639  -22.366  -35.104 0.6999999881
108232  35.456  -22.002  -33.469 0.6999999881
114693  34.910  -21.947  -32.489 0.6999999881
35989  33.872  -22.118  -31.704 0.6999999881
42183  36.873  -16.563  -34.896 0.3000000119
116420  36.708  -17.325  -34.039 0.4000000060
40183  36.590  -18.251  -33.892 0.4000000060
108633  36.675  -18.774  -34.777 0.4000000060
38142  36.664  -19.859  -34.693 0.3000000119
103850  36.774  -21.511  -35.060 0.6000000238
39128  36.377  -19.725  -33.870 0.3000000119
37037  36.497  -20.897  -34.528 0.5000000000
38143  35.891  -20.434  -33.284 0.4000000060
37038  35.924  -21.159  -33.781 0.6000000238
36023  36.145  -21.967  -34.398 0.6999999881
37026  35.414  -21.182  -32.850 0.6000000238
39110  36.436  -19.023  -33.588 0.3000000119
112048  36.423  -17.869  -32.794 0.3000000119
40165  36.275  -18.664  -32.730 0.3000000119
119342  35.493  -18.466  -31.698 0.3000000119
39111  35.974  -19.569  -32.743 0.3000000119
40166  35.743  -18.934  -31.994 0.4000000060
39096  35.376  -19.646  -31.854 0.5000000000
38129  35.433  -20.377  -32.284 0.6000000238
37009  34.888  -21.088  -31.859 0.6000000238
43223  37.021  -15.171  -33.205 0.4000000060
43224  36.557  -15.863  -32.645 0.3000000119
41183  36.485  -17.209  -32.766 0.3000000119
42166  36.277  -16.747  -32.271 0.3000000119
41157  36.145  -17.504  -32.050 0.3000000119
42146  35.648  -17.106  -31.755 0.3000000119
41158  34.909  -17.536  -31.524 0.3000000119
110171  35.162  -19.003  -31.569 0.4000000060
40144  35.013  -18.344  -31.492 0.4000000060
38113  35.018  -20.261  -31.707 0.6000000238
39097  34.767  -19.666  -31.520 0.4000000060
41159  34.312  -18.221  -31.476 0.4000000060
39098  33.994  -19.664  -31.387 0.5000000000
38114  34.424  -20.420  -31.510 0.6000000238
38117  31.666  -21.014  -31.884 0.6999999881
37027  31.143  -21.738  -32.205 0.8000000119
44011  36.492  -15.015  -32.630 0.4000000060
43225  35.783  -15.273  -32.239 0.3000000119
42167  35.613  -16.201  -31.943 0.3000000119
42147  35.101  -16.776  -31.639 0.3000000119
42148  34.384  -16.912  -31.672 0.4000000060
115999  34.141  -17.575  -31.570 0.4000000060
41160  33.528  -18.022  -31.665 0.4000000060
40146  33.687  -18.854  -31.488 0.4000000060
40147  32.804  -18.613  -31.844 0.4000000060
37010  34.048  -21.289  -31.519 0.6000000238
39099  32.964  -19.638  -31.565 0.4000000060
38116  32.725  -20.666  -31.548 0.6999999881
39112  31.965  -19.194  -32.198 0.4000000060
39100  32.123  -20.106  -31.822 0.6000000238
39113  31.389  -20.026  -32.339 0.6000000238
119322  30.957  -20.642  -32.466 0.6999999881
44027  36.781  -14.329  -32.905 0.3000000119
44012  35.987  -14.466  -32.469 0.3000000119
110743  35.084  -15.547  -32.023 0.3000000119
43226  34.309  -15.517  -32.263 0.3000000119
42169  33.786  -16.326  -32.143 0.4000000060
41184  33.558  -17.199  -31.895 0.3000000119
42170  32.704  -16.260  -32.967 0.3000000119
101293  33.008  -16.785  -32.477 0.3000000119
41204  32.287  -17.032  -33.010 0.3000000119
41185  32.714  -17.677  -32.295 0.3000000119
40167  32.167  -18.355  -32.423 0.3000000119
41186  31.898  -17.796  -32.955 0.3000000119
40168  31.532  -18.505  -32.892 0.3000000119
108956  31.353  -18.007  -33.459 0.4000000060
39129  31.099  -19.244  -32.915 0.5000000000
39114  30.666  -20.027  -32.963 0.5000000000
44901  35.481  -13.959  -32.571 0.3000000119
44013  34.934  -14.668  -32.369 0.3000000119
44014  33.926  -14.843  -32.708 0.3000000119
43245  32.601  -15.560  -33.571 0.3000000119
42185  32.034  -16.414  -33.651 0.3000000119
41205  31.502  -17.271  -33.727 0.3000000119
40184  30.896  -18.552  -33.549 0.4000000060
40185  30.319  -18.505  -34.335 0.5000000000
39130  30.348  -19.276  -33.690 0.5000000000
45916  35.459  -13.205  -32.841 0.3000000119
110026  34.736  -13.228  -33.088 0.3000000119
44028  34.287  -14.224  -32.821 0.3000000119
43244  33.255  -15.002  -33.248 0.3000000119
43261  32.321  -15.161  -34.373 0.3000000119
43246  31.845  -15.830  -34.364 0.3000000119
41206  30.841  -17.887  -34.114 0.4000000060
41218  30.236  -17.862  -35.091 0.4000000060
40195  29.689  -18.510  -35.073 0.4000000060
45935  35.827  -12.334  -33.188 0.3000000119
44915  34.217  -13.660  -33.227 0.3000000119
44029  33.589  -14.273  -33.381 0.3000000119
44043  33.075  -14.084  -34.088 0.3000000119
44030  32.846  -14.724  -33.878 0.3000000119
42186  31.405  -16.612  -34.427 0.3000000119
109166  31.305  -16.202  -35.218 0.3000000119
42199  30.947  -16.798  -35.181 0.4000000060
42200  30.444  -17.248  -35.642 0.3000000119
46975  35.199  -11.805  -33.635 0.3000000119
45936  34.968  -12.600  -33.317 0.3000000119
45948  34.436  -12.239  -33.974 0.3000000119
45937  34.249  -12.986  -33.616 0.3000000119
45949  33.643  -12.811  -34.436 0.3000000119
44931  33.047  -13.594  -34.604 0.3000000119
45950  33.007  -13.095  -35.104 0.3000000119
44044  32.501  -14.419  -34.769 0.3000000119
44932  32.553  -13.703  -35.394 0.3000000119
43262  31.727  -15.290  -35.279 0.3000000119
46990  34.660  -11.431  -34.306 0.3000000119
46991  33.995  -11.973  -34.798 0.3000000119
45961  33.298  -12.477  -35.339 0.3000000119
44059  31.961  -14.444  -35.815 0.3000000119
47000  34.211  -11.186  -35.106 0.3000000119
47001  33.562  -11.717  -35.626 0.3000000119
45962  32.659  -13.021  -35.858 0.3000000119
47011  33.208  -11.549  -36.532 0.4000000060
48096  33.808  -10.947  -35.906 0.4000000060
47002  32.913  -12.308  -36.238 0.4000000060
48103  33.488  -10.738  -36.795 0.4000000060
25277  36.424  -34.360  -32.415 1.0000000000
27167  37.429  -33.896  -32.834 1.0000000000
25278  35.821  -34.783  -32.021 0.8999999762
108381  34.259  -22.529  -32.229 0.6999999881
35990  33.195  -22.303  -31.703 0.8000000119
37012  32.668  -21.626  -31.578 0.8000000119
111673  33.305  -21.149  -31.471 0.6999999881
17800  33.827  -43.963  -20.658 0.6000000238
17813  33.524  -43.469  -21.303 0.6000000238
19259  34.332  -41.269  -23.667 0.6000000238
14909  36.684  -47.076  -19.258 0.5000000000
18524  35.299  -42.185  -21.146 0.6000000238
20767  37.553  -39.139  -29.205 0.8999999762
18523  36.200  -42.065  -21.222 0.5000000000
111850  37.639  -45.329  -18.889 0.4000000060
17782  37.482  -43.699  -19.849 0.5000000000
21523  38.266  -38.260  -23.864 0.6999999881
17796  37.363  -43.189  -20.624 0.5000000000
17795  38.806  -43.587  -20.396 0.5000000000
16369  38.385  -45.873  -18.644 0.4000000060
22421  38.092  -37.712  -23.930 0.6999999881
18532  38.747  -42.703  -22.191 0.4000000060
22403  39.183  -37.984  -23.614 0.6000000238
19966  40.458  -40.652  -22.578 0.4000000060
18531  39.788  -42.761  -22.962 0.4000000060
26223  36.078  -34.537  -31.714 1.0000000000
20700  41.258  -39.268  -23.175 0.5000000000
21512  40.891  -38.607  -23.303 0.5000000000
26245  36.512  -34.184  -33.013 1.0000000000
24271  40.426  -35.667  -23.535 0.6999999881
26222  36.812  -33.940  -32.376 1.0000000000
113129  39.356  -31.327  -34.639 1.0000000000
29862  38.629  -29.869  -32.024 1.0000000000
30694  36.230  -28.451  -26.678 0.6999999881
106512  37.771  -26.772  -32.346 0.8000000119
108944  38.902  -26.299  -34.504 1.0000000000
29776  36.766  -29.157  -25.241 0.6999999881
115227  41.442  -23.206  -28.326 0.4000000060
29831  33.148  -29.887  -29.351 1.0000000000
30744  34.633  -28.421  -30.261 1.0000000000
34994  40.746  -23.358  -27.703 0.4000000060
106526  39.882  -22.446  -28.480 0.5000000000
108719  38.732  -18.530  -31.427 0.4000000060
33333  35.556  -25.342  -34.946 1.0000000000
35051  33.111  -23.630  -32.795 0.8000000119
35080  42.719  -24.155  -36.021 0.6999999881
104990  43.224  -22.663  -35.938 0.6000000238
38174  40.547  -20.319  -36.626 0.5000000000
37067  40.074  -21.265  -36.617 0.5000000000
38166  39.039  -20.196  -36.023 0.5000000000
35988  34.419  -21.823  -31.844 0.6999999881
38115  33.578  -20.461  -31.435 0.6000000238
43227  33.377  -15.644  -32.720 0.3000000119
18576  37.657  -43.140  -29.423 0.5000000000
18583  38.154  -42.970  -30.000 0.5000000000
19316  38.524  -41.907  -30.190 0.5000000000
17870  36.923  -44.908  -28.848 0.5000000000
104260  37.576  -43.832  -29.906 0.5000000000
117653  35.301  -43.982  -27.283 0.5000000000
106435  36.009  -43.758  -27.885 0.5000000000
17869  37.191  -43.881  -29.084 0.5000000000
17160  34.734  -44.234  -26.722 0.5000000000
17854  33.596  -43.919  -25.048 0.4000000060
17853  34.253  -43.541  -25.860 0.5000000000
105072  32.984  -44.024  -22.949 0.5000000000
18562  33.994  -43.041  -25.074 0.5000000000
26213  31.259  -33.633  -29.519 0.6999999881
26214  30.583  -34.056  -29.205 0.6999999881
26225  32.058  -33.945  -30.118 0.8000000119
25273  32.893  -34.300  -30.724 0.8000000119
25267  32.397  -34.574  -29.971 0.8000000119
25280  33.313  -34.017  -31.373 0.8999999762
27131  31.116  -32.671  -29.195 0.6999999881
26224  32.670  -33.505  -30.764 0.8999999762
27146  32.517  -32.737  -30.422 0.8999999762
27160  33.395  -32.897  -31.539 0.8999999762
27159  34.203  -33.019  -32.238 0.8999999762
28045  31.433  -31.669  -28.971 0.6000000238
27130  31.993  -32.287  -29.619 0.8000000119
27145  33.087  -32.372  -30.863 0.8999999762
28079  33.788  -32.084  -31.491 0.8999999762
28093  34.650  -32.049  -32.273 0.8999999762
28092  35.482  -31.702  -32.717 0.8999999762
28001  40.413  -31.930  -26.012 0.5000000000
27083  40.022  -32.510  -25.601 0.5000000000
107941  39.495  -32.260  -25.119 0.5000000000
26175  40.378  -33.282  -25.643 0.6000000238
27084  39.515  -32.987  -25.021 0.5000000000
25220  40.427  -34.440  -24.404 0.6000000238
28044  32.196  -31.405  -29.363 0.8999999762
117143  33.351  -31.463  -30.473 0.8999999762
28065  32.680  -31.928  -30.045 0.8999999762
117412  33.937  -31.292  -31.012 0.8999999762
28078  34.327  -31.431  -31.547 0.8999999762
28884  40.311  -29.861  -25.629 0.5000000000
117855  39.733  -29.392  -25.195 0.5000000000
28894  40.904  -30.382  -26.245 0.5000000000
111099  39.566  -31.064  -25.150 0.5000000000
28885  39.536  -30.204  -25.062 0.5000000000
107546  40.244  -30.931  -25.676 0.5000000000
28934  33.281  -30.654  -29.808 0.8999999762
28043  32.821  -31.200  -29.735 0.8999999762
28954  33.844  -30.730  -30.467 0.8999999762
28953  34.363  -30.764  -31.088 0.8999999762
29775  40.295  -28.878  -25.556 0.5000000000
29759  39.073  -29.350  -24.760 0.5000000000
29789  40.997  -29.387  -26.210 0.5000000000
28893  41.542  -30.034  -26.770 0.5000000000
29848  33.796  -30.031  -29.941 0.8999999762
109911  34.274  -30.185  -30.527 0.8999999762
29865  34.884  -29.998  -31.071 0.8999999762
30693  40.716  -28.077  -25.868 0.5000000000
31509  40.199  -27.294  -25.570 0.5000000000
30692  41.291  -28.603  -26.400 0.5000000000
31521  40.873  -27.288  -25.994 0.4000000060
31547  30.959  -28.070  -28.677 0.6000000238
31561  30.265  -27.850  -28.981 0.6000000238
31546  31.871  -27.968  -28.786 0.8000000119
31560  31.051  -27.295  -29.076 0.6999999881
32416  30.699  -26.616  -29.618 0.6999999881
32417  29.738  -26.734  -29.675 0.6999999881
32433  29.442  -26.068  -30.240 0.6999999881
32414  32.225  -26.712  -29.678 0.8000000119
31559  32.477  -27.345  -29.344 0.8000000119
32415  31.515  -26.653  -29.606 0.6999999881
32431  31.198  -26.131  -30.173 0.6999999881
33298  29.998  -25.537  -30.835 0.6999999881
33297  30.827  -25.657  -30.900 0.6999999881
33311  30.337  -25.330  -31.759 0.6999999881
32445  32.629  -25.961  -31.127 0.8000000119
33296  31.775  -25.842  -30.844 0.8000000119
32428  33.887  -26.563  -30.838 0.8000000119
33310  31.166  -25.484  -31.923 0.6999999881
33309  32.001  -25.646  -32.008 0.8000000119
32444  33.378  -26.164  -31.435 0.8000000119
101015  31.438  -25.330  -33.215 0.8000000119
34166  30.885  -24.791  -33.507 0.6000000238
33321  32.164  -25.526  -33.041 0.8000000119
112758  30.797  -24.259  -33.443 0.6000000238
111216  30.389  -23.512  -33.142 0.6000000238
34181  31.471  -25.046  -33.843 0.8000000119
35053  31.246  -23.633  -33.075 0.6000000238
33330  31.991  -25.203  -33.926 0.8000000119
36004  30.011  -22.583  -32.869 0.6000000238
35072  31.484  -24.609  -33.688 0.6999999881
36003  30.958  -22.595  -32.504 0.6000000238
38130  30.891  -21.228  -32.386 0.6999999881
37028  30.488  -21.810  -32.568 0.6000000238
37039  30.216  -20.960  -32.921 0.6000000238
36002  31.917  -22.897  -32.293 0.6999999881
109394  33.078  -45.881  -22.691 0.4000000060
17140  33.232  -44.002  -23.927 0.5000000000
17840  33.580  -43.227  -24.275 0.5000000000
17862  34.928  -43.277  -26.742 0.5000000000
27169  35.019  -32.884  -32.699 0.8999999762
31520  41.487  -27.714  -26.483 0.3000000119
32413  32.950  -26.813  -29.803 0.8000000119
17168  35.967  -44.883  -27.904 0.5000000000
17152  34.046  -44.210  -25.880 0.5000000000
27147  31.955  -33.179  -29.937 0.8000000119
27094  40.576  -32.749  -26.169 0.5000000000
32430  32.463  -26.318  -30.290 0.8000000119
33308  32.764  -25.755  -32.195 0.8000000119
33322  30.639  -25.136  -32.974 0.6999999881
117727  31.112  -25.094  -33.546 0.6999999881
102230  42.025  -39.351  -23.459 0.4000000060
113264  43.120  -38.357  -24.488 0.4000000060
21522  42.393  -38.419  -23.769 0.4000000060
23344  42.166  -36.021  -24.088 0.5000000000
23342  43.327  -37.289  -24.809 0.4000000060
107588  43.717  -38.069  -25.207 0.4000000060
25234  41.684  -34.703  -25.040 0.5000000000
25219  41.136  -34.680  -24.538 0.5000000000
118839  42.671  -36.002  -24.726 0.5000000000
23361  43.153  -36.416  -25.049 0.4000000060
107495  42.267  -36.852  -23.879 0.4000000060
22444  43.911  -36.752  -25.981 0.4000000060
23360  43.461  -36.208  -25.761 0.4000000060
23343  42.712  -36.684  -24.423 0.4000000060
22443  44.268  -37.335  -26.218 0.4000000060
25235  40.884  -34.094  -25.241 0.5000000000
24288  42.273  -35.368  -24.824 0.5000000000
24319  43.233  -35.582  -26.351 0.4000000060
23377  43.783  -36.174  -26.524 0.4000000060
24339  44.171  -35.741  -28.910 0.4000000060
23376  44.145  -36.224  -27.319 0.4000000060
113201  44.270  -36.750  -26.661 0.4000000060
23409  44.585  -36.255  -29.114 0.4000000060
23396  44.510  -36.399  -28.253 0.4000000060
25243  41.590  -34.287  -25.941 0.5000000000
25233  42.275  -34.886  -25.629 0.4000000060
28975  48.865  -30.985  -32.014 0.3000000119
24320  42.700  -35.099  -26.204 0.4000000060
28087  47.711  -31.864  -32.396 0.3000000119
103649  43.551  -35.581  -27.200 0.4000000060
27165  47.496  -32.622  -32.954 0.3000000119
114174  46.816  -32.838  -32.604 0.3000000119
103034  45.757  -33.288  -31.819 0.3000000119
26231  44.847  -33.963  -30.996 0.3000000119
101072  44.158  -34.985  -30.017 0.4000000060
113962  43.967  -35.265  -29.380 0.4000000060
24325  43.898  -35.675  -28.078 0.4000000060
26242  45.895  -34.041  -32.317 0.3000000119
24364  45.016  -34.721  -31.207 0.3000000119
105283  44.620  -35.073  -30.634 0.4000000060
26174  41.059  -33.623  -26.107 0.4000000060
26186  41.623  -33.852  -26.858 0.4000000060
25249  42.260  -34.248  -27.354 0.4000000060
25242  42.226  -34.530  -26.513 0.4000000060
28963  48.423  -30.568  -31.331 0.3000000119
28965  46.748  -31.083  -30.958 0.3000000119
28073  47.199  -31.500  -31.678 0.3000000119
28074  46.323  -31.863  -31.448 0.3000000119
27141  45.169  -32.337  -30.745 0.3000000119
27142  44.593  -32.744  -30.392 0.4000000060
25264  43.914  -34.042  -29.853 0.4000000060
24340  43.639  -35.164  -28.743 0.4000000060
27155  46.296  -32.664  -32.012 0.3000000119
26220  45.083  -33.190  -31.087 0.3000000119
26221  44.483  -33.579  -30.471 0.3000000119
117131  40.760  -33.200  -26.181 0.4000000060
28931  44.648  -30.781  -29.578 0.3000000119
28932  43.883  -31.089  -29.248 0.3000000119
27114  43.073  -32.316  -28.801 0.4000000060
28030  43.195  -31.364  -28.723 0.4000000060
27115  42.403  -32.884  -28.245 0.4000000060
26193  42.061  -33.606  -27.698 0.4000000060
28948  46.307  -30.591  -30.326 0.3000000119
28950  44.879  -31.354  -30.010 0.3000000119
28039  44.329  -31.560  -29.702 0.3000000119
27128  43.598  -32.704  -29.373 0.4000000060
26198  43.067  -33.204  -28.896 0.4000000060
119093  42.351  -34.061  -27.880 0.4000000060
28060  45.290  -31.621  -30.464 0.3000000119
28061  44.704  -31.971  -30.223 0.3000000119
26210  44.056  -33.136  -29.888 0.4000000060
103375  43.301  -33.961  -29.107 0.4000000060
25248  42.714  -34.444  -27.895 0.4000000060
28075  45.674  -31.932  -30.952 0.3000000119
25255  43.180  -34.512  -28.575 0.4000000060
28907  41.882  -30.671  -27.279 0.4000000060
106943  41.387  -30.794  -26.736 0.4000000060
27093  41.007  -32.226  -26.604 0.4000000060
28919  43.024  -30.596  -28.400 0.3000000119
28023  42.209  -31.346  -27.716 0.4000000060
27105  41.996  -32.222  -27.711 0.4000000060
109014  41.094  -33.120  -26.682 0.4000000060
28918  43.534  -30.689  -28.805 0.4000000060
110606  42.670  -31.138  -28.213 0.4000000060
116310  41.842  -32.949  -27.675 0.4000000060
108811  41.575  -33.256  -27.266 0.4000000060
33323  29.832  -24.934  -32.321 0.6000000238
109701  29.673  -25.240  -31.480 0.6000000238
35054  30.178  -24.189  -33.323 0.5000000000
34167  30.067  -24.588  -33.097 0.5000000000
35055  29.502  -23.447  -33.198 0.5000000000
37029  29.822  -21.822  -32.910 0.5000000000
38144  30.002  -20.121  -33.522 0.4000000060
44961  31.711  -13.892  -37.383 0.3000000119
44962  31.238  -14.212  -38.489 0.3000000119
45975  32.256  -13.048  -36.995 0.3000000119
44973  31.704  -13.499  -38.008 0.3000000119
45987  31.381  -13.540  -38.955 0.3000000119
44981  30.851  -13.943  -39.039 0.3000000119
47012  32.595  -12.208  -37.257 0.3000000119
45986  31.981  -12.879  -38.133 0.3000000119
45999  31.515  -12.611  -39.681 0.3000000119
110713  31.044  -13.161  -39.483 0.3000000119
45994  30.736  -12.694  -39.728 0.3000000119
45988  30.301  -12.888  -39.010 0.3000000119
48110  32.711  -11.428  -38.473 0.3000000119
47023  32.382  -12.199  -38.327 0.3000000119
47033  32.177  -12.181  -39.240 0.3000000119
45993  31.731  -12.855  -39.129 0.3000000119
47038  31.817  -12.066  -40.059 0.3000000119
46000  31.080  -12.531  -40.135 0.3000000119
47022  33.200  -10.655  -37.748 0.3000000119
48109  33.033  -10.614  -38.658 0.3000000119
48122  32.573  -11.412  -39.371 0.3000000119
103915  31.940  -11.626  -40.731 0.3000000119
47039  31.238  -12.112  -40.726 0.3000000119
47042  30.836  -11.801  -41.011 0.3000000119
115791  32.386  -11.367  -40.107 0.3000000119
47041  31.446  -11.524  -41.158 0.3000000119
49121  33.273  -9.772  -38.823 0.3000000119
48121  32.945  -10.577  -39.655 0.3000000119
49134  33.034  -10.236  -40.367 0.3000000119
48131  32.567  -10.910  -40.577 0.3000000119
49133  33.267  -9.624  -39.723 0.3000000119
49143  33.239  -9.607  -40.690 0.3000000119
50126  33.434  -8.806  -39.998 0.3000000119
119668  44.573  -37.282  -26.796 0.4000000060
117050  41.956  -39.958  -23.360 0.4000000060
20715  42.701  -39.261  -24.049 0.4000000060
22430  44.207  -38.035  -25.898 0.4000000060
21539  43.578  -38.766  -25.086 0.4000000060
23416  44.858  -36.548  -29.700 0.4000000060
22463  45.030  -37.234  -28.062 0.4000000060
21565  44.919  -37.629  -27.292 0.4000000060
28099  48.938  -31.919  -33.085 0.3000000119
27164  48.167  -32.845  -33.631 0.3000000119
26241  46.456  -33.914  -32.912 0.3000000119
25276  45.502  -34.584  -31.864 0.3000000119
112703  44.573  -35.542  -30.375 0.3000000119
28086  48.509  -31.601  -32.499 0.3000000119
28964  47.573  -30.797  -31.170 0.3000000119
28930  45.906  -30.126  -29.737 0.3000000119
104352  47.147  -30.365  -30.501 0.3000000119
109628  42.226  -28.997  -27.258 0.4000000060
111710  42.221  -29.771  -27.394 0.4000000060
28906  42.492  -30.557  -27.836 0.4000000060
28917  44.082  -30.360  -29.072 0.3000000119
29788  41.713  -29.211  -26.836 0.4000000060
33299  29.218  -25.465  -30.831 0.6000000238
49107  33.771  -9.903  -37.162 0.3000000119
49114  33.441  -9.934  -38.010 0.3000000119
50109  33.473  -8.834  -38.936 0.3000000119
103090  49.281  -30.396  -31.485 0.3000000119
21511  41.649  -38.542  -23.461 0.4000000060
24270  41.310  -35.804  -23.750 0.5000000000
24327  42.870  -34.906  -27.056 0.4000000060
28010  41.539  -31.596  -27.111 0.4000000060
113093  32.899  -11.441  -37.494 0.3000000119
46001  30.791  -12.253  -40.527 0.3000000119
48133  32.157  -10.954  -41.165 0.3000000119
19975  41.800  -40.495  -23.310 0.3000000119
19989  42.371  -40.142  -23.716 0.3000000119
118475  34.495  -38.174  -26.431 0.6000000238
21559  33.942  -37.899  -25.816 0.6999999881
21541  33.434  -38.434  -25.344 0.6999999881
20714  43.267  -39.326  -24.764 0.3000000119
23381  32.400  -36.213  -26.275 0.6999999881
19258  40.648  -42.153  -22.970 0.3000000119
23365  32.866  -36.785  -25.741 0.6999999881
22434  33.115  -37.564  -25.376 0.6999999881
19272  41.979  -41.991  -23.856 0.3000000119
115602  42.637  -40.788  -24.254 0.3000000119
22448  33.654  -37.151  -26.030 0.6999999881
19271  42.531  -41.599  -24.390 0.3000000119
20753  44.396  -39.845  -26.544 0.3000000119
19270  43.140  -41.034  -24.968 0.3000000119
20001  43.442  -40.135  -25.236 0.3000000119
20752  44.866  -39.420  -27.158 0.3000000119
108777  44.987  -38.473  -27.169 0.3000000119
20732  44.158  -39.419  -25.984 0.3000000119
106252  39.450  -43.528  -22.429 0.4000000060
24329  32.267  -35.489  -27.806 0.6999999881
18537  41.184  -42.581  -23.681 0.3000000119
23400  32.843  -35.832  -27.086 0.6999999881
23380  33.313  -36.475  -26.490 0.6999999881
117454  41.729  -42.558  -24.096 0.3000000119
19282  42.917  -42.067  -25.091 0.3000000119
19281  43.426  -41.581  -25.603 0.3000000119
21538  43.998  -38.751  -25.652 0.3000000119
20018  44.684  -40.422  -27.230 0.3000000119
24344  31.643  -35.318  -28.605 0.6999999881
17132  40.078  -44.110  -23.712 0.3000000119
17827  39.788  -43.494  -23.250 0.3000000119
111333  41.437  -43.160  -24.293 0.3000000119
17825  40.582  -43.565  -24.070 0.3000000119
24343  32.601  -35.346  -28.752 0.6999999881
23399  33.265  -35.728  -28.119 0.6999999881
21556  44.503  -38.855  -26.415 0.3000000119
21571  45.688  -38.553  -28.498 0.3000000119
22462  45.354  -38.061  -27.886 0.3000000119
24355  31.984  -34.971  -29.296 0.6999999881
17139  40.484  -44.217  -24.222 0.3000000119
17851  42.027  -44.242  -25.326 0.3000000119
17838  41.820  -43.613  -24.811 0.3000000119
24354  32.923  -35.174  -29.655 0.6999999881
22478  45.474  -37.679  -28.791 0.3000000119
17138  41.110  -44.599  -24.710 0.3000000119
29800  42.764  -29.090  -27.681 0.3000000119
20757  34.648  -39.602  -27.136 0.5000000000
20737  33.567  -39.344  -25.670 0.6999999881
20758  34.152  -39.499  -26.462 0.6000000238
20013  33.456  -40.375  -26.342 0.6000000238
22436  31.548  -37.351  -25.048 0.6999999881
23401  31.855  -35.724  -26.967 0.6999999881
17089  40.037  -44.410  -19.686 0.3000000119
24330  31.314  -35.678  -27.886 0.6999999881
17120  39.863  -43.873  -21.697 0.4000000060
24356  31.184  -35.034  -29.137 0.6999999881
17127  40.413  -44.272  -22.092 0.4000000060
115236  39.843  -43.983  -22.596 0.4000000060
25268  31.400  -34.427  -29.480 0.6999999881
17131  40.679  -44.534  -23.724 0.3000000119
16404  41.548  -45.044  -23.090 0.3000000119
19257  41.446  -41.440  -23.248 0.3000000119
109805  34.113  -38.652  -26.020 0.6000000238
16411  41.294  -45.084  -24.184 0.3000000119
17126  41.002  -44.582  -22.586 0.3000000119
19309  36.251  -41.673  -29.597 0.5000000000
19318  36.238  -42.481  -29.769 0.5000000000
18590  38.032  -43.047  -30.076 0.4000000060
17155  30.803  -44.371  -25.414 0.4000000060
16427  29.443  -45.612  -25.061 0.5000000000
19317  37.510  -42.473  -30.218 0.4000000060
20030  35.181  -40.981  -28.638 0.5000000000
15680  28.101  -46.746  -24.990 0.4000000060
15681  27.068  -47.262  -24.706 0.4000000060
17156  30.166  -45.047  -25.232 0.5000000000
20023  34.837  -40.187  -27.775 0.4000000060
15670  27.284  -46.360  -24.572 0.4000000060
14955  26.965  -47.968  -24.634 0.4000000060
16418  28.866  -45.322  -24.394 0.4000000060
17141  30.307  -44.321  -24.562 0.5000000000
17142  29.633  -44.831  -24.478 0.4000000060
18564  31.629  -42.676  -25.286 0.5000000000
19285  32.327  -41.358  -25.367 0.4000000060
20012  34.122  -40.317  -27.120 0.5000000000
19293  33.048  -41.338  -26.669 0.4000000060
105538  32.606  -41.577  -26.153 0.4000000060
15682  26.320  -47.546  -24.357 0.4000000060
17147  24.155  -44.843  -23.557 0.4000000060
17143  28.353  -44.810  -23.837 0.4000000060
17834  25.312  -43.739  -23.629 0.4000000060
17843  29.846  -44.102  -23.778 0.5000000000
103867  29.206  -44.650  -23.909 0.4000000060
18546  25.762  -42.859  -23.640 0.4000000060
17842  30.515  -43.617  -24.048 0.5000000000
19265  26.947  -41.695  -23.614 0.4000000060
19266  25.988  -41.888  -23.741 0.4000000060
17841  31.120  -43.065  -24.503 0.5000000000
19276  31.525  -41.604  -23.941 0.5000000000
19993  27.377  -40.200  -24.148 0.4000000060
20725  26.830  -39.735  -24.688 0.4000000060
19286  31.815  -41.865  -24.954 0.5000000000
19275  31.986  -41.052  -24.434 0.6000000238
20005  32.467  -40.509  -24.828 0.6000000238
20014  32.790  -40.855  -25.825 0.5000000000
114844  24.692  -46.568  -23.849 0.4000000060
17146  24.994  -44.646  -23.676 0.4000000060
16419  26.487  -45.929  -24.322 0.4000000060
17135  25.749  -44.382  -23.647 0.4000000060
17829  30.098  -43.247  -23.338 0.5000000000
17844  29.011  -44.031  -23.406 0.4000000060
118210  26.604  -43.254  -23.474 0.4000000060
18554  30.697  -42.932  -23.716 0.5000000000
19264  27.982  -41.491  -23.416 0.4000000060
18545  26.719  -42.539  -23.515 0.4000000060
18553  31.106  -42.339  -23.796 0.5000000000
19978  32.027  -40.291  -24.085 0.5000000000
20724  27.749  -39.629  -24.556 0.4000000060
20719  32.469  -39.682  -24.479 0.6000000238
20004  32.996  -39.961  -25.290 0.6000000238
109104  24.732  -45.663  -23.880 0.4000000060
17831  27.932  -44.040  -23.364 0.4000000060
17145  25.770  -45.276  -23.886 0.4000000060
17832  26.999  -43.936  -23.433 0.4000000060
110957  27.654  -42.431  -23.312 0.4000000060
18540  31.033  -41.730  -23.481 0.5000000000
117808  27.847  -40.658  -23.713 0.4000000060
19261  31.244  -41.045  -23.512 0.5000000000
19982  28.229  -40.114  -23.900 0.4000000060
20738  32.993  -39.057  -24.859 0.6000000238
108735  32.271  -38.876  -24.388 0.6000000238
17144  26.736  -45.186  -23.922 0.4000000060
18544  27.373  -43.250  -23.320 0.4000000060
18541  30.491  -42.279  -23.268 0.5000000000
18542  29.676  -42.492  -22.943 0.5000000000
18543  28.667  -42.441  -23.022 0.5000000000
119327  29.980  -41.782  -22.962 0.5000000000
19263  29.105  -41.678  -23.069 0.5000000000
19980  30.847  -40.447  -23.427 0.5000000000
19262  30.550  -41.295  -23.238 0.5000000000
116092  30.153  -40.542  -23.323 0.5000000000
102733  28.660  -40.822  -23.440 0.4000000060
19979  31.469  -40.294  -23.693 0.6000000238
20723  28.633  -39.507  -24.306 0.5000000000
20739  28.169  -39.047  -25.033 0.4000000060
21542  32.737  -38.230  -24.822 0.6000000238
20706  31.077  -39.638  -23.655 0.6000000238
20707  30.252  -39.846  -23.574 0.5000000000
20708  29.301  -40.131  -23.585 0.5000000000
20720  31.336  -38.756  -24.107 0.6000000238
20721  30.379  -39.080  -23.954 0.6000000238
21525  31.944  -38.057  -24.542 0.6000000238
22435  32.360  -37.484  -25.043 0.6000000238
23412  29.879  -35.958  -28.405 0.5000000000
24331  30.463  -36.087  -28.118 0.6000000238
23402  29.824  -36.549  -27.756 0.5000000000
99942  30.798  -36.251  -27.234 0.6000000238
23383  30.067  -36.836  -26.943 0.6000000238
22450  29.478  -37.363  -26.598 0.5000000000
22439  29.069  -37.937  -26.029 0.5000000000
22422  31.072  -37.920  -24.610 0.6000000238
107044  29.719  -38.779  -24.464 0.5000000000
20722  29.517  -39.339  -24.057 0.5000000000
21527  28.995  -38.891  -24.769 0.5000000000
21545  28.640  -38.495  -25.519 0.5000000000
25269  30.603  -34.777  -29.003 0.5000000000
99682  29.918  -35.164  -28.673 0.5000000000
24345  30.681  -35.457  -28.611 0.6000000238
22438  29.850  -37.647  -25.703 0.6000000238
21544  29.522  -38.292  -25.167 0.5000000000
23366  31.139  -36.794  -25.670 0.6000000238
22449  30.285  -37.093  -26.114 0.6000000238
19310  35.010  -41.978  -29.097 0.4000000060
116356  34.254  -40.984  -27.827 0.4000000060
101754  37.519  -43.906  -29.995 0.5000000000
17877  35.074  -43.461  -29.441 0.5000000000
18591  37.116  -43.391  -30.217 0.5000000000
17856  30.828  -43.801  -24.824 0.5000000000
15669  28.160  -45.863  -24.578 0.4000000060
105224  27.540  -45.445  -24.207 0.4000000060
19984  26.250  -41.089  -23.923 0.4000000060
17133  27.369  -44.669  -23.688 0.4000000060
111042  28.331  -43.270  -23.137 0.4000000060
16420  25.474  -46.291  -24.205 0.4000000060
21543  30.277  -37.917  -25.031 0.6000000238
17845  24.520  -43.902  -23.586 0.3000000119
106187  24.770  -43.017  -23.658 0.3000000119
19994  26.508  -40.360  -24.251 0.3000000119
18555  24.954  -41.982  -23.787 0.3000000119
19995  25.588  -40.573  -24.216 0.3000000119
19277  24.837  -40.976  -23.946 0.3000000119
15617  37.642  -46.362  -18.704 0.4000000060
15626  35.350  -46.074  -19.625 0.5000000000
15671  26.309  -46.797  -24.439 0.4000000060
16421  24.184  -45.736  -23.633 0.4000000060
17109  39.827  -43.909  -20.492 0.3000000119
17118  41.183  -44.656  -21.550 0.3000000119
17121  33.193  -44.813  -21.562 0.6000000238
17128  39.803  -43.807  -23.178 0.3000000119
17134  26.473  -44.536  -23.653 0.4000000060
17820  38.768  -43.127  -22.082 0.5000000000
17826  39.992  -43.866  -23.745 0.3000000119
17830  29.307  -43.248  -23.081 0.5000000000
17833  26.149  -43.770  -23.555 0.4000000060
17839  41.007  -43.971  -24.582 0.3000000119
17852  41.392  -44.351  -24.968 0.3000000119
18505  34.958  -42.751  -20.733 0.6000000238
18533  33.323  -43.009  -21.974 0.6000000238
18538  40.212  -43.148  -23.509 0.3000000119
18550  42.213  -42.608  -24.510 0.3000000119
18592  35.593  -42.901  -29.631 0.5000000000
19242  33.881  -41.851  -22.464 0.6999999881
19250  37.727  -40.993  -21.745 0.4000000060
19251  34.731  -41.248  -22.078 0.6000000238
19256  42.199  -41.087  -23.712 0.3000000119
19267  25.472  -41.283  -23.947 0.3000000119
19315  38.997  -41.342  -30.132 0.5000000000
19970  36.489  -40.123  -22.321 0.6000000238
19981  29.655  -41.034  -23.172 0.5000000000
19983  27.129  -40.863  -23.792 0.4000000060
19988  42.903  -40.103  -24.512 0.3000000119
19990  35.265  -40.168  -24.125 0.8000000119
19992  31.668  -40.836  -23.844 0.5000000000
20000  43.925  -40.079  -25.936 0.3000000119
20003  35.761  -40.296  -25.558 0.8000000119
20009  43.648  -40.853  -25.802 0.3000000119
20019  39.062  -40.284  -29.354 0.6999999881
20020  39.031  -40.624  -29.027 0.6000000238
20028  37.833  -40.579  -29.840 0.6000000238
20039  39.167  -41.014  -30.085 0.6999999881
20040  38.998  -41.253  -30.177 0.5000000000
20688  40.882  -39.910  -22.765 0.5000000000
20733  43.717  -39.412  -25.444 0.3000000119
20785  39.126  -40.700  -29.858 0.6999999881
21526  30.370  -38.423  -24.501 0.6000000238
21557  38.645  -38.987  -27.244 0.8000000119
21573  38.478  -39.106  -29.019 0.8999999762
21574  37.622  -38.601  -29.131 0.8999999762
22419  42.651  -37.518  -24.101 0.4000000060
22431  43.860  -37.365  -25.552 0.4000000060
22437  30.679  -37.408  -25.310 0.6000000238
22479  44.980  -36.860  -28.903 0.4000000060
22480  36.546  -37.256  -29.714 0.8999999762
22490  36.242  -37.048  -30.160 0.8999999762
23382  31.473  -36.300  -26.291 0.6999999881
23384  29.457  -36.965  -27.215 0.5000000000
23418  36.079  -36.774  -30.302 1.0000000000
24289  41.613  -35.250  -24.333 0.5000000000
24308  42.858  -35.631  -25.483 0.4000000060
24326  43.293  -35.037  -27.932 0.4000000060
24365  35.323  -35.217  -31.241 0.8999999762
25221  39.594  -34.287  -24.134 0.6999999881
25256  35.244  -34.446  -28.463 0.8999999762
25257  29.920  -34.351  -28.800 0.5000000000
25265  43.646  -34.661  -29.319 0.4000000060
25271  44.490  -34.403  -30.534 0.3000000119
25272  35.563  -35.030  -31.195 1.0000000000
26159  38.372  -33.492  -23.988 0.6999999881
26169  35.927  -33.429  -24.110 0.6999999881
26194  34.993  -33.415  -27.345 0.6999999881
26199  42.655  -33.836  -28.369 0.4000000060
26211  43.578  -33.425  -29.428 0.4000000060
26229  46.364  -33.361  -32.494 0.3000000119
26230  45.330  -33.955  -31.560 0.3000000119
26244  37.086  -34.197  -32.973 1.0000000000
26254  37.721  -33.622  -33.599 1.0000000000
27106  41.471  -32.583  -27.214 0.4000000060
27127  44.168  -32.323  -29.815 0.3000000119
27156  45.691  -32.538  -31.366 0.3000000119
27157  38.145  -33.071  -33.176 1.0000000000
27163  48.296  -32.225  -33.045 0.3000000119
27178  37.939  -33.305  -34.177 1.0000000000
28002  39.820  -31.731  -25.430 0.5000000000
28011  40.927  -31.312  -26.394 0.4000000060
28031  42.561  -31.877  -28.259 0.4000000060
28040  43.684  -31.874  -29.317 0.4000000060
28059  45.959  -31.326  -30.701 0.3000000119
28072  48.055  -31.252  -31.805 0.3000000119
28085  49.303  -31.468  -32.649 0.3000000119
28088  46.934  -32.183  -32.227 0.3000000119
28872  37.783  -29.892  -24.562 0.6000000238
28874  36.477  -30.498  -24.927 0.6999999881
28923  31.242  -30.219  -28.582 0.6999999881
28936  31.725  -30.837  -28.823 0.6999999881
28949  45.447  -30.858  -30.073 0.3000000119
28969  34.975  -30.990  -31.884 0.8999999762
28976  40.561  -30.476  -35.039 1.0000000000
28980  40.128  -31.041  -34.974 1.0000000000
29778  35.807  -29.862  -25.939 0.8000000119
29814  42.909  -29.849  -28.062 0.4000000060
29830  33.650  -29.271  -29.567 1.0000000000
29866  40.849  -29.869  -34.963 1.0000000000
29867  40.389  -30.028  -34.199 1.0000000000
29870  36.081  -29.853  -32.286 1.0000000000
29871  40.796  -29.877  -35.283 1.0000000000
29875  40.761  -29.875  -35.318 1.0000000000
30675  37.948  -28.672  -24.738 0.6999999881
30716  31.979  -28.878  -28.648 0.6999999881
30730  32.700  -27.953  -29.104 0.8999999762
30757  36.442  -28.673  -32.432 1.0000000000
30763  40.968  -29.410  -35.285 1.0000000000
31545  36.400  -28.014  -28.063 0.8000000119
31598  39.284  -26.552  -36.259 1.0000000000
32378  41.811  -26.131  -26.526 0.4000000060
32429  33.209  -26.430  -30.520 0.8000000119
32432  30.318  -26.076  -30.193 0.6999999881
32448  37.409  -26.055  -32.613 0.8000000119
32454  35.359  -26.186  -34.198 1.0000000000
33243  42.397  -25.624  -26.845 0.3000000119
33245  40.562  -25.274  -26.260 0.4000000060
33246  38.020  -24.842  -26.030 0.6999999881
33273  36.365  -25.137  -28.219 0.6999999881
33331  38.934  -26.044  -36.205 1.0000000000
34094  39.481  -24.525  -26.306 0.6000000238
34096  37.392  -24.552  -26.613 0.6999999881
34189  42.028  -23.420  -36.517 0.6999999881
34190  42.182  -23.762  -36.469 0.6999999881
34966  37.519  -23.909  -26.992 0.6999999881
35067  37.151  -23.841  -33.397 0.6999999881
35081  41.848  -24.915  -35.813 0.6999999881
35083  39.378  -25.176  -34.927 0.8999999762
35089  42.679  -23.583  -36.208 0.6999999881
35090  42.281  -24.243  -36.403 0.6999999881
35091  41.979  -24.841  -36.464 0.6999999881
35096  41.584  -24.130  -36.604 0.6999999881
35097  41.020  -24.215  -36.535 0.8000000119
35934  41.088  -22.572  -28.993 0.4000000060
35936  39.154  -22.033  -28.689 0.5000000000
35939  36.763  -22.749  -28.685 0.6000000238
35951  36.529  -22.600  -29.445 0.6000000238
35971  36.398  -22.504  -30.164 0.6000000238
36019  42.251  -24.096  -35.392 0.6999999881
36027  41.925  -22.923  -36.481 0.6999999881
36031  41.158  -22.808  -36.550 0.6999999881
36033  39.960  -22.489  -36.532 0.5000000000
36967  37.614  -21.911  -28.864 0.5000000000
37011  33.449  -21.712  -31.540 0.8000000119
37047  42.995  -22.829  -35.377 0.6000000238
37057  42.719  -21.418  -36.186 0.5000000000
37058  43.273  -21.405  -35.966 0.5000000000
37059  43.204  -20.763  -35.725 0.5000000000
37061  38.240  -21.475  -35.678 0.5000000000
37066  40.711  -21.661  -36.561 0.6999999881
38099  38.849  -20.161  -30.071 0.4000000060
38152  37.744  -19.315  -35.480 0.4000000060
38162  42.795  -20.833  -36.148 0.5000000000
38163  43.111  -20.242  -36.146 0.5000000000
38164  43.137  -19.906  -36.137 0.5000000000
38165  42.995  -18.869  -35.858 0.4000000060
38172  42.259  -20.868  -36.272 0.5000000000
38173  41.811  -20.092  -36.444 0.5000000000
38175  40.172  -19.652  -36.782 0.5000000000
38176  39.931  -19.328  -36.781 0.5000000000
39094  38.516  -19.145  -30.957 0.4000000060
39147  42.687  -20.568  -36.205 0.5000000000
39148  42.541  -20.125  -36.291 0.5000000000
39149  42.881  -19.593  -36.287 0.5000000000
39150  42.558  -18.831  -36.584 0.4000000060
39160  41.840  -18.793  -36.890 0.4000000060
39161  41.806  -18.537  -37.041 0.4000000060
39162  40.848  -18.412  -36.982 0.4000000060
40143  36.021  -18.223  -32.007 0.3000000119
40145  34.503  -18.961  -31.437 0.4000000060
40203  42.331  -19.296  -36.544 0.4000000060
41217  30.879  -17.265  -34.678 0.4000000060
42168  34.732  -16.181  -31.822 0.3000000119
44902  34.838  -13.798  -32.737 0.3000000119
44916  33.613  -13.537  -33.866 0.3000000119
49144  32.753  -10.311  -41.115 0.3000000119
99303  35.175  -32.712  -26.264 0.6999999881
100068  37.243  -31.862  -24.283 0.6000000238
100172  43.576  -36.793  -25.390 0.4000000060
100230  41.186  -20.791  -36.502 0.5000000000
102054  41.864  -21.064  -36.355 0.5000000000
102337  34.818  -41.763  -21.537 0.6000000238
103982  33.221  -27.528  -29.525 0.8000000119
104060  40.997  -44.650  -24.424 0.3000000119
104117  38.433  -25.506  -36.111 1.0000000000
104662  45.242  -39.870  -27.787 0.3000000119
105114  40.158  -44.235  -23.080 0.4000000060
106203  44.427  -35.782  -29.723 0.4000000060
106975  41.256  -19.553  -36.687 0.5000000000
107375  35.490  -31.963  -28.948 0.8999999762
107524  44.630  -36.889  -27.357 0.4000000060
107528  37.912  -26.874  -25.388 0.6999999881
108192  30.255  -27.186  -29.337 0.6999999881
108550  42.984  -22.475  -36.164 0.6000000238
108992  40.157  -24.746  -26.350 0.5000000000
109547  39.445  -28.698  -25.018 0.5000000000
109638  42.061  -17.959  -36.649 0.4000000060
109766  36.696  -27.124  -26.077 0.6999999881
110993  35.368  -31.693  -28.242 0.6999999881
111327  38.962  -30.830  -24.716 0.6000000238
111370  41.021  -37.275  -23.446 0.5000000000
111500  39.595  -26.247  -36.536 1.0000000000
111582  35.849  -34.749  -24.142 0.8000000119
111628  31.818  -39.571  -23.974 0.6000000238
111934  34.430  -27.619  -30.271 0.8999999762
113012  39.091  -25.362  -25.690 0.6999999881
113073  36.282  -20.444  -34.037 0.3000000119
113400  44.609  -37.923  -26.601 0.4000000060
113734  32.591  -37.128  -25.389 0.6999999881
114023  35.566  -17.861  -31.687 0.3000000119
114748  31.455  -42.329  -24.484 0.5000000000
115787  34.545  -36.224  -29.983 0.8000000119
115916  33.194  -16.248  -32.580 0.3000000119
115964  39.708  -24.387  -36.344 0.8000000119
116110  30.727  -36.604  -26.421 0.6000000238
116255  32.051  -36.746  -25.524 0.6000000238
116269  32.893  -32.980  -31.077 0.8999999762
116360  31.872  -26.285  -30.078 0.8000000119
116584  39.344  -42.464  -22.498 0.4000000060
116746  45.388  -38.957  -27.782 0.3000000119
116963  34.892  -44.799  -19.779 0.6000000238
117048  35.899  -32.185  -33.190 1.0000000000
117152  33.907  -34.860  -31.269 0.8000000119
117321  40.830  -28.739  -26.016 0.5000000000
117663  33.155  -33.373  -31.344 0.8999999762
117678  35.209  -44.211  -19.837 0.6000000238
117894  40.441  -22.359  -28.900 0.5000000000
118040  31.846  -27.171  -29.270 0.8000000119
118573  37.062  -36.880  -24.356 0.8000000119
118852  36.337  -22.532  -30.821 0.6000000238
118997  29.618  -43.668  -23.404 0.5000000000
119205  34.496  -46.589  -20.628 0.6999999881
119291  35.454  -40.187  -24.837 0.8000000119
119370  28.258  -45.357  -24.254 0.4000000060
119521  37.312  -33.916  -33.303 1.0000000000
119603  37.096  -23.699  -27.465 0.6999999881
