#!ascii label  , from subject sub-v1s18x0051258_ses-1 vox2ras=TkReg
925
54264  14.700  -10.222  33.725 0.0000000000
58841  26.093  -4.812  39.796 0.0000000000
69195  31.057  6.720  18.374 0.0000000000
62766  22.608  -0.353  26.188 0.0000000000
62658  29.192  -0.725  32.158 0.0000000000
70968  46.126  8.752  12.123 0.0000000000
66558  32.166  3.421  22.072 0.0000000000
64707  27.084  1.832  20.900 0.0000000000
53150  10.063  -10.866  33.726 0.0000000000
54228  20.575  -10.567  36.419 0.0000000000
57996  21.764  -5.707  35.046 0.0000000000
112305  16.993  -10.755  30.932 0.0000000000
71768  37.040  9.873  13.265 0.0000000000
51955  17.802  -11.388  39.013 0.0000000000
107543  13.062  -11.248  38.925 0.0000000000
106395  35.926  10.804  17.700 0.0000000000
53049  9.542  -9.805  38.263 0.0000000000
51970  4.609  -11.682  38.408 0.0000000000
65604  25.608  2.577  25.537 0.0000000000
63679  25.506  0.196  29.506 0.0000000000
58981  26.179  -5.230  29.553 0.0000000000
107540  24.756  -4.853  32.768 0.0000000000
65638  32.184  2.325  23.893 0.0000000000
65672  30.390  2.174  21.681 0.0000000000
65641  29.788  2.499  23.553 0.0000000000
67429  34.261  4.568  23.024 0.0000000000
53171  13.754  -10.738  31.694 0.0000000000
50917  12.005  -12.176  31.943 0.0000000000
53129  12.343  -10.637  34.130 0.0000000000
53108  16.945  -10.767  35.019 0.0000000000
53124  19.348  -10.841  33.774 0.0000000000
54277  15.405  -10.199  32.556 0.0000000000
52053  14.489  -11.525  30.235 0.0000000000
70085  31.273  7.291  16.160 0.0000000000
70055  33.429  7.528  19.773 0.0000000000
71720  33.766  8.895  18.122 0.0000000000
71737  33.623  9.473  16.408 0.0000000000
54155  12.175  -9.523  41.331 0.0000000000
123239  10.662  -10.838  38.715 0.0000000000
124084  9.559  -9.433  40.812 0.0000000000
104916  4.758  -9.338  42.938 0.0000000000
112312  5.441  -10.311  40.444 0.0000000000
50844  3.567  -11.652  40.313 0.0000000000
50837  2.273  -12.374  40.873 0.0000000000
50830  0.938  -12.354  42.245 0.0000000000
64575  25.275  1.865  32.606 0.0000000000
62670  27.552  -0.057  30.707 0.0000000000
60861  26.922  -2.559  29.256 0.0000000000
60843  28.122  -3.324  30.939 0.0000000000
57177  19.665  -6.508  32.311 0.0000000000
58906  23.453  -4.522  34.475 0.0000000000
58953  20.992  -5.020  31.861 0.0000000000
58037  21.961  -5.327  30.032 0.0000000000
65607  23.164  2.025  26.051 0.0000000000
64672  24.039  1.630  23.139 0.0000000000
62787  22.519  -0.117  23.847 0.0000000000
73158  41.126  11.978  10.985 0.0000000000
71787  46.769  8.891  11.022 0.0000000000
68370  31.704  5.263  20.448 0.0000000000
66578  29.793  2.758  20.197 0.0000000000
69148  33.775  6.156  21.350 0.0000000000
57130  22.892  -6.883  38.148 0.0000000000
57970  23.837  -5.699  37.494 0.0000000000
56282  21.015  -7.579  35.571 0.0000000000
55346  19.402  -8.576  32.692 0.0000000000
53180  18.314  -10.307  30.074 0.0000000000
73138  39.143  11.169  15.796 0.0000000000
71753  40.497  9.583  14.192 0.0000000000
70973  40.726  8.493  12.386 0.0000000000
70107  42.461  7.405  11.361 0.0000000000
120116  16.057  -10.441  36.285 0.0000000000
111118  14.181  -10.694  36.610 0.0000000000
53022  15.479  -10.671  39.008 0.0000000000
51989  18.892  -11.623  36.815 0.0000000000
72455  36.329  11.191  15.384 0.0000000000
106213  11.925  -11.255  35.832 0.0000000000
53115  9.448  -10.603  35.252 0.0000000000
53117  7.663  -10.776  35.616 0.0000000000
111846  7.794  -9.444  41.235 0.0000000000
53052  6.474  -10.300  38.732 0.0000000000
50818  -2.097  -12.732  44.131 0.0000000000
66511  28.703  2.760  26.071 0.0000000000
65571  23.435  2.356  28.066 0.0000000000
64602  23.589  2.110  30.914 0.0000000000
62740  23.949  -0.281  28.114 0.0000000000
60872  25.450  -2.250  28.147 0.0000000000
58996  26.048  -4.838  28.480 0.0000000000
58074  24.377  -6.037  27.764 0.0000000000
58873  25.529  -4.546  36.202 0.0000000000
59870  27.232  -4.344  34.240 0.0000000000
59904  28.129  -4.025  32.624 0.0000000000
58948  25.923  -5.144  31.063 0.0000000000
58062  22.701  -5.754  28.451 0.0000000000
119751  26.480  2.522  23.413 0.0000000000
64730  24.790  0.877  21.029 0.0000000000
65617  31.858  2.539  24.597 0.0000000000
65640  30.678  2.291  23.204 0.0000000000
65618  30.508  2.568  24.240 0.0000000000
66523  32.731  2.572  24.374 0.0000000000
53145  14.076  -10.321  33.118 0.0000000000
53160  12.790  -10.805  32.618 0.0000000000
53128  13.881  -10.373  34.084 0.0000000000
54238  16.097  -10.378  34.677 0.0000000000
53127  16.691  -10.603  34.227 0.0000000000
54263  15.393  -10.212  33.382 0.0000000000
54296  14.851  -10.206  32.178 0.0000000000
69199  30.880  6.799  17.495 0.0000000000
70056  32.303  7.297  19.245 0.0000000000
70923  33.619  8.161  19.288 0.0000000000
70070  32.276  7.719  18.466 0.0000000000
70945  32.542  8.245  17.069 0.0000000000
52958  3.345  -10.137  43.246 0.0000000000
119932  4.387  -10.292  41.824 0.0000000000
106596  3.648  -10.799  41.863 0.0000000000
51941  2.917  -11.799  41.035 0.0000000000
51930  2.284  -11.917  41.628 0.0000000000
50838  1.551  -12.492  41.441 0.0000000000
64588  27.576  1.330  32.592 0.0000000000
62659  28.688  -0.143  31.617 0.0000000000
61758  28.159  -1.387  30.912 0.0000000000
60842  28.417  -2.257  31.299 0.0000000000
58840  26.672  -4.400  39.427 0.0000000000
56319  18.896  -7.170  31.221 0.0000000000
117166  20.347  -5.660  32.276 0.0000000000
56326  19.004  -6.536  30.583 0.0000000000
58051  19.662  -5.619  29.726 0.0000000000
63709  22.557  0.871  26.053 0.0000000000
64664  22.931  1.293  24.719 0.0000000000
116041  45.524  9.070  12.711 0.0000000000
72478  46.946  10.767  11.951 0.0000000000
73152  46.717  11.022  11.105 0.0000000000
73161  46.018  11.191  10.647 0.0000000000
71788  46.600  9.212  11.550 0.0000000000
67467  32.073  4.860  21.112 0.0000000000
67469  30.801  4.130  20.352 0.0000000000
66576  31.197  3.512  20.996 0.0000000000
65674  29.166  1.914  21.196 0.0000000000
65695  28.636  1.785  20.495 0.0000000000
64727  27.798  1.625  20.256 0.0000000000
67431  32.849  3.830  22.391 0.0000000000
68353  32.757  5.180  21.399 0.0000000000
68369  32.399  5.608  20.743 0.0000000000
52033  11.057  -11.824  32.643 0.0000000000
52024  9.700  -11.463  33.532 0.0000000000
55275  21.754  -8.862  37.397 0.0000000000
56270  21.911  -7.165  36.821 0.0000000000
55299  20.641  -9.160  35.533 0.0000000000
108305  18.252  -11.151  32.551 0.0000000000
54261  19.337  -10.420  33.137 0.0000000000
53155  18.363  -10.836  31.806 0.0000000000
55347  19.073  -9.261  32.099 0.0000000000
53181  17.703  -10.909  30.423 0.0000000000
53182  16.491  -10.797  30.327 0.0000000000
60887  24.274  -3.168  26.716 0.0000000000
121753  38.393  10.816  14.560 0.0000000000
72452  39.606  10.680  15.234 0.0000000000
71755  38.464  10.282  13.901 0.0000000000
70974  39.774  8.605  12.224 0.0000000000
70990  40.198  8.138  11.685 0.0000000000
70972  41.674  8.370  12.463 0.0000000000
53065  16.694  -10.895  37.852 0.0000000000
53066  15.920  -10.586  37.682 0.0000000000
53043  16.137  -10.743  38.503 0.0000000000
51978  18.637  -11.563  37.612 0.0000000000
53088  17.334  -11.136  36.551 0.0000000000
73126  37.563  11.754  16.561 0.0000000000
72425  35.942  11.246  17.021 0.0000000000
71758  33.736  9.424  14.489 0.0000000000
53069  13.822  -10.992  37.325 0.0000000000
53111  12.850  -11.212  35.752 0.0000000000
53071  12.053  -11.567  37.489 0.0000000000
122729  10.255  -10.376  38.259 0.0000000000
111537  9.827  -10.744  36.919 0.0000000000
53095  8.892  -10.397  36.909 0.0000000000
53096  8.265  -10.470  36.154 0.0000000000
116664  7.831  -10.327  36.848 0.0000000000
105152  6.874  -9.306  42.070 0.0000000000
105245  5.201  -10.688  39.761 0.0000000000
53030  6.381  -10.190  39.466 0.0000000000
53053  5.839  -10.695  38.156 0.0000000000
51992  5.639  -11.478  36.796 0.0000000000
66482  23.776  2.871  28.011 0.0000000000
63649  25.922  0.915  30.894 0.0000000000
64591  23.987  1.986  31.603 0.0000000000
63667  24.849  0.775  30.071 0.0000000000
63681  23.618  1.108  29.196 0.0000000000
62720  25.100  -0.092  28.888 0.0000000000
61803  25.048  -1.262  28.215 0.0000000000
62738  25.363  -0.742  28.627 0.0000000000
59934  27.152  -3.610  29.637 0.0000000000
59935  26.571  -3.438  28.960 0.0000000000
124107  26.233  -5.127  28.994 0.0000000000
58059  25.563  -5.470  28.159 0.0000000000
58060  25.098  -5.782  28.377 0.0000000000
57984  23.506  -5.359  36.652 0.0000000000
58874  24.908  -4.820  36.655 0.0000000000
58891  23.630  -4.878  35.842 0.0000000000
105343  23.870  -4.740  33.085 0.0000000000
58904  25.371  -4.571  34.388 0.0000000000
118735  25.654  -4.641  33.573 0.0000000000
59886  28.093  -4.088  33.623 0.0000000000
58917  26.334  -4.656  33.034 0.0000000000
58932  26.537  -4.917  31.558 0.0000000000
58933  25.398  -5.020  32.028 0.0000000000
58064  20.781  -5.763  28.751 0.0000000000
58048  22.311  -5.566  29.259 0.0000000000
65583  27.011  2.706  26.139 0.0000000000
65621  27.643  2.576  24.584 0.0000000000
65623  25.946  2.521  24.762 0.0000000000
64711  23.836  0.735  22.016 0.0000000000
64710  24.497  1.174  21.722 0.0000000000
73166  40.810  11.388  10.473 0.0000000000
66549  31.763  2.560  22.479 0.0000000000
66560  30.826  2.618  21.346 0.0000000000
65654  31.308  2.216  22.830 0.0000000000
111318  30.029  2.335  22.755 0.0000000000
105055  28.657  2.316  21.857 0.0000000000
67401  34.071  3.438  24.337 0.0000000000
66547  33.233  3.269  23.090 0.0000000000
52031  12.482  -11.431  32.085 0.0000000000
53161  12.040  -11.010  32.762 0.0000000000
53148  11.742  -10.750  33.479 0.0000000000
115352  18.669  -11.457  35.443 0.0000000000
54248  19.920  -10.305  34.542 0.0000000000
53126  17.479  -11.106  34.101 0.0000000000
122197  17.543  -10.988  32.782 0.0000000000
53168  16.966  -10.717  31.660 0.0000000000
53183  15.555  -10.704  30.367 0.0000000000
121215  15.219  -10.435  30.985 0.0000000000
52037  14.079  -11.108  30.919 0.0000000000
71783  36.433  9.487  12.771 0.0000000000
53020  17.164  -11.224  39.608 0.0000000000
104876  34.764  8.456  19.951 0.0000000000
71719  34.474  9.179  18.712 0.0000000000
71726  34.306  9.473  17.828 0.0000000000
71736  34.182  9.873  17.012 0.0000000000
71727  33.686  9.172  17.282 0.0000000000
70953  32.450  8.323  16.192 0.0000000000
52998  12.518  -10.662  40.037 0.0000000000
53047  12.252  -11.329  39.084 0.0000000000
53025  11.347  -10.824  39.482 0.0000000000
53000  10.637  -10.209  39.949 0.0000000000
54199  9.640  -9.597  39.380 0.0000000000
54140  6.173  -9.246  42.350 0.0000000000
54163  5.103  -9.832  41.797 0.0000000000
53003  4.719  -10.735  40.501 0.0000000000
51956  4.426  -11.263  39.819 0.0000000000
126058  3.303  -12.166  39.742 0.0000000000
125214  26.701  1.229  31.763 0.0000000000
63665  26.683  0.270  30.410 0.0000000000
62718  26.783  -0.928  29.441 0.0000000000
62693  27.256  -0.721  30.060 0.0000000000
60854  27.443  -2.865  29.766 0.0000000000
59927  27.175  -4.494  30.217 0.0000000000
57170  20.812  -6.049  33.862 0.0000000000
58006  22.164  -5.005  34.689 0.0000000000
58015  21.286  -5.178  33.394 0.0000000000
106086  22.019  -4.617  33.165 0.0000000000
58936  22.308  -4.685  32.339 0.0000000000
123017  22.969  -5.235  31.301 0.0000000000
58969  21.712  -5.187  30.772 0.0000000000
58050  20.472  -5.467  29.516 0.0000000000
65605  24.690  2.519  25.641 0.0000000000
65645  24.574  2.195  24.148 0.0000000000
64663  23.440  1.615  24.275 0.0000000000
63734  22.947  0.611  23.383 0.0000000000
73888  42.866  12.566  11.387 0.0000000000
73163  43.716  11.350  10.442 0.0000000000
69189  31.260  6.361  19.197 0.0000000000
68380  30.145  5.762  18.417 0.0000000000
67486  30.418  4.863  19.633 0.0000000000
65693  30.164  2.245  20.971 0.0000000000
65711  29.123  2.384  19.704 0.0000000000
68333  35.252  5.763  22.990 0.0000000000
69134  34.820  6.165  22.277 0.0000000000
70013  34.591  7.052  21.335 0.0000000000
69169  33.447  6.540  20.746 0.0000000000
69170  32.763  6.309  20.435 0.0000000000
57128  24.275  -6.139  39.089 0.0000000000
58852  25.169  -5.306  38.305 0.0000000000
57140  23.378  -6.270  37.820 0.0000000000
121727  22.162  -6.504  36.480 0.0000000000
125388  21.217  -6.992  35.513 0.0000000000
54247  20.362  -9.421  34.954 0.0000000000
55329  20.042  -8.204  34.102 0.0000000000
56294  20.436  -7.434  34.498 0.0000000000
56312  19.406  -7.515  32.568 0.0000000000
55358  18.946  -8.010  31.860 0.0000000000
54327  18.458  -9.447  29.633 0.0000000000
71752  41.372  9.526  14.694 0.0000000000
71766  38.943  9.674  13.261 0.0000000000
114431  40.665  9.177  13.533 0.0000000000
115080  42.089  8.783  13.731 0.0000000000
71777  42.235  8.563  13.063 0.0000000000
70971  42.623  8.299  12.479 0.0000000000
119150  43.749  7.714  11.934 0.0000000000
70986  44.673  7.819  12.101 0.0000000000
54239  15.397  -10.311  35.092 0.0000000000
53110  14.149  -10.519  35.048 0.0000000000
107918  14.884  -10.475  36.732 0.0000000000
53068  14.474  -10.657  37.240 0.0000000000
53046  13.935  -10.834  38.895 0.0000000000
124318  15.952  -10.738  40.454 0.0000000000
53023  13.923  -10.519  39.727 0.0000000000
52979  13.475  -9.986  40.799 0.0000000000
57950  24.944  -5.754  39.544 0.0000000000
56249  23.227  -7.186  38.962 0.0000000000
117147  22.433  -8.528  38.733 0.0000000000
54218  21.085  -10.104  37.069 0.0000000000
53063  20.617  -11.072  37.302 0.0000000000
53086  20.079  -11.295  36.550 0.0000000000
51990  18.272  -11.515  36.269 0.0000000000
108043  16.722  -10.732  36.014 0.0000000000
73125  38.509  11.611  16.366 0.0000000000
73140  37.866  11.548  15.820 0.0000000000
72468  36.899  10.961  14.773 0.0000000000
72457  34.871  10.600  15.882 0.0000000000
72470  35.120  10.414  15.004 0.0000000000
71770  35.212  9.710  13.548 0.0000000000
107036  13.200  -10.753  34.810 0.0000000000
53112  12.197  -10.917  34.965 0.0000000000
53113  11.256  -10.789  35.062 0.0000000000
124968  11.245  -11.391  37.442 0.0000000000
106800  10.991  -11.034  35.927 0.0000000000
53132  9.730  -10.673  34.422 0.0000000000
53133  8.881  -10.736  34.625 0.0000000000
52014  8.008  -11.499  34.638 0.0000000000
120337  8.992  -9.413  40.855 0.0000000000
118979  8.458  -9.592  39.162 0.0000000000
54202  7.087  -9.905  39.739 0.0000000000
112601  7.626  -10.152  37.812 0.0000000000
53075  6.845  -10.400  37.095 0.0000000000
106969  -0.335  -12.112  43.450 0.0000000000
66510  29.589  2.855  25.997 0.0000000000
66494  25.685  2.975  26.928 0.0000000000
65577  23.997  2.737  27.233 0.0000000000
65578  23.460  2.376  27.348 0.0000000000
63700  22.691  1.133  27.048 0.0000000000
65564  23.428  2.594  29.594 0.0000000000
110176  23.273  1.129  28.488 0.0000000000
62756  23.475  -0.491  27.517 0.0000000000
61818  23.852  -1.344  27.241 0.0000000000
61817  24.601  -1.782  27.627 0.0000000000
59954  25.143  -3.869  27.250 0.0000000000
60862  26.266  -2.325  28.694 0.0000000000
59946  25.620  -3.295  27.919 0.0000000000
59011  25.580  -4.919  27.608 0.0000000000
58072  25.322  -5.735  27.361 0.0000000000
57210  24.789  -6.525  27.272 0.0000000000
61738  29.807  -1.674  33.402 0.0000000000
58863  25.215  -5.048  37.553 0.0000000000
120820  26.686  -4.349  37.580 0.0000000000
59841  27.129  -4.088  36.162 0.0000000000
105478  23.901  -4.607  35.159 0.0000000000
58872  26.326  -4.353  35.750 0.0000000000
59854  27.893  -3.830  35.604 0.0000000000
59885  28.740  -3.493  34.026 0.0000000000
60819  29.402  -2.655  33.409 0.0000000000
109591  29.201  -2.563  32.434 0.0000000000
59918  27.951  -4.089  31.798 0.0000000000
58947  26.801  -4.921  30.807 0.0000000000
115685  25.528  -5.350  30.399 0.0000000000
58967  23.620  -5.431  30.766 0.0000000000
58035  24.009  -5.500  29.858 0.0000000000
58046  24.535  -5.553  29.072 0.0000000000
58061  23.818  -5.677  28.355 0.0000000000
65620  28.557  2.603  24.541 0.0000000000
65642  28.022  2.599  23.639 0.0000000000
110430  27.105  2.459  22.376 0.0000000000
106559  25.051  2.212  23.439 0.0000000000
65677  25.719  2.006  22.018 0.0000000000
64708  26.026  1.786  21.182 0.0000000000
70105  45.443  7.298  11.664 0.0000000000
65598  30.988  2.740  25.077 0.0000000000
124019  31.196  2.567  24.419 0.0000000000
54250  15.391  -10.252  34.232 0.0000000000
54278  14.769  -10.202  32.877 0.0000000000
69196  30.434  6.306  17.945 0.0000000000
70057  31.657  7.120  18.825 0.0000000000
70071  31.502  7.312  18.005 0.0000000000
52967  3.831  -10.260  42.512 0.0000000000
52968  2.964  -10.877  42.670 0.0000000000
52982  2.938  -11.363  41.802 0.0000000000
51916  2.239  -11.494  42.360 0.0000000000
63632  28.990  0.145  32.406 0.0000000000
63633  28.223  0.644  32.063 0.0000000000
61757  28.781  -1.217  31.502 0.0000000000
110936  26.063  -4.733  38.999 0.0000000000
111164  18.514  -7.863  30.053 0.0000000000
57195  18.735  -6.809  29.714 0.0000000000
106367  22.636  0.394  26.583 0.0000000000
112851  22.528  0.235  25.897 0.0000000000
72479  46.690  10.046  12.699 0.0000000000
71774  46.327  9.429  12.393 0.0000000000
71773  46.724  9.977  11.804 0.0000000000
72482  46.766  10.399  11.284 0.0000000000
67450  31.806  3.964  21.402 0.0000000000
64706  28.222  1.871  21.046 0.0000000000
115056  27.040  1.483  20.063 0.0000000000
67448  33.187  4.674  21.987 0.0000000000
67449  32.469  4.358  21.717 0.0000000000
52023  10.486  -11.496  33.131 0.0000000000
50919  10.637  -12.503  32.802 0.0000000000
50908  10.028  -12.155  33.181 0.0000000000
54227  20.921  -9.478  36.294 0.0000000000
119393  21.347  -8.639  36.684 0.0000000000
53156  17.683  -11.023  32.104 0.0000000000
53166  18.286  -10.479  30.973 0.0000000000
53167  17.760  -10.937  31.303 0.0000000000
59026  25.087  -4.816  26.682 0.0000000000
72467  37.700  10.749  14.286 0.0000000000
72475  37.616  10.242  13.690 0.0000000000
70109  40.607  7.608  11.138 0.0000000000
53042  16.934  -11.091  38.752 0.0000000000
118687  17.653  -11.311  38.027 0.0000000000
72419  35.513  10.235  18.132 0.0000000000
73113  36.510  11.270  17.666 0.0000000000
72426  35.357  10.705  17.285 0.0000000000
111539  13.446  -11.225  38.172 0.0000000000
53070  12.970  -11.437  37.425 0.0000000000
111538  12.560  -11.466  38.270 0.0000000000
53073  9.669  -10.337  37.667 0.0000000000
53074  8.686  -10.040  37.694 0.0000000000
55224  6.953  -8.978  42.666 0.0000000000
53032  5.062  -11.126  38.892 0.0000000000
51980  5.162  -11.458  37.737 0.0000000000
63666  25.775  0.500  30.204 0.0000000000
64616  25.142  0.952  30.655 0.0000000000
63680  24.521  0.558  29.373 0.0000000000
62719  25.996  -0.640  29.088 0.0000000000
59928  26.775  -4.498  29.568 0.0000000000
115523  26.420  -4.509  28.996 0.0000000000
58045  25.711  -5.458  28.939 0.0000000000
57148  22.065  -5.993  35.836 0.0000000000
57995  22.838  -5.304  35.906 0.0000000000
123255  22.347  -5.313  35.326 0.0000000000
58919  24.772  -4.686  33.587 0.0000000000
58918  25.497  -4.783  32.906 0.0000000000
58934  24.273  -5.001  32.191 0.0000000000
65603  26.489  2.597  25.456 0.0000000000
66535  32.008  2.352  23.218 0.0000000000
65657  29.038  2.492  22.868 0.0000000000
67400  34.729  3.934  24.646 0.0000000000
66534  33.412  2.974  23.933 0.0000000000
119333  32.715  2.628  23.540 0.0000000000
66548  32.495  2.908  22.792 0.0000000000
53147  12.520  -10.654  33.357 0.0000000000
53107  18.000  -11.414  34.779 0.0000000000
54262  16.113  -10.304  32.983 0.0000000000
53144  16.950  -10.697  33.409 0.0000000000
53157  16.889  -10.660  32.519 0.0000000000
54276  16.095  -10.285  32.095 0.0000000000
54295  15.347  -10.248  31.732 0.0000000000
53170  14.578  -10.459  31.448 0.0000000000
70054  34.171  7.931  20.035 0.0000000000
70935  33.143  8.311  18.484 0.0000000000
70934  33.854  8.646  18.809 0.0000000000
108898  33.143  8.601  17.587 0.0000000000
70084  31.916  7.764  16.610 0.0000000000
54180  12.541  -10.005  40.625 0.0000000000
120073  12.172  -10.981  39.695 0.0000000000
110120  11.909  -10.487  40.205 0.0000000000
54182  10.812  -9.647  40.619 0.0000000000
108599  10.065  -9.702  40.373 0.0000000000
53001  10.103  -9.930  39.633 0.0000000000
54183  9.323  -9.640  40.147 0.0000000000
54141  5.334  -9.351  42.454 0.0000000000
52981  4.234  -10.767  41.196 0.0000000000
51940  4.113  -11.147  40.615 0.0000000000
51957  3.841  -11.855  39.438 0.0000000000
50845  2.853  -12.232  40.278 0.0000000000
51931  1.712  -11.974  42.100 0.0000000000
63634  27.351  1.050  31.840 0.0000000000
63648  26.926  0.806  31.181 0.0000000000
115425  28.016  -2.230  30.743 0.0000000000
61769  27.734  -1.591  30.344 0.0000000000
60853  27.776  -2.621  30.233 0.0000000000
60844  27.682  -3.660  30.216 0.0000000000
57171  20.264  -6.285  33.120 0.0000000000
58022  20.708  -5.679  33.084 0.0000000000
121603  20.934  -5.206  32.642 0.0000000000
58021  21.502  -4.823  32.558 0.0000000000
110718  21.664  -4.800  31.941 0.0000000000
58951  22.206  -4.968  31.471 0.0000000000
58952  21.522  -5.029  31.381 0.0000000000
65606  23.823  2.359  25.796 0.0000000000
65625  24.205  2.306  24.984 0.0000000000
64652  23.415  1.931  25.113 0.0000000000
64674  23.041  1.142  24.017 0.0000000000
62799  22.660  -0.365  22.977 0.0000000000
72484  46.426  10.383  10.715 0.0000000000
73162  44.841  11.233  10.381 0.0000000000
72485  45.613  10.698  10.336 0.0000000000
118032  45.697  9.998  10.154 0.0000000000
71793  46.433  9.437  10.669 0.0000000000
68376  31.192  5.536  19.770 0.0000000000
68377  30.581  5.700  19.117 0.0000000000
66595  30.110  3.749  19.826 0.0000000000
66596  29.379  3.316  19.324 0.0000000000
65673  29.814  1.994  21.290 0.0000000000
65694  29.396  1.950  20.613 0.0000000000
118839  28.805  1.857  19.981 0.0000000000
65712  28.504  2.023  19.048 0.0000000000
68322  34.882  5.009  23.416 0.0000000000
68351  34.182  5.748  21.940 0.0000000000
69147  34.408  6.466  21.623 0.0000000000
69146  35.054  6.828  21.799 0.0000000000
69168  34.064  6.815  21.052 0.0000000000
69171  31.945  6.119  20.013 0.0000000000
57129  23.605  -6.524  38.623 0.0000000000
57960  24.096  -5.999  38.253 0.0000000000
56271  21.372  -7.773  36.372 0.0000000000
57149  21.578  -6.929  35.993 0.0000000000
54274  19.466  -9.624  32.873 0.0000000000
55330  19.772  -8.915  33.471 0.0000000000
56305  19.722  -7.946  33.330 0.0000000000
56304  20.032  -7.473  33.827 0.0000000000
54312  18.526  -9.556  30.612 0.0000000000
55359  18.722  -8.877  31.315 0.0000000000
55368  18.575  -8.572  30.629 0.0000000000
53184  14.776  -10.824  30.541 0.0000000000
52052  15.177  -11.245  29.911 0.0000000000
72437  40.032  10.846  15.947 0.0000000000
72465  39.997  10.112  14.726 0.0000000000
72451  40.448  10.329  15.367 0.0000000000
125883  40.707  9.838  14.910 0.0000000000
70976  37.717  9.042  12.159 0.0000000000
71781  38.534  9.303  12.590 0.0000000000
71779  40.289  8.938  12.915 0.0000000000
71764  41.344  9.126  13.976 0.0000000000
71778  41.288  8.754  13.176 0.0000000000
125209  42.609  8.681  13.466 0.0000000000
70988  42.070  7.940  11.874 0.0000000000
70987  42.969  7.833  11.946 0.0000000000
70970  43.749  8.309  12.460 0.0000000000
54229  15.347  -10.364  36.007 0.0000000000
53044  15.499  -10.607  38.266 0.0000000000
53067  15.086  -10.542  37.623 0.0000000000
53045  14.838  -10.626  38.535 0.0000000000
110786  14.285  -10.785  37.984 0.0000000000
51939  16.693  -11.119  40.265 0.0000000000
52995  15.198  -10.437  40.741 0.0000000000
117405  13.888  -10.248  40.338 0.0000000000
57116  23.869  -6.730  39.478 0.0000000000
54217  21.623  -9.678  37.626 0.0000000000
53064  19.635  -11.583  37.246 0.0000000000
123545  19.517  -11.523  36.656 0.0000000000
53087  19.361  -11.433  36.103 0.0000000000
108361  16.488  -10.706  36.936 0.0000000000
53109  16.099  -10.403  35.536 0.0000000000
67506  29.597  5.143  18.208 0.0000000000
72438  36.124  11.372  16.136 0.0000000000
118524  37.031  11.505  15.736 0.0000000000
72440  34.745  10.484  16.742 0.0000000000
71745  34.223  10.109  16.161 0.0000000000
71757  34.347  9.979  14.770 0.0000000000
108749  34.940  10.016  14.288 0.0000000000
71756  35.644  10.258  14.245 0.0000000000
126277  14.355  -10.521  35.579 0.0000000000
105785  13.824  -10.748  35.774 0.0000000000
53092  12.463  -11.454  36.639 0.0000000000
53048  11.482  -11.352  38.364 0.0000000000
53093  10.697  -11.158  36.821 0.0000000000
53094  10.088  -10.797  36.043 0.0000000000
53114  10.346  -10.669  35.141 0.0000000000
53134  8.136  -10.949  34.886 0.0000000000
52002  7.513  -11.440  35.120 0.0000000000
50889  6.989  -12.142  35.270 0.0000000000
54184  8.360  -9.533  40.498 0.0000000000
54201  7.950  -9.704  39.782 0.0000000000
54162  5.760  -9.894  41.172 0.0000000000
53002  6.303  -9.993  40.310 0.0000000000
104889  6.994  -10.083  39.147 0.0000000000
53051  7.339  -10.099  38.576 0.0000000000
110934  6.674  -10.342  37.945 0.0000000000
51905  -1.275  -12.353  43.759 0.0000000000
66492  27.485  2.900  26.758 0.0000000000
126825  25.198  3.223  27.528 0.0000000000
66495  24.774  2.908  27.063 0.0000000000
66481  24.389  3.206  27.904 0.0000000000
64638  23.041  1.813  27.427 0.0000000000
64618  23.485  1.915  30.233 0.0000000000
63688  24.065  0.306  28.655 0.0000000000
63689  23.342  0.319  28.048 0.0000000000
60880  24.838  -2.752  27.445 0.0000000000
61787  26.581  -1.549  29.068 0.0000000000
59945  26.148  -3.841  28.436 0.0000000000
110307  26.069  -2.994  28.373 0.0000000000
59953  25.828  -4.172  27.945 0.0000000000
58073  25.208  -6.007  27.670 0.0000000000
57211  23.694  -6.506  27.259 0.0000000000
57969  24.599  -5.533  37.896 0.0000000000
122083  25.617  -4.692  36.939 0.0000000000
58861  26.375  -4.416  36.754 0.0000000000
59829  27.193  -4.040  37.095 0.0000000000
58907  22.667  -4.549  34.290 0.0000000000
58888  26.323  -4.438  34.809 0.0000000000
59855  27.170  -4.227  35.209 0.0000000000
59868  28.590  -3.389  35.031 0.0000000000
59869  27.991  -3.997  34.641 0.0000000000
59887  27.288  -4.416  33.164 0.0000000000
59903  28.773  -3.434  32.971 0.0000000000
60830  28.567  -3.188  31.937 0.0000000000
58968  22.554  -5.314  30.729 0.0000000000
58950  23.619  -5.167  31.631 0.0000000000
58036  22.947  -5.490  29.976 0.0000000000
58047  23.340  -5.562  29.142 0.0000000000
65600  29.087  2.691  25.282 0.0000000000
65601  28.199  2.632  25.337 0.0000000000
111529  27.030  2.557  23.903 0.0000000000
106792  27.120  2.584  23.097 0.0000000000
65659  26.292  2.409  22.687 0.0000000000
122196  24.448  1.989  23.471 0.0000000000
64686  24.940  1.723  22.205 0.0000000000
64709  25.218  1.503  21.466 0.0000000000
64729  25.487  1.213  20.647 0.0000000000
73167  39.829  11.499  10.397 0.0000000000
73168  38.796  11.751  10.271 0.0000000000
73169  37.948  12.113  9.972 0.0000000000
65639  31.440  2.333  23.729 0.0000000000
53159  13.525  -10.573  32.477 0.0000000000
53172  13.118  -10.943  31.989 0.0000000000
53146  13.292  -10.519  33.265 0.0000000000
125486  13.038  -10.558  33.932 0.0000000000
54249  16.095  -10.334  33.839 0.0000000000
53158  14.261  -10.348  32.289 0.0000000000
70079  31.387  7.275  17.041 0.0000000000
108175  32.863  7.261  19.628 0.0000000000
70069  32.902  7.763  19.165 0.0000000000
70936  32.599  8.178  17.851 0.0000000000
70078  32.030  7.776  17.532 0.0000000000
125745  11.682  -9.371  41.353 0.0000000000
54181  11.655  -9.653  40.786 0.0000000000
54156  11.141  -9.318  41.364 0.0000000000
51929  3.576  -11.265  41.156 0.0000000000
51917  1.471  -11.689  42.750 0.0000000000
63647  27.933  0.348  31.327 0.0000000000
62692  27.820  -0.826  30.595 0.0000000000
62669  28.269  -0.474  31.027 0.0000000000
57178  19.123  -7.083  31.912 0.0000000000
57184  19.327  -6.470  31.381 0.0000000000
57183  19.804  -5.924  31.589 0.0000000000
58028  20.294  -5.428  31.284 0.0000000000
58039  20.298  -5.327  30.339 0.0000000000
57189  19.105  -6.056  29.969 0.0000000000
57205  18.835  -6.819  28.706 0.0000000000
64653  22.828  1.444  25.581 0.0000000000
63717  22.585  0.633  25.197 0.0000000000
113436  22.499  0.043  24.610 0.0000000000
71775  44.459  8.947  13.030 0.0000000000
71760  45.626  9.551  13.210 0.0000000000
73154  45.382  11.825  10.847 0.0000000000
113183  46.751  9.718  11.113 0.0000000000
67485  31.122  4.874  20.207 0.0000000000
67468  31.457  4.461  20.759 0.0000000000
66577  30.514  3.122  20.605 0.0000000000
64745  28.240  1.615  19.679 0.0000000000
67430  33.576  4.179  22.686 0.0000000000
68335  33.899  4.995  22.290 0.0000000000
68352  33.494  5.439  21.649 0.0000000000
68368  33.108  5.876  21.052 0.0000000000
50918  11.426  -12.560  32.329 0.0000000000
50909  9.463  -12.325  33.531 0.0000000000
52025  9.003  -11.615  33.842 0.0000000000
55274  22.135  -8.264  37.920 0.0000000000
56260  22.298  -7.395  37.630 0.0000000000
56261  21.712  -7.972  37.179 0.0000000000
55298  20.943  -8.477  35.919 0.0000000000
53142  18.763  -11.067  33.142 0.0000000000
54275  18.954  -10.431  32.420 0.0000000000
54294  18.706  -9.995  31.551 0.0000000000
118198  18.048  -10.856  29.748 0.0000000000
53202  17.177  -11.142  29.676 0.0000000000
72453  38.756  10.949  15.148 0.0000000000
72466  39.143  10.520  14.555 0.0000000000
71754  39.485  9.902  14.040 0.0000000000
70975  38.762  8.732  11.992 0.0000000000
70991  39.301  8.232  11.556 0.0000000000
70989  41.133  8.045  11.802 0.0000000000
70108  41.557  7.497  11.253 0.0000000000
53089  15.628  -10.482  36.873 0.0000000000
51979  17.961  -11.436  37.095 0.0000000000
119814  17.191  -11.073  37.294 0.0000000000
73127  36.674  11.672  16.761 0.0000000000
71746  33.723  9.676  15.434 0.0000000000
53091  13.372  -11.200  36.561 0.0000000000
53072  10.473  -11.052  37.788 0.0000000000
111180  9.159  -10.538  36.114 0.0000000000
124473  7.663  -10.523  36.180 0.0000000000
54139  7.773  -9.206  42.154 0.0000000000
54160  7.095  -9.475  41.464 0.0000000000
124104  5.787  -10.312  39.797 0.0000000000
53031  5.765  -10.511  39.120 0.0000000000
53076  6.204  -10.594  37.385 0.0000000000
53077  5.778  -10.974  37.314 0.0000000000
66467  24.475  3.577  28.693 0.0000000000
123596  23.959  3.328  28.580 0.0000000000
66468  23.597  3.032  28.865 0.0000000000
64590  24.876  1.727  31.953 0.0000000000
64601  24.987  1.325  31.301 0.0000000000
64617  24.196  1.364  30.735 0.0000000000
63668  23.930  1.170  29.921 0.0000000000
62739  24.678  -0.484  28.371 0.0000000000
61802  25.815  -1.424  28.618 0.0000000000
57983  24.369  -5.223  37.106 0.0000000000
58875  24.182  -4.932  36.399 0.0000000000
58890  24.582  -4.650  35.813 0.0000000000
58920  23.180  -4.443  33.752 0.0000000000
58905  24.355  -4.570  34.434 0.0000000000
105344  23.933  -4.570  33.876 0.0000000000
58903  26.365  -4.524  33.883 0.0000000000
126951  27.640  -4.315  32.422 0.0000000000
59905  27.101  -4.609  32.179 0.0000000000
118734  26.163  -4.830  32.345 0.0000000000
58949  24.713  -5.316  31.240 0.0000000000
58049  21.364  -5.496  29.378 0.0000000000
58063  21.723  -5.787  28.601 0.0000000000
58076  22.159  -6.150  27.895 0.0000000000
65582  27.853  2.713  26.090 0.0000000000
65602  27.339  2.608  25.386 0.0000000000
65622  26.780  2.555  24.677 0.0000000000
65643  26.241  2.513  24.024 0.0000000000
64688  23.590  1.030  22.807 0.0000000000
64687  24.245  1.398  22.444 0.0000000000
73164  42.550  11.359  10.522 0.0000000000
73165  41.708  11.360  10.519 0.0000000000
66559  31.488  2.975  21.729 0.0000000000
65671  31.104  2.262  22.078 0.0000000000
65655  30.621  2.216  22.377 0.0000000000
65656  29.752  2.185  21.951 0.0000000000
65675  27.606  2.288  21.737 0.0000000000
67413  34.545  4.170  23.828 0.0000000000
67414  33.910  3.712  23.459 0.0000000000
52032  11.672  -11.671  32.391 0.0000000000
52022  11.282  -11.197  32.942 0.0000000000
53149  10.912  -10.812  33.576 0.0000000000
53106  19.713  -11.061  35.296 0.0000000000
54237  20.328  -10.145  35.557 0.0000000000
106560  19.097  -11.259  34.596 0.0000000000
53125  18.452  -11.367  33.912 0.0000000000
53143  17.917  -11.270  33.285 0.0000000000
53169  16.051  -10.402  31.119 0.0000000000
71782  37.149  9.453  12.628 0.0000000000
121224  17.956  -11.448  39.859 0.0000000000
70902  35.364  8.617  20.230 0.0000000000
70921  35.120  9.004  19.502 0.0000000000
70922  34.333  8.571  19.384 0.0000000000
71718  35.285  9.644  18.848 0.0000000000
72420  34.897  9.690  18.220 0.0000000000
72427  34.839  10.074  17.549 0.0000000000
70944  33.101  8.771  16.709 0.0000000000
70952  33.070  8.911  15.815 0.0000000000
70957  32.393  8.338  15.276 0.0000000000
53024  12.778  -11.045  39.549 0.0000000000
52999  11.242  -10.221  40.254 0.0000000000
53026  10.651  -10.312  39.242 0.0000000000
53027  10.265  -9.921  38.834 0.0000000000
53028  9.270  -9.521  38.891 0.0000000000
120577  5.783  -9.080  42.756 0.0000000000
106479  5.726  -9.568  41.871 0.0000000000
52980  4.946  -10.319  41.163 0.0000000000
107901  4.387  -11.602  39.049 0.0000000000
107471  3.405  -12.488  39.033 0.0000000000
64589  26.518  1.501  32.406 0.0000000000
64600  25.908  1.364  31.722 0.0000000000
62694  26.391  -0.201  29.740 0.0000000000
61770  27.284  -1.800  29.672 0.0000000000
115649  21.176  -6.240  34.685 0.0000000000
58007  21.486  -5.467  34.287 0.0000000000
58922  21.961  -4.740  33.940 0.0000000000
58921  22.511  -4.514  33.646 0.0000000000
105470  22.836  -4.554  33.059 0.0000000000
58935  23.289  -4.797  32.344 0.0000000000
125529  22.865  -4.929  31.821 0.0000000000
58038  21.097  -5.239  30.136 0.0000000000
65624  25.074  2.440  24.848 0.0000000000
126482  23.891  2.033  24.456 0.0000000000
65646  23.948  1.858  23.818 0.0000000000
64673  23.474  1.343  23.555 0.0000000000
63748  23.191  0.216  22.450 0.0000000000
73157  42.116  11.980  11.156 0.0000000000
73155  44.291  11.864  10.822 0.0000000000
73156  43.205  11.823  10.878 0.0000000000
126132  43.101  11.347  10.495 0.0000000000
71795  44.784  10.491  9.959 0.0000000000
69190  30.679  6.206  18.630 0.0000000000
67505  29.976  5.230  18.905 0.0000000000
67487  29.542  4.419  18.956 0.0000000000
68334  34.551  5.393  22.651 0.0000000000
70032  34.438  7.436  20.781 0.0000000000
70033  33.779  7.200  20.436 0.0000000000
69187  33.149  6.920  20.144 0.0000000000
69188  32.512  6.762  19.808 0.0000000000
109150  31.918  6.760  19.419 0.0000000000
57958  25.467  -5.218  39.094 0.0000000000
57959  24.754  -5.662  38.694 0.0000000000
57141  22.618  -6.537  37.249 0.0000000000
57971  23.166  -5.901  37.180 0.0000000000
57985  22.689  -5.875  36.576 0.0000000000
57157  21.447  -6.483  35.360 0.0000000000
56283  20.524  -8.372  34.995 0.0000000000
118347  19.750  -9.917  33.627 0.0000000000
55313  20.122  -9.185  34.259 0.0000000000
124177  20.698  -7.577  35.056 0.0000000000
56293  20.909  -6.982  35.053 0.0000000000
57163  20.707  -6.698  34.414 0.0000000000
56311  19.828  -7.053  33.211 0.0000000000
56320  18.654  -7.907  30.967 0.0000000000
111982  18.506  -8.799  30.053 0.0000000000
55376  18.495  -8.519  29.287 0.0000000000
53203  16.021  -11.069  29.747 0.0000000000
61833  22.856  -1.018  26.416 0.0000000000
71763  42.142  9.182  14.405 0.0000000000
71767  37.906  9.704  13.057 0.0000000000
71765  39.889  9.448  13.416 0.0000000000
71780  39.370  9.145  12.708 0.0000000000
122129  42.888  9.308  14.664 0.0000000000
118462  42.932  8.876  13.977 0.0000000000
71776  43.187  8.655  13.078 0.0000000000
70969  45.076  8.481  12.503 0.0000000000
54251  14.723  -10.299  34.607 0.0000000000
54240  14.771  -10.379  35.410 0.0000000000
53090  14.572  -10.487  36.031 0.0000000000
53021  16.254  -10.865  39.492 0.0000000000
107549  15.360  -10.520  39.886 0.0000000000
120822  14.680  -10.532  39.378 0.0000000000
124003  13.379  -10.875  39.443 0.0000000000
52997  13.197  -10.512  40.071 0.0000000000
54154  12.981  -9.781  41.464 0.0000000000
56250  22.600  -7.654  38.461 0.0000000000
124793  21.380  -9.347  36.991 0.0000000000
53062  21.332  -10.497  37.883 0.0000000000
53105  20.159  -11.023  35.912 0.0000000000
114984  17.610  -11.278  35.677 0.0000000000
106751  39.573  11.381  16.649 0.0000000000
73139  38.427  11.347  15.599 0.0000000000
72454  37.877  11.156  15.121 0.0000000000
72476  36.970  10.407  13.965 0.0000000000
72439  35.411  10.955  16.443 0.0000000000
72456  35.626  10.938  15.593 0.0000000000
122840  34.429  10.212  15.456 0.0000000000
72469  35.988  10.780  14.843 0.0000000000
116718  36.352  10.489  14.271 0.0000000000
71769  36.205  9.963  13.557 0.0000000000
71784  35.762  9.506  12.967 0.0000000000
53130  11.494  -10.648  34.243 0.0000000000
53131  10.609  -10.641  34.316 0.0000000000
120393  11.566  -11.409  36.702 0.0000000000
52012  9.272  -10.925  33.972 0.0000000000
52013  8.570  -11.205  34.317 0.0000000000
53116  8.542  -10.624  35.399 0.0000000000
50898  8.357  -12.145  34.250 0.0000000000
54200  8.826  -9.583  39.620 0.0000000000
53050  8.408  -9.754  38.502 0.0000000000
54185  7.283  -9.658  40.580 0.0000000000
53029  7.733  -9.862  39.159 0.0000000000
53097  7.000  -10.641  36.242 0.0000000000
53098  6.229  -10.846  36.661 0.0000000000
125188  6.519  -11.022  36.150 0.0000000000
52003  6.824  -11.322  35.689 0.0000000000
51918  0.613  -11.904  43.106 0.0000000000
50831  -0.060  -12.512  42.652 0.0000000000
50832  -0.748  -13.171  42.379 0.0000000000
66509  30.483  2.914  25.880 0.0000000000
65584  26.133  2.724  26.211 0.0000000000
65585  25.213  2.712  26.301 0.0000000000
65586  24.310  2.620  26.436 0.0000000000
65587  23.572  2.380  26.608 0.0000000000
65588  23.070  2.035  26.795 0.0000000000
64644  22.761  1.480  26.440 0.0000000000
114932  22.593  0.966  26.550 0.0000000000
66452  23.605  3.359  29.805 0.0000000000
64626  23.379  2.068  28.817 0.0000000000
111070  23.463  1.783  29.573 0.0000000000
64632  23.204  1.720  28.097 0.0000000000
63690  22.921  1.102  27.794 0.0000000000
63699  22.889  0.330  27.357 0.0000000000
62757  22.893  -0.374  26.868 0.0000000000
61819  23.281  -0.983  26.937 0.0000000000
61832  23.387  -1.584  26.617 0.0000000000
61804  24.294  -0.937  27.841 0.0000000000
60881  24.030  -2.205  26.885 0.0000000000
57209  25.223  -6.381  27.010 0.0000000000
57232  25.063  -6.999  26.895 0.0000000000
61746  29.626  -1.176  32.741 0.0000000000
117237  25.734  -4.903  38.329 0.0000000000
58851  26.520  -4.452  38.409 0.0000000000
58862  26.023  -4.647  37.605 0.0000000000
59840  27.849  -3.678  36.538 0.0000000000
58892  22.950  -4.738  35.133 0.0000000000
107541  24.720  -4.560  35.038 0.0000000000
58889  25.461  -4.512  35.337 0.0000000000
59853  28.537  -3.319  35.986 0.0000000000
60796  29.136  -2.706  35.418 0.0000000000
60809  29.720  -2.135  34.081 0.0000000000
61739  29.608  -1.978  32.730 0.0000000000
61747  29.324  -1.657  32.154 0.0000000000
122706  28.947  -2.191  31.806 0.0000000000
59919  27.478  -4.424  31.031 0.0000000000
58965  26.490  -5.080  30.262 0.0000000000
58966  24.594  -5.452  30.421 0.0000000000
58982  25.148  -5.488  29.721 0.0000000000
58075  23.164  -6.017  27.740 0.0000000000
65599  30.009  2.742  25.175 0.0000000000
65619  29.476  2.628  24.459 0.0000000000
112237  28.964  2.577  23.834 0.0000000000
65658  27.926  2.558  22.578 0.0000000000
65644  25.448  2.399  24.089 0.0000000000
107600  25.804  2.422  23.385 0.0000000000
65661  24.664  1.912  22.884 0.0000000000
65660  25.391  2.183  22.753 0.0000000000
65676  26.606  2.194  21.817 0.0000000000
70985  45.904  7.976  11.924 0.0000000000
70984  46.654  8.300  11.314 0.0000000000
70104  46.564  7.427  11.332 0.0000000000
57164  20.327  -6.820  33.844 0.0000000000
58040  19.576  -5.817  30.688 0.0000000000
58065  19.885  -5.790  28.905 0.0000000000
58970  20.991  -5.176  30.931 0.0000000000
63723  22.704  0.641  24.271 0.0000000000
71771  34.395  9.603  13.994 0.0000000000
73176  38.236  11.347  9.649 0.0000000000
112253  27.260  -4.026  38.003 0.0000000000
124346  18.718  -7.223  30.517 0.0000000000
125856  22.848  1.676  26.936 0.0000000000
