#!ascii label  , from subject sub-v1s18x0051278_ses-1 vox2ras=TkReg
859
52666  -28.922  -10.410  0.197 0.4285714328
54764  -28.971  -8.580  -0.898 0.2857142985
53707  -28.642  -9.333  -0.526 0.4285714328
54747  -30.246  -8.621  -0.116 0.4285714328
54748  -31.001  -8.157  -0.197 0.4285714328
55753  -29.378  -7.958  -1.344 0.2857142985
55754  -30.240  -7.962  -0.769 0.4285714328
55755  -31.037  -7.553  -0.802 0.4285714328
56893  -30.152  -6.744  -2.235 0.4285714328
56880  -30.880  -6.623  -1.768 0.4285714328
56894  -30.668  -6.087  -2.370 0.4285714328
57912  -31.414  -5.444  -2.355 0.4285714328
57941  -30.179  -5.319  -4.106 0.5714285970
58873  -30.722  -4.815  -3.579 0.5714285970
57927  -31.211  -4.734  -2.916 0.4285714328
58875  -32.444  -4.248  -2.601 0.2857142985
58889  -30.520  -4.550  -4.362 0.7142857313
58874  -31.310  -4.107  -3.618 0.7142857313
59753  -32.725  -2.994  -3.331 0.7142857313
117998  -33.500  -2.807  -2.826 0.4285714328
59751  -31.807  -3.134  -3.911 0.7142857313
59752  -32.165  -3.681  -3.110 0.5714285970
61447  -33.529  -1.550  -3.658 0.5714285970
60625  -31.906  -2.449  -4.488 0.5714285970
61446  -32.912  -1.797  -4.065 0.5714285970
61463  -32.595  -1.410  -4.652 0.5714285970
61464  -33.230  -1.153  -4.295 0.5714285970
60626  -32.393  -1.989  -4.441 0.5714285970
61448  -34.167  -1.216  -3.240 0.4285714328
62407  -33.466  -0.497  -4.503 0.5714285970
63358  -34.639  0.994  -4.383 0.5714285970
61481  -32.254  -1.064  -5.340 0.7142857313
62428  -33.377  0.127  -5.139 0.7142857313
63357  -34.046  0.847  -5.059 0.7142857313
62406  -32.905  -0.705  -4.894 0.5714285970
61495  -31.202  -1.206  -6.695 0.5714285970
63377  -32.891  0.551  -5.883 0.8571428657
64285  -34.462  1.485  -5.064 0.7142857313
121012  -34.894  1.876  -4.636 0.5714285970
62445  -32.159  0.154  -6.307 0.7142857313
62444  -31.453  -0.380  -6.883 0.5714285970
65226  -34.322  2.651  -5.448 0.7142857313
65207  -35.086  2.535  -4.202 0.5714285970
63401  -33.151  1.294  -6.128 0.7142857313
64306  -34.460  2.086  -5.332 0.7142857313
66095  -34.398  3.181  -5.114 0.5714285970
64305  -33.857  1.582  -5.630 0.7142857313
66972  -34.435  3.691  -4.622 0.5714285970
64324  -33.306  2.013  -6.252 0.7142857313
66094  -33.918  3.137  -5.830 0.7142857313
122732  -33.891  3.888  -5.256 0.7142857313
66112  -32.748  3.078  -6.842 0.7142857313
66113  -33.310  3.462  -6.334 0.7142857313
66971  -33.585  3.681  -5.889 0.7142857313
67834  -32.793  5.303  -5.556 0.7142857313
66951  -33.408  4.793  -4.955 0.5714285970
64344  -32.066  2.050  -7.335 0.5714285970
116339  -32.500  6.181  -5.256 0.5714285970
68747  -32.708  6.543  -4.425 0.5714285970
66994  -32.715  3.828  -6.799 0.8571428657
68772  -32.203  5.871  -6.148 0.7142857313
113169  -32.545  4.509  -6.660 0.8571428657
112630  -32.566  5.022  -6.251 0.7142857313
69640  -31.605  7.549  -6.594 0.8571428657
69628  -31.770  7.494  -5.755 0.5714285970
68771  -31.817  6.791  -6.444 0.8571428657
67851  -31.793  6.050  -7.057 0.8571428657
67852  -32.162  5.157  -6.862 0.8571428657
70546  -31.344  8.927  -6.849 0.8571428657
72302  -31.018  10.233  -7.018 0.8571428657
70560  -31.031  8.733  -7.543 0.8571428657
119404  -30.664  8.938  -8.217 1.0000000000
124046  -30.807  9.246  -7.773 1.0000000000
105972  -31.389  8.095  -7.065 0.8571428657
71446  -30.639  9.733  -8.081 1.0000000000
126893  -30.852  8.404  -7.953 1.0000000000
72314  -30.398  10.455  -8.688 1.0000000000
72322  -29.735  11.003  -9.916 0.7142857313
71459  -30.335  9.639  -8.805 1.0000000000
73251  -30.431  11.348  -8.525 1.0000000000
75343  -29.407  13.599  -10.427 1.0000000000
77320  -29.085  15.216  -11.193 0.8571428657
76309  -29.491  14.622  -10.552 1.0000000000
80026  -28.399  18.496  -11.869 0.8571428657
78332  -28.536  16.670  -11.996 0.8571428657
78333  -29.133  16.100  -11.256 1.0000000000
80808  -28.365  19.459  -13.193 0.8571428657
80035  -28.368  18.785  -12.885 0.8571428657
125952  -27.904  18.467  -13.232 0.5714285970
114921  -26.776  20.045  -13.756 0.7142857313
81596  -27.434  20.479  -13.859 0.5714285970
80798  -25.668  19.270  -12.582 0.5714285970
80041  -26.711  18.629  -13.131 0.5714285970
108827  -25.420  20.047  -12.300 0.4285714328
82392  -25.689  21.430  -12.498 0.4285714328
82399  -26.001  21.468  -13.232 0.4285714328
81571  -25.800  20.867  -10.878 0.2857142985
82368  -26.227  21.185  -10.310 0.2857142985
81557  -26.291  21.047  -9.520 0.2857142985
54746  -29.634  -8.410  -0.659 0.2857142985
69629  -32.202  7.011  -5.019 0.5714285970
121107  -31.523  8.261  -6.293 0.8571428657
71447  -30.971  9.584  -7.359 0.8571428657
109720  -30.072  12.233  -9.443 0.8571428657
81538  -27.769  20.828  -7.878 0.1428571492
54763  -28.674  -8.379  -1.557 0.2857142985
55781  -28.891  -7.863  -2.184 0.2857142985
107570  -29.562  -7.344  -2.159 0.2857142985
55770  -31.211  -7.091  -1.296 0.4285714328
56895  -31.365  -6.092  -1.914 0.4285714328
114509  -29.639  -6.907  -2.746 0.2857142985
57926  -30.494  -5.466  -3.075 0.4285714328
57896  -32.094  -5.858  -1.801 0.4285714328
57925  -29.773  -6.025  -3.764 0.5714285970
58900  -30.159  -4.285  -5.284 0.2857142985
59766  -30.891  -3.633  -4.608 0.7142857313
60607  -32.499  -2.429  -3.943 0.4285714328
111287  -31.373  -2.475  -5.107 0.5714285970
62382  -34.401  -0.380  -3.525 0.4285714328
119946  -31.332  -2.057  -5.648 0.7142857313
61480  -31.583  -1.449  -5.846 0.7142857313
62381  -33.791  -0.792  -3.905 0.7142857313
62408  -34.042  0.084  -4.320 0.5714285970
63336  -34.602  0.351  -3.778 0.4285714328
63378  -33.494  0.890  -5.588 0.7142857313
62426  -31.859  -0.699  -6.076 0.5714285970
66952  -34.230  4.423  -4.320 0.5714285970
63399  -31.693  0.540  -7.042 0.5714285970
66075  -34.804  3.159  -4.438 0.5714285970
65244  -33.384  2.749  -6.365 0.7142857313
65225  -33.910  2.374  -5.838 0.7142857313
64323  -32.633  1.674  -6.694 0.8571428657
66970  -33.152  4.310  -6.012 0.7142857313
69655  -31.507  7.121  -7.302 1.0000000000
72301  -30.684  10.524  -7.724 1.0000000000
70568  -30.764  8.047  -8.459 1.0000000000
73266  -30.163  11.119  -9.390 0.8571428657
73265  -29.640  11.826  -10.053 0.7142857313
74312  -29.878  12.593  -9.798 1.0000000000
74313  -30.148  12.885  -9.137 1.0000000000
75334  -29.790  13.277  -9.798 1.0000000000
74325  -29.481  12.756  -10.365 0.7142857313
77307  -29.593  15.626  -10.643 1.0000000000
80043  -28.094  18.880  -13.209 0.7142857313
80806  -26.726  19.366  -13.484 0.7142857313
81595  -26.609  20.723  -13.831 0.7142857313
80790  -25.004  19.325  -11.704 0.4285714328
109890  -25.703  21.163  -11.668 0.4285714328
59780  -30.455  -3.524  -5.640 0.4285714328
60641  -30.807  -2.699  -5.924 0.4285714328
120944  -25.536  20.756  -12.206 0.4285714328
117462  -25.998  20.015  -13.418 0.7142857313
53691  -28.940  -9.718  -0.026 0.4285714328
53693  -30.179  -9.374  0.372 0.4285714328
105886  -28.287  -9.000  -1.163 0.2857142985
54732  -31.095  -8.972  0.386 0.4285714328
56907  -29.403  -6.749  -3.455 0.2857142985
56908  -30.009  -6.311  -2.926 0.4285714328
124758  -31.770  -4.254  -2.882 0.4285714328
125217  -31.391  -2.938  -4.620 0.5714285970
61462  -31.887  -1.798  -5.023 0.5714285970
63337  -35.026  0.904  -3.586 0.5714285970
62427  -32.583  -0.276  -5.590 0.7142857313
60657  -30.988  -1.945  -6.416 0.7142857313
63400  -32.527  0.929  -6.607 0.5714285970
65206  -34.718  2.567  -4.901 0.5714285970
65243  -32.697  2.391  -6.770 0.8571428657
65260  -32.145  2.705  -7.411 0.8571428657
68757  -32.082  6.665  -5.730 0.8571428657
67869  -31.693  5.193  -7.680 0.8571428657
70569  -31.084  7.925  -7.724 1.0000000000
79249  -28.322  17.623  -12.660 0.8571428657
80042  -27.444  18.837  -13.304 0.7142857313
80807  -27.668  19.591  -13.575 0.7142857313
80799  -26.167  19.184  -13.103 0.5714285970
81588  -25.781  20.734  -12.958 0.4285714328
122647  -25.599  20.573  -9.082 0.2857142985
116067  -25.318  20.575  -11.518 0.2857142985
81549  -27.247  20.948  -8.525 0.1428571492
81594  -26.189  20.869  -13.485 0.5714285970
84530  -24.580  24.982  -12.919 0.2857142985
84522  -24.928  25.064  -11.536 0.1428571492
83878  -25.666  23.041  -12.400 0.2857142985
83886  -25.336  24.400  -13.386 0.2857142985
85172  -24.079  25.988  -11.246 0.1428571492
82383  -26.073  22.363  -10.993 0.1428571492
83149  -25.491  23.021  -11.370 0.1428571492
83887  -26.743  24.087  -14.319 0.2857142985
119499  -29.266  22.898  -12.158 0.2857142985
83889  -27.747  23.066  -13.746 0.2857142985
85173  -25.312  25.221  -10.673 0.1428571492
83164  -25.782  22.239  -12.854 0.2857142985
82393  -28.319  21.557  -13.136 0.2857142985
110825  -26.505  23.154  -13.710 0.2857142985
116270  -25.813  23.303  -13.128 0.2857142985
82385  -29.285  21.412  -11.292 0.1428571492
83172  -28.132  22.467  -13.409 0.2857142985
83171  -27.466  22.267  -13.821 0.2857142985
83866  -25.342  23.932  -11.462 0.1428571492
83170  -26.849  22.203  -13.858 0.2857142985
83169  -26.269  22.251  -13.430 0.2857142985
82358  -31.473  21.059  -9.695 0.1428571492
82370  -30.053  21.286  -10.626 0.1428571492
82384  -28.672  21.530  -12.086 0.4285714328
82401  -27.217  21.382  -14.040 0.2857142985
118196  -29.801  18.952  -10.022 0.2857142985
80792  -28.893  19.877  -11.372 0.4285714328
81589  -28.572  20.600  -12.940 0.2857142985
80009  -30.642  18.367  -9.106 0.1428571492
80780  -30.051  19.766  -10.088 0.2857142985
80027  -28.927  18.357  -11.127 0.5714285970
80800  -28.595  19.703  -13.023 0.7142857313
78298  -30.735  16.734  -8.652 0.1428571492
79221  -30.393  17.554  -9.602 0.1428571492
80791  -28.336  19.343  -11.997 0.7142857313
81597  -28.294  20.131  -13.472 0.4285714328
80018  -29.682  18.253  -10.535 0.4285714328
78299  -31.190  16.291  -7.929 0.2857142985
77293  -30.584  15.831  -8.696 0.7142857313
77308  -29.895  15.270  -10.152 0.8571428657
111550  -30.243  16.792  -9.986 0.8571428657
79240  -29.409  17.507  -10.922 0.5714285970
107239  -31.206  14.945  -7.368 0.2857142985
77285  -31.496  15.647  -7.360 0.2857142985
79230  -30.031  17.469  -10.332 0.7142857313
107712  -28.214  16.817  -12.875 0.5714285970
115049  -29.089  16.892  -11.293 0.8571428657
76290  -31.269  14.502  -7.036 0.1428571492
106375  -30.449  15.053  -8.873 0.7142857313
76280  -31.676  14.291  -6.504 0.1428571492
68820  -30.217  6.548  -10.272 0.5714285970
71467  -29.994  9.507  -9.385 0.8571428657
112498  -29.799  8.988  -9.706 0.4285714328
72323  -29.981  10.309  -9.498 0.5714285970
74299  -30.460  12.694  -8.255 0.8571428657
76302  -29.711  14.107  -9.816 0.8571428657
75309  -31.455  13.501  -6.371 0.2857142985
76297  -30.420  14.378  -8.604 0.8571428657
76303  -30.138  14.567  -9.338 0.8571428657
78319  -29.708  16.610  -10.665 0.8571428657
75302  -31.761  13.178  -5.617 0.4285714328
76289  -30.763  14.225  -7.708 0.7142857313
68819  -29.935  5.983  -10.897 0.2857142985
109459  -30.479  7.835  -9.301 0.5714285970
108452  -30.299  12.145  -8.802 0.8571428657
75335  -30.046  13.784  -9.160 0.8571428657
74282  -31.205  12.585  -6.397 0.4285714328
74281  -30.714  12.389  -7.356 0.8571428657
75326  -30.409  13.524  -8.428 0.8571428657
74274  -31.566  12.373  -5.568 0.4285714328
65279  -31.331  2.453  -8.880 0.7142857313
66156  -30.887  3.179  -9.871 0.4285714328
66127  -31.519  2.944  -8.072 0.7142857313
126334  -31.531  4.413  -8.021 0.8571428657
111248  -30.853  4.708  -9.124 0.5714285970
67896  -30.709  5.493  -9.398 0.5714285970
67905  -30.218  5.176  -10.586 0.4285714328
123945  -31.381  5.424  -8.140 0.8571428657
68807  -30.530  6.213  -9.621 0.5714285970
69664  -31.072  7.165  -8.169 0.7142857313
69673  -30.514  6.984  -9.510 0.5714285970
71432  -31.244  9.710  -6.591 0.7142857313
73236  -30.658  11.468  -7.551 0.7142857313
117886  -30.483  12.000  -8.089 0.8571428657
72266  -31.562  11.111  -4.891 0.2857142985
73214  -31.491  11.623  -5.447 0.4285714328
111209  -31.253  11.892  -6.110 0.5714285970
63433  -31.164  1.414  -8.639 0.4285714328
64375  -31.115  1.988  -9.468 0.4285714328
67012  -32.091  4.308  -7.369 0.7142857313
67011  -31.513  3.704  -8.051 0.7142857313
68783  -31.357  6.128  -7.953 0.8571428657
70537  -31.474  9.117  -6.009 0.7142857313
71407  -31.557  10.368  -4.935 0.2857142985
71420  -31.389  9.967  -5.764 0.5714285970
62455  -31.014  -0.050  -7.678 0.4285714328
122795  -30.715  0.195  -8.372 0.5714285970
64343  -31.526  1.726  -8.015 0.5714285970
64364  -31.395  1.883  -8.869 0.5714285970
66128  -32.167  3.407  -7.425 0.7142857313
69617  -31.897  7.879  -4.759 0.4285714328
71421  -31.619  9.417  -5.001 0.4285714328
116949  -31.707  10.055  -4.239 0.4285714328
66060  -34.806  3.798  -4.021 0.4285714328
68737  -33.253  6.107  -3.852 0.4285714328
109197  -33.066  5.714  -4.696 0.4285714328
68736  -32.902  6.908  -3.604 0.4285714328
69618  -32.363  7.394  -4.115 0.4285714328
57897  -32.939  -5.499  -1.731 0.1428571492
67823  -33.706  5.305  -4.114 0.4285714328
58857  -33.070  -4.348  -2.291 0.1428571492
59736  -33.929  -3.401  -2.270 0.1428571492
108120  -35.797  1.939  -1.940 0.2857142985
66926  -35.523  4.344  -1.702 0.2857142985
66054  -35.447  3.288  -2.898 0.2857142985
67806  -35.192  5.019  -2.231 0.2857142985
66941  -35.142  3.908  -3.331 0.2857142985
65193  -35.424  2.435  -3.356 0.2857142985
66932  -34.864  4.599  -2.994 0.4285714328
57914  -33.399  -4.791  -1.884 0.1428571492
58858  -33.659  -4.133  -2.091 0.1428571492
58856  -31.963  -4.802  -2.527 0.1428571492
59711  -34.703  -3.266  -1.736 0.2857142985
60591  -34.283  -2.575  -2.385 0.2857142985
62334  -35.725  -0.175  -1.530 0.2857142985
110228  -35.986  1.325  -1.578 0.2857142985
63305  -35.667  0.662  -1.896 0.2857142985
62356  -35.323  -0.067  -2.327 0.2857142985
120412  -35.682  1.337  -2.145 0.2857142985
58859  -34.261  -3.926  -1.802 0.1428571492
61393  -35.616  -1.934  -1.205 0.2857142985
59712  -35.150  -3.571  -1.189 0.2857142985
60559  -35.012  -2.266  -1.877 0.2857142985
61392  -35.265  -1.122  -1.886 0.2857142985
108723  -31.627  -7.761  -0.346 0.2857142985
56882  -32.748  -6.308  -1.421 0.1428571492
56881  -31.838  -6.606  -1.437 0.2857142985
56883  -33.496  -6.053  -1.275 0.1428571492
53692  -29.514  -9.853  0.348 0.2857142985
52667  -29.699  -10.723  0.661 0.2857142985
113484  -28.950  -11.269  0.448 0.2857142985
56859  -32.599  -6.934  -0.916 0.2857142985
52668  -30.618  -10.620  0.962 0.1428571492
50945  -29.043  -12.178  0.728 0.1428571492
60560  -35.338  -2.839  -1.228 0.2857142985
62335  -35.979  -1.031  -1.086 0.2857142985
65180  -35.823  2.554  -1.703 0.2857142985
115978  -35.198  1.991  -3.952 0.4285714328
66061  -35.202  3.206  -3.742 0.4285714328
67798  -34.709  5.711  -2.143 0.2857142985
66139  -31.134  3.238  -8.946 0.7142857313
67804  -33.895  5.747  -3.306 0.4285714328
68792  -30.870  6.400  -8.847 0.5714285970
125415  -31.648  8.456  -5.412 0.4285714328
71408  -31.745  9.349  -3.934 0.2857142985
72267  -31.948  10.911  -4.164 0.2857142985
72280  -31.380  10.786  -5.619 0.5714285970
73222  -30.920  11.726  -6.761 0.7142857313
76310  -29.934  14.782  -9.901 0.8571428657
79256  -28.128  18.166  -13.059 0.4285714328
79248  -28.035  17.320  -13.131 0.5714285970
79239  -28.712  17.600  -11.627 0.7142857313
77299  -30.229  15.381  -9.534 0.8571428657
77284  -30.798  15.191  -8.042 0.5714285970
80019  -30.159  18.303  -9.829 0.4285714328
84518  -26.220  24.557  -9.770 0.1428571492
81583  -29.356  20.640  -10.983 0.1428571492
114083  -30.877  -9.855  0.716 0.1428571492
52679  -28.360  -10.058  -0.270 0.2857142985
54749  -31.873  -8.302  0.203 0.1428571492
56858  -31.817  -7.264  -0.857 0.2857142985
57898  -33.810  -5.321  -1.461 0.1428571492
58813  -35.224  -4.821  -0.596 0.1428571492
58837  -35.291  -4.054  -0.766 0.1428571492
60590  -33.888  -2.030  -3.029 0.2857142985
61420  -34.550  -1.659  -2.514 0.2857142985
64236  -36.341  1.269  -0.965 0.2857142985
62355  -34.757  -0.725  -2.745 0.2857142985
63418  -31.082  0.964  -7.853 0.5714285970
62383  -34.979  0.141  -3.143 0.2857142985
120478  -35.413  0.896  -2.754 0.2857142985
64374  -30.613  1.534  -9.765 0.2857142985
68731  -34.130  6.222  -2.471 0.2857142985
66173  -30.463  3.585  -10.328 0.4285714328
67031  -30.869  3.937  -9.603 0.5714285970
113381  -29.757  6.909  -10.871 0.2857142985
110590  -30.379  5.669  -10.166 0.5714285970
68730  -33.457  6.538  -3.068 0.2857142985
69688  -30.075  7.548  -10.156 0.2857142985
107648  -33.117  7.218  -2.932 0.1428571492
70524  -32.081  8.438  -3.718 0.4285714328
71409  -32.208  9.319  -3.237 0.1428571492
72291  -31.189  10.466  -6.392 0.5714285970
75316  -30.680  13.274  -7.611 0.7142857313
78320  -30.011  15.981  -10.074 0.8571428657
76271  -32.112  13.988  -5.819 0.2857142985
76281  -32.485  14.695  -6.201 0.1428571492
82382  -26.158  21.472  -11.081 0.2857142985
77286  -32.236  15.963  -6.882 0.1428571492
123349  -30.488  16.978  -9.321 0.5714285970
105316  -31.865  16.344  -7.318 0.1428571492
79206  -30.750  17.575  -8.790 0.1428571492
83867  -25.757  23.303  -10.716 0.1428571492
79207  -31.335  17.303  -8.185 0.1428571492
80766  -30.768  19.859  -9.382 0.1428571492
81558  -31.251  20.410  -9.374 0.1428571492
81573  -30.629  20.663  -9.930 0.1428571492
111787  -28.694  22.353  -12.473 0.2857142985
83871  -29.832  23.059  -11.636 0.2857142985
83158  -29.971  22.548  -11.122 0.1428571492
83150  -30.434  22.160  -10.728 0.1428571492
53695  -33.040  -9.216  1.045 0.1428571492
57869  -34.197  -5.806  -0.919 0.1428571492
65176  -36.022  2.926  -1.119 0.2857142985
73206  -31.946  11.823  -4.593 0.2857142985
83151  -31.253  22.367  -10.627 0.1428571492
83880  -29.514  23.639  -12.293 0.2857142985
52678  -27.662  -10.422  -0.625 0.2857142985
106443  -31.942  -9.023  0.578 0.1428571492
124711  -32.531  -8.137  0.227 0.1428571492
55756  -32.439  -7.642  -0.250 0.1428571492
110307  -32.242  -5.292  -2.126 0.1428571492
57913  -32.690  -4.838  -2.191 0.1428571492
60608  -33.203  -2.285  -3.496 0.4285714328
59735  -33.064  -3.648  -2.627 0.1428571492
121946  -35.023  1.483  -3.998 0.4285714328
65259  -31.605  2.303  -8.096 0.5714285970
63419  -31.956  1.348  -7.238 0.4285714328
72290  -30.944  10.923  -6.961 0.7142857313
107078  -30.344  8.761  -9.076 0.8571428657
126419  -30.173  11.735  -9.274 0.8571428657
113566  -28.065  20.969  -13.688 0.2857142985
123188  -34.696  4.345  -3.636 0.4285714328
69663  -30.763  7.297  -8.837 0.5714285970
83156  -25.794  22.175  -11.895 0.2857142985
82400  -26.544  21.445  -13.731 0.2857142985
110339  -25.150  23.957  -12.621 0.2857142985
85180  -24.154  25.705  -12.184 0.1428571492
84526  -24.959  24.534  -12.195 0.2857142985
83870  -25.272  23.401  -11.899 0.2857142985
120009  -26.051  23.938  -13.751 0.2857142985
83888  -27.168  23.124  -13.881 0.2857142985
84523  -25.812  24.267  -10.739 0.1428571492
82402  -27.816  21.672  -13.729 0.2857142985
81582  -28.719  20.715  -11.732 0.2857142985
109393  -29.780  21.984  -10.992 0.1428571492
82371  -30.930  21.593  -10.217 0.1428571492
81572  -29.921  20.478  -10.458 0.1428571492
83157  -29.315  22.281  -11.618 0.1428571492
115096  -30.369  19.102  -9.487 0.1428571492
117910  -28.603  19.075  -11.378 0.5714285970
121134  -28.523  20.061  -12.171 0.5714285970
80010  -31.064  19.150  -8.956 0.1428571492
114760  -29.495  20.004  -10.702 0.2857142985
80779  -29.364  19.194  -10.746 0.4285714328
78309  -30.370  16.277  -9.403 0.4285714328
75317  -31.054  13.815  -6.998 0.4285714328
70578  -30.088  8.325  -9.696 0.4285714328
75308  -30.955  13.102  -6.929 0.4285714328
65298  -31.092  2.581  -9.466 0.4285714328
67023  -31.061  4.098  -8.664 0.7142857313
109479  -31.298  4.877  -8.384 0.7142857313
67030  -30.751  3.978  -10.170 0.4285714328
67895  -30.650  4.709  -10.057 0.5714285970
67049  -30.251  4.463  -10.553 0.2857142985
67881  -31.086  5.489  -8.627 0.7142857313
73223  -31.194  11.222  -6.245 0.5714285970
63432  -30.684  0.823  -8.772 0.5714285970
125204  -31.742  8.686  -4.561 0.4285714328
67812  -34.350  4.980  -3.539 0.4285714328
65184  -35.636  2.565  -2.413 0.2857142985
64257  -35.591  1.790  -2.685 0.2857142985
66933  -35.372  4.119  -2.545 0.2857142985
64267  -35.329  1.581  -3.405 0.2857142985
67805  -34.539  5.373  -2.790 0.4285714328
57899  -34.520  -5.055  -1.118 0.1428571492
58835  -34.119  -4.587  -1.627 0.1428571492
63292  -36.118  0.587  -1.256 0.2857142985
58836  -34.767  -4.201  -1.306 0.1428571492
51791  -31.181  -11.279  1.308 0.1428571492
51789  -29.594  -11.567  0.825 0.1428571492
52669  -31.423  -10.425  1.152 0.1428571492
83863  -26.415  23.667  -9.941 0.1428571492
120522  -32.215  -10.205  1.274 0.1428571492
111116  -32.642  -8.690  0.575 0.1428571492
83143  -26.345  22.611  -10.033 0.1428571492
77336  -28.053  15.185  -12.352 0.5714285970
122862  -28.649  14.156  -11.631 0.4285714328
76318  -28.147  14.147  -12.297 0.4285714328
76319  -28.538  14.803  -11.719 0.5714285970
75351  -28.568  13.483  -11.847 0.4285714328
77319  -28.568  15.661  -11.862 0.4285714328
73279  -28.948  11.503  -10.975 0.4285714328
75342  -28.896  13.082  -11.063 0.4285714328
76308  -28.997  13.892  -11.097 0.5714285970
76320  -28.986  14.525  -11.225 0.5714285970
66902  -35.923  4.167  -0.383 0.1428571492
106220  -35.379  5.054  -1.473 0.1428571492
67799  -35.049  5.646  -1.550 0.1428571492
57940  -29.471  -5.796  -4.699 0.2857142985
66051  -35.651  3.366  -1.912 0.1428571492
66885  -36.581  4.455  1.165 0.1428571492
66903  -36.221  4.259  0.278 0.1428571492
67767  -36.996  5.440  1.325 0.1428571492
67774  -35.779  5.043  0.008 0.1428571492
123135  -37.637  6.015  1.600 0.1428571492
64220  -36.635  1.954  0.053 0.1428571492
65143  -36.608  2.754  0.325 0.1428571492
65177  -36.418  2.502  -0.541 0.1428571492
66021  -36.467  3.589  0.786 0.1428571492
66873  -38.027  4.741  2.349 0.1428571492
66022  -36.964  3.770  1.726 0.1428571492
68696  -41.158  6.220  0.484 0.1428571492
68669  -39.323  5.979  2.085 0.1428571492
116882  -40.019  6.697  1.410 0.1428571492
56923  -29.083  -6.578  -4.391 0.2857142985
121099  -36.537  -0.162  -0.122 0.1428571492
63294  -36.676  0.508  0.220 0.1428571492
63293  -36.418  0.541  -0.576 0.1428571492
62323  -36.262  -0.197  -0.873 0.1428571492
64237  -36.528  1.229  -0.209 0.1428571492
117456  -37.200  2.315  2.024 0.1428571492
64202  -37.216  1.530  1.704 0.1428571492
124958  -38.039  3.202  2.526 0.1428571492
65165  -36.817  2.098  1.025 0.1428571492
66875  -39.217  4.178  2.529 0.1428571492
66887  -40.495  4.447  1.868 0.1428571492
67771  -41.379  5.200  0.429 0.1428571492
67770  -40.367  5.378  1.694 0.1428571492
55808  -28.044  -7.549  -4.253 0.2857142985
55794  -28.260  -7.745  -3.554 0.2857142985
61383  -36.204  -1.798  -0.474 0.1428571492
61375  -37.160  -1.291  0.956 0.1428571492
126052  -36.871  -0.121  0.504 0.1428571492
63285  -37.204  0.308  1.023 0.1428571492
123250  -37.760  1.774  2.457 0.1428571492
64221  -36.894  1.217  0.714 0.1428571492
65127  -39.355  2.576  2.745 0.1428571492
66876  -39.996  4.065  2.324 0.1428571492
66007  -39.842  3.262  2.520 0.1428571492
68710  -41.563  6.506  -0.292 0.1428571492
60542  -35.841  -2.544  -0.596 0.1428571492
61374  -36.650  -1.525  0.253 0.1428571492
60527  -36.518  -2.279  0.149 0.1428571492
61376  -37.487  -1.010  1.824 0.1428571492
61363  -37.466  -1.876  1.660 0.1428571492
111672  -39.251  1.089  3.199 0.1428571492
62313  -37.232  -0.511  1.037 0.1428571492
63275  -37.934  0.305  2.530 0.1428571492
64187  -39.661  1.764  2.972 0.1428571492
66904  -41.483  4.314  0.540 0.1428571492
66008  -40.587  2.776  2.233 0.1428571492
66920  -41.822  4.637  -0.310 0.1428571492
60528  -36.787  -2.907  0.625 0.1428571492
59690  -35.638  -3.411  -0.540 0.1428571492
60510  -38.849  -1.996  3.227 0.1428571492
60509  -37.919  -2.477  2.450 0.1428571492
116673  -36.994  -2.115  0.837 0.1428571492
62282  -38.118  -0.564  2.738 0.1428571492
61364  -38.024  -1.518  2.574 0.1428571492
121289  -40.830  0.729  2.698 0.1428571492
63259  -40.323  0.304  3.228 0.1428571492
64188  -40.418  1.568  2.710 0.1428571492
65145  -41.195  2.277  1.845 0.1428571492
66024  -41.133  3.963  1.409 0.1428571492
65128  -40.099  2.347  2.672 0.1428571492
60490  -39.615  -2.671  3.386 0.1428571492
60508  -37.327  -2.890  1.455 0.1428571492
61342  -40.624  -1.390  3.333 0.1428571492
121826  -39.843  -1.899  3.429 0.1428571492
62272  -40.826  -0.018  3.034 0.1428571492
62284  -40.199  -0.452  3.374 0.1428571492
116651  -41.173  3.090  1.613 0.1428571492
63276  -41.788  0.977  1.490 0.1428571492
61340  -38.738  -1.152  3.224 0.1428571492
63257  -38.732  0.286  3.190 0.1428571492
64203  -37.680  1.028  2.302 0.1428571492
120526  -41.997  5.076  -0.714 0.1428571492
68711  -42.036  6.323  -0.874 0.1428571492
66888  -41.016  4.832  1.223 0.1428571492
66004  -37.771  3.899  2.398 0.1428571492
67758  -39.843  4.810  2.210 0.1428571492
106211  -35.748  3.766  -1.022 0.1428571492
55795  -29.011  -7.395  -2.982 0.2857142985
65166  -41.660  2.500  1.099 0.1428571492
66046  -41.807  3.872  -0.054 0.1428571492
67792  -42.167  5.490  -1.038 0.1428571492
69582  -42.250  7.029  -1.414 0.1428571492
120239  -29.349  11.142  -10.389 0.4285714328
68688  -40.491  6.189  1.263 0.1428571492
68668  -38.888  6.415  1.926 0.1428571492
68695  -40.493  6.935  0.864 0.1428571492
67789  -35.363  5.566  -0.727 0.1428571492
78345  -28.188  16.068  -12.653 0.4285714328
83872  -30.323  23.723  -11.990 0.1428571492
56906  -28.693  -7.217  -3.952 0.2857142985
66919  -35.562  4.628  -0.867 0.1428571492
107915  -36.421  -0.922  -0.365 0.1428571492
125996  -36.231  -2.390  -0.261 0.1428571492
60543  -36.287  -2.992  -0.050 0.1428571492
64235  -36.193  2.053  -1.249 0.1428571492
108459  -36.335  5.033  0.679 0.1428571492
66886  -37.345  4.607  1.838 0.1428571492
66040  -36.307  3.425  -0.315 0.1428571492
67768  -37.765  5.387  1.955 0.1428571492
67775  -36.435  5.976  0.581 0.1428571492
108710  -37.198  6.405  1.173 0.1428571492
67755  -38.280  6.074  1.928 0.1428571492
65144  -36.797  2.925  1.437 0.1428571492
66874  -38.677  4.906  2.423 0.1428571492
65125  -37.426  3.118  2.229 0.1428571492
67769  -39.898  6.132  1.803 0.1428571492
64185  -37.946  2.544  2.520 0.1428571492
64222  -37.278  0.872  1.471 0.1428571492
66005  -38.535  3.603  2.577 0.1428571492
65126  -38.620  2.852  2.651 0.1428571492
63286  -37.431  0.429  1.871 0.1428571492
115064  -37.448  -0.205  1.881 0.1428571492
64186  -38.683  1.903  2.848 0.1428571492
125666  -38.161  1.417  2.666 0.1428571492
66023  -40.547  3.603  2.064 0.1428571492
112607  -38.424  1.007  2.849 0.1428571492
110306  -40.047  0.999  3.170 0.1428571492
63258  -39.641  0.292  3.349 0.1428571492
62283  -39.171  -0.464  3.352 0.1428571492
120452  -41.478  0.725  2.126 0.1428571492
64189  -41.211  1.461  2.155 0.1428571492
64204  -41.685  1.730  1.338 0.1428571492
61341  -39.558  -1.234  3.408 0.1428571492
51787  -27.669  -12.412  0.236 0.1428571492
51802  -27.360  -11.216  -0.494 0.1428571492
122452  -25.755  -11.714  -1.168 0.1428571492
51803  -28.216  -10.992  -0.122 0.1428571492
52691  -27.225  -10.011  -1.195 0.1428571492
53722  -27.591  -9.378  -1.499 0.1428571492
53721  -26.846  -9.693  -1.868 0.1428571492
54773  -27.077  -8.898  -2.992 0.1428571492
54762  -27.939  -8.789  -1.846 0.1428571492
54774  -28.252  -8.339  -2.348 0.1428571492
52699  -25.581  -9.656  -2.453 0.1428571492
53741  -26.405  -8.890  -3.281 0.1428571492
54783  -27.746  -8.323  -3.171 0.1428571492
55792  -26.683  -7.942  -4.226 0.1428571492
55806  -26.600  -7.223  -4.607 0.1428571492
56921  -27.308  -6.863  -5.062 0.1428571492
55807  -27.415  -7.484  -4.551 0.1428571492
56936  -27.882  -6.491  -5.427 0.2857142985
57939  -28.649  -6.202  -5.317 0.1428571492
57953  -29.165  -5.497  -5.552 0.1428571492
58888  -29.816  -5.037  -4.967 0.1428571492
57952  -27.965  -5.903  -5.859 0.2857142985
61506  -30.242  -1.442  -8.322 0.4285714328
61507  -30.807  -0.974  -7.618 0.4285714328
71466  -29.620  9.692  -10.047 0.2857142985
72331  -28.982  10.771  -10.862 0.2857142985
75349  -27.461  12.886  -12.647 0.2857142985
56922  -28.201  -7.025  -4.832 0.1428571492
56935  -27.145  -6.044  -5.534 0.1428571492
117651  -28.542  -5.620  -5.890 0.2857142985
121638  -29.479  -4.792  -5.807 0.1428571492
52690  -26.455  -10.326  -1.607 0.1428571492
53733  -26.430  -9.380  -2.634 0.1428571492
54781  -25.961  -8.405  -3.734 0.1428571492
57963  -28.072  -5.218  -6.332 0.2857142985
58898  -28.846  -5.140  -6.196 0.2857142985
58912  -28.497  -4.629  -6.611 0.2857142985
58913  -29.130  -4.603  -6.419 0.2857142985
60656  -30.452  -2.523  -7.001 0.4285714328
61505  -29.863  -1.853  -8.321 0.2857142985
70577  -29.639  8.499  -10.307 0.2857142985
71475  -29.368  9.229  -10.650 0.2857142985
72332  -29.504  10.520  -10.260 0.2857142985
72341  -28.598  10.260  -11.253 0.2857142985
74324  -29.005  12.265  -11.077 0.2857142985
74339  -28.064  12.312  -12.609 0.2857142985
75350  -28.099  13.143  -12.517 0.2857142985
58899  -29.717  -4.035  -6.248 0.2857142985
124198  -29.553  9.108  -10.134 0.2857142985
71474  -29.245  10.000  -10.796 0.2857142985
70599  -29.244  8.520  -11.029 0.2857142985
115257  -28.498  11.065  -11.629 0.2857142985
73292  -28.561  11.844  -11.973 0.2857142985
73291  -27.803  11.395  -12.296 0.2857142985
74340  -28.562  12.644  -12.021 0.2857142985
108677  -28.155  9.691  -11.504 0.2857142985
72340  -27.967  10.491  -11.797 0.2857142985
61494  -30.628  -1.790  -7.426 0.4285714328
109780  -28.455  -7.925  -2.836 0.1428571492
59793  -30.186  -3.258  -6.594 0.4285714328
50955  -27.006  -11.955  -0.234 0.1428571492
52677  -26.890  -10.751  -1.015 0.1428571492
53734  -27.261  -9.156  -2.225 0.1428571492
54782  -26.903  -8.483  -3.652 0.1428571492
57951  -27.442  -5.416  -6.034 0.2857142985
60669  -30.151  -2.233  -7.869 0.4285714328
60655  -29.944  -2.911  -7.427 0.4285714328
62461  -29.922  -0.265  -9.107 0.2857142985
61513  -30.086  -0.789  -8.794 0.2857142985
64363  -30.928  1.409  -9.294 0.2857142985
85843  -28.308  27.511  -15.137 0.1428571492
85200  -28.755  26.769  -15.003 0.1428571492
84546  -27.877  25.171  -14.670 0.1428571492
84537  -28.461  24.651  -13.968 0.1428571492
83879  -29.029  24.188  -12.998 0.1428571492
86438  -28.316  27.937  -15.063 0.1428571492
84536  -25.820  24.755  -14.233 0.1428571492
117654  -24.611  27.128  -13.221 0.1428571492
62462  -30.281  -0.056  -8.959 0.2857142985
63437  -30.269  0.753  -9.381 0.2857142985
84531  -29.788  24.457  -12.689 0.1428571492
85192  -29.613  26.383  -14.457 0.1428571492
83165  -28.761  23.258  -12.722 0.1428571492
85191  -28.632  25.738  -14.597 0.1428571492
84538  -29.336  25.127  -13.572 0.1428571492
123205  -28.250  23.573  -13.618 0.1428571492
85190  -26.674  26.258  -14.755 0.1428571492
85833  -24.895  26.607  -13.743 0.1428571492
84544  -25.771  25.847  -14.326 0.1428571492
106793  -25.014  25.450  -13.675 0.1428571492
85185  -24.311  25.963  -13.162 0.1428571492
83893  -27.666  24.012  -14.267 0.1428571492
85199  -28.044  26.316  -15.028 0.1428571492
85842  -27.595  27.466  -15.013 0.1428571492
84545  -27.267  24.775  -14.656 0.1428571492
85198  -27.323  25.728  -14.854 0.1428571492
86428  -27.708  27.682  -14.659 0.1428571492
107062  -26.564  25.171  -14.681 0.1428571492
122802  -28.232  8.984  -11.504 0.1428571492
71487  -28.867  9.320  -11.201 0.1428571492
72338  -26.380  10.730  -11.571 0.1428571492
73289  -26.164  11.511  -11.699 0.1428571492
73290  -26.829  11.400  -12.174 0.1428571492
74337  -25.941  12.351  -11.608 0.1428571492
74354  -26.322  12.917  -12.012 0.1428571492
75356  -25.798  13.562  -12.010 0.2857142985
123655  -29.944  3.099  -10.427 0.1428571492
121749  -29.456  6.534  -11.237 0.1428571492
69699  -29.076  7.887  -11.318 0.1428571492
70597  -27.582  9.118  -11.571 0.1428571492
76328  -26.777  14.367  -12.636 0.1428571492
75357  -26.666  13.488  -12.525 0.1428571492
76327  -25.978  14.207  -12.415 0.2857142985
124989  -26.494  15.464  -12.638 0.2857142985
79238  -24.692  17.822  -11.539 0.2857142985
79237  -23.757  17.168  -11.067 0.2857142985
80025  -24.398  18.606  -11.312 0.2857142985
82369  -26.333  21.807  -10.497 0.1428571492
80755  -25.826  20.019  -8.603 0.1428571492
77335  -27.612  15.620  -12.852 0.2857142985
109926  -26.297  14.938  -12.489 0.2857142985
77334  -26.817  16.111  -12.943 0.2857142985
79255  -27.504  18.042  -13.138 0.2857142985
106015  -26.485  17.036  -12.743 0.2857142985
119920  -25.123  16.975  -11.602 0.2857142985
79246  -25.743  17.611  -12.283 0.2857142985
124405  -24.626  20.372  -10.508 0.1428571492
79229  -23.119  17.754  -10.425 0.2857142985
82357  -26.421  21.714  -9.767 0.1428571492
82348  -26.819  21.529  -8.957 0.1428571492
78329  -24.086  16.278  -10.477 0.1428571492
109203  -23.591  17.964  -11.155 0.2857142985
80778  -23.824  19.635  -10.169 0.1428571492
80024  -23.427  18.710  -10.736 0.2857142985
124491  -24.275  20.184  -9.629 0.1428571492
80765  -23.752  19.689  -9.364 0.1428571492
74336  -25.331  12.723  -11.217 0.2857142985
79220  -22.754  18.279  -10.104 0.1428571492
79995  -26.222  19.559  -8.403 0.1428571492
80008  -23.237  19.235  -9.477 0.1428571492
116079  -26.242  11.501  -10.055 0.1428571492
69698  -28.488  7.569  -11.509 0.1428571492
75303  -32.580  13.611  -5.121 0.1428571492
106531  -26.928  9.308  -11.457 0.1428571492
71486  -27.398  9.890  -11.555 0.1428571492
74338  -27.278  12.110  -12.584 0.1428571492
73278  -25.773  11.801  -11.200 0.1428571492
75348  -25.072  13.410  -11.454 0.2857142985
120076  -25.708  14.804  -12.194 0.1428571492
77333  -25.930  15.594  -12.408 0.1428571492
78343  -25.918  16.556  -12.383 0.2857142985
78331  -25.376  16.098  -11.682 0.1428571492
79204  -24.469  17.761  -8.853 0.1428571492
80754  -24.467  19.759  -8.874 0.1428571492
114518  -25.499  19.615  -8.562 0.1428571492
125595  -31.751  12.151  -5.092 0.1428571492
74275  -32.151  12.721  -4.865 0.1428571492
79247  -26.622  17.826  -12.844 0.2857142985
80034  -26.019  18.518  -12.671 0.2857142985
81556  -25.204  20.671  -9.752 0.1428571492
80033  -25.309  18.531  -11.979 0.2857142985
80789  -24.280  19.391  -10.956 0.2857142985
81570  -24.701  20.057  -11.268 0.2857142985
81547  -24.665  20.230  -9.053 0.1428571492
78344  -27.818  16.499  -13.061 0.2857142985
67904  -29.819  5.244  -10.971 0.1428571492
67048  -29.604  4.666  -10.959 0.1428571492
69687  -29.508  7.747  -10.872 0.1428571492
71396  -32.254  10.168  -3.529 0.1428571492
75358  -27.464  13.768  -12.636 0.1428571492
76329  -27.514  14.709  -12.604 0.1428571492
70598  -28.644  8.441  -11.409 0.1428571492
72339  -27.162  10.670  -11.838 0.1428571492
70596  -27.042  8.500  -11.397 0.1428571492
109062  -27.897  8.369  -11.558 0.1428571492
73304  -26.531  12.121  -12.217 0.1428571492
68834  -29.244  7.204  -11.363 0.1428571492
74353  -25.723  13.022  -11.573 0.1428571492
74355  -26.880  12.683  -12.509 0.1428571492
68833  -28.908  6.685  -11.476 0.1428571492
108932  -26.925  15.200  -12.722 0.2857142985
79228  -23.193  16.830  -10.368 0.1428571492
80747  -26.968  19.717  -8.135 0.1428571492
114277  -27.309  17.108  -13.095 0.2857142985
114294  -24.737  16.449  -11.056 0.1428571492
80017  -23.117  18.868  -9.983 0.2857142985
108599  -26.727  22.251  -9.330 0.1428571492
57949  -26.004  -4.976  -5.313 0.1428571492
58911  -27.873  -4.563  -6.669 0.1428571492
59778  -25.398  -3.628  -5.541 0.1428571492
59789  -26.145  -3.380  -6.238 0.1428571492
60653  -26.520  -2.845  -6.921 0.1428571492
121769  -27.566  -3.673  -7.106 0.1428571492
60665  -27.013  -2.300  -7.395 0.1428571492
59803  -28.811  -3.531  -7.366 0.1428571492
61503  -27.701  -1.714  -7.778 0.1428571492
60666  -27.905  -2.544  -7.628 0.1428571492
61504  -28.632  -1.973  -7.977 0.1428571492
60668  -29.651  -2.507  -7.887 0.1428571492
61493  -26.168  -2.011  -7.048 0.1428571492
61511  -29.374  -1.512  -8.435 0.1428571492
62460  -29.263  -0.667  -8.830 0.1428571492
64373  -29.976  1.178  -9.791 0.1428571492
59791  -28.155  -4.059  -7.076 0.1428571492
122310  -29.505  -3.513  -7.022 0.1428571492
58887  -25.398  -4.444  -5.158 0.1428571492
110061  -26.959  -3.565  -6.805 0.1428571492
79219  -22.924  17.204  -10.352 0.1428571492
65297  -30.811  2.276  -9.852 0.1428571492
125689  -26.769  -4.567  -6.114 0.1428571492
57950  -26.724  -5.113  -5.805 0.1428571492
59792  -28.990  -4.147  -6.905 0.1428571492
61512  -29.838  -1.120  -8.673 0.1428571492
59779  -26.200  -4.292  -5.759 0.1428571492
58910  -27.442  -4.129  -6.754 0.1428571492
59790  -26.809  -4.112  -6.361 0.1428571492
60640  -25.249  -2.806  -5.854 0.1428571492
60654  -27.296  -3.089  -7.271 0.1428571492
59802  -28.075  -3.325  -7.416 0.1428571492
61502  -26.772  -1.415  -7.495 0.1428571492
60667  -28.851  -2.768  -7.758 0.1428571492
61510  -28.476  -1.211  -8.245 0.1428571492
61492  -25.369  -1.651  -6.634 0.1428571492
57937  -25.448  -5.316  -4.726 0.1428571492
51788  -28.336  -11.828  0.291 0.1428571492
53706  -27.952  -9.676  -0.838 0.2857142985
53708  -29.417  -9.071  -0.127 0.4285714328
55769  -30.336  -7.320  -1.503 0.4285714328
55793  -27.535  -7.998  -3.992 0.1428571492
56920  -26.506  -6.483  -4.919 0.1428571492
58897  -27.304  -4.757  -6.373 0.1428571492
59781  -30.948  -3.047  -5.140 0.5714285970
62324  -36.779  -0.756  0.381 0.1428571492
62454  -30.512  -0.620  -8.412 0.2857142985
65129  -40.700  2.086  2.366 0.1428571492
66006  -39.120  3.293  2.646 0.1428571492
67756  -38.797  5.684  2.241 0.1428571492
67757  -39.261  5.201  2.334 0.1428571492
67791  -41.747  5.620  -0.343 0.1428571492
109565  -30.181  -10.066  0.633 0.2857142985
114007  -39.727  5.528  2.099 0.1428571492
115473  -38.313  5.366  2.255 0.1428571492
120785  -40.916  5.582  1.047 0.1428571492
121572  -29.366  -2.114  -8.092 0.1428571492
122038  -36.448  1.819  -0.631 0.1428571492
122948  -24.299  19.949  -10.686 0.1428571492
125309  -28.997  -8.277  -1.250 0.2857142985
125326  -38.434  4.253  2.502 0.1428571492
126483  -27.643  -8.691  -2.504 0.1428571492
126545  -29.380  -3.087  -7.554 0.1428571492
