#!ascii label  , from subject sub-v1s18x0051278_ses-1 vox2ras=TkReg
755
54610  17.416  -17.349  -3.595 0.1428571492
54599  16.994  -17.886  -3.098 0.1428571492
56423  17.129  -15.765  -3.768 0.1428571492
110779  19.376  -18.966  -4.086 0.1428571492
54623  17.997  -16.999  -4.284 0.2857142985
55504  16.891  -16.608  -3.364 0.1428571492
54622  18.777  -17.354  -4.604 0.1428571492
57312  18.250  -14.795  -4.813 0.5714285970
55525  19.387  -16.808  -5.187 0.1428571492
55523  21.770  -16.637  -6.187 0.2857142985
54636  21.227  -17.208  -5.871 0.2857142985
55521  23.428  -16.637  -6.021 0.1428571492
55522  22.619  -16.678  -6.158 0.2857142985
58293  23.996  -13.714  -7.029 0.2857142985
58294  23.194  -13.850  -6.951 0.1428571492
58295  22.306  -13.898  -6.962 0.2857142985
118017  24.381  -11.901  -8.147 0.2857142985
58308  24.106  -13.097  -7.492 0.2857142985
61107  23.993  -10.819  -9.306 0.2857142985
60160  23.983  -11.477  -8.758 0.2857142985
62015  24.493  -9.167  -10.009 0.2857142985
64685  24.265  -6.660  -10.675 0.8571428657
63762  24.621  -8.097  -10.588 0.4285714328
62001  24.772  -9.504  -9.465 0.2857142985
66513  25.209  -5.033  -11.581 0.7142857313
65601  25.982  -6.082  -12.090 0.7142857313
65602  25.245  -6.070  -11.404 0.7142857313
64677  23.560  -6.875  -10.307 0.7142857313
67400  26.204  -3.876  -12.520 0.8571428657
66512  25.636  -4.321  -12.089 0.5714285970
111806  24.969  -3.903  -11.409 0.8571428657
65592  24.512  -5.323  -10.919 0.7142857313
65593  23.906  -5.695  -10.595 0.7142857313
119144  27.823  -2.658  -13.777 0.4285714328
115430  26.176  -3.085  -12.434 0.7142857313
67391  25.550  -3.299  -11.893 0.8571428657
70285  28.217  -1.170  -14.248 0.2857142985
127772  27.599  0.140  -13.590 0.5714285970
111540  27.080  -1.946  -13.207 0.8571428657
69306  27.643  -1.618  -13.737 0.7142857313
68345  26.523  -2.412  -12.681 0.8571428657
71232  28.574  0.498  -14.433 0.1428571492
70294  28.878  -0.501  -14.662 0.1428571492
111280  28.071  -0.149  -14.122 0.4285714328
70287  27.047  -0.999  -13.100 0.5714285970
69274  26.532  -1.411  -12.537 0.8571428657
73980  28.555  3.219  -15.173 0.1428571492
72214  29.391  1.152  -15.382 0.1428571492
72207  28.506  1.307  -14.332 0.1428571492
71233  28.043  0.693  -13.881 0.4285714328
70279  26.591  -0.481  -12.365 0.8571428657
74826  28.362  3.754  -15.683 0.1428571492
73986  28.787  3.291  -16.276 0.1428571492
122473  28.148  3.823  -14.699 0.1428571492
73101  28.398  2.336  -14.406 0.1428571492
73102  27.895  2.206  -13.396 0.4285714328
72200  27.527  1.627  -12.823 0.5714285970
71225  27.067  1.025  -12.378 0.7142857313
71214  26.259  0.061  -11.508 0.8571428657
116232  27.656  4.546  -14.464 0.1428571492
121043  27.356  5.136  -14.092 0.1428571492
74816  27.797  4.109  -13.855 0.1428571492
73959  27.879  3.174  -13.569 0.5714285970
72201  27.212  1.794  -11.791 0.8571428657
124113  26.750  0.366  -12.231 0.8571428657
114442  26.591  1.015  -11.403 0.8571428657
75656  27.244  5.027  -15.077 0.1428571492
75657  26.863  5.659  -14.423 0.2857142985
75641  27.519  4.745  -13.519 0.1428571492
75625  27.382  4.775  -12.601 0.8571428657
73960  27.496  3.373  -12.152 0.8571428657
73088  27.577  2.468  -12.503 0.7142857313
73944  27.166  3.572  -11.027 0.8571428657
77278  26.270  6.999  -13.978 0.1428571492
77279  25.791  7.041  -14.797 0.1428571492
76460  26.664  6.342  -13.695 0.4285714328
117114  26.794  5.915  -11.638 0.8571428657
75626  27.146  5.120  -11.691 0.8571428657
74802  27.328  4.245  -11.756 0.8571428657
73945  26.317  3.625  -10.575 0.8571428657
119902  26.530  6.915  -13.156 0.4285714328
75610  26.614  5.464  -10.754 0.8571428657
74788  26.758  4.512  -10.705 0.8571428657
124722  26.055  5.063  -10.438 0.8571428657
77266  25.847  7.751  -14.080 0.1428571492
78158  25.750  8.659  -13.513 0.2857142985
77265  26.345  7.526  -13.151 0.5714285970
78144  26.230  7.907  -12.232 0.8571428657
77253  26.470  7.164  -12.301 0.8571428657
76435  26.517  6.670  -11.450 0.8571428657
119741  26.466  6.163  -10.853 0.8571428657
76436  26.047  6.752  -10.701 0.8571428657
118558  25.759  5.860  -10.495 0.8571428657
78978  25.283  9.288  -14.050 0.2857142985
78157  26.167  8.181  -13.064 0.5714285970
78145  25.885  8.748  -12.290 0.8571428657
77240  25.446  7.521  -10.611 0.8571428657
77241  24.557  7.920  -10.482 0.8571428657
76437  25.105  6.616  -10.413 0.8571428657
78952  25.518  9.485  -12.060 0.8571428657
78940  25.080  9.828  -11.552 0.8571428657
78132  24.697  8.740  -10.621 0.8571428657
78941  24.041  9.254  -10.569 0.7142857313
78133  23.767  8.379  -10.467 0.7142857313
79733  25.263  10.122  -12.405 0.8571428657
79720  24.742  10.700  -11.798 0.8571428657
124260  24.811  9.416  -10.879 0.8571428657
79721  23.927  10.736  -11.184 0.8571428657
80460  24.248  11.508  -11.660 0.8571428657
78942  23.447  9.890  -10.694 0.7142857313
81287  24.516  12.370  -13.717 0.7142857313
113743  24.538  11.970  -12.565 0.8571428657
81272  24.052  12.912  -12.470 0.8571428657
81965  23.475  13.336  -12.190 0.8571428657
82654  23.043  14.781  -12.905 0.7142857313
118052  24.410  10.025  -10.986 0.8571428657
81262  23.762  12.646  -11.902 0.8571428657
82678  23.135  14.228  -17.078 0.1428571492
118405  23.783  13.554  -12.733 0.8571428657
82653  23.668  14.100  -13.363 0.7142857313
83292  23.330  14.928  -13.721 0.7142857313
82643  23.284  14.089  -12.469 0.8571428657
83322  22.309  15.781  -17.633 0.1428571492
83304  23.420  15.144  -14.572 0.5714285970
83305  22.862  15.857  -14.735 0.5714285970
83967  22.377  16.586  -15.282 0.5714285970
83311  22.842  15.954  -15.757 0.1428571492
127515  21.302  16.183  -19.015 0.1428571492
83968  21.898  17.161  -15.311 0.5714285970
84628  20.826  17.845  -18.631 0.1428571492
84631  20.268  17.793  -19.877 0.1428571492
84623  21.902  17.324  -16.933 0.1428571492
122349  19.841  18.763  -20.123 0.1428571492
84618  22.131  17.123  -16.135 0.5714285970
85328  20.107  18.664  -19.390 0.1428571492
85324  20.651  18.592  -17.924 0.1428571492
86161  19.702  20.375  -20.252 0.1428571492
85325  19.938  19.474  -18.817 0.1428571492
53620  17.743  -18.955  -3.123 0.1428571492
124176  17.216  -18.515  -2.972 0.1428571492
55512  18.593  -16.471  -4.714 0.2857142985
125055  20.084  -17.921  -5.043 0.1428571492
54619  21.573  -17.765  -5.361 0.2857142985
127583  20.562  -17.113  -5.767 0.2857142985
57335  24.128  -14.431  -6.644 0.2857142985
57336  23.464  -14.743  -6.642 0.2857142985
56456  22.896  -15.432  -6.560 0.1428571492
62016  23.858  -9.376  -9.944 0.2857142985
62003  23.675  -10.120  -9.565 0.2857142985
63769  24.953  -7.521  -10.916 0.4285714328
63763  23.747  -7.866  -10.282 0.5714285970
67399  26.924  -3.585  -13.092 0.2857142985
114423  23.484  -6.121  -10.361 0.7142857313
69305  28.623  -2.521  -14.274 0.1428571492
69275  25.544  -1.795  -11.362 0.8571428657
70278  27.118  -0.032  -12.991 0.7142857313
74827  27.787  4.322  -15.741 0.1428571492
74801  27.580  4.087  -12.922 0.8571428657
73075  26.755  2.951  -10.781 0.8571428657
74789  25.637  4.329  -10.435 0.8571428657
79743  25.236  10.140  -13.379 0.8571428657
80484  24.685  11.669  -13.143 0.8571428657
81980  24.211  13.170  -13.334 0.8571428657
82662  23.747  14.374  -14.373 0.7142857313
83310  23.333  15.329  -15.469 0.2857142985
111383  22.516  16.466  -16.168 0.1428571492
84627  21.573  17.177  -17.814 0.1428571492
85332  20.570  19.166  -20.425 0.1428571492
53622  15.923  -18.056  -2.289 0.1428571492
55526  19.042  -15.914  -5.177 0.4285714328
55541  20.904  -15.751  -6.319 0.2857142985
110958  19.616  -16.121  -5.628 0.4285714328
56443  18.789  -15.200  -5.119 0.2857142985
119534  22.148  -15.332  -6.574 0.1428571492
119233  24.705  -13.991  -6.542 0.2857142985
59227  24.507  -12.549  -7.440 0.2857142985
59240  23.246  -12.661  -8.212 0.2857142985
59241  22.480  -12.511  -8.075 0.2857142985
59239  23.955  -12.664  -8.087 0.2857142985
73114  28.969  2.563  -15.637 0.1428571492
74831  28.330  3.832  -16.806 0.1428571492
75667  26.588  5.535  -15.675 0.1428571492
76470  26.183  6.309  -14.935 0.1428571492
75642  27.129  5.557  -13.039 0.8571428657
72183  26.575  2.037  -10.898 0.8571428657
71215  25.912  1.223  -10.748 1.0000000000
118435  25.393  7.540  -15.295 0.1428571492
78169  25.359  8.396  -14.731 0.1428571492
78965  24.878  9.955  -14.499 0.2857142985
77243  22.808  8.074  -10.615 0.8571428657
80496  24.620  11.546  -14.228 0.5714285970
81986  24.429  12.950  -14.173 0.5714285970
81987  24.121  13.603  -14.224 0.7142857313
82667  23.713  14.570  -15.328 0.4285714328
108309  24.038  13.158  -15.718 0.2857142985
81998  23.703  13.820  -16.203 0.2857142985
82673  23.455  14.773  -16.268 0.1428571492
126690  23.157  15.427  -16.286 0.1428571492
83315  22.751  15.918  -16.697 0.1428571492
85320  21.187  18.344  -16.511 0.2857142985
83976  21.670  16.361  -18.157 0.1428571492
85321  20.426  19.361  -17.211 0.1428571492
83977  21.077  16.887  -19.139 0.1428571492
86158  19.545  20.420  -19.695 0.1428571492
86911  19.347  21.241  -18.833 0.1428571492
79755  24.591  10.670  -14.860 0.4285714328
81299  24.491  12.287  -14.700 0.4285714328
81992  24.318  13.037  -14.978 0.4285714328
108631  24.087  13.803  -15.163 0.5714285970
53649  18.977  -18.226  -4.413 0.1428571492
55513  17.448  -16.576  -3.853 0.1428571492
54611  16.795  -17.240  -3.106 0.1428571492
112656  15.753  -17.224  -2.380 0.1428571492
127922  17.849  -16.131  -4.338 0.4285714328
56410  16.239  -15.912  -3.171 0.2857142985
56431  18.404  -15.606  -4.720 0.5714285970
54620  20.704  -17.728  -5.353 0.1428571492
56441  20.191  -15.815  -6.076 0.1428571492
55539  22.358  -16.045  -6.384 0.1428571492
58309  23.552  -13.184  -7.626 0.2857142985
66504  23.766  -4.815  -10.508 0.7142857313
68352  27.224  -2.842  -13.348 0.8571428657
68346  25.882  -2.478  -11.971 0.8571428657
71224  27.406  0.796  -13.201 0.5714285970
126828  28.257  3.118  -14.476 0.2857142985
117208  28.914  1.717  -15.105 0.1428571492
73089  27.236  2.699  -11.409 0.8571428657
76448  26.712  6.443  -12.544 0.8571428657
78131  25.894  8.228  -11.298 0.8571428657
77239  26.244  7.431  -11.298 0.8571428657
118275  24.547  7.187  -10.396 0.8571428657
116225  25.419  9.029  -11.213 0.8571428657
79734  24.943  10.855  -12.769 0.8571428657
80471  24.623  11.510  -12.298 0.8571428657
83321  22.981  15.127  -17.159 0.1428571492
83962  22.273  16.376  -14.382 0.5714285970
83985  20.376  16.665  -20.041 0.1428571492
84619  21.582  17.646  -15.755 0.4285714328
85335  20.202  18.349  -20.261 0.1428571492
83972  22.288  16.668  -17.073 0.1428571492
84624  21.408  17.871  -17.322 0.1428571492
85329  19.652  19.522  -20.065 0.1428571492
57334  24.762  -14.763  -6.265 0.1428571492
79744  24.828  10.819  -13.791 0.5714285970
56442  19.387  -15.246  -5.673 0.4285714328
60148  22.969  -12.039  -8.617 0.5714285970
61092  21.462  -11.326  -7.984 0.5714285970
60151  20.063  -11.163  -7.351 0.5714285970
117552  18.109  -10.520  -6.698 0.2857142985
61988  20.927  -9.938  -8.067 0.5714285970
61990  19.234  -9.722  -7.567 0.5714285970
111249  18.162  -11.184  -6.425 0.4285714328
61093  20.648  -10.686  -7.748 0.5714285970
61976  16.881  -9.867  -6.482 0.2857142985
61991  17.958  -9.388  -7.297 0.4285714328
62885  22.239  -8.825  -8.727 0.4285714328
107514  21.372  -8.762  -8.458 0.5714285970
62006  19.684  -9.054  -8.019 0.5714285970
62888  18.582  -8.435  -7.994 0.4285714328
63747  22.541  -7.954  -8.881 0.5714285970
63748  20.897  -7.348  -8.513 0.5714285970
111626  20.011  -8.461  -8.252 0.4285714328
109581  22.005  -7.062  -8.648 0.7142857313
64661  20.178  -6.657  -8.569 0.4285714328
64659  22.639  -6.511  -9.042 0.4285714328
120440  18.584  -9.387  -7.489 0.4285714328
61992  17.191  -9.280  -7.045 0.2857142985
61993  16.488  -9.158  -6.795 0.2857142985
107492  19.236  -8.269  -8.166 0.4285714328
65563  22.321  -5.707  -8.980 0.7142857313
65581  20.686  -5.064  -9.183 0.4285714328
66490  22.084  -4.387  -9.324 0.7142857313
119254  20.205  -3.839  -9.726 0.5714285970
67371  21.681  -3.603  -9.523 0.7142857313
67384  19.893  -3.168  -10.090 0.2857142985
64678  23.022  -6.090  -9.746 0.5714285970
65578  23.214  -5.273  -10.097 0.5714285970
65579  22.650  -5.136  -9.306 0.7142857313
67369  23.136  -3.498  -9.789 0.7142857313
69234  22.207  -2.134  -9.686 0.7142857313
69253  22.619  -1.399  -9.805 0.7142857313
69254  21.743  -1.155  -10.074 0.7142857313
68324  21.193  -1.910  -9.937 0.4285714328
70244  21.128  -0.496  -10.541 0.4285714328
66503  24.409  -4.393  -10.882 0.5714285970
66488  23.209  -4.350  -9.999 0.5714285970
67382  24.338  -3.462  -10.736 0.5714285970
68323  23.888  -1.969  -10.154 0.5714285970
69252  23.388  -1.092  -9.936 0.7142857313
70243  22.490  -0.652  -10.130 0.7142857313
71201  23.675  0.432  -10.450 0.7142857313
116028  21.797  -0.369  -10.385 0.7142857313
71204  21.424  0.217  -10.693 0.5714285970
121939  21.997  1.507  -10.917 0.5714285970
128256  26.116  -1.802  -12.031 0.7142857313
69276  24.922  -1.497  -10.727 0.5714285970
68322  24.473  -1.924  -10.511 0.5714285970
70242  24.813  -0.676  -10.565 0.7142857313
69251  24.237  -1.254  -10.327 0.7142857313
72170  24.068  1.136  -10.505 0.8571428657
71205  20.683  0.098  -11.005 0.4285714328
72185  24.372  1.912  -10.480 0.7142857313
72186  23.411  1.844  -10.552 0.7142857313
73078  23.662  2.575  -10.560 0.7142857313
108795  21.935  2.143  -11.211 0.5714285970
73079  22.748  2.417  -10.816 0.7142857313
70264  25.417  -1.032  -10.951 0.5714285970
119005  23.984  -0.400  -10.346 0.7142857313
72169  25.008  1.195  -10.554 0.8571428657
72184  25.440  1.975  -10.562 0.8571428657
73948  22.925  3.238  -10.914 0.5714285970
74793  21.746  4.181  -11.724 0.2857142985
73077  24.745  2.674  -10.476 0.7142857313
118822  22.593  5.676  -11.232 0.7142857313
73076  25.888  2.792  -10.533 0.7142857313
73947  24.014  3.335  -10.527 0.8571428657
116679  23.421  3.863  -10.777 0.8571428657
116766  24.568  5.801  -10.465 0.8571428657
74790  24.343  4.220  -10.510 0.8571428657
75611  23.036  4.964  -11.093 0.5714285970
116765  23.514  5.731  -10.721 0.8571428657
76440  22.124  6.419  -11.331 0.7142857313
73946  25.152  3.499  -10.465 0.8571428657
114229  25.052  5.055  -10.373 0.8571428657
76439  23.023  6.467  -10.777 0.8571428657
76438  24.048  6.524  -10.466 0.8571428657
77242  23.576  7.380  -10.485 0.8571428657
119636  22.481  7.197  -10.853 0.7142857313
80461  23.395  11.481  -11.332 0.7142857313
117374  22.324  11.133  -11.293 0.7142857313
118719  21.499  10.883  -11.491 0.7142857313
80462  22.639  11.818  -11.389 0.7142857313
81255  23.284  12.259  -11.568 0.7142857313
81956  23.025  12.911  -11.814 0.8571428657
114499  21.939  14.146  -12.031 0.7142857313
81257  21.468  12.477  -11.784 0.7142857313
82646  20.455  14.440  -12.427 0.7142857313
83283  20.915  15.478  -12.560 0.7142857313
82644  22.522  14.512  -12.349 0.7142857313
83282  21.695  15.596  -12.633 0.7142857313
83284  19.920  15.158  -12.905 0.5714285970
83945  21.290  16.155  -12.797 0.4285714328
83946  20.294  16.116  -12.882 0.5714285970
83295  19.338  15.664  -13.228 0.5714285970
83281  22.334  15.244  -12.689 0.5714285970
82655  18.972  14.824  -13.313 0.5714285970
83956  20.747  16.676  -13.239 0.5714285970
127243  19.611  16.219  -13.162 0.5714285970
126326  17.648  14.923  -13.516 0.5714285970
82647  18.064  14.569  -13.448 0.4285714328
83957  17.922  16.121  -13.446 0.5714285970
83296  18.264  15.365  -13.499 0.5714285970
84607  20.244  17.269  -13.681 0.5714285970
83297  17.264  15.366  -13.313 0.4285714328
81981  17.365  13.653  -13.107 0.4285714328
83958  17.158  16.317  -13.242 0.5714285970
120377  16.222  16.489  -12.396 0.4285714328
64683  25.635  -7.264  -11.112 0.2857142985
68338  24.958  -2.246  -10.924 0.5714285970
83959  16.482  16.859  -12.917 0.2857142985
59229  19.849  -11.967  -7.016 0.5714285970
60138  18.920  -11.582  -6.652 0.5714285970
61109  22.384  -10.542  -8.700 0.2857142985
60163  22.075  -11.103  -8.390 0.4285714328
61079  19.393  -11.059  -7.076 0.5714285970
61108  23.254  -10.764  -9.199 0.2857142985
125890  21.718  -9.638  -8.461 0.5714285970
61081  17.441  -10.634  -6.341 0.2857142985
62870  18.270  -8.851  -7.670 0.4285714328
63749  19.892  -7.621  -8.389 0.4285714328
62872  16.631  -8.446  -7.183 0.2857142985
63732  17.205  -7.913  -7.717 0.2857142985
65564  21.371  -5.661  -8.861 0.5714285970
64690  26.692  -6.551  -12.038 0.2857142985
67373  19.380  -3.937  -9.912 0.2857142985
68311  21.451  -2.759  -9.703 0.7142857313
74792  22.678  4.142  -11.266 0.7142857313
78943  22.405  9.693  -10.784 0.7142857313
79722  22.894  10.583  -10.953 0.7142857313
78944  21.501  9.531  -11.348 0.7142857313
118843  21.219  14.075  -12.087 0.7142857313
112295  19.522  14.383  -12.877 0.5714285970
82656  17.228  14.459  -13.229 0.2857142985
83293  22.724  15.398  -13.317 0.5714285970
83294  22.066  15.911  -12.970 0.5714285970
83954  22.459  15.935  -13.811 0.5714285970
83955  21.690  16.475  -13.604 0.5714285970
108413  18.939  16.315  -13.345 0.5714285970
84609  18.192  17.365  -13.611 0.2857142985
64662  19.270  -6.798  -8.536 0.4285714328
60161  23.457  -11.422  -8.882 0.2857142985
67392  24.911  -3.018  -11.178 0.7142857313
121463  26.008  -0.946  -11.660 0.7142857313
124171  25.472  0.617  -10.676 0.7142857313
114664  25.616  -0.187  -10.803 0.7142857313
81966  22.640  13.697  -11.948 0.8571428657
64658  23.140  -7.071  -9.747 0.5714285970
67383  23.699  -3.913  -10.409 0.5714285970
61094  19.753  -10.464  -7.453 0.5714285970
60150  20.730  -11.684  -7.537 0.4285714328
61095  18.481  -10.036  -7.143 0.5714285970
61096  17.696  -9.958  -6.820 0.4285714328
61989  20.132  -9.816  -7.849 0.5714285970
62005  20.627  -9.122  -8.236 0.5714285970
62869  18.944  -8.943  -7.802 0.4285714328
59231  18.324  -12.005  -6.131 0.5714285970
62871  17.532  -8.707  -7.509 0.4285714328
62887  20.700  -8.232  -8.412 0.5714285970
63752  17.717  -7.492  -8.200 0.4285714328
64660  21.136  -6.436  -8.638 0.5714285970
65565  20.431  -5.794  -8.836 0.4285714328
65580  21.704  -4.996  -9.093 0.7142857313
66491  21.000  -4.239  -9.432 0.5714285970
66492  20.021  -4.516  -9.529 0.4285714328
66493  19.180  -4.777  -9.661 0.4285714328
65582  19.772  -5.246  -9.256 0.4285714328
66489  22.839  -4.603  -9.563 0.7142857313
67370  22.576  -3.906  -9.534 0.7142857313
127121  19.228  -3.329  -10.227 0.2857142985
68310  22.330  -3.096  -9.597 0.7142857313
117218  23.639  -2.904  -10.181 0.7142857313
125471  22.944  -2.732  -9.661 0.7142857313
124602  24.369  -2.602  -10.586 0.5714285970
71202  23.136  -0.156  -10.294 0.7142857313
72172  22.447  1.036  -10.661 0.7142857313
122706  24.682  0.308  -10.504 0.5714285970
72171  23.201  1.127  -10.551 0.7142857313
72188  21.403  1.508  -11.263 0.2857142985
73949  22.055  3.453  -11.463 0.5714285970
73961  21.278  3.494  -11.899 0.2857142985
113520  23.962  5.028  -10.562 0.8571428657
81256  22.397  12.383  -11.579 0.7142857313
81957  22.196  12.962  -11.817 0.7142857313
82645  21.607  14.812  -12.363 0.8571428657
119214  19.860  16.684  -13.274 0.7142857313
114368  17.739  16.739  -13.449 0.5714285970
83298  16.617  15.859  -12.780 0.4285714328
63753  16.952  -7.074  -7.991 0.1428571492
106754  17.803  -6.133  -8.622 0.4285714328
57300  17.056  -14.806  -4.019 0.4285714328
60146  24.998  -11.240  -7.676 0.1428571492
61091  24.494  -11.028  -8.518 0.1428571492
62899  24.848  -8.564  -10.381 0.1428571492
62898  25.181  -8.348  -10.312 0.1428571492
61090  25.233  -10.444  -8.068 0.1428571492
61078  25.552  -10.796  -7.261 0.1428571492
63745  25.514  -8.295  -9.549 0.1428571492
61987  25.251  -9.720  -8.633 0.1428571492
63768  25.249  -7.947  -10.733 0.1428571492
65600  27.461  -6.131  -12.225 0.2857142985
66522  27.307  -5.158  -12.971 0.1428571492
78134  23.062  8.987  -10.566 0.5714285970
87572  19.604  22.541  -18.896 0.1428571492
123366  22.025  7.801  -11.106 0.4285714328
88179  19.147  23.324  -18.460 0.1428571492
86156  19.688  20.160  -18.408 0.1428571492
78953  20.623  9.497  -11.716 0.4285714328
79723  21.934  10.350  -11.239 0.5714285970
112576  20.623  11.037  -11.838 0.4285714328
86149  18.814  20.120  -15.173 0.2857142985
85309  19.432  18.661  -14.497 0.2857142985
79746  18.219  10.151  -12.882 0.1428571492
80472  20.693  11.907  -11.927 0.5714285970
81967  21.504  13.325  -11.973 0.5714285970
85311  17.380  18.878  -13.740 0.2857142985
83964  21.053  17.024  -14.084 0.4285714328
80474  19.220  11.376  -12.608 0.4285714328
81264  19.742  12.655  -12.557 0.5714285970
85310  18.462  18.770  -14.191 0.2857142985
81274  18.119  12.185  -13.114 0.4285714328
85303  16.551  18.224  -13.463 0.1428571492
85302  17.785  18.066  -13.731 0.1428571492
123401  17.836  13.966  -13.220 0.4285714328
84610  15.869  17.750  -13.194 0.1428571492
85304  15.213  18.585  -13.431 0.1428571492
85312  16.051  19.094  -13.749 0.1428571492
81275  17.281  12.822  -12.907 0.2857142985
84602  15.843  17.453  -12.750 0.2857142985
83930  16.468  16.793  -10.587 0.1428571492
85297  15.226  18.353  -13.194 0.1428571492
85305  14.905  19.110  -13.543 0.1428571492
84603  15.470  17.964  -12.665 0.1428571492
85272  15.692  18.018  -11.315 0.1428571492
120660  14.926  18.375  -13.032 0.1428571492
85271  16.028  18.302  -10.998 0.1428571492
57314  16.856  -14.021  -4.270 0.4285714328
59211  16.527  -12.642  -4.835 0.2857142985
60137  24.914  -11.909  -7.327 0.1428571492
61986  25.774  -9.174  -8.114 0.1428571492
64676  25.808  -7.364  -10.759 0.1428571492
78146  21.026  8.752  -11.595 0.2857142985
128757  23.026  15.486  -14.009 0.4285714328
84620  21.047  18.129  -15.331 0.2857142985
86145  16.862  19.756  -13.692 0.2857142985
86143  19.047  19.374  -14.881 0.2857142985
85313  15.323  19.679  -13.531 0.2857142985
121353  15.922  -12.985  -4.265 0.2857142985
55537  24.004  -16.030  -6.209 0.1428571492
55538  23.148  -16.099  -6.362 0.1428571492
58292  24.640  -13.195  -6.841 0.1428571492
59226  25.295  -12.443  -6.628 0.1428571492
66523  26.416  -4.807  -12.600 0.1428571492
64691  25.949  -6.780  -11.654 0.1428571492
77244  21.319  7.932  -11.515 0.4285714328
118879  18.145  10.794  -12.900 0.2857142985
81969  19.599  13.615  -12.641 0.5714285970
83963  21.801  16.856  -14.584 0.4285714328
86902  18.318  20.451  -14.580 0.2857142985
85308  20.342  18.488  -14.811 0.2857142985
85317  19.959  19.194  -15.319 0.2857142985
86907  19.240  20.754  -16.107 0.2857142985
87564  18.809  21.757  -16.577 0.1428571492
86141  14.872  19.573  -13.425 0.2857142985
86912  19.275  21.313  -17.390 0.1428571492
86915  18.956  22.396  -18.639 0.1428571492
86152  19.764  20.298  -17.362 0.1428571492
67398  27.809  -4.766  -13.361 0.2857142985
87553  18.097  21.213  -14.505 0.2857142985
85316  20.652  18.902  -15.868 0.2857142985
86147  20.135  19.639  -16.322 0.1428571492
58274  17.306  -13.548  -4.841 0.4285714328
56432  17.731  -15.222  -4.337 0.4285714328
124785  25.950  -5.218  -12.254 0.4285714328
84613  21.391  17.454  -14.878 0.2857142985
79735  21.053  10.254  -11.579 0.4285714328
80463  21.628  11.668  -11.539 0.5714285970
118439  20.133  12.114  -12.301 0.5714285970
81968  20.507  13.440  -12.251 0.5714285970
84614  20.670  17.727  -14.418 0.2857142985
83947  15.940  16.895  -12.042 0.2857142985
123268  17.122  17.291  -13.313 0.2857142985
78135  21.960  8.680  -10.974 0.5714285970
81263  20.653  12.628  -12.150 0.5714285970
118326  18.823  12.913  -13.087 0.5714285970
84608  19.234  17.275  -13.532 0.2857142985
85301  18.871  18.071  -13.878 0.2857142985
62014  25.010  -8.865  -9.910 0.1428571492
61089  25.876  -10.191  -7.281 0.1428571492
63760  25.842  -7.573  -9.765 0.1428571492
78954  19.840  9.406  -12.138 0.2857142985
86144  18.111  19.629  -14.292 0.2857142985
84615  19.843  17.979  -14.014 0.2857142985
79745  18.771  10.622  -12.720 0.2857142985
80473  20.002  11.517  -12.311 0.4285714328
81273  18.951  12.065  -12.766 0.4285714328
80485  18.451  11.381  -12.865 0.2857142985
110645  19.608  11.939  -12.517 0.5714285970
81265  18.043  13.219  -13.233 0.4285714328
58275  16.143  -13.723  -3.990 0.2857142985
64675  26.231  -6.932  -10.001 0.1428571492
78147  20.374  8.038  -11.924 0.2857142985
86148  19.520  19.892  -15.725 0.2857142985
86153  19.657  20.330  -16.556 0.2857142985
87569  18.715  22.420  -17.798 0.1428571492
72173  21.737  0.930  -10.820 0.4285714328
87529  16.311  21.183  -12.675 0.1428571492
86903  17.564  20.506  -13.933 0.1428571492
88147  17.475  23.335  -13.187 0.1428571492
86113  17.234  19.445  -11.420 0.1428571492
87528  16.800  22.048  -12.795 0.1428571492
87541  16.459  21.515  -13.171 0.1428571492
119229  17.346  21.400  -13.694 0.1428571492
86860  15.641  20.463  -12.726 0.1428571492
86859  17.260  20.346  -12.200 0.1428571492
86876  15.475  20.587  -12.903 0.1428571492
87515  17.548  21.414  -12.475 0.1428571492
88139  17.250  23.044  -13.044 0.1428571492
86891  15.537  20.690  -13.068 0.1428571492
87516  15.883  21.457  -12.715 0.1428571492
87502  18.642  21.429  -10.988 0.1428571492
88125  17.751  22.541  -12.699 0.1428571492
73080  21.549  2.813  -11.592 0.2857142985
86112  18.056  19.998  -11.245 0.1428571492
87514  18.614  21.682  -12.055 0.1428571492
88749  17.919  24.017  -13.357 0.1428571492
124258  23.626  -8.619  -10.041 0.2857142985
86904  16.169  20.666  -13.410 0.1428571492
114830  17.972  21.971  -14.317 0.1428571492
87554  17.442  22.439  -13.596 0.1428571492
88157  18.147  22.845  -14.719 0.1428571492
86858  18.265  20.806  -11.703 0.1428571492
86844  18.736  20.574  -10.647 0.1428571492
62884  23.108  -8.883  -9.380 0.4285714328
107480  19.941  -13.029  -6.726 0.4285714328
58296  20.765  -13.615  -6.740 0.2857142985
121688  22.003  -14.660  -6.722 0.1428571492
59228  20.899  -12.715  -7.239 0.2857142985
119746  21.626  -13.466  -7.076 0.1428571492
58311  21.942  -12.932  -7.532 0.2857142985
108749  19.977  -13.919  -6.381 0.2857142985
81970  18.693  13.934  -13.067 0.4285714328
60149  22.244  -11.765  -8.280 0.2857142985
58297  19.235  -13.379  -6.198 0.4285714328
58310  22.761  -13.225  -7.591 0.1428571492
127613  22.207  -13.404  -7.308 0.1428571492
56457  21.342  -15.090  -6.513 0.1428571492
59242  21.632  -12.154  -7.744 0.2857142985
79737  19.695  10.791  -12.380 0.2857142985
58285  17.879  -13.246  -5.412 0.2857142985
126257  16.945  -13.074  -4.815 0.2857142985
58298  18.493  -12.861  -5.888 0.2857142985
59221  17.730  -12.440  -5.634 0.2857142985
65583  18.922  -5.414  -9.318 0.2857142985
128540  18.527  -4.952  -9.590 0.2857142985
68326  19.920  -2.390  -10.330 0.1428571492
69256  19.562  -1.683  -10.618 0.1428571492
69255  20.824  -1.195  -10.374 0.2857142985
71216  21.030  0.828  -11.147 0.1428571492
73962  20.627  3.505  -12.415 0.1428571492
74803  21.009  4.202  -12.203 0.1428571492
119597  21.722  5.661  -11.654 0.1428571492
75627  20.680  4.940  -12.448 0.1428571492
76449  21.284  6.420  -11.781 0.1428571492
76450  20.549  6.439  -12.271 0.1428571492
78148  19.667  8.605  -12.299 0.1428571492
79736  20.171  10.177  -11.995 0.1428571492
78966  18.410  9.340  -12.852 0.1428571492
78955  19.085  9.257  -12.576 0.1428571492
82657  16.410  14.814  -12.656 0.1428571492
81982  16.611  13.881  -12.688 0.1428571492
82648  15.969  14.708  -12.131 0.1428571492
83285  16.006  15.514  -12.220 0.1428571492
57325  19.315  -14.269  -5.947 0.1428571492
120097  21.662  7.150  -11.426 0.2857142985
77255  20.120  7.200  -12.376 0.1428571492
119850  19.368  10.027  -12.462 0.1428571492
57302  15.576  -14.216  -3.528 0.2857142985
64663  18.338  -6.963  -8.480 0.2857142985
65567  18.641  -6.083  -8.808 0.2857142985
65568  18.063  -5.413  -9.188 0.2857142985
69277  19.047  -1.088  -11.103 0.1428571492
72189  20.687  1.396  -11.618 0.1428571492
73081  21.109  2.118  -11.686 0.1428571492
73092  19.552  2.942  -13.091 0.1428571492
73963  20.026  3.553  -12.923 0.1428571492
74804  20.371  4.227  -12.676 0.1428571492
75628  20.055  4.958  -12.879 0.1428571492
77254  20.862  7.191  -11.875 0.1428571492
121809  17.401  -5.547  -8.646 0.2857142985
57326  18.739  -14.526  -5.381 0.2857142985
70245  20.389  -0.611  -10.795 0.1428571492
75612  22.186  4.914  -11.538 0.1428571492
64664  17.505  -6.754  -8.344 0.1428571492
124525  20.280  8.853  -11.882 0.1428571492
59210  17.217  -12.858  -5.181 0.2857142985
66494  17.937  -4.658  -9.548 0.1428571492
119492  20.963  5.675  -12.133 0.1428571492
73973  19.320  3.678  -13.262 0.1428571492
57303  14.681  -13.907  -3.258 0.1428571492
58256  15.312  -13.419  -3.763 0.1428571492
58243  13.696  -13.468  -2.829 0.1428571492
59192  15.034  -12.599  -4.022 0.1428571492
60128  16.706  -11.497  -5.538 0.1428571492
67407  28.252  -3.868  -13.697 0.1428571492
67406  29.311  -4.431  -13.665 0.1428571492
56424  15.867  -15.000  -3.300 0.1428571492
59212  15.681  -12.229  -4.580 0.1428571492
60111  16.222  -11.867  -5.144 0.1428571492
60127  17.473  -11.536  -5.876 0.1428571492
127901  16.875  -10.402  -6.159 0.1428571492
114736  24.331  9.743  -15.482 0.1428571492
80503  24.368  11.407  -15.253 0.1428571492
61977  16.070  -9.428  -6.346 0.1428571492
78170  24.680  8.947  -15.315 0.1428571492
108757  16.537  -15.171  -3.602 0.1428571492
125929  28.541  -3.253  -14.001 0.1428571492
60139  16.827  -10.871  -5.846 0.1428571492
122116  16.630  -13.324  -4.499 0.1428571492
58257  14.356  -13.035  -3.449 0.1428571492
53621  16.625  -18.347  -2.647 0.1428571492
54600  16.408  -17.577  -2.701 0.1428571492
54609  18.155  -17.882  -4.125 0.1428571492
54621  19.508  -17.677  -4.878 0.1428571492
54637  20.045  -17.337  -5.401 0.1428571492
55524  20.867  -16.503  -6.133 0.1428571492
55540  21.563  -15.923  -6.360 0.2857142985
57301  16.363  -14.469  -3.768 0.2857142985
57313  17.553  -14.379  -4.553 0.4285714328
57327  18.048  -14.022  -5.117 0.2857142985
57337  22.679  -14.638  -6.721 0.2857142985
57338  21.457  -14.178  -6.724 0.1428571492
57339  20.677  -14.456  -6.481 0.2857142985
58284  18.626  -13.701  -5.640 0.1428571492
59222  16.961  -12.164  -5.409 0.2857142985
59230  19.119  -12.471  -6.440 0.5714285970
60147  23.673  -12.056  -8.525 0.2857142985
60162  22.762  -11.323  -8.752 0.2857142985
61080  18.704  -10.789  -6.839 0.5714285970
61082  16.254  -10.188  -5.930 0.1428571492
61110  21.516  -10.538  -8.238 0.5714285970
62002  24.205  -9.912  -9.652 0.2857142985
62004  22.847  -9.829  -9.166 0.2857142985
62883  25.334  -8.994  -9.021 0.1428571492
62886  21.614  -8.029  -8.576 0.5714285970
62889  17.951  -8.236  -7.968 0.2857142985
62900  24.241  -8.692  -10.299 0.5714285970
63746  23.168  -7.939  -9.590 0.5714285970
63750  19.047  -7.507  -8.348 0.2857142985
63751  18.475  -7.833  -8.220 0.4285714328
63761  25.478  -7.940  -10.340 0.1428571492
63770  24.228  -7.430  -10.571 0.7142857313
64684  25.202  -6.876  -11.161 0.2857142985
65566  19.530  -5.961  -8.836 0.2857142985
65609  26.815  -5.765  -12.459 0.1428571492
66527  28.809  -4.963  -13.461 0.2857142985
67372  20.794  -3.345  -9.707 0.2857142985
68309  23.151  -2.018  -9.728 0.5714285970
68325  20.603  -2.558  -9.995 0.7142857313
68337  25.367  -2.557  -11.461 0.8571428657
70246  19.721  -0.856  -10.991 0.1428571492
70286  27.559  -0.623  -13.652 0.5714285970
71203  22.275  0.228  -10.481 0.5714285970
72187  22.596  1.717  -10.735 0.5714285970
72208  27.989  1.495  -13.667 0.1428571492
74791  23.416  4.429  -10.808 0.7142857313
74805  19.772  4.285  -13.091 0.1428571492
75613  21.357  4.913  -11.938 0.1428571492
75629  19.532  4.929  -13.195 0.1428571492
78964  25.631  9.480  -12.921 0.8571428657
81254  23.918  12.080  -11.627 0.8571428657
81261  24.316  12.202  -12.096 0.8571428657
81271  24.421  12.410  -12.855 0.7142857313
84591  15.729  17.785  -11.704 0.1428571492
84635  20.325  17.383  -20.089 0.1428571492
85284  15.503  18.167  -12.428 0.1428571492
85298  14.922  18.977  -13.477 0.1428571492
86130  14.902  19.671  -13.368 0.2857142985
86877  15.012  20.158  -13.150 0.1428571492
86892  15.142  20.163  -13.230 0.1428571492
87540  16.880  22.265  -12.900 0.1428571492
88180  18.983  23.341  -18.443 0.1428571492
88752  17.991  24.257  -13.611 0.1428571492
109533  22.783  -7.252  -9.086 0.4285714328
113360  20.099  -16.661  -5.770 0.2857142985
114686  21.659  17.642  -16.493 0.4285714328
114998  15.929  16.153  -12.014 0.2857142985
116481  23.534  -15.530  -6.456 0.1428571492
117071  19.105  -10.413  -7.216 0.5714285970
118278  25.267  8.318  -10.731 0.8571428657
118791  20.384  -1.829  -10.332 0.4285714328
119162  22.226  2.823  -11.228 0.2857142985
119489  20.278  5.696  -12.612 0.1428571492
120096  18.717  9.880  -12.744 0.1428571492
120973  21.176  -18.182  -4.883 0.1428571492
122449  18.398  16.773  -13.467 0.2857142985
123377  22.951  0.539  -10.480 0.7142857313
124500  24.609  -6.108  -10.912 0.7142857313
124587  26.899  -4.471  -12.977 0.8571428657
124684  26.030  0.534  -10.913 0.7142857313
125274  21.939  -6.233  -8.760 0.5714285970
125980  28.894  1.047  -14.796 0.1428571492
126910  20.173  -1.226  -10.618 0.2857142985
127641  27.032  0.553  -12.735 0.7142857313
127890  23.401  -9.601  -9.572 0.2857142985
128182  23.674  -14.150  -6.814 0.2857142985
