#!ascii label  , from subject sub-v1s18x0051256_ses-1 vox2ras=TkReg
1691
56672  -37.416  -10.407  59.060 0.0000000000
68371  -51.627  2.837  34.633 0.0000000000
134219  -40.582  -4.494  44.175 0.0000000000
45433  -9.286  -22.458  56.108 0.0000000000
46466  -24.039  -20.828  55.899 0.0000000000
124610  -14.513  -13.394  57.582 0.0000000000
121376  -13.421  -13.677  65.802 0.0000000000
132786  -46.221  -3.534  37.892 0.0000000000
55803  -8.183  -11.314  50.475 0.0000000000
121904  -7.963  -24.484  63.760 0.0000000000
57666  -35.679  -9.643  52.489 0.0000000000
52099  -33.943  -14.626  55.841 0.0000000000
50332  -31.197  -16.906  58.469 0.0000000000
71057  -53.735  5.282  33.077 0.0000000000
116324  -42.695  -5.509  40.582 0.0000000000
48495  -20.105  -19.018  55.016 0.0000000000
56686  -9.461  -10.102  57.449 0.0000000000
50335  -9.613  -17.301  56.811 0.0000000000
114576  -9.388  -16.856  53.027 0.0000000000
46523  -11.652  -21.867  52.014 0.0000000000
47401  -13.464  -19.805  66.433 0.0000000000
47377  -10.390  -20.152  68.132 0.0000000000
61259  -39.245  -4.964  49.210 0.0000000000
136105  -28.659  -19.537  59.388 0.0000000000
49420  -26.105  -18.436  53.827 0.0000000000
122476  -14.404  -13.553  61.677 0.0000000000
137170  -9.141  -17.454  60.578 0.0000000000
65950  -48.497  -0.554  36.512 0.0000000000
48403  -16.534  -19.367  63.111 0.0000000000
48447  -18.241  -19.160  59.172 0.0000000000
54895  -12.529  -12.546  53.358 0.0000000000
118619  -7.585  -16.936  49.137 0.0000000000
52997  -13.192  -14.128  71.167 0.0000000000
50270  -9.109  -17.994  65.353 0.0000000000
122347  -7.356  -22.952  59.460 0.0000000000
58610  -38.241  -8.412  58.396 0.0000000000
54003  -38.068  -13.015  55.930 0.0000000000
56708  -38.317  -10.814  56.047 0.0000000000
52073  -36.577  -14.208  57.818 0.0000000000
52113  -36.167  -14.780  54.287 0.0000000000
52044  -35.212  -14.585  59.733 0.0000000000
132571  -52.357  3.896  33.993 0.0000000000
67560  -48.171  1.256  33.496 0.0000000000
69293  -48.903  3.286  33.416 0.0000000000
71054  -50.041  5.500  32.605 0.0000000000
62304  -41.824  -4.687  42.768 0.0000000000
62265  -37.468  -4.834  45.054 0.0000000000
62286  -38.427  -4.424  42.872 0.0000000000
62339  -39.428  -4.709  40.729 0.0000000000
48468  -8.152  -19.180  56.615 0.0000000000
48492  -9.340  -19.444  54.572 0.0000000000
46479  -10.389  -22.043  54.541 0.0000000000
42900  -11.294  -25.110  51.450 0.0000000000
43683  -10.859  -24.814  53.640 0.0000000000
47419  -12.604  -20.465  64.082 0.0000000000
45378  -11.288  -21.783  65.595 0.0000000000
62208  -39.167  -4.388  50.892 0.0000000000
61206  -36.005  -6.075  54.727 0.0000000000
59535  -33.855  -7.707  51.750 0.0000000000
61228  -36.008  -4.705  52.623 0.0000000000
61256  -36.752  -5.251  49.211 0.0000000000
50288  -30.229  -17.223  62.052 0.0000000000
52094  -29.326  -15.318  55.735 0.0000000000
50344  -27.926  -17.320  56.019 0.0000000000
72809  -52.699  7.320  30.321 0.0000000000
73769  -53.696  8.235  29.055 0.0000000000
53955  -13.507  -13.901  64.104 0.0000000000
121224  -12.041  -16.023  61.044 0.0000000000
52005  -11.513  -15.491  63.586 0.0000000000
64087  -47.876  -1.982  37.184 0.0000000000
61409  -42.122  -5.175  37.423 0.0000000000
133934  -44.199  -3.513  35.617 0.0000000000
64102  -45.156  -2.685  34.439 0.0000000000
133362  -17.777  -20.092  65.366 0.0000000000
47425  -18.575  -20.475  63.386 0.0000000000
56679  -14.249  -10.872  58.077 0.0000000000
55720  -12.962  -11.107  56.825 0.0000000000
134952  -14.256  -13.419  55.538 0.0000000000
136508  -8.761  -19.532  50.192 0.0000000000
51229  -8.556  -16.973  51.121 0.0000000000
47597  -8.161  -20.094  48.020 0.0000000000
124075  -14.296  -15.941  70.719 0.0000000000
46348  -8.495  -21.884  66.133 0.0000000000
49327  -9.528  -19.182  67.095 0.0000000000
47411  -7.728  -20.573  64.506 0.0000000000
47428  -7.531  -19.868  62.429 0.0000000000
44484  -7.354  -23.238  61.358 0.0000000000
58641  -37.405  -8.885  55.365 0.0000000000
50290  -32.139  -15.923  61.359 0.0000000000
52025  -33.610  -15.057  61.027 0.0000000000
52069  -32.836  -15.300  57.558 0.0000000000
71886  -55.301  6.787  32.342 0.0000000000
71883  -51.592  6.398  31.512 0.0000000000
62357  -44.602  -4.824  39.349 0.0000000000
131661  -40.820  -5.573  38.938 0.0000000000
47528  -23.528  -20.232  53.610 0.0000000000
47500  -21.756  -20.622  55.233 0.0000000000
55760  -9.104  -10.762  53.821 0.0000000000
51178  -13.180  -16.149  57.255 0.0000000000
51205  -13.098  -15.972  54.774 0.0000000000
51201  -9.630  -17.092  54.716 0.0000000000
47536  -9.979  -19.884  52.315 0.0000000000
45515  -11.335  -22.509  48.374 0.0000000000
48376  -15.537  -19.443  68.704 0.0000000000
48362  -12.678  -19.125  70.107 0.0000000000
123297  -12.194  -20.261  68.246 0.0000000000
45373  -10.116  -21.856  66.502 0.0000000000
62258  -39.775  -4.619  46.301 0.0000000000
130883  -37.162  -5.421  46.845 0.0000000000
47475  -26.628  -20.529  57.872 0.0000000000
49380  -30.304  -17.980  58.965 0.0000000000
49387  -27.539  -18.820  56.489 0.0000000000
47517  -25.209  -19.888  54.746 0.0000000000
55706  -15.283  -11.160  59.937 0.0000000000
55683  -15.671  -11.484  62.208 0.0000000000
53978  -14.547  -13.496  59.899 0.0000000000
52036  -13.148  -15.857  59.311 0.0000000000
50324  -9.721  -17.326  58.594 0.0000000000
48451  -7.760  -18.870  57.940 0.0000000000
66785  -50.077  1.190  36.051 0.0000000000
65095  -46.876  -0.892  33.864 0.0000000000
47388  -16.694  -19.560  67.253 0.0000000000
115418  -14.458  -19.557  65.269 0.0000000000
47438  -13.628  -20.088  61.980 0.0000000000
47472  -20.718  -20.615  57.456 0.0000000000
46415  -20.256  -20.672  59.225 0.0000000000
46394  -19.290  -20.537  61.254 0.0000000000
48423  -17.382  -19.329  61.037 0.0000000000
48443  -14.854  -18.917  60.056 0.0000000000
57612  -11.006  -9.794  58.842 0.0000000000
55736  -10.283  -10.979  55.739 0.0000000000
54917  -10.644  -12.058  51.563 0.0000000000
137103  -12.316  -15.401  52.338 0.0000000000
52163  -10.405  -14.983  50.676 0.0000000000
132851  -7.824  -13.883  49.282 0.0000000000
53939  -13.046  -13.710  68.225 0.0000000000
50248  -11.440  -17.695  70.136 0.0000000000
125726  -10.623  -16.693  68.342 0.0000000000
51997  -11.101  -15.515  65.771 0.0000000000
50278  -8.939  -17.506  63.284 0.0000000000
127215  -7.617  -19.180  60.052 0.0000000000
45413  -7.989  -22.598  57.469 0.0000000000
41902  -7.401  -26.829  61.312 0.0000000000
41930  -7.310  -26.539  59.061 0.0000000000
42832  -9.688  -25.342  55.836 0.0000000000
58607  -37.730  -8.808  58.706 0.0000000000
58605  -36.132  -8.241  59.594 0.0000000000
127426  -38.099  -11.902  57.878 0.0000000000
56685  -38.357  -10.413  57.744 0.0000000000
54858  -37.304  -12.656  58.647 0.0000000000
53070  -37.605  -13.430  57.023 0.0000000000
117647  -36.704  -10.201  59.713 0.0000000000
54852  -36.673  -12.709  59.614 0.0000000000
69288  -52.274  3.401  34.367 0.0000000000
135288  -49.194  1.657  33.985 0.0000000000
132105  -48.635  2.520  33.416 0.0000000000
68375  -50.056  2.833  33.863 0.0000000000
70192  -50.875  4.203  33.634 0.0000000000
131742  -41.450  -4.589  43.250 0.0000000000
62289  -42.839  -4.692  43.845 0.0000000000
115122  -42.431  -4.591  44.191 0.0000000000
137743  -38.503  -4.449  43.619 0.0000000000
62275  -39.889  -4.468  43.917 0.0000000000
62302  -40.075  -4.554  42.451 0.0000000000
46441  -8.651  -20.879  56.463 0.0000000000
46478  -9.768  -20.955  54.858 0.0000000000
114616  -9.587  -21.757  55.466 0.0000000000
127929  -10.768  -24.010  53.972 0.0000000000
128530  -10.284  -23.797  54.708 0.0000000000
46371  -12.418  -21.232  62.523 0.0000000000
45384  -11.731  -22.003  63.106 0.0000000000
62166  -38.168  -4.519  54.600 0.0000000000
61218  -35.533  -5.680  53.919 0.0000000000
62177  -37.782  -4.154  53.603 0.0000000000
116320  -38.295  -4.136  51.890 0.0000000000
72810  -53.899  7.486  30.634 0.0000000000
72830  -52.840  7.877  28.983 0.0000000000
73765  -55.417  8.772  29.725 0.0000000000
53951  -13.495  -13.755  64.961 0.0000000000
53024  -12.861  -14.473  63.887 0.0000000000
53020  -12.271  -14.793  64.534 0.0000000000
63221  -47.200  -3.018  37.887 0.0000000000
64077  -48.484  -2.309  38.888 0.0000000000
62376  -44.236  -4.380  37.728 0.0000000000
62381  -43.237  -4.256  36.511 0.0000000000
62383  -44.874  -3.946  36.977 0.0000000000
63233  -45.810  -3.211  35.713 0.0000000000
46357  -19.234  -20.721  64.688 0.0000000000
46364  -19.120  -20.755  63.811 0.0000000000
46430  -24.586  -21.328  57.752 0.0000000000
46429  -23.555  -21.453  57.382 0.0000000000
55788  -7.668  -10.384  51.201 0.0000000000
122567  -14.617  -12.242  58.232 0.0000000000
55729  -14.094  -11.725  57.043 0.0000000000
118587  -14.461  -13.093  56.842 0.0000000000
46553  -9.477  -20.782  48.641 0.0000000000
121309  -8.157  -19.947  48.869 0.0000000000
46578  -8.546  -20.604  47.415 0.0000000000
53003  -15.515  -14.568  69.878 0.0000000000
133492  -14.975  -16.431  70.290 0.0000000000
44472  -8.396  -23.023  65.346 0.0000000000
46347  -8.120  -21.892  65.722 0.0000000000
137911  -7.713  -22.750  64.430 0.0000000000
121557  -7.416  -21.876  63.255 0.0000000000
124157  -7.480  -23.378  62.974 0.0000000000
58622  -38.457  -8.287  57.147 0.0000000000
57637  -37.864  -9.128  55.916 0.0000000000
59506  -38.545  -7.516  56.952 0.0000000000
60376  -38.593  -6.748  56.728 0.0000000000
52071  -34.762  -14.755  57.787 0.0000000000
52055  -34.034  -15.125  58.586 0.0000000000
52086  -33.370  -14.723  56.793 0.0000000000
53089  -31.104  -14.446  55.309 0.0000000000
130467  -53.993  5.819  32.576 0.0000000000
71056  -52.138  5.309  32.761 0.0000000000
135493  -51.134  6.077  31.946 0.0000000000
71069  -52.952  5.649  32.411 0.0000000000
135476  -53.389  6.194  32.023 0.0000000000
61378  -43.296  -5.461  39.852 0.0000000000
62340  -45.848  -5.121  40.540 0.0000000000
61362  -44.475  -5.550  40.889 0.0000000000
61360  -41.407  -5.282  40.642 0.0000000000
115612  -40.377  -5.297  39.553 0.0000000000
115427  -41.870  -5.471  40.127 0.0000000000
61395  -42.345  -5.440  38.798 0.0000000000
57621  -8.701  -9.453  56.565 0.0000000000
56702  -8.844  -10.278  55.409 0.0000000000
56696  -9.079  -10.281  56.138 0.0000000000
51187  -11.395  -16.905  56.695 0.0000000000
51193  -11.269  -16.695  55.732 0.0000000000
126138  -10.251  -16.868  55.696 0.0000000000
47537  -10.678  -20.656  52.827 0.0000000000
48504  -9.464  -19.302  53.760 0.0000000000
47549  -10.548  -20.438  51.729 0.0000000000
46539  -10.911  -20.906  50.086 0.0000000000
45488  -11.967  -22.331  50.093 0.0000000000
44602  -11.982  -23.371  49.785 0.0000000000
47386  -14.219  -19.706  67.731 0.0000000000
47380  -13.860  -19.729  68.447 0.0000000000
46341  -12.405  -20.343  67.535 0.0000000000
44476  -10.662  -22.998  65.059 0.0000000000
45377  -10.767  -22.312  65.675 0.0000000000
44475  -10.225  -23.031  65.297 0.0000000000
44474  -9.194  -23.146  65.449 0.0000000000
61278  -39.445  -4.929  47.732 0.0000000000
61258  -38.485  -5.150  49.203 0.0000000000
128996  -37.076  -5.439  48.389 0.0000000000
130555  -38.177  -5.388  47.933 0.0000000000
61286  -38.438  -5.126  46.694 0.0000000000
135330  -28.112  -20.279  59.932 0.0000000000
47464  -27.435  -20.422  58.811 0.0000000000
47477  -27.792  -19.828  58.390 0.0000000000
50321  -32.157  -16.675  59.876 0.0000000000
134553  -31.282  -17.342  60.813 0.0000000000
50326  -30.552  -17.489  58.479 0.0000000000
50343  -27.372  -17.716  55.588 0.0000000000
49401  -27.830  -18.024  56.367 0.0000000000
49399  -26.751  -18.851  55.256 0.0000000000
48488  -26.538  -19.300  55.452 0.0000000000
48499  -26.071  -19.021  54.265 0.0000000000
48497  -25.011  -19.474  53.510 0.0000000000
54829  -14.833  -12.710  63.134 0.0000000000
54838  -14.807  -12.784  61.735 0.0000000000
54846  -15.041  -12.475  61.069 0.0000000000
53971  -14.504  -13.584  60.807 0.0000000000
53051  -13.871  -14.864  60.149 0.0000000000
53044  -13.849  -14.687  60.828 0.0000000000
51140  -10.483  -16.687  60.887 0.0000000000
51149  -10.804  -16.769  59.991 0.0000000000
50314  -9.799  -17.230  59.485 0.0000000000
50312  -8.418  -17.906  58.695 0.0000000000
50300  -8.505  -17.839  59.542 0.0000000000
66784  -49.545  0.611  36.579 0.0000000000
67538  -51.306  1.294  37.461 0.0000000000
66781  -50.732  0.724  37.906 0.0000000000
65084  -47.386  -1.477  35.420 0.0000000000
64116  -45.934  -2.071  33.924 0.0000000000
65954  -47.749  -0.777  35.104 0.0000000000
65959  -48.181  -0.150  34.704 0.0000000000
47389  -17.635  -19.558  67.258 0.0000000000
114474  -17.292  -19.803  64.297 0.0000000000
47404  -16.378  -19.591  65.682 0.0000000000
47422  -15.895  -19.270  63.876 0.0000000000
47421  -14.035  -19.559  63.930 0.0000000000
48407  -14.997  -19.033  62.701 0.0000000000
137878  -20.960  -19.971  55.082 0.0000000000
115147  -21.395  -20.752  56.210 0.0000000000
48474  -20.427  -19.722  56.288 0.0000000000
48464  -18.765  -18.930  57.901 0.0000000000
136171  -19.962  -20.143  58.350 0.0000000000
47455  -19.038  -19.723  59.253 0.0000000000
47449  -19.459  -20.436  60.447 0.0000000000
47448  -18.459  -19.730  60.473 0.0000000000
47440  -18.142  -19.767  61.180 0.0000000000
48436  -17.668  -19.273  60.348 0.0000000000
125871  -15.218  -18.810  59.207 0.0000000000
57602  -11.679  -9.261  59.353 0.0000000000
124074  -12.828  -11.994  54.920 0.0000000000
55728  -11.865  -11.062  56.342 0.0000000000
55747  -11.834  -11.608  54.727 0.0000000000
131192  -10.787  -11.579  53.353 0.0000000000
54894  -11.824  -12.143  53.033 0.0000000000
115240  -11.143  -16.344  53.460 0.0000000000
52122  -13.630  -15.209  53.511 0.0000000000
51223  -10.894  -16.192  52.664 0.0000000000
51236  -7.890  -17.112  49.726 0.0000000000
52146  -9.067  -15.986  51.083 0.0000000000
52160  -8.214  -15.912  49.903 0.0000000000
53150  -8.902  -14.762  49.968 0.0000000000
52174  -7.852  -15.171  49.299 0.0000000000
52187  -7.806  -15.512  48.673 0.0000000000
53934  -12.930  -13.757  69.390 0.0000000000
48366  -11.498  -19.479  69.559 0.0000000000
50249  -12.067  -17.641  70.480 0.0000000000
48365  -10.932  -19.128  69.420 0.0000000000
49331  -9.350  -18.719  66.614 0.0000000000
124253  -10.066  -17.510  67.666 0.0000000000
51098  -10.034  -17.121  67.314 0.0000000000
51992  -10.746  -16.080  67.124 0.0000000000
51105  -9.668  -16.929  65.739 0.0000000000
120067  -9.812  -16.625  64.492 0.0000000000
136592  -8.969  -17.638  64.104 0.0000000000
46391  -7.429  -21.511  60.464 0.0000000000
48431  -7.604  -19.235  60.931 0.0000000000
46403  -7.401  -21.477  59.521 0.0000000000
125456  -7.347  -20.639  59.006 0.0000000000
133579  -7.501  -22.265  58.317 0.0000000000
125063  -7.348  -27.678  60.745 0.0000000000
130430  -7.195  -26.179  60.574 0.0000000000
117632  -38.577  -6.983  58.567 0.0000000000
53107  -37.555  -13.446  54.108 0.0000000000
54904  -37.770  -12.636  53.920 0.0000000000
55742  -38.311  -11.849  55.587 0.0000000000
131737  -38.453  -8.791  57.772 0.0000000000
52088  -35.250  -14.547  56.634 0.0000000000
133240  -36.633  -14.389  56.115 0.0000000000
120279  -37.240  -14.164  54.989 0.0000000000
53062  -35.849  -14.153  59.133 0.0000000000
70209  -53.411  4.740  33.454 0.0000000000
121501  -47.347  3.005  32.815 0.0000000000
119511  -47.914  4.545  32.800 0.0000000000
71053  -49.094  5.464  32.529 0.0000000000
70191  -50.026  4.395  33.433 0.0000000000
70207  -51.495  4.905  33.251 0.0000000000
61344  -42.579  -5.326  41.566 0.0000000000
61345  -43.259  -5.393  41.927 0.0000000000
61327  -43.019  -5.151  42.571 0.0000000000
61313  -43.806  -4.915  43.620 0.0000000000
61300  -36.657  -5.060  44.986 0.0000000000
62284  -36.613  -4.606  43.537 0.0000000000
133255  -37.016  -4.473  42.757 0.0000000000
114990  -37.421  -4.443  42.000 0.0000000000
62338  -38.509  -4.639  40.439 0.0000000000
62316  -38.832  -4.541  41.388 0.0000000000
62318  -40.597  -4.684  41.774 0.0000000000
136919  -8.635  -18.307  56.440 0.0000000000
50333  -8.915  -18.159  55.835 0.0000000000
47510  -9.027  -19.264  55.255 0.0000000000
46493  -10.293  -20.852  53.888 0.0000000000
46509  -11.417  -22.180  52.941 0.0000000000
44576  -11.800  -23.667  51.321 0.0000000000
44554  -11.395  -23.554  52.828 0.0000000000
43696  -11.146  -24.907  52.929 0.0000000000
46350  -12.535  -20.266  65.753 0.0000000000
46346  -12.516  -20.350  66.734 0.0000000000
128054  -11.746  -21.068  65.288 0.0000000000
62222  -39.399  -4.558  50.383 0.0000000000
58649  -35.668  -8.419  53.618 0.0000000000
58668  -35.016  -9.157  52.004 0.0000000000
59522  -34.748  -6.983  53.357 0.0000000000
60397  -34.369  -6.614  52.641 0.0000000000
61235  -34.513  -5.710  51.580 0.0000000000
61237  -36.060  -4.761  50.798 0.0000000000
62220  -37.915  -4.702  50.462 0.0000000000
49363  -30.163  -18.170  61.500 0.0000000000
51190  -30.214  -16.185  57.249 0.0000000000
50337  -29.654  -17.039  57.314 0.0000000000
51197  -28.976  -15.968  56.151 0.0000000000
130726  -27.216  -16.566  54.419 0.0000000000
72827  -50.712  7.568  28.595 0.0000000000
72839  -51.676  7.911  27.736 0.0000000000
73776  -52.487  8.333  27.553 0.0000000000
73784  -53.020  8.825  27.025 0.0000000000
53960  -14.229  -13.472  63.420 0.0000000000
52020  -13.483  -14.771  61.593 0.0000000000
53026  -12.870  -14.772  63.067 0.0000000000
52008  -12.182  -15.369  62.763 0.0000000000
51130  -10.260  -16.608  61.733 0.0000000000
65082  -48.172  -1.290  36.862 0.0000000000
65079  -49.158  -1.138  38.196 0.0000000000
62389  -41.887  -4.003  35.678 0.0000000000
125435  -42.962  -3.365  35.490 0.0000000000
64100  -43.792  -2.604  34.398 0.0000000000
135002  -45.155  -3.135  35.272 0.0000000000
64091  -46.274  -2.796  35.388 0.0000000000
47397  -18.244  -19.851  66.649 0.0000000000
47406  -18.806  -20.240  66.158 0.0000000000
47416  -17.896  -20.163  64.672 0.0000000000
47423  -17.373  -19.785  63.460 0.0000000000
114654  -17.915  -18.632  57.200 0.0000000000
48454  -16.525  -18.645  58.563 0.0000000000
57604  -13.814  -9.303  58.959 0.0000000000
56677  -12.595  -10.112  57.968 0.0000000000
56690  -13.287  -10.632  57.555 0.0000000000
54871  -13.604  -11.862  56.382 0.0000000000
54885  -13.253  -12.671  54.469 0.0000000000
48528  -8.818  -18.592  51.199 0.0000000000
51220  -8.838  -17.119  52.024 0.0000000000
132773  -8.371  -18.414  50.447 0.0000000000
49448  -7.830  -18.190  49.567 0.0000000000
131727  -7.812  -18.788  48.838 0.0000000000
53938  -16.661  -13.259  70.010 0.0000000000
53002  -14.783  -14.204  71.068 0.0000000000
125158  -13.706  -14.531  71.369 0.0000000000
46336  -9.552  -20.698  67.049 0.0000000000
48373  -10.257  -19.154  68.346 0.0000000000
47383  -9.375  -20.368  66.947 0.0000000000
124461  -8.598  -19.963  65.954 0.0000000000
48396  -8.216  -19.212  64.653 0.0000000000
48399  -8.182  -18.881  63.934 0.0000000000
47418  -7.602  -20.258  63.490 0.0000000000
121207  -7.428  -21.676  62.308 0.0000000000
118425  -7.366  -23.033  60.349 0.0000000000
119223  -36.505  -10.795  52.640 0.0000000000
55753  -37.742  -11.483  54.264 0.0000000000
56723  -37.165  -10.237  54.298 0.0000000000
57653  -36.607  -9.815  53.794 0.0000000000
59513  -36.761  -7.595  55.175 0.0000000000
60374  -37.518  -5.879  55.654 0.0000000000
115037  -32.920  -16.177  59.603 0.0000000000
52027  -34.744  -14.679  60.621 0.0000000000
51173  -33.576  -15.625  59.277 0.0000000000
51184  -32.482  -15.927  58.191 0.0000000000
52083  -30.695  -15.403  56.634 0.0000000000
71881  -49.718  6.433  31.391 0.0000000000
71896  -52.154  6.808  30.996 0.0000000000
72801  -54.592  7.083  31.523 0.0000000000
62368  -45.280  -4.267  38.881 0.0000000000
63208  -46.886  -3.680  39.444 0.0000000000
62358  -46.310  -4.356  40.111 0.0000000000
62356  -38.586  -4.855  39.569 0.0000000000
119126  -41.896  -5.487  38.247 0.0000000000
62375  -43.395  -4.784  38.014 0.0000000000
47501  -23.819  -20.590  55.080 0.0000000000
46465  -23.174  -21.000  55.624 0.0000000000
119870  -22.363  -20.644  54.718 0.0000000000
48508  -21.307  -19.694  53.981 0.0000000000
55759  -8.587  -10.329  53.351 0.0000000000
55773  -9.169  -11.105  52.381 0.0000000000
52059  -14.077  -15.160  57.426 0.0000000000
53081  -14.449  -14.400  56.265 0.0000000000
51195  -13.106  -16.084  55.643 0.0000000000
115858  -11.591  -16.504  54.944 0.0000000000
51211  -9.448  -17.096  53.795 0.0000000000
49404  -9.117  -18.289  54.728 0.0000000000
49414  -9.066  -18.148  53.828 0.0000000000
49424  -8.963  -18.030  52.891 0.0000000000
48543  -9.041  -19.358  50.798 0.0000000000
50252  -14.949  -17.672  70.220 0.0000000000
48369  -14.102  -19.422  69.433 0.0000000000
47375  -12.627  -19.831  69.162 0.0000000000
122905  -11.582  -20.223  68.667 0.0000000000
46345  -11.726  -20.864  66.972 0.0000000000
46339  -11.100  -20.915  67.657 0.0000000000
46338  -10.577  -20.880  67.613 0.0000000000
45372  -9.454  -21.886  66.449 0.0000000000
44473  -8.736  -23.143  65.372 0.0000000000
43602  -8.639  -24.568  64.298 0.0000000000
62267  -40.381  -4.515  45.567 0.0000000000
62268  -41.607  -4.491  45.596 0.0000000000
62260  -42.003  -4.468  46.300 0.0000000000
57703  -34.527  -9.725  50.273 0.0000000000
61283  -36.007  -5.475  46.303 0.0000000000
62257  -39.199  -4.609  45.573 0.0000000000
46421  -26.497  -20.901  58.475 0.0000000000
46449  -25.315  -20.838  56.993 0.0000000000
51126  -31.278  -15.997  61.742 0.0000000000
49364  -30.790  -17.744  61.163 0.0000000000
49376  -29.641  -18.571  59.236 0.0000000000
50330  -29.476  -17.642  57.644 0.0000000000
49383  -28.449  -18.689  57.651 0.0000000000
48465  -28.114  -19.263  57.987 0.0000000000
48476  -27.208  -19.525  56.776 0.0000000000
47488  -26.578  -19.947  56.526 0.0000000000
47502  -24.692  -20.380  55.302 0.0000000000
47529  -24.271  -19.946  53.723 0.0000000000
75435  -53.190  9.893  26.041 0.0000000000
75444  -53.698  10.458  25.862 0.0000000000
76176  -53.843  11.266  25.549 0.0000000000
56667  -14.922  -10.735  58.983 0.0000000000
54860  -14.753  -12.367  58.887 0.0000000000
55699  -15.418  -11.448  60.658 0.0000000000
54854  -14.799  -12.606  59.687 0.0000000000
53983  -14.495  -13.726  59.023 0.0000000000
52048  -13.982  -15.141  58.334 0.0000000000
52046  -13.174  -16.051  58.515 0.0000000000
51163  -11.519  -16.866  58.479 0.0000000000
52028  -12.711  -15.822  60.257 0.0000000000
51150  -11.658  -16.634  59.339 0.0000000000
50329  -9.640  -17.338  57.694 0.0000000000
50327  -8.532  -18.172  57.037 0.0000000000
48459  -7.850  -19.062  57.229 0.0000000000
120975  -8.106  -20.741  56.893 0.0000000000
67548  -50.635  1.659  35.424 0.0000000000
64114  -44.376  -2.390  33.654 0.0000000000
65092  -44.883  -1.959  33.224 0.0000000000
65971  -45.284  -0.788  32.834 0.0000000000
65965  -47.216  -0.138  33.593 0.0000000000
66796  -49.158  0.875  34.661 0.0000000000
47382  -16.054  -19.530  68.020 0.0000000000
47387  -15.510  -19.588  67.301 0.0000000000
47396  -17.401  -19.713  66.553 0.0000000000
115555  -15.490  -19.551  66.343 0.0000000000
47402  -14.493  -19.591  66.024 0.0000000000
47420  -13.327  -20.053  63.377 0.0000000000
46446  -22.523  -21.237  56.201 0.0000000000
124636  -21.469  -21.309  57.584 0.0000000000
46417  -21.435  -21.399  58.377 0.0000000000
47471  -20.104  -19.995  57.742 0.0000000000
47462  -20.393  -20.586  58.336 0.0000000000
46407  -20.629  -21.040  59.598 0.0000000000
46395  -20.435  -21.048  60.367 0.0000000000
46382  -19.699  -20.855  61.661 0.0000000000
46373  -19.595  -20.936  62.570 0.0000000000
47432  -18.617  -20.418  62.526 0.0000000000
121174  -18.107  -19.979  62.115 0.0000000000
48409  -16.625  -19.257  62.192 0.0000000000
48445  -16.818  -18.878  59.901 0.0000000000
48434  -15.796  -18.812  60.795 0.0000000000
48421  -15.710  -18.950  61.751 0.0000000000
48432  -14.214  -19.605  61.428 0.0000000000
56674  -9.861  -10.049  58.243 0.0000000000
56676  -11.499  -10.115  58.019 0.0000000000
124883  -10.254  -10.569  57.150 0.0000000000
56697  -9.598  -10.438  56.761 0.0000000000
55745  -9.959  -11.073  55.092 0.0000000000
122748  -9.591  -11.151  53.260 0.0000000000
55804  -9.284  -11.741  50.911 0.0000000000
53096  -14.358  -14.491  54.758 0.0000000000
53111  -13.884  -14.428  53.426 0.0000000000
53123  -13.181  -14.039  52.436 0.0000000000
51231  -9.537  -16.279  51.762 0.0000000000
52148  -11.146  -15.273  51.293 0.0000000000
54038  -12.128  -13.187  51.651 0.0000000000
54046  -11.250  -13.580  50.752 0.0000000000
54045  -10.284  -12.989  50.348 0.0000000000
54057  -7.955  -13.188  49.314 0.0000000000
54055  -7.617  -13.866  48.773 0.0000000000
50251  -14.033  -17.333  70.573 0.0000000000
51087  -12.574  -16.756  70.850 0.0000000000
51974  -12.406  -15.521  70.788 0.0000000000
50253  -10.378  -17.957  68.720 0.0000000000
51978  -11.357  -16.464  69.690 0.0000000000
53000  -11.754  -15.400  69.316 0.0000000000
53004  -11.925  -15.003  68.580 0.0000000000
53012  -11.579  -15.126  66.968 0.0000000000
53017  -11.819  -14.961  66.166 0.0000000000
52001  -11.037  -15.556  64.888 0.0000000000
51114  -10.028  -16.452  63.611 0.0000000000
50292  -8.958  -17.527  61.232 0.0000000000
127842  -8.276  -18.288  62.746 0.0000000000
49354  -8.306  -18.078  61.039 0.0000000000
49366  -8.299  -17.998  60.110 0.0000000000
48450  -7.531  -19.673  58.441 0.0000000000
47465  -7.767  -20.807  57.398 0.0000000000
45424  -8.458  -22.558  57.109 0.0000000000
42754  -8.246  -25.518  63.434 0.0000000000
41886  -7.836  -27.023  62.369 0.0000000000
42762  -7.684  -25.558  62.508 0.0000000000
126182  -7.279  -25.065  61.502 0.0000000000
43619  -7.147  -24.656  60.610 0.0000000000
43626  -7.193  -24.325  59.649 0.0000000000
128287  -7.792  -25.715  58.171 0.0000000000
43639  -7.755  -24.280  58.024 0.0000000000
43640  -8.191  -24.129  57.676 0.0000000000
43651  -9.024  -24.059  56.992 0.0000000000
44524  -9.221  -23.343  56.506 0.0000000000
42849  -10.240  -25.439  54.850 0.0000000000
42018  -10.377  -26.314  54.317 0.0000000000
57610  -37.829  -9.709  58.555 0.0000000000
58606  -36.963  -8.462  59.147 0.0000000000
57609  -37.050  -9.396  59.270 0.0000000000
56673  -37.942  -10.622  58.427 0.0000000000
56684  -38.226  -10.847  58.061 0.0000000000
56666  -37.532  -11.354  58.904 0.0000000000
55712  -37.785  -12.038  58.314 0.0000000000
55704  -37.039  -11.993  59.368 0.0000000000
58598  -36.112  -8.837  59.849 0.0000000000
68372  -52.692  2.938  35.049 0.0000000000
67557  -50.230  1.869  34.619 0.0000000000
67562  -49.678  2.138  34.029 0.0000000000
68376  -50.664  2.629  34.272 0.0000000000
68377  -51.358  3.187  34.221 0.0000000000
115913  -41.549  -4.551  44.034 0.0000000000
129338  -39.850  -4.486  44.725 0.0000000000
115914  -39.080  -4.469  44.123 0.0000000000
114993  -40.573  -4.527  43.363 0.0000000000
46462  -9.102  -21.573  56.157 0.0000000000
45442  -9.820  -22.554  55.321 0.0000000000
44545  -10.210  -23.008  54.890 0.0000000000
45387  -11.974  -22.138  62.136 0.0000000000
62165  -37.049  -4.745  54.298 0.0000000000
53021  -12.906  -14.273  64.718 0.0000000000
53018  -12.972  -14.093  65.418 0.0000000000
63220  -46.550  -3.334  37.483 0.0000000000
64076  -47.841  -2.661  38.382 0.0000000000
63215  -47.442  -3.155  38.780 0.0000000000
62377  -45.103  -4.050  37.983 0.0000000000
63219  -45.764  -3.643  37.365 0.0000000000
46351  -20.014  -20.890  65.080 0.0000000000
119589  -19.792  -21.088  64.153 0.0000000000
46448  -24.318  -21.137  56.749 0.0000000000
55802  -7.311  -10.509  50.323 0.0000000000
54865  -14.503  -12.497  57.516 0.0000000000
121684  -9.126  -21.014  47.786 0.0000000000
127932  -15.457  -17.171  70.105 0.0000000000
44477  -7.976  -23.377  64.625 0.0000000000
44481  -7.767  -23.798  63.797 0.0000000000
45382  -7.545  -22.852  63.725 0.0000000000
130950  -7.634  -24.191  63.101 0.0000000000
59487  -38.848  -7.467  57.867 0.0000000000
58631  -38.152  -8.343  56.555 0.0000000000
59488  -39.116  -6.873  57.590 0.0000000000
60365  -38.927  -6.776  57.226 0.0000000000
52087  -34.316  -14.612  56.735 0.0000000000
118730  -33.150  -14.628  56.040 0.0000000000
115720  -54.630  5.593  33.335 0.0000000000
131046  -52.940  5.150  32.989 0.0000000000
61361  -43.606  -5.527  40.703 0.0000000000
118274  -42.037  -5.423  40.881 0.0000000000
61377  -42.472  -5.498  39.578 0.0000000000
58612  -9.085  -9.169  57.804 0.0000000000
57622  -9.039  -9.655  57.277 0.0000000000
57628  -9.022  -10.042  56.686 0.0000000000
51186  -10.445  -17.097  57.198 0.0000000000
114611  -10.385  -16.957  56.348 0.0000000000
50342  -9.648  -17.224  55.991 0.0000000000
133582  -11.275  -21.410  52.700 0.0000000000
46508  -11.240  -20.980  52.109 0.0000000000
129105  -11.322  -21.036  51.141 0.0000000000
124949  -11.832  -22.101  50.997 0.0000000000
44589  -12.046  -23.013  50.740 0.0000000000
134904  -13.354  -19.922  67.282 0.0000000000
61269  -39.671  -4.872  48.536 0.0000000000
61270  -40.392  -4.640  48.581 0.0000000000
61260  -40.042  -4.706  49.220 0.0000000000
130454  -35.829  -10.684  51.495 0.0000000000
61267  -37.981  -5.363  48.535 0.0000000000
61268  -38.810  -5.214  48.404 0.0000000000
48438  -29.174  -19.320  60.664 0.0000000000
48448  -28.613  -19.875  60.085 0.0000000000
127852  -28.103  -20.046  59.290 0.0000000000
50320  -31.505  -17.155  59.319 0.0000000000
50351  -26.483  -17.936  54.293 0.0000000000
49410  -26.825  -18.220  55.056 0.0000000000
49409  -26.433  -18.637  54.593 0.0000000000
137215  -26.398  -19.077  54.868 0.0000000000
48511  -25.617  -18.924  53.380 0.0000000000
53963  -14.557  -13.155  62.471 0.0000000000
129383  -14.976  -12.531  62.368 0.0000000000
53036  -14.148  -14.212  61.207 0.0000000000
50302  -9.775  -17.111  60.324 0.0000000000
50301  -9.059  -17.554  59.893 0.0000000000
65956  -48.852  0.183  36.119 0.0000000000
66780  -49.888  0.326  37.475 0.0000000000
65085  -47.911  -1.008  35.989 0.0000000000
65955  -48.352  -0.368  35.569 0.0000000000
130270  -16.717  -19.543  63.910 0.0000000000
47414  -16.288  -19.535  64.722 0.0000000000
48401  -14.945  -19.196  63.570 0.0000000000
48402  -15.655  -19.093  63.168 0.0000000000
48486  -20.633  -19.733  55.509 0.0000000000
48456  -18.538  -19.102  58.594 0.0000000000
120469  -18.992  -19.996  60.093 0.0000000000
47454  -18.363  -19.446  59.819 0.0000000000
58601  -12.369  -8.724  59.806 0.0000000000
116450  -12.582  -12.250  54.185 0.0000000000
55762  -11.749  -11.848  53.867 0.0000000000
51212  -10.140  -16.598  53.283 0.0000000000
50383  -7.682  -17.633  49.342 0.0000000000
51244  -7.810  -16.204  49.387 0.0000000000
53149  -8.336  -15.229  49.728 0.0000000000
51251  -7.655  -16.201  48.920 0.0000000000
134446  -7.634  -16.870  48.848 0.0000000000
52998  -13.765  -13.861  71.467 0.0000000000
53930  -12.964  -13.898  70.496 0.0000000000
47372  -11.016  -19.648  69.165 0.0000000000
48360  -11.359  -18.998  69.884 0.0000000000
48374  -10.607  -19.578  68.716 0.0000000000
50266  -9.328  -18.051  66.197 0.0000000000
50267  -9.556  -17.677  66.519 0.0000000000
128052  -9.749  -17.134  66.500 0.0000000000
50271  -9.419  -17.491  65.781 0.0000000000
50274  -9.190  -17.548  64.857 0.0000000000
50273  -8.902  -17.937  64.564 0.0000000000
45397  -7.465  -22.262  59.973 0.0000000000
122310  -7.455  -22.240  59.067 0.0000000000
125445  -7.418  -22.932  58.598 0.0000000000
121622  -7.527  -29.190  60.079 0.0000000000
40318  -7.398  -28.430  60.345 0.0000000000
59480  -38.449  -7.591  58.462 0.0000000000
54010  -37.830  -13.211  54.969 0.0000000000
54890  -38.102  -12.702  55.256 0.0000000000
54882  -38.316  -12.400  56.033 0.0000000000
118387  -38.354  -8.979  58.048 0.0000000000
57620  -38.385  -9.543  57.751 0.0000000000
116978  -38.519  -8.134  58.047 0.0000000000
135935  -36.223  -14.387  57.728 0.0000000000
52089  -36.038  -14.475  56.411 0.0000000000
122759  -36.507  -14.335  57.072 0.0000000000
126014  -37.873  -12.961  56.794 0.0000000000
53091  -37.519  -13.908  55.889 0.0000000000
53092  -37.733  -13.510  55.445 0.0000000000
129414  -37.570  -13.592  54.643 0.0000000000
53987  -36.825  -13.223  58.908 0.0000000000
53058  -36.258  -13.653  59.251 0.0000000000
53068  -36.371  -14.048  58.498 0.0000000000
52072  -35.754  -14.516  57.504 0.0000000000
70194  -52.879  4.259  33.725 0.0000000000
70195  -53.859  4.375  34.124 0.0000000000
66801  -46.864  0.304  33.160 0.0000000000
66808  -46.442  0.853  32.841 0.0000000000
66809  -47.343  1.268  33.134 0.0000000000
68385  -48.056  2.912  33.102 0.0000000000
69306  -47.629  3.707  32.836 0.0000000000
69307  -48.395  3.891  33.094 0.0000000000
69308  -49.252  4.151  33.305 0.0000000000
69295  -51.579  3.719  33.976 0.0000000000
70193  -51.927  4.305  33.651 0.0000000000
70208  -52.458  4.779  33.300 0.0000000000
61326  -42.204  -4.933  42.228 0.0000000000
61311  -42.565  -4.806  43.081 0.0000000000
61302  -43.418  -4.664  44.100 0.0000000000
61312  -43.227  -4.890  43.420 0.0000000000
114599  -37.087  -4.719  44.302 0.0000000000
62285  -37.623  -4.495  43.457 0.0000000000
130178  -37.737  -4.445  42.634 0.0000000000
114989  -38.248  -4.458  42.065 0.0000000000
62301  -39.112  -4.479  42.257 0.0000000000
62303  -41.010  -4.608  42.580 0.0000000000
61325  -41.420  -4.769  41.975 0.0000000000
131142  -8.548  -18.644  56.203 0.0000000000
48480  -8.590  -19.117  55.921 0.0000000000
46494  -10.986  -21.570  53.501 0.0000000000
45452  -11.060  -22.546  53.677 0.0000000000
45453  -11.356  -22.915  53.093 0.0000000000
43684  -11.145  -24.174  53.253 0.0000000000
42880  -10.987  -25.530  52.569 0.0000000000
42864  -10.856  -25.607  53.203 0.0000000000
47412  -12.916  -19.934  64.876 0.0000000000
133379  -12.283  -20.557  64.906 0.0000000000
46356  -11.877  -21.155  64.448 0.0000000000
59523  -35.403  -7.469  53.909 0.0000000000
59530  -34.937  -7.890  53.142 0.0000000000
60390  -35.302  -6.521  54.084 0.0000000000
61227  -35.334  -5.308  52.912 0.0000000000
61217  -34.817  -6.111  53.336 0.0000000000
61226  -34.624  -5.862  52.440 0.0000000000
117750  -35.138  -5.237  52.037 0.0000000000
61236  -35.217  -5.116  51.168 0.0000000000
62189  -35.860  -4.736  51.747 0.0000000000
62207  -38.486  -4.407  51.068 0.0000000000
62206  -37.524  -4.421  51.372 0.0000000000
49352  -29.920  -17.893  62.020 0.0000000000
52082  -29.751  -15.673  56.471 0.0000000000
52093  -28.446  -15.813  55.378 0.0000000000
72808  -51.666  7.240  30.265 0.0000000000
72818  -51.282  7.481  29.390 0.0000000000
118972  -52.048  7.487  29.727 0.0000000000
72829  -52.283  7.891  28.312 0.0000000000
130815  -53.298  8.578  27.649 0.0000000000
73777  -54.067  8.648  28.229 0.0000000000
53959  -13.516  -14.172  63.243 0.0000000000
53023  -12.227  -15.066  63.710 0.0000000000
52007  -11.251  -15.802  62.902 0.0000000000
51120  -10.853  -16.247  62.329 0.0000000000
65078  -48.488  -1.543  37.720 0.0000000000
61420  -41.520  -5.120  36.708 0.0000000000
63224  -43.875  -3.797  35.947 0.0000000000
62390  -42.606  -4.081  36.037 0.0000000000
62391  -43.289  -3.743  35.845 0.0000000000
63230  -43.820  -3.321  35.431 0.0000000000
63242  -43.595  -2.866  35.102 0.0000000000
63231  -44.546  -3.242  35.357 0.0000000000
64085  -46.665  -2.958  36.104 0.0000000000
64086  -47.288  -2.479  36.606 0.0000000000
65081  -47.595  -1.768  36.285 0.0000000000
115767  -18.558  -20.481  64.259 0.0000000000
47424  -17.987  -20.156  63.830 0.0000000000
136789  -17.291  -18.624  57.410 0.0000000000
48470  -16.762  -18.771  56.785 0.0000000000
57615  -14.170  -10.036  58.536 0.0000000000
56678  -13.540  -10.256  58.070 0.0000000000
54878  -14.032  -12.740  56.060 0.0000000000
54877  -13.212  -11.947  55.652 0.0000000000
54004  -13.683  -12.830  55.131 0.0000000000
118861  -8.501  -17.939  50.965 0.0000000000
48542  -8.444  -19.057  50.185 0.0000000000
48557  -8.092  -19.277  49.354 0.0000000000
124779  -8.032  -19.444  48.668 0.0000000000
48556  -7.831  -18.780  49.194 0.0000000000
48581  -8.146  -19.853  47.865 0.0000000000
51980  -14.942  -15.436  70.256 0.0000000000
51977  -14.180  -14.906  71.122 0.0000000000
52999  -14.247  -13.919  71.593 0.0000000000
51976  -13.502  -15.515  71.145 0.0000000000
46342  -8.978  -21.335  66.535 0.0000000000
118878  -9.080  -20.832  66.691 0.0000000000
46355  -7.769  -21.551  64.843 0.0000000000
136156  -8.148  -20.932  65.626 0.0000000000
48391  -8.041  -19.889  65.066 0.0000000000
48395  -7.875  -19.679  64.139 0.0000000000
46362  -7.509  -21.208  63.842 0.0000000000
124321  -7.383  -23.062  62.212 0.0000000000
45388  -7.416  -22.397  61.801 0.0000000000
45392  -7.444  -22.335  60.891 0.0000000000
55795  -36.488  -11.870  51.431 0.0000000000
55782  -36.892  -11.489  52.733 0.0000000000
55754  -38.011  -11.998  54.524 0.0000000000
55768  -37.764  -12.086  53.875 0.0000000000
56715  -37.998  -11.196  55.145 0.0000000000
57645  -37.511  -9.753  55.125 0.0000000000
57644  -36.967  -9.379  54.614 0.0000000000
58650  -36.356  -8.931  54.113 0.0000000000
58640  -36.817  -8.505  54.915 0.0000000000
60375  -37.887  -6.525  56.137 0.0000000000
52126  -35.258  -14.991  53.334 0.0000000000
51159  -32.795  -16.155  60.433 0.0000000000
51147  -33.399  -15.493  60.692 0.0000000000
53043  -35.155  -14.136  60.702 0.0000000000
53049  -35.062  -14.379  60.566 0.0000000000
51185  -33.269  -15.530  58.361 0.0000000000
52068  -31.873  -15.652  57.502 0.0000000000
51191  -31.078  -15.702  57.225 0.0000000000
52084  -31.550  -15.237  56.740 0.0000000000
53088  -30.258  -14.362  55.088 0.0000000000
71067  -50.378  6.015  32.010 0.0000000000
71882  -50.698  6.454  31.415 0.0000000000
71895  -51.178  6.830  30.853 0.0000000000
71885  -54.252  6.441  32.081 0.0000000000
71897  -53.341  6.768  31.297 0.0000000000
62369  -46.011  -4.007  39.273 0.0000000000
124349  -45.486  -4.610  39.752 0.0000000000
61364  -46.106  -5.393  41.240 0.0000000000
62341  -46.732  -4.945  40.973 0.0000000000
135667  -44.317  -5.522  42.341 0.0000000000
61357  -39.220  -4.916  39.879 0.0000000000
61392  -39.976  -5.500  38.619 0.0000000000
130759  -41.249  -5.635  38.413 0.0000000000
131252  -43.817  -5.182  39.349 0.0000000000
61396  -43.127  -5.247  38.897 0.0000000000
62367  -43.957  -4.771  38.656 0.0000000000
125489  -44.630  -4.434  38.527 0.0000000000
46482  -23.022  -20.775  54.815 0.0000000000
115088  -22.853  -20.465  53.998 0.0000000000
47527  -21.874  -19.799  53.296 0.0000000000
57633  -8.587  -9.707  55.251 0.0000000000
130310  -8.908  -10.464  54.801 0.0000000000
56720  -8.771  -10.406  54.152 0.0000000000
130080  -8.886  -10.699  53.088 0.0000000000
52058  -13.694  -15.660  56.924 0.0000000000
51189  -13.122  -16.162  56.513 0.0000000000
131914  -10.526  -16.717  55.000 0.0000000000
51202  -10.304  -16.698  54.119 0.0000000000
125781  -8.987  -18.726  55.222 0.0000000000
50340  -9.125  -18.012  55.031 0.0000000000
48491  -9.163  -18.740  54.408 0.0000000000
48515  -9.489  -19.251  52.826 0.0000000000
48503  -9.180  -18.592  53.344 0.0000000000
48514  -9.129  -18.560  52.348 0.0000000000
48529  -9.345  -19.240  51.810 0.0000000000
47548  -9.713  -19.912  51.265 0.0000000000
46555  -11.391  -21.615  49.550 0.0000000000
43708  -11.545  -24.366  51.791 0.0000000000
43723  -11.599  -24.423  51.018 0.0000000000
42919  -11.246  -25.136  50.625 0.0000000000
128536  -15.501  -18.897  69.550 0.0000000000
48370  -15.096  -19.293  69.295 0.0000000000
47379  -12.903  -19.932  68.649 0.0000000000
123767  -12.241  -20.071  68.820 0.0000000000
47374  -11.910  -19.895  69.208 0.0000000000
46335  -11.489  -20.527  68.098 0.0000000000
46349  -11.730  -20.952  66.149 0.0000000000
45374  -11.201  -21.551  66.384 0.0000000000
128827  -10.704  -21.771  66.456 0.0000000000
45370  -10.650  -21.337  67.083 0.0000000000
45369  -10.031  -21.314  67.016 0.0000000000
44470  -9.576  -22.454  65.959 0.0000000000
43599  -8.914  -23.814  64.844 0.0000000000
44478  -8.537  -23.729  64.794 0.0000000000
62259  -40.855  -4.512  46.331 0.0000000000
58656  -34.541  -8.265  52.348 0.0000000000
57684  -34.775  -9.512  51.145 0.0000000000
58667  -34.285  -8.639  51.540 0.0000000000
61275  -37.078  -5.480  47.517 0.0000000000
61274  -36.312  -5.505  47.702 0.0000000000
117897  -36.510  -5.489  46.944 0.0000000000
61287  -39.219  -4.846  46.937 0.0000000000
137719  -38.985  -4.787  46.299 0.0000000000
47463  -26.950  -20.618  58.456 0.0000000000
46431  -25.794  -21.009  57.943 0.0000000000
47474  -26.211  -20.442  57.143 0.0000000000
49378  -30.934  -17.739  59.563 0.0000000000
49373  -30.881  -17.855  60.398 0.0000000000
49377  -30.276  -18.332  59.829 0.0000000000
132730  -29.198  -16.627  56.739 0.0000000000
132682  -29.007  -17.475  57.083 0.0000000000
49388  -28.154  -18.462  56.978 0.0000000000
130495  -27.827  -19.069  57.231 0.0000000000
131559  -27.558  -19.612  57.612 0.0000000000
48487  -25.958  -19.488  54.950 0.0000000000
120524  -26.238  -19.771  55.779 0.0000000000
47503  -25.531  -20.091  55.510 0.0000000000
47516  -24.435  -20.165  54.536 0.0000000000
123682  -24.898  -19.746  54.135 0.0000000000
48524  -25.031  -19.232  52.730 0.0000000000
48510  -24.523  -19.632  53.058 0.0000000000
74648  -53.856  8.998  27.315 0.0000000000
74656  -53.524  9.403  26.619 0.0000000000
74657  -54.433  9.586  26.914 0.0000000000
75445  -54.508  10.675  26.002 0.0000000000
76169  -55.428  10.973  26.319 0.0000000000
57605  -15.276  -10.185  59.832 0.0000000000
55705  -15.017  -11.768  59.357 0.0000000000
55690  -15.623  -11.281  61.389 0.0000000000
123835  -14.765  -12.878  60.484 0.0000000000
53059  -14.265  -14.496  58.756 0.0000000000
53052  -14.281  -14.363  59.604 0.0000000000
124644  -13.400  -15.386  59.960 0.0000000000
52037  -13.866  -15.140  59.278 0.0000000000
121230  -12.185  -16.735  57.992 0.0000000000
51164  -12.470  -16.444  58.752 0.0000000000
52019  -12.636  -15.436  61.644 0.0000000000
135803  -12.678  -15.623  60.926 0.0000000000
51162  -10.686  -17.015  59.009 0.0000000000
51175  -10.551  -17.150  58.093 0.0000000000
50328  -8.963  -17.742  57.310 0.0000000000
50323  -8.944  -17.672  58.200 0.0000000000
49379  -8.079  -18.236  58.318 0.0000000000
49382  -8.097  -18.469  57.522 0.0000000000
47466  -7.839  -19.878  57.111 0.0000000000
67549  -51.561  2.035  35.655 0.0000000000
67543  -51.135  1.543  36.438 0.0000000000
62269  -42.626  -4.475  45.654 0.0000000000
64101  -44.592  -2.662  34.344 0.0000000000
64115  -45.194  -2.405  33.807 0.0000000000
65094  -46.207  -1.333  33.581 0.0000000000
65093  -45.560  -1.752  33.400 0.0000000000
65106  -45.261  -1.412  33.057 0.0000000000
65964  -46.498  -0.537  33.313 0.0000000000
66789  -49.307  0.787  35.635 0.0000000000
66795  -48.512  0.508  34.326 0.0000000000
67547  -49.809  1.297  35.093 0.0000000000
115820  -17.997  -20.106  65.974 0.0000000000
47405  -17.238  -19.814  65.863 0.0000000000
47403  -15.367  -19.508  65.450 0.0000000000
115599  -13.594  -19.710  65.550 0.0000000000
47413  -13.847  -19.639  64.738 0.0000000000
48400  -14.178  -19.503  63.077 0.0000000000
47430  -13.687  -19.921  62.642 0.0000000000
47429  -13.123  -20.460  62.570 0.0000000000
47437  -13.035  -20.757  61.783 0.0000000000
46464  -22.431  -20.951  55.402 0.0000000000
46445  -21.924  -21.069  55.931 0.0000000000
125301  -20.964  -20.564  56.770 0.0000000000
46427  -21.838  -21.280  56.826 0.0000000000
47473  -21.212  -20.981  57.111 0.0000000000
46426  -20.989  -21.073  57.921 0.0000000000
48473  -19.896  -19.336  56.910 0.0000000000
114648  -19.804  -20.211  58.881 0.0000000000
46416  -20.806  -21.078  58.779 0.0000000000
46406  -20.076  -20.709  60.020 0.0000000000
118465  -19.856  -20.789  60.803 0.0000000000
46381  -19.163  -20.634  62.108 0.0000000000
46372  -19.086  -20.711  62.962 0.0000000000
47439  -17.444  -19.509  61.753 0.0000000000
47431  -17.406  -19.665  62.608 0.0000000000
48422  -16.664  -19.093  61.354 0.0000000000
124447  -16.208  -18.673  59.246 0.0000000000
48444  -15.930  -18.768  59.938 0.0000000000
48433  -14.873  -18.922  61.098 0.0000000000
48420  -14.902  -19.092  61.929 0.0000000000
48442  -14.234  -19.547  60.606 0.0000000000
57601  -10.703  -9.354  59.623 0.0000000000
57611  -10.264  -9.778  58.988 0.0000000000
57600  -10.185  -9.301  59.681 0.0000000000
56689  -12.152  -10.499  57.377 0.0000000000
116944  -10.966  -11.004  56.012 0.0000000000
55727  -10.925  -10.751  56.661 0.0000000000
55726  -10.112  -10.785  56.324 0.0000000000
55735  -9.798  -10.821  55.701 0.0000000000
55774  -10.258  -11.607  52.363 0.0000000000
55790  -9.769  -11.655  51.543 0.0000000000
54925  -10.196  -12.215  50.891 0.0000000000
52091  -13.763  -15.586  55.154 0.0000000000
52092  -14.334  -14.991  55.537 0.0000000000
52109  -14.174  -15.145  54.729 0.0000000000
52121  -12.877  -15.506  52.968 0.0000000000
52135  -13.429  -14.695  52.862 0.0000000000
54032  -13.620  -14.003  52.920 0.0000000000
52134  -12.818  -14.801  52.314 0.0000000000
51230  -8.860  -16.658  51.526 0.0000000000
52162  -9.478  -15.322  50.552 0.0000000000
52147  -10.001  -15.646  51.206 0.0000000000
53152  -11.230  -14.500  50.849 0.0000000000
136796  -11.670  -14.724  51.219 0.0000000000
54037  -11.694  -13.374  51.164 0.0000000000
53151  -10.494  -14.088  50.390 0.0000000000
53163  -8.086  -14.525  49.492 0.0000000000
124803  -9.530  -13.850  50.037 0.0000000000
123876  -8.477  -13.846  49.640 0.0000000000
54044  -9.033  -12.955  49.780 0.0000000000
54056  -7.622  -13.524  49.043 0.0000000000
53162  -7.677  -14.322  49.101 0.0000000000
49316  -14.186  -18.243  70.221 0.0000000000
133151  -13.451  -17.713  70.520 0.0000000000
51086  -11.893  -16.867  70.484 0.0000000000
137518  -12.287  -16.185  70.766 0.0000000000
51973  -11.818  -16.214  70.368 0.0000000000
48382  -9.846  -19.318  67.637 0.0000000000
49317  -10.340  -18.539  68.585 0.0000000000
49323  -10.040  -18.631  67.972 0.0000000000
51094  -10.277  -17.132  68.003 0.0000000000
51095  -10.500  -17.137  68.634 0.0000000000
51982  -10.883  -16.663  69.010 0.0000000000
130409  -11.368  -16.049  69.271 0.0000000000
138204  -11.034  -16.307  68.659 0.0000000000
51983  -11.398  -15.734  68.649 0.0000000000
51996  -10.611  -16.034  66.306 0.0000000000
51988  -11.251  -15.567  67.385 0.0000000000
51993  -11.152  -15.538  66.620 0.0000000000
53013  -12.177  -14.630  67.014 0.0000000000
51998  -11.693  -15.105  65.176 0.0000000000
51113  -9.337  -17.099  64.067 0.0000000000
51118  -9.386  -16.947  62.970 0.0000000000
51129  -9.482  -16.992  61.990 0.0000000000
50282  -8.980  -17.477  62.270 0.0000000000
48398  -7.781  -19.316  63.252 0.0000000000
49341  -8.094  -18.631  63.185 0.0000000000
48406  -7.868  -18.844  62.385 0.0000000000
47436  -7.325  -19.896  60.488 0.0000000000
49353  -7.960  -18.656  61.411 0.0000000000
49365  -7.980  -18.559  60.509 0.0000000000
49374  -7.944  -18.529  59.620 0.0000000000
133086  -7.677  -19.163  59.266 0.0000000000
46422  -7.675  -21.778  57.771 0.0000000000
126207  -7.473  -20.746  58.078 0.0000000000
46423  -8.111  -21.666  57.134 0.0000000000
41867  -8.175  -26.309  62.982 0.0000000000
41111  -7.638  -27.672  61.810 0.0000000000
119975  -7.661  -26.357  62.176 0.0000000000
43608  -7.472  -24.637  62.376 0.0000000000
127322  -7.401  -25.899  61.437 0.0000000000
127014  -7.088  -25.874  59.642 0.0000000000
127963  -7.123  -25.448  60.596 0.0000000000
42781  -7.005  -25.082  59.912 0.0000000000
124515  -7.239  -25.111  59.121 0.0000000000
42799  -7.597  -25.076  58.357 0.0000000000
42800  -7.965  -24.968  57.840 0.0000000000
43650  -8.591  -23.908  57.365 0.0000000000
43664  -9.439  -24.251  56.169 0.0000000000
43672  -9.942  -24.481  55.239 0.0000000000
59474  -37.769  -7.916  58.779 0.0000000000
125819  -37.073  -7.162  58.892 0.0000000000
59473  -36.798  -7.789  59.110 0.0000000000
59472  -35.676  -7.768  59.716 0.0000000000
117528  -38.318  -11.771  57.341 0.0000000000
55718  -38.305  -11.214  57.764 0.0000000000
57619  -38.237  -9.909  58.075 0.0000000000
53992  -37.235  -13.182  58.277 0.0000000000
53069  -37.133  -13.739  57.760 0.0000000000
54859  -37.638  -12.569  58.096 0.0000000000
54870  -37.997  -12.419  57.420 0.0000000000
56659  -36.066  -11.469  60.565 0.0000000000
56665  -36.811  -11.172  59.729 0.0000000000
57598  -36.180  -9.621  60.170 0.0000000000
69296  -53.121  3.821  34.214 0.0000000000
67561  -48.841  1.884  33.665 0.0000000000
68374  -49.323  2.682  33.678 0.0000000000
131071  -49.879  3.545  33.640 0.0000000000
69294  -50.732  3.333  33.924 0.0000000000
62288  -42.151  -4.628  43.539 0.0000000000
62276  -43.009  -4.591  44.532 0.0000000000
115731  -38.106  -4.560  44.391 0.0000000000
62287  -39.377  -4.450  43.221 0.0000000000
47481  -8.300  -19.918  56.523 0.0000000000
47495  -8.825  -19.975  55.902 0.0000000000
47496  -9.239  -20.858  55.739 0.0000000000
44546  -10.684  -23.150  54.246 0.0000000000
121808  -12.691  -20.668  63.207 0.0000000000
46363  -12.103  -21.208  63.550 0.0000000000
61207  -36.884  -5.592  55.021 0.0000000000
61219  -36.115  -4.949  53.564 0.0000000000
62176  -36.806  -4.397  53.130 0.0000000000
62190  -36.688  -4.415  52.093 0.0000000000
62191  -37.606  -4.138  52.479 0.0000000000
137612  -30.667  -16.149  61.988 0.0000000000
52110  -28.259  -15.210  54.412 0.0000000000
72819  -52.596  7.616  29.557 0.0000000000
72820  -53.357  7.753  29.737 0.0000000000
72821  -54.504  8.161  29.994 0.0000000000
129053  -56.283  9.092  30.470 0.0000000000
53956  -14.122  -13.372  64.439 0.0000000000
64081  -47.558  -2.544  37.507 0.0000000000
64082  -48.161  -2.123  38.053 0.0000000000
62374  -42.889  -4.771  37.323 0.0000000000
62380  -42.385  -4.682  36.668 0.0000000000
132127  -43.579  -4.493  37.247 0.0000000000
62382  -44.080  -4.145  36.679 0.0000000000
63225  -44.580  -3.685  36.015 0.0000000000
63232  -45.095  -3.400  35.682 0.0000000000
63226  -45.404  -3.551  36.355 0.0000000000
63227  -46.246  -3.323  36.619 0.0000000000
47407  -19.435  -20.553  65.642 0.0000000000
126604  -25.116  -21.367  58.492 0.0000000000
56736  -7.655  -10.059  51.548 0.0000000000
56750  -7.222  -10.104  50.811 0.0000000000
126068  -14.414  -11.703  57.802 0.0000000000
54872  -14.235  -12.353  56.743 0.0000000000
53999  -14.425  -13.626  56.173 0.0000000000
47581  -8.981  -20.336  49.256 0.0000000000
47580  -8.506  -19.709  49.647 0.0000000000
46566  -8.625  -20.437  48.297 0.0000000000
45375  -8.326  -22.378  65.705 0.0000000000
45379  -7.949  -22.506  65.063 0.0000000000
123739  -7.585  -22.120  64.176 0.0000000000
44482  -7.376  -23.798  62.263 0.0000000000
57632  -38.230  -9.248  56.638 0.0000000000
57638  -38.021  -10.141  55.726 0.0000000000
58630  -37.762  -8.395  55.993 0.0000000000
59514  -37.359  -8.046  55.626 0.0000000000
59505  -37.972  -7.540  56.314 0.0000000000
52114  -36.571  -14.687  53.640 0.0000000000
133055  -35.132  -14.583  58.955 0.0000000000
52056  -34.702  -14.800  58.871 0.0000000000
52070  -33.753  -14.968  57.658 0.0000000000
52085  -32.430  -14.915  56.705 0.0000000000
117509  -31.920  -14.789  56.190 0.0000000000
71873  -54.955  6.177  32.850 0.0000000000
71055  -51.087  5.515  32.552 0.0000000000
71068  -51.907  5.875  32.145 0.0000000000
71884  -52.541  6.277  31.722 0.0000000000
61379  -44.995  -5.264  40.250 0.0000000000
116627  -44.134  -5.394  40.044 0.0000000000
61363  -45.351  -5.509  41.081 0.0000000000
61358  -39.952  -4.973  40.154 0.0000000000
61359  -40.682  -5.125  40.391 0.0000000000
61376  -41.125  -5.409  39.811 0.0000000000
61394  -41.649  -5.546  39.152 0.0000000000
47538  -23.111  -20.210  53.132 0.0000000000
57627  -8.677  -9.853  55.956 0.0000000000
56703  -9.339  -10.693  55.272 0.0000000000
51177  -12.413  -16.642  57.148 0.0000000000
51188  -12.306  -16.525  56.159 0.0000000000
51192  -9.756  -17.047  55.369 0.0000000000
47524  -9.987  -19.952  53.297 0.0000000000
46540  -11.546  -21.570  50.376 0.0000000000
45500  -11.777  -22.440  49.117 0.0000000000
43741  -11.510  -24.269  49.238 0.0000000000
47381  -14.963  -19.602  68.193 0.0000000000
48375  -14.516  -19.587  68.850 0.0000000000
47385  -13.148  -19.988  68.034 0.0000000000
45380  -11.049  -22.543  65.054 0.0000000000
44471  -10.217  -22.401  65.902 0.0000000000
126543  -9.737  -22.963  65.507 0.0000000000
43600  -9.602  -23.653  64.915 0.0000000000
62250  -40.110  -4.634  47.066 0.0000000000
61279  -40.285  -4.664  47.878 0.0000000000
61246  -37.367  -4.965  49.845 0.0000000000
61257  -37.672  -5.225  49.195 0.0000000000
136413  -37.627  -5.462  47.937 0.0000000000
61276  -37.821  -5.379  47.241 0.0000000000
61277  -38.646  -5.201  47.492 0.0000000000
47476  -27.227  -20.155  57.962 0.0000000000
50311  -31.922  -16.677  60.769 0.0000000000
50299  -31.885  -16.348  61.269 0.0000000000
50310  -31.479  -17.303  60.146 0.0000000000
49381  -30.945  -17.528  58.926 0.0000000000
49385  -29.917  -17.790  58.269 0.0000000000
49400  -27.201  -18.516  55.779 0.0000000000
48475  -27.027  -19.118  55.930 0.0000000000
48498  -25.506  -19.404  54.149 0.0000000000
118637  -50.101  7.822  27.096 0.0000000000
54839  -15.328  -12.092  61.783 0.0000000000
137628  -14.706  -13.052  61.146 0.0000000000
53045  -14.277  -14.232  60.420 0.0000000000
51131  -11.140  -16.345  61.472 0.0000000000
51141  -11.302  -16.449  60.717 0.0000000000
50313  -8.999  -17.648  59.074 0.0000000000
131774  -50.406  0.981  37.001 0.0000000000
64103  -46.266  -2.327  34.719 0.0000000000
122817  -45.631  -2.502  34.329 0.0000000000
64104  -46.854  -1.771  34.930 0.0000000000
65088  -47.174  -1.181  34.620 0.0000000000
65958  -47.518  -0.490  34.284 0.0000000000
66788  -48.728  0.304  35.153 0.0000000000
47415  -17.178  -19.822  65.110 0.0000000000
118975  -14.970  -19.406  64.547 0.0000000000
48419  -14.296  -19.545  62.282 0.0000000000
47514  -21.303  -20.102  54.770 0.0000000000
47499  -21.140  -20.280  55.476 0.0000000000
47485  -20.850  -20.236  56.174 0.0000000000
47470  -19.498  -19.314  57.676 0.0000000000
47461  -19.435  -19.634  58.384 0.0000000000
47456  -19.620  -20.321  59.663 0.0000000000
114778  -18.862  -20.157  60.856 0.0000000000
47441  -18.705  -20.299  61.664 0.0000000000
48453  -15.513  -18.826  58.525 0.0000000000
47452  -14.053  -19.732  59.777 0.0000000000
55739  -12.758  -11.457  56.143 0.0000000000
55738  -12.061  -11.403  55.582 0.0000000000
55737  -10.925  -11.257  55.319 0.0000000000
55746  -10.811  -11.415  54.463 0.0000000000
54907  -11.407  -12.217  52.168 0.0000000000
51204  -12.314  -16.241  54.450 0.0000000000
52107  -13.053  -15.810  53.891 0.0000000000
51213  -12.177  -16.113  53.601 0.0000000000
52120  -11.905  -15.930  52.808 0.0000000000
51237  -8.230  -16.691  50.212 0.0000000000
51238  -8.582  -16.375  50.686 0.0000000000
52161  -8.726  -15.652  50.284 0.0000000000
138048  -9.782  -14.641  50.304 0.0000000000
138380  -7.625  -14.841  49.033 0.0000000000
52173  -7.649  -15.389  48.976 0.0000000000
49314  -12.316  -18.442  70.352 0.0000000000
48361  -11.881  -19.094  70.059 0.0000000000
49313  -11.649  -18.453  70.177 0.0000000000
49312  -11.107  -18.466  69.820 0.0000000000
122276  -9.933  -18.029  67.650 0.0000000000
49332  -9.597  -18.105  66.926 0.0000000000
50263  -9.796  -17.596  67.103 0.0000000000
51099  -10.435  -16.642  67.619 0.0000000000
51987  -10.957  -16.089  67.977 0.0000000000
51102  -10.231  -16.602  66.831 0.0000000000
51106  -10.078  -16.527  66.020 0.0000000000
52000  -10.509  -16.005  65.450 0.0000000000
51110  -9.969  -16.517  65.210 0.0000000000
114867  -7.443  -20.774  61.892 0.0000000000
122555  -7.404  -19.924  61.407 0.0000000000
120050  -7.362  -20.710  60.950 0.0000000000
48440  -7.366  -19.853  59.541 0.0000000000
46413  -7.433  -21.521  58.582 0.0000000000
45412  -7.638  -22.785  57.942 0.0000000000
126831  -7.195  -26.872  59.971 0.0000000000
129114  -8.200  -25.596  57.759 0.0000000000
53119  -37.290  -13.775  53.276 0.0000000000
54030  -37.541  -13.238  53.587 0.0000000000
54022  -37.897  -12.721  54.320 0.0000000000
132441  -38.034  -12.470  54.712 0.0000000000
55725  -38.414  -10.964  57.245 0.0000000000
123207  -38.427  -10.456  56.838 0.0000000000
129297  -38.414  -9.787  56.983 0.0000000000
57626  -38.405  -9.104  57.376 0.0000000000
58616  -38.551  -8.190  57.630 0.0000000000
115438  -34.937  -14.569  55.566 0.0000000000
52100  -35.694  -14.642  54.990 0.0000000000
52090  -37.119  -14.191  56.433 0.0000000000
52102  -37.007  -14.296  55.288 0.0000000000
119031  -36.652  -14.527  54.445 0.0000000000
53106  -37.274  -14.003  53.837 0.0000000000
53977  -35.607  -13.815  60.376 0.0000000000
54845  -35.964  -12.796  60.482 0.0000000000
53982  -36.124  -13.614  59.708 0.0000000000
52045  -35.575  -14.230  59.635 0.0000000000
133307  -35.321  -14.604  58.354 0.0000000000
71043  -54.360  4.963  33.765 0.0000000000
118771  -48.114  1.958  33.195 0.0000000000
67568  -47.400  2.243  32.963 0.0000000000
68384  -46.737  2.684  32.703 0.0000000000
69305  -46.835  3.628  32.602 0.0000000000
70204  -48.706  4.781  32.955 0.0000000000
70205  -49.599  4.947  33.103 0.0000000000
70206  -50.518  4.985  33.203 0.0000000000
115428  -43.190  -5.487  41.283 0.0000000000
115429  -43.714  -5.391  42.472 0.0000000000
132826  -43.607  -5.182  43.073 0.0000000000
130269  -36.608  -4.435  42.054 0.0000000000
114987  -36.996  -4.439  41.203 0.0000000000
62315  -37.943  -4.497  41.278 0.0000000000
61341  -40.239  -4.823  40.968 0.0000000000
61342  -41.017  -4.949  41.193 0.0000000000
61343  -41.772  -5.144  41.412 0.0000000000
120412  -9.438  -9.729  58.070 0.0000000000
50334  -9.027  -17.809  56.375 0.0000000000
49394  -8.924  -18.479  55.532 0.0000000000
47511  -9.345  -20.066  55.145 0.0000000000
116307  -9.722  -20.068  54.255 0.0000000000
45477  -11.840  -22.854  51.595 0.0000000000
45465  -11.606  -22.840  52.429 0.0000000000
44564  -11.647  -23.601  52.087 0.0000000000
43697  -11.385  -24.277  52.530 0.0000000000
44553  -11.101  -23.407  53.528 0.0000000000
42881  -11.278  -25.004  52.219 0.0000000000
119498  -10.884  -25.731  51.903 0.0000000000
45381  -11.419  -21.880  64.831 0.0000000000
129727  -11.541  -21.915  64.026 0.0000000000
131098  -11.242  -22.534  64.457 0.0000000000
44480  -10.900  -23.248  64.431 0.0000000000
62234  -39.650  -4.692  49.842 0.0000000000
135887  -40.054  -4.488  50.396 0.0000000000
58658  -35.971  -9.322  53.309 0.0000000000
58657  -35.302  -8.797  52.821 0.0000000000
59529  -34.341  -7.395  52.572 0.0000000000
59528  -33.915  -6.997  52.120 0.0000000000
60404  -34.105  -6.388  51.903 0.0000000000
60412  -33.882  -6.188  51.080 0.0000000000
61243  -34.537  -5.600  50.660 0.0000000000
61244  -35.436  -5.160  50.248 0.0000000000
61245  -36.413  -4.979  49.962 0.0000000000
131290  -36.607  -4.565  51.298 0.0000000000
62205  -36.996  -4.699  50.585 0.0000000000
61247  -38.200  -4.945  49.817 0.0000000000
48430  -29.701  -18.783  61.156 0.0000000000
48449  -29.210  -19.132  59.760 0.0000000000
51183  -31.073  -16.286  57.764 0.0000000000
50331  -30.312  -17.083  57.864 0.0000000000
51196  -28.436  -16.666  56.045 0.0000000000
51206  -27.681  -16.769  55.320 0.0000000000
132788  -26.978  -17.401  54.785 0.0000000000
50358  -26.206  -17.693  53.478 0.0000000000
115606  -52.085  7.644  29.051 0.0000000000
72828  -51.512  7.666  28.485 0.0000000000
114647  -51.051  7.686  27.937 0.0000000000
73774  -50.967  7.909  27.239 0.0000000000
73775  -51.747  8.325  27.104 0.0000000000
73782  -51.800  8.820  26.574 0.0000000000
73783  -52.332  8.677  26.898 0.0000000000
73770  -55.156  9.019  28.734 0.0000000000
133998  -14.052  -13.863  62.525 0.0000000000
53028  -13.944  -14.196  61.893 0.0000000000
53027  -13.471  -14.467  62.442 0.0000000000
52009  -12.956  -15.014  62.320 0.0000000000
52018  -11.693  -15.878  62.049 0.0000000000
51139  -9.633  -17.048  61.122 0.0000000000
65947  -49.497  -0.428  37.868 0.0000000000
65946  -48.782  -0.834  37.387 0.0000000000
65074  -48.802  -1.733  38.535 0.0000000000
116015  -41.954  -4.550  36.183 0.0000000000
63241  -43.051  -2.743  34.972 0.0000000000
63243  -44.209  -2.839  34.960 0.0000000000
63244  -44.850  -2.879  34.886 0.0000000000
64090  -45.584  -2.843  34.930 0.0000000000
64092  -46.912  -2.252  35.630 0.0000000000
125666  -18.967  -19.907  66.761 0.0000000000
115129  -18.508  -20.397  65.247 0.0000000000
49407  -19.375  -18.520  54.386 0.0000000000
49398  -19.238  -18.594  55.361 0.0000000000
48484  -19.139  -18.702  56.320 0.0000000000
48472  -18.304  -18.595  56.568 0.0000000000
116476  -18.976  -18.806  57.168 0.0000000000
48463  -17.833  -18.694  57.944 0.0000000000
48455  -17.586  -18.749  58.605 0.0000000000
57603  -12.763  -9.163  59.077 0.0000000000
57614  -13.180  -9.691  58.466 0.0000000000
55721  -13.907  -11.197  57.420 0.0000000000
54896  -13.249  -12.980  53.749 0.0000000000
50363  -8.952  -17.525  52.452 0.0000000000
51221  -9.107  -16.807  52.338 0.0000000000
50370  -8.709  -17.437  51.508 0.0000000000
49442  -8.117  -18.054  50.216 0.0000000000
49449  -8.069  -18.629  49.809 0.0000000000
49441  -7.951  -17.701  49.880 0.0000000000
50388  -7.569  -17.544  48.927 0.0000000000
49457  -7.825  -18.235  48.710 0.0000000000
53936  -15.686  -13.557  71.011 0.0000000000
51975  -13.099  -14.831  71.195 0.0000000000
137812  -10.027  -20.288  67.636 0.0000000000
47384  -9.743  -20.054  67.425 0.0000000000
48381  -9.449  -19.796  67.074 0.0000000000
122060  -8.617  -21.178  66.289 0.0000000000
47393  -8.967  -20.362  66.556 0.0000000000
48388  -9.175  -19.520  66.614 0.0000000000
114829  -8.955  -19.171  66.099 0.0000000000
48392  -8.554  -19.208  65.387 0.0000000000
49338  -8.651  -18.514  64.770 0.0000000000
116832  -7.460  -20.934  62.862 0.0000000000
121051  -7.447  -21.570  61.385 0.0000000000
56745  -36.371  -11.231  51.937 0.0000000000
57685  -36.027  -10.409  52.186 0.0000000000
54914  -37.511  -13.040  53.127 0.0000000000
132637  -37.433  -11.687  53.484 0.0000000000
131856  -37.646  -10.649  54.760 0.0000000000
137778  -37.414  -10.955  54.025 0.0000000000
56733  -36.907  -10.737  53.418 0.0000000000
57667  -36.302  -10.117  52.954 0.0000000000
59524  -36.158  -8.012  54.406 0.0000000000
60383  -36.068  -7.028  54.619 0.0000000000
60385  -37.398  -7.264  55.763 0.0000000000
60384  -36.899  -6.558  55.385 0.0000000000
61208  -37.774  -5.196  55.229 0.0000000000
51128  -32.468  -15.499  61.357 0.0000000000
51172  -32.142  -16.440  58.908 0.0000000000
51138  -34.201  -15.031  60.663 0.0000000000
51174  -34.209  -15.191  59.322 0.0000000000
51161  -34.065  -15.435  59.806 0.0000000000
51160  -33.554  -15.765  60.076 0.0000000000
122836  -32.909  -15.983  58.869 0.0000000000
121878  -31.764  -16.261  58.140 0.0000000000
52095  -30.294  -14.927  55.849 0.0000000000
52096  -31.246  -14.843  56.082 0.0000000000
71880  -48.896  6.596  30.938 0.0000000000
72802  -55.689  7.405  31.889 0.0000000000
63213  -45.899  -3.781  38.385 0.0000000000
131709  -46.363  -3.709  38.873 0.0000000000
63209  -47.547  -3.644  40.070 0.0000000000
116325  -43.901  -5.532  41.626 0.0000000000
61346  -44.796  -5.619  41.771 0.0000000000
61410  -42.627  -5.170  38.115 0.0000000000
135763  -22.463  -20.180  53.455 0.0000000000
47526  -21.957  -20.252  54.205 0.0000000000
48496  -20.771  -19.543  54.624 0.0000000000
49408  -20.177  -18.885  54.115 0.0000000000
56709  -8.553  -10.073  54.559 0.0000000000
55772  -8.290  -10.361  52.337 0.0000000000
55789  -8.661  -11.088  51.473 0.0000000000
127565  -14.446  -14.053  57.537 0.0000000000
53071  -14.381  -14.555  57.084 0.0000000000
52075  -13.760  -15.620  56.042 0.0000000000
51194  -12.333  -16.379  55.276 0.0000000000
51203  -11.346  -16.440  54.269 0.0000000000
50364  -9.047  -17.236  52.986 0.0000000000
50341  -9.280  -17.588  55.390 0.0000000000
50350  -9.236  -17.583  54.483 0.0000000000
50349  -9.088  -17.897  54.193 0.0000000000
50357  -9.137  -17.562  53.769 0.0000000000
50356  -9.040  -17.727  53.358 0.0000000000
49432  -8.900  -17.953  51.888 0.0000000000
47563  -9.226  -20.034  50.250 0.0000000000
47564  -10.279  -20.448  50.714 0.0000000000
47582  -9.930  -20.540  49.782 0.0000000000
137613  -9.695  -20.659  49.197 0.0000000000
132321  -11.863  -23.764  50.630 0.0000000000
49319  -14.692  -18.954  69.802 0.0000000000
48363  -13.668  -19.050  70.006 0.0000000000
47376  -13.498  -19.721  69.018 0.0000000000
48368  -13.105  -19.538  69.578 0.0000000000
48367  -12.243  -19.556  69.653 0.0000000000
47373  -11.352  -19.892  69.109 0.0000000000
47378  -10.886  -20.121  68.672 0.0000000000
46340  -11.631  -20.669  67.628 0.0000000000
46344  -11.159  -21.248  67.098 0.0000000000
46334  -11.022  -20.574  68.187 0.0000000000
46333  -10.560  -20.468  68.060 0.0000000000
46337  -10.066  -20.706  67.493 0.0000000000
46343  -9.459  -21.274  66.771 0.0000000000
45371  -8.910  -21.922  66.327 0.0000000000
44469  -9.013  -22.519  65.917 0.0000000000
45376  -8.620  -22.453  65.797 0.0000000000
122631  -8.221  -24.228  64.263 0.0000000000
121609  -41.059  -4.493  44.831 0.0000000000
62251  -41.216  -4.495  47.182 0.0000000000
56744  -35.462  -9.983  51.650 0.0000000000
58682  -34.060  -8.957  50.734 0.0000000000
61293  -36.328  -5.334  45.619 0.0000000000
61301  -37.098  -5.179  45.642 0.0000000000
132224  -37.753  -5.025  45.646 0.0000000000
61285  -37.632  -5.263  46.310 0.0000000000
61294  -38.359  -4.950  45.962 0.0000000000
62266  -38.274  -4.721  45.250 0.0000000000
46412  -26.884  -20.986  59.135 0.0000000000
119776  -25.938  -21.306  58.941 0.0000000000
47486  -24.966  -20.607  56.126 0.0000000000
121382  -30.793  -16.676  61.833 0.0000000000
50298  -31.292  -16.982  61.323 0.0000000000
136852  -31.057  -16.883  61.600 0.0000000000
50297  -30.629  -17.416  61.715 0.0000000000
49372  -30.325  -18.345  60.796 0.0000000000
48439  -29.770  -18.792  60.323 0.0000000000
137316  -28.450  -17.907  56.873 0.0000000000
49389  -28.777  -18.087  57.372 0.0000000000
49384  -29.156  -18.265  58.083 0.0000000000
119094  -29.190  -18.560  58.712 0.0000000000
48466  -28.671  -18.853  58.384 0.0000000000
48457  -28.371  -19.429  58.750 0.0000000000
127041  -26.897  -20.096  57.253 0.0000000000
132907  -26.741  -19.518  56.072 0.0000000000
47487  -25.844  -20.292  56.325 0.0000000000
47515  -23.642  -20.389  54.285 0.0000000000
74655  -52.588  9.238  26.412 0.0000000000
74664  -52.309  9.853  25.843 0.0000000000
75436  -54.055  10.005  26.273 0.0000000000
75443  -52.856  10.648  25.575 0.0000000000
126419  -55.036  11.425  25.758 0.0000000000
123264  -14.679  -9.689  59.214 0.0000000000
55713  -14.727  -11.628  58.547 0.0000000000
126064  -14.601  -13.012  58.387 0.0000000000
54847  -15.361  -11.906  61.038 0.0000000000
55698  -15.149  -12.070  60.307 0.0000000000
128821  -14.634  -13.034  59.185 0.0000000000
53988  -14.440  -13.871  58.220 0.0000000000
53064  -14.263  -14.555  57.913 0.0000000000
52047  -13.542  -15.734  57.849 0.0000000000
119934  -13.554  -15.578  58.667 0.0000000000
51165  -12.884  -16.364  57.929 0.0000000000
51176  -11.442  -16.992  57.604 0.0000000000
52029  -13.286  -15.267  60.777 0.0000000000
51142  -11.867  -16.362  60.165 0.0000000000
51151  -12.418  -16.266  59.581 0.0000000000
49386  -8.256  -18.642  56.814 0.0000000000
50322  -8.414  -17.990  57.849 0.0000000000
136032  -8.352  -21.297  56.823 0.0000000000
67558  -51.093  2.211  34.895 0.0000000000
121965  -51.864  2.511  35.176 0.0000000000
118993  -47.684  -3.322  39.508 0.0000000000
120670  -42.284  -4.528  44.874 0.0000000000
64113  -43.576  -2.269  33.530 0.0000000000
64132  -44.124  -1.928  33.015 0.0000000000
117826  -44.672  -1.358  32.842 0.0000000000
65972  -46.007  -0.116  32.882 0.0000000000
66802  -47.603  0.617  33.500 0.0000000000
65966  -47.862  0.198  34.009 0.0000000000
135450  -48.215  0.739  33.795 0.0000000000
67555  -48.854  1.138  33.935 0.0000000000
67556  -49.489  1.485  34.344 0.0000000000
47394  -14.450  -19.649  66.897 0.0000000000
47395  -16.488  -19.590  66.507 0.0000000000
118867  -13.283  -19.897  64.191 0.0000000000
46380  -12.554  -21.514  61.526 0.0000000000
46447  -23.366  -21.250  56.476 0.0000000000
46428  -22.646  -21.470  57.119 0.0000000000
119754  -21.998  -21.558  57.741 0.0000000000
46408  -21.164  -21.333  59.243 0.0000000000
47484  -20.556  -20.092  56.910 0.0000000000
46396  -20.972  -21.332  60.012 0.0000000000
46384  -20.875  -21.377  60.787 0.0000000000
46383  -20.286  -21.148  61.192 0.0000000000
46374  -20.258  -21.257  62.132 0.0000000000
46365  -19.497  -20.953  63.357 0.0000000000
119021  -18.034  -20.126  62.977 0.0000000000
48446  -17.393  -18.882  59.409 0.0000000000
48435  -16.756  -18.972  60.560 0.0000000000
48408  -15.817  -19.057  62.535 0.0000000000
124435  -15.357  -19.001  62.238 0.0000000000
138056  -13.847  -19.930  60.917 0.0000000000
127207  -13.536  -20.278  61.239 0.0000000000
57599  -9.838  -9.613  58.912 0.0000000000
57613  -12.097  -9.639  58.590 0.0000000000
55719  -11.730  -10.751  56.856 0.0000000000
56688  -11.077  -10.486  57.339 0.0000000000
56675  -10.449  -10.214  58.064 0.0000000000
56687  -9.887  -10.329  57.564 0.0000000000
117121  -9.447  -10.571  55.939 0.0000000000
55744  -9.266  -10.782  54.588 0.0000000000
55761  -9.831  -11.157  54.166 0.0000000000
54005  -14.476  -14.094  55.487 0.0000000000
52123  -14.138  -14.867  54.067 0.0000000000
54015  -14.259  -13.671  54.839 0.0000000000
54014  -13.821  -13.318  54.268 0.0000000000
54026  -13.745  -13.661  53.497 0.0000000000
54025  -13.170  -13.348  52.885 0.0000000000
51222  -9.904  -16.455  52.508 0.0000000000
52132  -10.539  -15.950  51.903 0.0000000000
52133  -11.547  -15.658  52.080 0.0000000000
52149  -12.118  -14.928  51.647 0.0000000000
135488  -12.750  -13.488  52.236 0.0000000000
54908  -12.387  -12.807  52.502 0.0000000000
54926  -11.177  -12.739  51.135 0.0000000000
119019  -9.265  -12.256  50.329 0.0000000000
54924  -8.122  -12.194  49.681 0.0000000000
53184  -7.786  -14.186  48.428 0.0000000000
53173  -7.705  -14.679  48.763 0.0000000000
53185  -8.093  -14.912  48.227 0.0000000000
53947  -13.389  -13.600  66.652 0.0000000000
51090  -14.598  -16.870  70.516 0.0000000000
51089  -13.765  -16.495  70.864 0.0000000000
119750  -12.763  -17.647  70.598 0.0000000000
50250  -13.260  -17.032  70.881 0.0000000000
51088  -13.143  -16.306  71.063 0.0000000000
134362  -12.794  -15.816  71.066 0.0000000000
52996  -12.640  -14.740  70.704 0.0000000000
48364  -10.547  -18.987  68.905 0.0000000000
49318  -10.632  -18.376  69.228 0.0000000000
50247  -10.904  -17.735  69.646 0.0000000000
117867  -10.193  -18.135  68.238 0.0000000000
50259  -10.480  -17.503  68.792 0.0000000000
51085  -11.292  -16.985  69.998 0.0000000000
51979  -11.906  -15.555  70.090 0.0000000000
53001  -12.332  -14.643  69.693 0.0000000000
53005  -12.512  -14.292  68.751 0.0000000000
138069  -11.440  -15.494  68.039 0.0000000000
53008  -11.754  -15.031  67.642 0.0000000000
53009  -12.359  -14.425  67.896 0.0000000000
53943  -12.842  -13.995  67.226 0.0000000000
53014  -12.703  -14.208  66.232 0.0000000000
130256  -12.389  -14.572  65.371 0.0000000000
52002  -11.632  -15.281  64.346 0.0000000000
116916  -11.050  -15.609  64.170 0.0000000000
52004  -10.439  -16.058  64.480 0.0000000000
51115  -10.783  -15.880  63.622 0.0000000000
51119  -10.058  -16.529  62.614 0.0000000000
49342  -8.545  -18.105  63.648 0.0000000000
50277  -8.597  -17.850  62.580 0.0000000000
48418  -7.630  -19.281  61.715 0.0000000000
49345  -8.281  -18.204  61.950 0.0000000000
50281  -8.616  -17.790  61.620 0.0000000000
50291  -8.563  -17.799  60.827 0.0000000000
124994  -8.667  -17.724  60.347 0.0000000000
49375  -8.159  -18.084  59.155 0.0000000000
48441  -7.855  -18.679  58.759 0.0000000000
138397  -7.588  -20.102  57.674 0.0000000000
46442  -8.681  -21.874  56.692 0.0000000000
43601  -8.293  -24.898  63.905 0.0000000000
41102  -8.156  -27.664  62.524 0.0000000000
41887  -8.466  -27.071  62.955 0.0000000000
43606  -7.883  -24.924  63.267 0.0000000000
43612  -7.295  -24.207  61.443 0.0000000000
44488  -7.289  -23.839  60.541 0.0000000000
133835  -7.296  -23.562  59.805 0.0000000000
44494  -7.322  -23.636  59.007 0.0000000000
127158  -7.408  -25.820  58.754 0.0000000000
43634  -7.415  -24.354  58.658 0.0000000000
44500  -7.560  -23.591  58.241 0.0000000000
44509  -7.891  -23.455  57.755 0.0000000000
44510  -8.317  -23.316  57.418 0.0000000000
119828  -8.530  -24.753  57.432 0.0000000000
44523  -8.782  -23.286  57.090 0.0000000000
45425  -8.918  -22.674  56.776 0.0000000000
44536  -9.700  -23.418  55.553 0.0000000000
42040  -10.456  -26.361  53.452 0.0000000000
45385  -7.403  -22.530  62.697 0.0000000000
47445  -7.296  -20.661  60.004 0.0000000000
47458  -7.645  -19.494  57.632 0.0000000000
48458  -28.940  -19.022  59.054 0.0000000000
48485  -19.998  -19.102  55.937 0.0000000000
49315  -13.146  -18.405  70.339 0.0000000000
49328  -9.709  -18.648  67.333 0.0000000000
49335  -9.010  -18.565  65.769 0.0000000000
49456  -7.625  -18.222  49.076 0.0000000000
50254  -10.583  -17.721  69.140 0.0000000000
50258  -10.264  -17.619  68.250 0.0000000000
50336  -28.476  -17.372  56.541 0.0000000000
50377  -8.275  -17.421  50.533 0.0000000000
51091  -10.779  -17.158  69.293 0.0000000000
51109  -9.488  -17.023  65.050 0.0000000000
51148  -34.160  -15.303  60.241 0.0000000000
52026  -34.227  -14.773  60.996 0.0000000000
52034  -34.784  -14.905  60.252 0.0000000000
52035  -35.244  -14.441  60.167 0.0000000000
52043  -34.686  -15.019  59.703 0.0000000000
52057  -35.704  -14.247  59.091 0.0000000000
52074  -37.036  -14.112  57.222 0.0000000000
52076  -14.216  -15.111  56.530 0.0000000000
52101  -36.300  -14.530  55.292 0.0000000000
52108  -13.717  -15.468  54.314 0.0000000000
53050  -35.469  -14.087  60.241 0.0000000000
53057  -35.762  -13.992  59.741 0.0000000000
53063  -36.654  -13.618  58.655 0.0000000000
53079  -37.462  -13.857  56.795 0.0000000000
53080  -37.771  -13.487  56.305 0.0000000000
53136  -11.957  -14.057  51.180 0.0000000000
53137  -12.614  -14.071  51.822 0.0000000000
53976  -35.230  -13.851  60.891 0.0000000000
53993  -37.592  -13.035  57.563 0.0000000000
53994  -14.504  -13.873  56.901 0.0000000000
54027  -14.191  -14.034  54.077 0.0000000000
54853  -36.910  -12.762  59.269 0.0000000000
54876  -38.237  -12.404  56.714 0.0000000000
55703  -36.412  -12.141  60.101 0.0000000000
55711  -37.367  -12.219  58.880 0.0000000000
55717  -37.899  -11.439  58.385 0.0000000000
55734  -38.415  -11.777  56.633 0.0000000000
56695  -38.405  -10.032  57.397 0.0000000000
59479  -37.980  -7.164  58.771 0.0000000000
59496  -38.738  -7.483  57.446 0.0000000000
61196  -38.309  -5.701  55.942 0.0000000000
62379  -41.403  -4.727  36.085 0.0000000000
63214  -46.669  -3.443  38.376 0.0000000000
64080  -47.002  -3.026  36.968 0.0000000000
65087  -46.553  -1.613  34.236 0.0000000000
65107  -45.816  -1.021  33.130 0.0000000000
65951  -49.102  -0.069  37.030 0.0000000000
114609  -29.646  -18.220  58.669 0.0000000000
114782  -36.282  -5.365  54.328 0.0000000000
115098  -35.931  -14.392  58.331 0.0000000000
117583  -10.174  -19.770  68.022 0.0000000000
117746  -38.418  -11.170  56.522 0.0000000000
124032  -38.165  -9.167  58.299 0.0000000000
127267  -36.176  -13.373  60.006 0.0000000000
130860  -38.309  -10.073  56.483 0.0000000000
132552  -35.562  -4.959  52.317 0.0000000000
133113  -29.721  -18.699  59.728 0.0000000000
133152  -38.125  -11.476  58.079 0.0000000000
133423  -8.332  -21.594  66.026 0.0000000000
133840  -35.651  -14.535  55.759 0.0000000000
135414  -8.560  -20.642  66.155 0.0000000000
136020  -38.694  -7.560  58.170 0.0000000000
136101  -32.496  -15.688  61.253 0.0000000000
136268  -27.232  -19.855  57.386 0.0000000000
137164  -37.266  -12.887  58.493 0.0000000000
137610  -10.587  -16.160  63.026 0.0000000000
138449  -37.517  -7.505  58.849 0.0000000000
