#!ascii label  , from subject sub-v1s18x0051202_ses-1 vox2ras=TkReg
617
119081  19.487  -8.675  -28.328 0.1428571492
51278  18.836  -9.218  -28.049 0.1428571492
52507  19.395  -8.462  -29.265 0.1428571492
126381  20.354  -8.488  -26.897 0.1428571492
143894  20.110  -8.288  -28.561 0.2857142985
53705  20.813  -7.905  -28.182 0.1428571492
53746  20.544  -7.476  -30.749 0.5714285970
53714  21.405  -7.476  -28.708 0.1428571492
54735  23.372  -6.240  -29.245 0.2857142985
54723  22.814  -6.693  -28.788 0.2857142985
54734  24.250  -5.976  -28.834 0.1428571492
119799  25.580  -4.444  -31.471 0.2857142985
55758  24.872  -4.824  -31.093 0.1428571492
55759  24.286  -5.288  -30.833 0.2857142985
57947  27.407  -3.231  -32.193 0.2857142985
57935  26.905  -3.689  -31.059 0.2857142985
59105  27.871  -2.766  -32.668 0.2857142985
126067  27.253  -3.241  -33.052 0.2857142985
59130  28.112  -2.214  -34.083 0.2857142985
61546  29.006  -0.384  -36.456 0.8571428657
61526  28.830  -0.972  -35.025 0.4285714328
59116  28.293  -2.256  -33.166 0.2857142985
135853  29.196  0.119  -37.671 0.7142857313
131001  29.260  0.238  -36.801 0.7142857313
61547  28.705  -0.995  -36.038 0.7142857313
64669  29.856  1.395  -37.899 0.8571428657
63686  29.475  0.722  -37.478 0.5714285970
63694  29.486  0.968  -38.641 0.8571428657
62670  28.931  -0.268  -37.541 0.7142857313
64689  30.201  1.941  -40.406 0.4285714328
64679  29.918  1.357  -39.276 0.7142857313
66752  30.441  3.236  -40.897 0.2857142985
65709  30.125  2.377  -40.810 0.7142857313
64690  29.999  1.623  -40.066 0.8571428657
67762  31.172  4.526  -41.445 0.1428571492
66751  31.017  3.871  -41.039 0.1428571492
66761  30.614  3.814  -41.133 0.4285714328
132069  30.762  6.263  -42.268 0.1428571492
67761  31.597  5.159  -42.041 0.1428571492
67773  31.212  5.153  -42.064 0.1428571492
67753  30.674  4.653  -41.410 0.4285714328
137227  29.861  2.950  -40.544 0.8571428657
138023  30.769  7.134  -42.404 0.1428571492
70025  31.348  6.413  -43.075 0.1428571492
68872  30.763  5.467  -41.941 0.1428571492
70004  30.408  6.603  -41.072 0.4285714328
68862  29.988  5.354  -40.301 0.5714285970
67754  30.166  4.177  -40.804 0.7142857313
66742  29.135  3.794  -38.915 0.8571428657
127999  30.658  8.364  -41.673 0.1428571492
132889  30.483  7.459  -41.255 0.1428571492
132688  30.319  7.683  -40.143 0.5714285970
67743  29.518  4.304  -39.592 0.8571428657
130294  29.522  5.221  -39.571 0.8571428657
72074  30.856  8.733  -42.786 0.1428571492
72058  30.800  9.549  -41.550 0.2857142985
121428  30.455  8.530  -40.305 0.1428571492
72036  30.400  9.401  -39.619 0.8571428657
69992  30.176  6.944  -40.176 0.8571428657
68861  30.308  5.878  -40.798 0.7142857313
71020  29.923  7.599  -39.492 0.8571428657
73984  31.261  11.694  -41.152 0.1428571492
74010  31.219  11.686  -42.158 0.1428571492
127914  30.838  10.207  -40.645 0.4285714328
72982  30.383  10.200  -39.247 0.8571428657
71013  29.553  8.060  -38.831 0.8571428657
121931  31.023  10.955  -40.835 0.4285714328
72025  30.085  9.520  -38.929 0.8571428657
125572  29.607  8.908  -38.687 0.8571428657
132191  29.054  9.184  -38.491 0.8571428657
74926  31.398  12.573  -41.514 0.1428571492
73985  31.002  11.616  -40.284 0.5714285970
120879  30.824  12.200  -39.913 0.8571428657
73970  30.575  11.676  -39.461 0.8571428657
73951  30.319  11.011  -38.995 0.8571428657
72983  29.960  10.328  -38.742 0.8571428657
73952  29.641  11.127  -38.662 0.8571428657
72984  29.151  10.450  -38.546 0.8571428657
75850  31.494  13.478  -41.326 0.2857142985
75837  31.258  13.176  -40.649 0.7142857313
136698  31.202  12.347  -40.567 0.5714285970
74918  30.814  12.874  -39.965 0.8571428657
74902  29.693  12.646  -38.902 0.8571428657
74903  28.706  12.681  -38.815 0.8571428657
73953  28.744  11.182  -38.603 0.8571428657
75838  30.819  13.692  -40.061 0.8571428657
76731  30.396  14.116  -39.714 0.8571428657
76733  28.639  14.301  -39.456 0.7142857313
75827  29.207  13.461  -39.125 0.7142857313
76740  30.787  14.488  -40.166 0.8571428657
77623  30.250  14.770  -39.752 0.8571428657
124650  30.031  15.399  -39.788 0.8571428657
129796  30.068  16.019  -40.077 0.8571428657
78562  31.724  16.052  -41.597 0.7142857313
78548  30.680  16.266  -40.555 0.8571428657
78563  31.276  16.614  -40.997 0.8571428657
79464  30.615  17.092  -40.752 0.8571428657
80417  31.260  18.465  -41.580 0.7142857313
76732  29.750  14.169  -39.431 0.8571428657
139597  30.119  16.608  -40.386 0.8571428657
80461  32.557  18.493  -46.129 0.1428571492
135091  31.264  17.268  -41.185 0.8571428657
79471  31.543  17.746  -41.596 0.7142857313
80426  31.815  18.368  -42.004 0.7142857313
79472  30.894  17.805  -41.213 0.8571428657
81394  32.157  19.401  -47.408 0.1428571492
123407  32.430  18.994  -43.023 0.5714285970
81358  32.560  19.681  -43.504 0.5714285970
82424  32.521  20.541  -43.337 0.5714285970
119649  32.566  20.162  -44.971 0.1428571492
81403  31.344  20.349  -48.455 0.1428571492
83395  32.638  21.144  -43.915 0.5714285970
83415  31.470  21.461  -48.265 0.1428571492
83421  30.399  21.932  -49.426 0.1428571492
138415  32.595  21.044  -45.457 0.1428571492
84382  29.989  22.640  -49.848 0.1428571492
119644  32.629  20.895  -44.569 0.5714285970
131327  30.952  22.102  -48.803 0.1428571492
84369  31.538  22.458  -48.235 0.1428571492
85292  32.152  22.972  -47.526 0.1428571492
51257  19.067  -9.296  -27.084 0.1428571492
51258  18.206  -9.655  -27.633 0.1428571492
53715  20.417  -7.900  -29.230 0.2857142985
53704  21.702  -7.633  -27.658 0.1428571492
54711  23.127  -6.913  -27.975 0.2857142985
54724  22.017  -7.003  -29.207 0.2857142985
137810  25.594  -4.565  -30.534 0.2857142985
122576  24.932  -5.038  -30.134 0.2857142985
142060  24.264  -5.415  -30.129 0.1428571492
59117  27.693  -2.752  -33.569 0.2857142985
136717  29.046  -0.445  -35.489 0.4285714328
60307  28.419  -1.639  -35.589 0.5714285970
64678  30.256  1.906  -38.487 0.2857142985
61562  28.620  -1.005  -37.105 0.7142857313
65703  30.662  2.817  -40.199 0.1428571492
64691  29.640  1.678  -39.565 0.8571428657
66753  30.190  3.267  -40.923 0.7142857313
138325  29.510  7.282  -39.058 0.8571428657
76739  31.272  14.022  -40.685 0.8571428657
77642  31.211  15.847  -40.848 0.8571428657
127140  31.735  16.992  -41.606 0.8571428657
80425  32.238  18.232  -42.633 0.7142857313
81366  32.619  19.377  -44.409 0.2857142985
82452  31.757  20.825  -47.912 0.1428571492
84392  28.631  22.774  -50.855 0.1428571492
51242  18.557  -9.799  -26.668 0.1428571492
53730  21.140  -7.391  -29.804 0.4285714328
54749  23.123  -6.062  -30.121 0.2857142985
54737  21.836  -6.825  -30.114 0.4285714328
143671  21.241  -7.165  -30.607 0.2857142985
56842  26.878  -4.080  -30.273 0.2857142985
125916  26.966  -3.554  -31.790 0.2857142985
56854  26.322  -3.950  -31.784 0.2857142985
68886  31.225  5.621  -42.579 0.1428571492
71037  31.069  7.527  -43.125 0.1428571492
73033  30.938  9.960  -42.505 0.1428571492
73014  30.947  10.359  -41.436 0.2857142985
73991  31.042  10.955  -41.810 0.1428571492
133557  30.619  10.025  -39.918 0.8571428657
68849  29.337  6.375  -39.047 0.8571428657
129020  28.947  5.649  -38.665 1.0000000000
74941  31.352  12.348  -42.500 0.1428571492
75867  31.524  13.274  -42.333 0.1428571492
137095  31.588  14.346  -41.523 0.2857142985
74904  27.696  12.534  -39.208 0.8571428657
77629  31.212  14.842  -40.711 0.5714285970
123933  32.124  15.743  -42.387 0.5714285970
78573  32.225  16.620  -42.390 0.5714285970
79483  32.046  17.565  -42.136 0.7142857313
80441  32.616  18.451  -44.399 0.4285714328
120051  32.625  17.711  -44.183 0.2857142985
136395  32.597  18.417  -45.252 0.2857142985
141578  32.610  18.873  -44.863 0.1428571492
80453  32.595  19.245  -45.439 0.1428571492
81377  32.557  20.104  -45.957 0.1428571492
136413  32.596  21.909  -45.480 0.2857142985
125588  31.919  20.180  -47.698 0.1428571492
128914  31.932  22.005  -47.635 0.1428571492
84362  32.352  22.307  -46.852 0.1428571492
82459  30.814  21.216  -48.908 0.1428571492
85305  30.982  23.522  -49.102 0.1428571492
85304  31.613  23.372  -48.319 0.1428571492
85306  30.298  23.359  -49.711 0.1428571492
77652  31.838  15.122  -42.019 0.4285714328
77651  32.412  15.871  -43.110 0.4285714328
141560  32.581  16.737  -43.881 0.4285714328
79482  32.415  17.417  -42.902 0.5714285970
80431  32.522  18.156  -43.501 0.5714285970
52493  20.242  -8.362  -27.775 0.1428571492
53713  22.296  -7.185  -28.291 0.1428571492
54736  22.587  -6.515  -29.652 0.1428571492
55748  23.845  -5.760  -29.729 0.1428571492
56843  26.251  -4.154  -30.856 0.2857142985
133427  30.219  1.651  -39.716 0.8571428657
63704  29.626  1.397  -39.285 0.8571428657
72049  30.625  9.390  -40.545 0.5714285970
69993  29.850  6.605  -39.763 0.8571428657
71012  30.107  8.569  -39.324 0.8571428657
137435  30.733  10.826  -39.849 0.8571428657
74901  30.381  12.450  -39.340 0.8571428657
74884  30.066  11.825  -38.848 0.8571428657
74885  29.221  11.907  -38.662 0.8571428657
75826  30.210  13.367  -39.418 0.8571428657
123492  31.175  15.359  -40.733 0.8571428657
77630  30.699  15.385  -40.304 0.8571428657
81387  32.466  19.307  -46.488 0.1428571492
82429  32.657  20.313  -44.073 0.5714285970
81349  32.156  19.873  -42.668 0.5714285970
82466  30.318  21.077  -49.612 0.1428571492
83398  32.632  21.747  -44.643 0.4285714328
83407  31.879  21.329  -47.658 0.1428571492
83422  29.718  21.803  -50.104 0.1428571492
82451  32.122  20.844  -47.236 0.1428571492
83400  32.481  21.627  -46.286 0.1428571492
84370  31.094  22.833  -48.746 0.1428571492
56832  26.666  -4.672  -29.480 0.1428571492
56880  26.216  -4.153  -33.042 0.5714285970
121907  32.588  22.496  -46.025 0.1428571492
56881  25.618  -4.675  -33.496 0.5714285970
55825  24.211  -5.832  -34.212 0.5714285970
55826  23.387  -5.976  -34.275 0.2857142985
56901  26.183  -4.265  -33.970 0.5714285970
56903  24.810  -5.482  -34.912 0.5714285970
140084  22.900  -6.302  -33.689 0.4285714328
56902  25.563  -4.867  -34.525 0.5714285970
55827  22.757  -5.485  -34.412 0.2857142985
56904  23.410  -5.206  -34.876 0.4285714328
57973  27.070  -3.628  -34.958 0.4285714328
57974  26.350  -4.321  -35.054 0.5714285970
56920  25.519  -4.781  -35.344 0.5714285970
57997  24.399  -4.014  -35.819 0.4285714328
57994  27.492  -3.066  -35.673 0.5714285970
59149  27.136  -3.327  -36.248 0.5714285970
57996  26.109  -4.203  -35.859 0.4285714328
59164  27.504  -2.730  -36.486 0.7142857313
59165  26.858  -2.870  -36.673 0.4285714328
129221  24.245  -5.362  -35.169 0.4285714328
56905  22.476  -4.641  -34.609 0.2857142985
123762  25.243  -4.279  -35.923 0.4285714328
61563  28.165  -1.481  -37.310 0.7142857313
60347  26.624  -1.170  -37.355 0.4285714328
61581  26.705  -0.358  -37.436 0.7142857313
62685  26.615  0.404  -37.474 0.5714285970
63698  25.931  1.104  -37.573 0.2857142985
60326  28.336  -1.667  -36.671 0.5714285970
61580  27.600  -1.007  -37.507 0.7142857313
63696  28.210  0.710  -37.838 0.7142857313
63705  26.416  2.039  -37.648 0.7142857313
64682  27.169  2.495  -37.622 0.7142857313
64692  26.261  3.085  -38.085 0.4285714328
62682  29.170  0.318  -38.117 0.5714285970
62683  28.755  0.046  -37.884 0.5714285970
63695  29.164  0.788  -38.595 0.5714285970
133207  28.590  1.198  -38.261 0.5714285970
64681  28.145  2.120  -37.855 0.7142857313
65698  27.569  3.190  -37.748 0.7142857313
66744  27.444  4.229  -37.948 0.7142857313
65705  26.441  3.946  -38.556 0.5714285970
66745  26.779  4.854  -38.631 0.5714285970
65704  29.781  2.235  -40.054 0.7142857313
65697  28.947  2.133  -38.777 0.5714285970
66743  28.563  3.390  -38.247 0.7142857313
67745  27.526  5.114  -38.205 0.8571428657
65710  25.889  3.520  -39.018 0.4285714328
121221  27.864  5.928  -38.270 0.7142857313
68852  26.960  5.814  -38.748 0.7142857313
68851  27.340  6.850  -38.688 0.7142857313
141687  26.589  5.848  -39.354 0.5714285970
122165  26.682  6.443  -39.325 0.7142857313
67744  28.577  4.963  -38.364 0.8571428657
69995  26.714  7.435  -39.465 0.5714285970
71022  26.521  8.299  -39.971 0.2857142985
68850  28.483  6.681  -38.421 0.7142857313
72038  26.990  9.915  -39.307 0.7142857313
69984  28.136  7.598  -38.496 0.8571428657
69994  27.309  7.759  -38.858 0.8571428657
72985  28.284  10.531  -38.643 0.8571428657
71015  27.751  8.422  -38.705 0.8571428657
133392  26.673  9.117  -39.610 0.5714285970
72037  27.797  9.882  -38.775 0.8571428657
72998  27.473  10.633  -39.011 0.8571428657
72999  26.744  10.741  -39.596 0.7142857313
71014  28.859  8.392  -38.493 0.8571428657
72027  28.679  9.819  -38.548 0.8571428657
73972  27.329  11.537  -39.266 0.8571428657
73954  27.982  11.170  -38.735 0.8571428657
73971  28.252  11.867  -38.742 0.8571428657
77625  28.528  15.219  -39.712 0.7142857313
77633  27.703  15.345  -40.292 0.7142857313
77631  29.311  15.730  -39.771 0.5714285970
77632  28.445  16.005  -40.057 0.7142857313
78549  29.288  16.534  -40.156 0.7142857313
79465  29.788  17.073  -40.551 0.8571428657
79474  28.664  17.811  -41.370 0.7142857313
78564  27.948  17.043  -41.218 0.7142857313
80420  28.392  18.503  -41.837 0.7142857313
81347  28.898  19.198  -41.867 0.7142857313
80421  27.681  18.422  -42.600 0.5714285970
80418  30.424  18.454  -41.414 0.7142857313
81346  29.923  19.201  -41.657 0.7142857313
80427  28.172  19.021  -42.302 0.5714285970
81351  30.519  19.902  -41.888 0.4285714328
81352  29.406  19.901  -42.067 0.5714285970
81353  28.426  19.666  -42.722 0.5714285970
81345  30.911  19.153  -41.616 0.5714285970
141672  27.365  18.652  -43.200 0.5714285970
81354  27.704  19.078  -42.996 0.4285714328
81360  26.965  19.021  -43.802 0.5714285970
80432  26.301  18.438  -44.315 0.4285714328
82426  27.275  20.447  -44.199 0.5714285970
81359  27.570  19.707  -43.600 0.5714285970
82420  29.933  20.572  -42.404 0.5714285970
81361  26.046  19.262  -44.647 0.4285714328
79508  25.674  18.006  -44.543 0.4285714328
81367  26.627  19.852  -44.476 0.5714285970
82431  25.532  21.418  -45.188 0.4285714328
64680  29.075  1.429  -38.991 0.5714285970
83392  26.857  21.357  -44.740 0.2857142985
82430  26.333  20.624  -44.893 0.4285714328
82432  24.977  20.991  -45.003 0.2857142985
55810  24.366  -5.604  -33.136 0.5714285970
54798  22.887  -6.461  -33.072 0.5714285970
57957  26.691  -3.728  -33.452 0.2857142985
55811  23.553  -6.151  -33.581 0.5714285970
57956  27.143  -3.308  -33.958 0.2857142985
129330  26.688  -3.848  -34.264 0.5714285970
55812  22.494  -6.021  -33.971 0.2857142985
56922  23.893  -4.598  -35.423 0.4285714328
58012  25.606  -3.594  -36.334 0.4285714328
58011  26.505  -3.542  -36.293 0.5714285970
56923  23.000  -4.129  -35.153 0.2857142985
57998  23.574  -3.598  -35.644 0.2857142985
126017  26.445  -2.045  -37.077 0.5714285970
132058  29.518  1.063  -35.996 0.2857142985
61582  25.113  -0.356  -37.530 0.2857142985
63697  27.034  1.013  -37.517 0.7142857313
69983  29.064  7.419  -38.575 0.8571428657
71021  26.969  8.381  -39.231 0.7142857313
76734  27.627  14.066  -39.667 0.7142857313
137709  27.902  14.748  -39.763 0.7142857313
75839  26.890  13.872  -40.108 0.7142857313
81350  31.575  19.205  -41.982 0.5714285970
142546  31.153  19.571  -41.819 0.5714285970
82425  28.165  20.336  -43.435 0.5714285970
83384  28.582  21.033  -43.387 0.2857142985
59167  24.889  -2.802  -36.634 0.4285714328
57948  26.721  -3.675  -32.525 0.2857142985
61579  28.396  -0.721  -37.558 0.5714285970
133261  28.258  9.153  -38.623 0.7142857313
79473  29.853  17.733  -41.051 0.8571428657
60308  27.985  -2.298  -36.153 0.5714285970
60327  27.914  -2.149  -36.948 0.5714285970
74905  26.713  12.401  -39.714 0.7142857313
56882  24.965  -5.350  -33.959 0.5714285970
128658  25.120  -5.039  -33.040 0.4285714328
127189  24.079  -5.740  -34.777 0.4285714328
56921  24.728  -4.863  -35.478 0.4285714328
57995  26.861  -3.809  -35.760 0.5714285970
58014  24.137  -3.186  -36.201 0.4285714328
120375  27.298  -2.347  -36.943 0.5714285970
60346  27.444  -1.756  -37.258 0.5714285970
134063  25.960  -0.565  -37.380 0.4285714328
60348  25.649  -1.235  -37.308 0.4285714328
62684  27.692  -0.078  -37.611 0.7142857313
126592  25.886  0.167  -37.457 0.2857142985
130787  27.552  1.653  -37.642 0.7142857313
120508  28.250  4.410  -38.076 0.5714285970
122557  26.231  5.043  -40.244 0.2857142985
70005  26.385  7.396  -40.706 0.2857142985
133584  27.337  9.167  -38.995 0.8571428657
78550  28.441  16.631  -40.504 0.7142857313
79466  28.952  17.223  -40.697 0.7142857313
80419  29.345  18.486  -41.496 0.8571428657
82421  29.017  20.427  -42.840 0.7142857313
125117  27.820  20.959  -43.885 0.5714285970
81368  25.566  20.229  -44.947 0.4285714328
59150  23.365  -2.654  -35.882 0.1428571492
52525  19.550  -8.063  -30.063 0.4285714328
57946  28.152  -2.859  -31.743 0.1428571492
60292  28.493  -1.602  -34.558 0.1428571492
59104  28.554  -2.358  -32.336 0.1428571492
127735  28.833  -2.457  -31.696 0.1428571492
61510  29.581  -0.474  -33.506 0.1428571492
60279  28.653  -1.648  -33.610 0.1428571492
60268  28.921  -1.789  -32.765 0.1428571492
138215  29.290  -0.233  -34.502 0.1428571492
64668  30.043  2.435  -36.860 0.1428571492
120778  28.154  13.413  -39.272 0.5714285970
87008  31.034  24.835  -49.883 0.1428571492
86178  32.296  24.953  -48.144 0.1428571492
143352  32.064  23.615  -47.777 0.1428571492
76742  26.805  14.347  -40.835 0.4285714328
76741  27.328  14.580  -40.209 0.5714285970
77643  27.227  15.512  -41.178 0.4285714328
86141  30.289  24.208  -43.730 0.2857142985
84345  30.206  22.844  -43.137 0.2857142985
83382  30.337  21.350  -42.578 0.2857142985
84344  31.069  22.820  -43.005 0.2857142985
76762  25.814  14.695  -43.070 0.1428571492
78565  27.258  16.268  -41.670 0.5714285970
84346  29.193  22.731  -43.495 0.2857142985
82419  30.827  20.677  -42.236 0.4285714328
77653  26.234  15.424  -42.871 0.4285714328
78574  27.250  17.095  -42.166 0.5714285970
77665  25.895  15.972  -43.642 0.4285714328
78584  26.182  16.776  -43.812 0.2857142985
84348  27.025  22.402  -44.784 0.1428571492
83390  28.884  21.850  -43.396 0.1428571492
84347  28.125  22.552  -44.015 0.1428571492
78598  24.624  16.480  -44.888 0.1428571492
84354  26.011  22.204  -45.319 0.1428571492
85252  28.295  23.456  -44.264 0.1428571492
79495  25.377  17.228  -44.574 0.2857142985
83396  24.931  21.918  -45.131 0.2857142985
83393  25.172  21.539  -44.041 0.1428571492
84355  25.258  22.549  -45.325 0.1428571492
84353  27.110  23.367  -44.811 0.1428571492
84356  24.899  22.956  -45.168 0.1428571492
132693  25.827  23.231  -45.298 0.1428571492
85267  24.985  23.619  -45.055 0.1428571492
53747  19.651  -7.686  -30.796 0.4285714328
140044  20.082  -7.074  -32.136 0.2857142985
57934  27.543  -3.344  -31.379 0.1428571492
60278  29.287  -1.170  -33.167 0.1428571492
75840  26.357  13.447  -40.850 0.2857142985
121666  32.063  18.957  -42.460 0.4285714328
83389  32.137  21.999  -43.291 0.2857142985
85251  29.528  23.698  -43.701 0.2857142985
85249  31.583  23.329  -43.565 0.2857142985
85265  27.200  24.323  -44.983 0.2857142985
54771  19.443  -6.831  -31.674 0.2857142985
55746  25.303  -5.260  -29.441 0.1428571492
55747  24.629  -5.506  -29.493 0.1428571492
57926  27.674  -3.596  -30.509 0.1428571492
64660  29.785  1.724  -36.458 0.1428571492
62654  29.326  0.306  -35.474 0.1428571492
78585  25.451  16.432  -44.363 0.1428571492
74919  26.306  12.674  -40.386 0.4285714328
77654  25.707  15.254  -43.672 0.2857142985
79484  27.324  17.732  -42.677 0.5714285970
82418  31.652  20.694  -42.464 0.4285714328
86140  31.102  24.127  -43.745 0.2857142985
84343  32.231  22.637  -43.735 0.2857142985
85248  32.219  23.372  -44.178 0.2857142985
86152  31.567  24.658  -44.278 0.2857142985
86164  32.106  24.846  -44.905 0.1428571492
86987  32.395  25.187  -45.604 0.1428571492
130248  32.431  23.909  -47.146 0.1428571492
85266  26.139  24.270  -45.154 0.2857142985
85264  28.399  24.231  -44.527 0.2857142985
86170  32.595  24.717  -46.467 0.1428571492
86175  32.047  24.188  -48.034 0.1428571492
85283  32.615  23.296  -45.761 0.1428571492
130195  32.636  23.875  -46.288 0.1428571492
119323  32.553  21.929  -43.832 0.4285714328
86153  30.598  24.838  -44.041 0.2857142985
85276  32.491  23.357  -44.941 0.2857142985
138884  20.276  -7.698  -30.113 0.4285714328
131161  31.349  19.985  -42.156 0.4285714328
83381  31.941  21.418  -42.810 0.2857142985
84352  32.512  22.609  -44.392 0.2857142985
76748  27.150  14.944  -40.802 0.4285714328
78551  27.798  16.153  -40.776 0.5714285970
79475  27.816  17.780  -41.947 0.5714285970
140149  31.178  21.440  -42.493 0.2857142985
141569  24.875  21.259  -44.995 0.2857142985
83391  27.937  21.678  -43.949 0.2857142985
75828  27.176  13.272  -39.614 0.5714285970
79485  26.788  17.282  -43.118 0.5714285970
83383  29.450  21.184  -42.922 0.2857142985
61511  28.971  -0.971  -34.029 0.1428571492
59103  29.227  -2.015  -32.050 0.1428571492
75851  26.287  14.172  -41.569 0.2857142985
85250  30.648  23.536  -43.387 0.2857142985
84337  29.825  22.044  -42.945 0.2857142985
84336  30.709  22.145  -42.725 0.2857142985
78566  26.762  15.533  -42.012 0.4285714328
78575  26.663  16.321  -42.737 0.4285714328
79494  26.287  17.632  -44.063 0.4285714328
53761  19.121  -7.403  -31.120 0.2857142985
62624  29.824  0.259  -33.747 0.1428571492
74927  25.960  12.400  -41.315 0.2857142985
85263  31.769  23.960  -44.021 0.2857142985
86163  32.517  24.204  -45.517 0.2857142985
66754  26.236  4.592  -39.591 0.4285714328
136794  26.459  6.702  -40.144 0.2857142985
86982  28.377  25.670  -44.969 0.1428571492
86154  29.295  24.752  -44.346 0.1428571492
86989  28.776  26.403  -45.153 0.1428571492
85254  25.519  24.165  -44.718 0.1428571492
86983  27.143  25.751  -45.265 0.1428571492
86155  27.676  25.012  -44.984 0.1428571492
86144  25.937  24.840  -45.057 0.1428571492
86156  26.578  25.075  -45.193 0.1428571492
86984  26.540  25.644  -45.136 0.1428571492
86990  27.626  26.351  -45.328 0.1428571492
86142  27.041  25.172  -43.713 0.1428571492
86991  27.057  26.304  -45.179 0.1428571492
86143  26.328  25.180  -44.523 0.1428571492
87752  26.789  26.265  -44.913 0.1428571492
60293  28.040  -2.287  -35.103 0.2857142985
86980  31.138  25.386  -44.411 0.1428571492
86981  29.946  25.678  -44.536 0.1428571492
86974  26.650  25.731  -44.539 0.1428571492
135413  26.514  24.842  -43.866 0.1428571492
59131  27.595  -2.861  -34.549 0.4285714328
54783  22.944  -6.304  -32.088 0.4285714328
55774  23.694  -5.658  -31.544 0.2857142985
125997  24.161  -5.439  -32.174 0.2857142985
55773  24.363  -5.209  -31.543 0.1428571492
55791  24.831  -4.906  -32.119 0.2857142985
54768  22.270  -6.515  -31.519 0.2857142985
79493  27.013  18.141  -43.455 0.4285714328
56864  25.702  -4.435  -32.471 0.2857142985
55760  23.675  -5.667  -30.564 0.1428571492
55792  23.603  -5.992  -32.619 0.2857142985
54767  23.006  -6.073  -31.053 0.2857142985
54769  21.471  -6.918  -31.964 0.2857142985
53759  20.930  -7.246  -31.407 0.2857142985
54785  21.344  -6.686  -32.594 0.2857142985
54784  22.162  -6.623  -32.499 0.2857142985
59166  25.933  -2.823  -36.712 0.2857142985
130263  25.328  -2.022  -37.053 0.2857142985
63706  25.457  1.944  -37.915 0.1428571492
123472  25.713  2.573  -38.189 0.2857142985
65716  25.893  4.075  -39.607 0.1428571492
121844  26.136  7.002  -41.421 0.1428571492
71030  26.297  8.327  -40.947 0.1428571492
72050  26.396  9.871  -40.167 0.1428571492
72059  26.171  9.172  -41.145 0.1428571492
73007  26.355  10.915  -40.388 0.1428571492
73015  26.057  10.179  -41.406 0.1428571492
75852  25.796  13.372  -41.834 0.1428571492
76749  26.765  14.892  -41.438 0.1428571492
121228  25.541  14.058  -43.294 0.1428571492
75868  25.758  14.107  -42.382 0.1428571492
80443  24.799  18.968  -44.489 0.1428571492
79510  24.005  17.452  -44.504 0.1428571492
137019  25.343  19.449  -44.729 0.1428571492
81370  24.438  19.129  -44.237 0.1428571492
81369  24.945  19.947  -44.573 0.1428571492
54751  21.668  -6.785  -31.012 0.1428571492
73973  26.600  11.508  -39.789 0.2857142985
73992  26.077  11.287  -41.319 0.1428571492
76761  26.321  14.810  -42.216 0.1428571492
53748  18.942  -8.009  -30.571 0.2857142985
58013  24.842  -3.607  -36.252 0.2857142985
60328  24.564  -1.949  -36.857 0.2857142985
60349  24.668  -1.190  -37.272 0.2857142985
64693  25.082  2.528  -38.624 0.1428571492
66762  25.941  4.757  -40.378 0.1428571492
67755  26.353  5.762  -40.315 0.1428571492
68887  25.918  6.487  -41.498 0.1428571492
70014  26.091  7.697  -41.561 0.1428571492
71038  25.933  8.444  -41.800 0.1428571492
130099  26.302  11.877  -40.420 0.1428571492
75869  25.503  13.402  -42.846 0.1428571492
80444  24.199  18.386  -44.237 0.1428571492
80442  25.481  18.703  -44.619 0.1428571492
64700  25.574  3.071  -38.842 0.1428571492
132327  26.397  8.979  -40.302 0.1428571492
124007  24.499  17.142  -44.791 0.1428571492
59168  23.984  -2.301  -36.481 0.1428571492
54770  20.679  -7.102  -32.127 0.2857142985
61583  24.370  -0.364  -37.416 0.1428571492
70015  25.693  7.295  -41.804 0.1428571492
53749  18.479  -7.426  -30.457 0.1428571492
54752  18.280  -6.553  -30.424 0.1428571492
54772  18.853  -6.593  -31.242 0.1428571492
131630  30.401  3.140  -37.265 0.1428571492
77664  32.269  15.128  -43.779 0.1428571492
52527  18.409  -8.141  -30.064 0.1428571492
54786  20.571  -6.629  -32.444 0.1428571492
54799  22.108  -6.432  -33.288 0.1428571492
54787  19.743  -6.301  -32.160 0.1428571492
55828  22.007  -5.248  -34.185 0.1428571492
76775  31.840  14.280  -43.573 0.1428571492
77674  32.511  16.073  -44.052 0.1428571492
76760  31.809  14.212  -42.622 0.1428571492
52526  18.876  -8.369  -30.039 0.1428571492
65696  30.592  2.566  -39.048 0.1428571492
55813  21.636  -5.754  -33.615 0.1428571492
53760  20.027  -7.413  -31.593 0.1428571492
138754  18.566  -6.864  -30.907 0.1428571492
55793  21.132  -6.234  -33.036 0.1428571492
60329  23.951  -1.471  -36.782 0.2857142985
62640  29.588  0.533  -34.448 0.1428571492
64699  30.113  2.000  -40.531 0.8571428657
67763  26.099  5.252  -40.786 0.1428571492
68873  26.304  6.434  -41.040 0.1428571492
68885  31.511  5.469  -42.457 0.1428571492
72026  29.492  9.694  -38.586 0.8571428657
74942  25.417  12.686  -43.431 0.1428571492
75829  26.535  13.169  -39.969 0.4285714328
77624  29.448  14.940  -39.575 0.8571428657
77641  31.473  15.291  -41.205 0.8571428657
79492  32.578  17.293  -43.703 0.2857142985
79509  24.805  17.998  -44.615 0.1428571492
82417  32.200  20.795  -42.831 0.4285714328
82441  32.446  20.816  -46.430 0.1428571492
83388  32.403  21.317  -43.314 0.5714285970
83406  32.214  21.555  -47.071 0.1428571492
84349  24.868  23.166  -44.786 0.1428571492
84359  32.589  22.577  -45.178 0.1428571492
84381  30.593  22.729  -49.266 0.1428571492
85262  32.193  24.097  -44.620 0.2857142985
85291  32.523  23.158  -46.591 0.1428571492
119283  32.200  15.037  -42.886 0.4285714328
123416  32.292  20.097  -46.867 0.1428571492
126663  26.501  5.297  -39.397 0.5714285970
128733  25.095  23.323  -45.216 0.1428571492
129259  31.474  22.109  -42.830 0.2857142985
135342  32.516  16.667  -43.318 0.4285714328
135622  32.577  18.936  -43.739 0.5714285970
140308  31.718  22.603  -43.246 0.2857142985
141764  26.245  -4.038  -32.441 0.5714285970
143329  32.338  21.210  -46.752 0.1428571492
