#!ascii label  , from subject sub-v1s18x0051248_ses-1 vox2ras=TkReg
1954
66535  51.861  -5.845  21.228 0.0000000000
137195  37.924  -23.997  42.244 0.0000000000
45468  22.452  -24.686  45.681 0.0000000000
42342  16.518  -27.272  49.019 0.0000000000
138312  31.670  -26.397  49.509 0.0000000000
44545  27.175  -26.220  39.252 0.0000000000
62197  44.783  -9.724  24.319 0.0000000000
135603  57.398  -2.299  20.149 0.0000000000
56453  49.184  -13.926  35.301 0.0000000000
54257  37.888  -15.904  34.838 0.0000000000
48854  29.277  -21.228  29.802 0.0000000000
116940  24.442  -24.552  50.491 0.0000000000
123123  19.097  -25.682  46.795 0.0000000000
44351  20.283  -25.007  51.610 0.0000000000
45435  27.515  -24.617  47.943 0.0000000000
60972  53.366  -10.404  33.935 0.0000000000
118697  39.668  -21.447  48.921 0.0000000000
53076  39.472  -17.684  44.200 0.0000000000
54170  43.112  -17.260  41.394 0.0000000000
49782  38.443  -20.319  38.656 0.0000000000
50951  34.234  -19.246  32.008 0.0000000000
46687  33.991  -23.111  35.771 0.0000000000
46656  22.158  -23.958  38.045 0.0000000000
46748  23.376  -23.429  33.648 0.0000000000
66530  57.292  -6.060  21.717 0.0000000000
65535  60.409  -5.397  17.808 0.0000000000
120618  20.527  -25.001  41.226 0.0000000000
43463  17.092  -27.045  42.599 0.0000000000
43412  35.555  -26.470  45.410 0.0000000000
45549  32.437  -24.994  40.050 0.0000000000
118343  30.246  -26.572  44.092 0.0000000000
45495  25.728  -24.327  42.905 0.0000000000
122825  48.523  -7.280  22.598 0.0000000000
137574  18.000  -26.021  53.921 0.0000000000
41271  13.949  -28.869  51.786 0.0000000000
69621  55.580  -2.294  26.102 0.0000000000
65421  54.091  -6.224  26.440 0.0000000000
63217  50.525  -8.658  28.588 0.0000000000
59798  47.246  -11.197  30.315 0.0000000000
118002  44.476  -15.421  29.809 0.0000000000
56350  48.077  -14.844  41.475 0.0000000000
116924  43.407  -14.542  35.474 0.0000000000
122582  38.284  -14.481  29.953 0.0000000000
55401  33.765  -15.752  28.458 0.0000000000
46720  28.637  -23.958  34.403 0.0000000000
135353  24.436  -23.761  52.904 0.0000000000
45398  22.224  -24.722  51.571 0.0000000000
45339  22.464  -23.973  53.457 0.0000000000
116716  26.527  -24.253  51.883 0.0000000000
131933  38.844  -22.928  45.890 0.0000000000
141197  39.668  -21.657  43.414 0.0000000000
49747  40.790  -20.725  41.860 0.0000000000
119274  38.164  -22.199  39.950 0.0000000000
47706  36.803  -22.028  36.962 0.0000000000
46648  36.510  -23.895  38.346 0.0000000000
44585  19.564  -25.881  36.391 0.0000000000
44594  20.497  -25.476  35.188 0.0000000000
66533  54.140  -5.353  21.332 0.0000000000
134708  55.708  -6.144  18.743 0.0000000000
116895  53.020  -5.549  19.006 0.0000000000
45498  21.703  -24.750  43.692 0.0000000000
43477  18.441  -26.356  41.777 0.0000000000
139923  19.632  -25.597  44.199 0.0000000000
43369  17.691  -26.401  47.878 0.0000000000
42368  16.402  -27.338  45.160 0.0000000000
41295  14.964  -28.096  46.053 0.0000000000
41291  13.493  -28.848  47.671 0.0000000000
44376  36.182  -25.581  49.357 0.0000000000
43382  33.720  -27.055  47.435 0.0000000000
116949  33.202  -26.983  45.262 0.0000000000
119481  31.295  -26.612  46.557 0.0000000000
123933  24.922  -24.258  47.044 0.0000000000
45463  27.068  -24.528  45.405 0.0000000000
45482  23.815  -24.303  44.536 0.0000000000
116732  23.261  -23.935  42.196 0.0000000000
124436  46.623  -8.581  23.592 0.0000000000
64415  46.288  -7.590  20.053 0.0000000000
62233  43.870  -9.171  20.444 0.0000000000
40117  12.312  -29.454  53.200 0.0000000000
64332  51.570  -7.701  27.510 0.0000000000
63198  53.358  -8.155  29.843 0.0000000000
58573  51.186  -12.285  35.150 0.0000000000
123240  49.490  -10.798  31.992 0.0000000000
58593  48.330  -12.599  32.543 0.0000000000
58609  45.774  -13.476  30.218 0.0000000000
56500  46.963  -15.170  32.487 0.0000000000
54207  40.347  -16.519  38.551 0.0000000000
56385  43.419  -14.492  39.180 0.0000000000
56443  40.537  -14.759  36.159 0.0000000000
116919  40.811  -14.436  32.958 0.0000000000
138654  38.008  -15.098  32.727 0.0000000000
55389  36.202  -14.799  29.272 0.0000000000
120871  35.971  -15.798  31.561 0.0000000000
50986  31.858  -19.155  28.928 0.0000000000
44559  30.290  -25.564  39.529 0.0000000000
45610  30.806  -24.485  37.523 0.0000000000
44582  28.135  -25.420  36.825 0.0000000000
45694  24.199  -23.942  31.151 0.0000000000
71549  56.560  -0.651  16.561 0.0000000000
69701  56.516  -2.780  17.923 0.0000000000
45437  23.486  -24.533  47.586 0.0000000000
132150  20.423  -25.318  46.242 0.0000000000
44382  21.287  -25.003  48.892 0.0000000000
44384  19.518  -25.308  49.647 0.0000000000
43339  18.289  -25.847  49.992 0.0000000000
44364  30.285  -25.243  51.108 0.0000000000
44397  29.704  -25.665  48.477 0.0000000000
45410  28.189  -24.860  49.826 0.0000000000
116938  25.845  -24.363  49.449 0.0000000000
63172  54.772  -8.343  33.033 0.0000000000
58541  51.323  -12.402  38.351 0.0000000000
51899  42.881  -18.182  43.816 0.0000000000
51944  40.869  -18.748  40.358 0.0000000000
124283  37.881  -18.056  36.423 0.0000000000
52041  36.003  -18.213  34.031 0.0000000000
136098  36.072  -20.409  34.657 0.0000000000
48794  34.596  -21.222  33.523 0.0000000000
48795  31.558  -22.125  33.044 0.0000000000
118141  24.815  -24.030  38.458 0.0000000000
45614  25.722  -24.491  36.691 0.0000000000
46710  22.585  -23.486  35.528 0.0000000000
67546  58.427  -5.196  21.693 0.0000000000
67565  58.073  -4.749  19.641 0.0000000000
65511  58.499  -6.783  19.578 0.0000000000
43419  18.220  -26.337  44.940 0.0000000000
138499  38.022  -23.885  47.737 0.0000000000
44468  37.260  -24.976  43.930 0.0000000000
44525  35.392  -25.274  40.837 0.0000000000
43456  33.976  -26.262  42.817 0.0000000000
44490  31.838  -26.148  41.899 0.0000000000
43474  28.839  -26.404  41.890 0.0000000000
44427  28.833  -25.275  46.128 0.0000000000
44474  28.003  -25.328  43.007 0.0000000000
44513  26.474  -25.188  41.070 0.0000000000
46624  23.750  -23.552  40.456 0.0000000000
45577  21.451  -24.448  39.584 0.0000000000
117630  50.212  -6.399  21.826 0.0000000000
66566  50.218  -5.914  18.748 0.0000000000
65516  48.554  -6.476  19.135 0.0000000000
44340  18.849  -25.314  53.233 0.0000000000
43329  17.074  -27.021  51.488 0.0000000000
42328  15.971  -27.979  52.468 0.0000000000
41274  15.207  -28.198  50.127 0.0000000000
68577  57.983  -2.855  24.181 0.0000000000
68591  56.040  -3.522  23.603 0.0000000000
128166  54.203  -4.336  23.276 0.0000000000
126933  53.104  -6.181  24.061 0.0000000000
65437  50.910  -6.858  25.019 0.0000000000
64361  48.914  -8.071  25.865 0.0000000000
63233  48.002  -8.967  26.992 0.0000000000
125553  51.910  -9.543  31.215 0.0000000000
62136  48.614  -9.776  29.263 0.0000000000
62161  46.092  -10.065  27.100 0.0000000000
59840  44.451  -11.643  27.706 0.0000000000
57554  43.576  -14.585  27.417 0.0000000000
118280  48.840  -14.580  38.635 0.0000000000
54166  46.116  -16.114  42.472 0.0000000000
56401  46.601  -14.791  38.640 0.0000000000
116840  46.745  -14.470  35.858 0.0000000000
117011  44.361  -14.904  32.905 0.0000000000
56540  41.798  -14.648  29.494 0.0000000000
53245  33.483  -17.483  30.446 0.0000000000
46651  33.669  -23.967  37.918 0.0000000000
46718  30.963  -23.113  34.971 0.0000000000
47778  28.867  -22.670  32.475 0.0000000000
45655  25.946  -23.873  33.923 0.0000000000
46771  26.886  -23.416  31.685 0.0000000000
45338  23.140  -23.971  53.253 0.0000000000
47493  23.345  -23.453  53.269 0.0000000000
132182  38.569  -23.498  43.993 0.0000000000
48593  38.933  -22.408  44.566 0.0000000000
46600  38.910  -23.151  42.926 0.0000000000
47657  39.302  -22.600  41.927 0.0000000000
46621  38.025  -23.481  41.198 0.0000000000
46647  37.109  -23.537  38.800 0.0000000000
45544  37.078  -24.341  40.082 0.0000000000
124608  53.256  -5.519  21.418 0.0000000000
66562  53.302  -5.544  19.816 0.0000000000
66563  52.441  -5.579  19.693 0.0000000000
45484  21.668  -24.834  44.504 0.0000000000
44475  20.946  -25.103  44.069 0.0000000000
44459  20.944  -25.102  44.939 0.0000000000
43370  17.090  -26.826  48.342 0.0000000000
42355  16.396  -27.350  47.019 0.0000000000
42348  15.675  -27.744  47.459 0.0000000000
41290  14.209  -28.396  47.294 0.0000000000
41284  14.910  -28.097  47.812 0.0000000000
44347  32.634  -25.154  51.304 0.0000000000
43335  33.435  -26.108  50.617 0.0000000000
118062  34.371  -26.663  49.569 0.0000000000
119702  33.022  -26.906  48.824 0.0000000000
43383  32.285  -26.883  47.451 0.0000000000
119930  31.674  -26.572  48.720 0.0000000000
133275  23.875  -24.416  46.315 0.0000000000
45465  24.989  -24.238  45.587 0.0000000000
45467  23.171  -24.479  45.194 0.0000000000
45496  23.184  -24.374  43.897 0.0000000000
63273  46.102  -9.030  24.148 0.0000000000
63297  45.666  -8.663  22.396 0.0000000000
62225  44.293  -9.410  22.527 0.0000000000
65373  55.657  -6.437  29.941 0.0000000000
64295  54.231  -7.431  29.308 0.0000000000
64274  55.789  -7.042  30.986 0.0000000000
57496  49.919  -13.350  35.361 0.0000000000
58584  49.537  -12.437  33.678 0.0000000000
57514  49.118  -13.267  34.094 0.0000000000
57522  47.539  -14.125  32.515 0.0000000000
56471  48.028  -14.405  34.156 0.0000000000
54230  39.119  -15.972  36.630 0.0000000000
55293  40.327  -15.165  37.435 0.0000000000
55323  39.111  -15.240  35.438 0.0000000000
129590  39.437  -14.799  34.174 0.0000000000
55341  37.897  -15.513  34.042 0.0000000000
119049  36.722  -15.569  32.034 0.0000000000
54263  37.185  -15.932  33.610 0.0000000000
44544  28.584  -26.355  39.084 0.0000000000
44570  28.733  -25.752  37.812 0.0000000000
118285  27.442  -25.964  37.926 0.0000000000
70611  57.485  -1.602  18.576 0.0000000000
69689  56.745  -2.647  18.773 0.0000000000
116936  24.035  -24.565  49.314 0.0000000000
45426  22.836  -24.708  48.239 0.0000000000
130297  22.562  -24.800  49.816 0.0000000000
45399  21.264  -24.862  51.308 0.0000000000
135947  21.182  -24.954  49.974 0.0000000000
44365  20.362  -25.098  50.404 0.0000000000
44385  18.786  -25.550  49.533 0.0000000000
44366  19.533  -25.265  50.728 0.0000000000
45369  29.205  -24.354  51.420 0.0000000000
45392  29.315  -24.961  51.077 0.0000000000
45370  28.458  -24.475  51.328 0.0000000000
116945  25.182  -24.421  51.521 0.0000000000
116942  26.334  -24.421  50.414 0.0000000000
116937  24.965  -24.420  49.428 0.0000000000
45424  24.610  -24.413  48.524 0.0000000000
138883  39.436  -18.388  45.957 0.0000000000
54102  39.726  -16.233  46.129 0.0000000000
54129  39.528  -16.061  44.037 0.0000000000
55203  40.518  -15.625  43.504 0.0000000000
53090  40.685  -17.987  43.501 0.0000000000
49759  39.709  -20.439  40.298 0.0000000000
50821  41.079  -19.982  41.508 0.0000000000
50846  39.598  -19.665  39.617 0.0000000000
51970  39.425  -18.531  38.601 0.0000000000
50872  38.223  -19.378  37.642 0.0000000000
52016  37.058  -18.937  35.711 0.0000000000
49814  37.092  -20.349  36.466 0.0000000000
47720  35.683  -22.795  36.071 0.0000000000
133528  35.276  -21.941  34.647 0.0000000000
134142  34.754  -22.227  34.568 0.0000000000
135981  33.211  -21.667  33.106 0.0000000000
47746  32.461  -22.422  34.171 0.0000000000
46675  23.342  -23.608  37.856 0.0000000000
118915  23.839  -23.606  37.177 0.0000000000
127217  22.926  -23.587  37.131 0.0000000000
66529  57.954  -6.187  21.876 0.0000000000
66543  58.850  -6.119  20.867 0.0000000000
65497  57.833  -6.648  20.701 0.0000000000
66592  55.835  -6.041  17.919 0.0000000000
44549  19.573  -25.751  39.367 0.0000000000
43511  19.006  -26.230  39.909 0.0000000000
44431  19.716  -25.525  46.349 0.0000000000
44447  19.475  -25.657  45.615 0.0000000000
43403  18.349  -26.214  45.793 0.0000000000
41315  15.001  -28.121  44.282 0.0000000000
42369  15.637  -27.748  44.669 0.0000000000
43362  36.172  -26.059  47.939 0.0000000000
44394  37.110  -24.935  48.037 0.0000000000
126905  36.903  -25.306  46.875 0.0000000000
44440  37.295  -24.988  45.608 0.0000000000
43411  36.217  -26.052  44.892 0.0000000000
44470  36.047  -25.776  43.194 0.0000000000
43426  35.476  -26.405  44.517 0.0000000000
116948  31.639  -26.885  44.857 0.0000000000
138295  32.365  -26.685  43.109 0.0000000000
43444  30.775  -26.778  43.519 0.0000000000
43473  30.109  -26.542  42.076 0.0000000000
124106  29.907  -26.607  43.334 0.0000000000
45434  28.365  -24.985  47.949 0.0000000000
44411  29.750  -25.667  47.494 0.0000000000
135154  28.224  -24.937  46.601 0.0000000000
45479  26.103  -24.359  44.173 0.0000000000
45478  27.046  -24.600  44.486 0.0000000000
125448  26.599  -24.680  42.663 0.0000000000
45506  27.448  -25.176  42.458 0.0000000000
45507  26.123  -24.562  41.991 0.0000000000
45551  25.133  -24.104  40.756 0.0000000000
132932  24.920  -23.939  41.477 0.0000000000
45530  21.027  -24.736  41.635 0.0000000000
120563  22.256  -23.991  40.802 0.0000000000
129306  21.014  -24.669  40.227 0.0000000000
65473  48.889  -6.908  21.948 0.0000000000
65500  49.145  -6.514  20.381 0.0000000000
65488  48.287  -7.039  21.272 0.0000000000
64423  46.252  -7.541  18.523 0.0000000000
44341  18.368  -25.617  53.557 0.0000000000
43320  18.228  -25.861  52.476 0.0000000000
43321  17.804  -26.319  52.974 0.0000000000
41257  14.665  -28.640  53.388 0.0000000000
41264  14.649  -28.622  52.347 0.0000000000
41269  15.259  -28.245  51.015 0.0000000000
41275  14.624  -28.515  50.605 0.0000000000
41281  13.719  -28.811  49.614 0.0000000000
40137  13.348  -29.220  50.340 0.0000000000
133487  58.671  -2.086  23.954 0.0000000000
69635  57.498  -2.648  24.893 0.0000000000
69636  56.169  -2.587  24.973 0.0000000000
68592  54.700  -3.519  23.680 0.0000000000
68581  54.305  -3.337  24.546 0.0000000000
66475  53.968  -5.878  25.956 0.0000000000
66492  53.440  -5.754  24.396 0.0000000000
66493  53.133  -6.282  24.669 0.0000000000
65448  51.656  -6.570  24.578 0.0000000000
65436  51.776  -6.736  25.422 0.0000000000
140669  51.487  -8.073  28.050 0.0000000000
64345  50.418  -7.481  26.301 0.0000000000
137290  49.607  -8.303  27.111 0.0000000000
63245  48.402  -8.503  26.429 0.0000000000
63219  49.256  -8.811  27.830 0.0000000000
62089  54.303  -9.533  34.083 0.0000000000
62112  53.740  -9.113  31.950 0.0000000000
60982  52.349  -10.231  32.656 0.0000000000
59779  48.138  -11.314  31.447 0.0000000000
62125  49.498  -10.057  30.645 0.0000000000
61009  47.589  -10.565  29.729 0.0000000000
62147  47.105  -10.002  28.206 0.0000000000
61018  46.621  -10.599  28.708 0.0000000000
61029  44.882  -10.922  27.276 0.0000000000
59817  45.454  -11.742  28.901 0.0000000000
56538  44.912  -14.840  29.375 0.0000000000
57546  44.299  -13.940  28.517 0.0000000000
56570  43.761  -15.278  27.898 0.0000000000
55397  43.335  -15.715  28.302 0.0000000000
56380  48.614  -14.648  40.079 0.0000000000
53103  44.124  -17.458  43.577 0.0000000000
54124  44.976  -16.455  43.852 0.0000000000
54168  44.707  -16.877  42.290 0.0000000000
56422  43.394  -14.378  37.504 0.0000000000
56384  44.748  -14.327  39.121 0.0000000000
117887  44.725  -14.357  37.110 0.0000000000
117889  46.551  -14.523  37.259 0.0000000000
135082  44.860  -14.524  35.617 0.0000000000
56474  45.445  -14.885  33.943 0.0000000000
56476  43.648  -14.589  34.525 0.0000000000
56528  39.530  -14.454  30.936 0.0000000000
124002  41.030  -14.376  31.190 0.0000000000
124592  40.075  -14.380  30.109 0.0000000000
56552  40.631  -14.539  28.506 0.0000000000
117510  38.773  -14.317  28.094 0.0000000000
56554  37.511  -14.438  28.541 0.0000000000
118855  34.598  -15.362  28.823 0.0000000000
56576  35.566  -14.646  27.497 0.0000000000
140073  35.235  -18.812  33.145 0.0000000000
53230  34.964  -17.290  32.217 0.0000000000
52060  33.569  -18.404  31.030 0.0000000000
52088  31.947  -18.204  27.972 0.0000000000
45547  33.981  -24.911  40.065 0.0000000000
45569  34.565  -24.569  39.401 0.0000000000
130482  32.966  -24.357  38.702 0.0000000000
45639  29.961  -24.293  36.332 0.0000000000
46690  30.656  -23.815  36.102 0.0000000000
116362  30.128  -23.459  34.999 0.0000000000
47767  29.808  -22.904  33.731 0.0000000000
46742  29.032  -23.295  33.707 0.0000000000
46708  24.444  -23.457  34.943 0.0000000000
45643  25.913  -24.060  34.833 0.0000000000
46722  25.141  -23.586  34.349 0.0000000000
118881  25.624  -23.642  31.627 0.0000000000
47790  26.816  -23.034  30.858 0.0000000000
66579  60.084  -5.291  18.642 0.0000000000
67582  59.661  -4.864  18.467 0.0000000000
66597  50.627  -5.692  17.381 0.0000000000
116944  24.427  -24.481  51.590 0.0000000000
45397  22.807  -24.747  50.838 0.0000000000
45376  23.028  -24.561  52.041 0.0000000000
141016  22.428  -24.559  52.308 0.0000000000
45355  21.715  -24.132  53.381 0.0000000000
45373  25.752  -24.128  52.186 0.0000000000
48549  39.366  -22.182  47.456 0.0000000000
49664  40.024  -19.986  48.343 0.0000000000
48566  39.162  -22.028  46.542 0.0000000000
49696  38.699  -20.975  45.004 0.0000000000
50788  39.285  -19.873  44.071 0.0000000000
50798  41.098  -19.925  43.308 0.0000000000
48624  40.338  -21.491  42.753 0.0000000000
48641  39.648  -21.833  41.475 0.0000000000
48695  38.058  -21.625  39.187 0.0000000000
48718  37.264  -21.490  37.529 0.0000000000
126133  37.033  -22.375  37.752 0.0000000000
46669  36.838  -23.216  37.977 0.0000000000
46671  35.365  -23.605  37.197 0.0000000000
45617  20.759  -24.623  37.168 0.0000000000
45644  21.224  -24.244  35.972 0.0000000000
44584  20.164  -25.296  35.902 0.0000000000
66532  55.136  -5.315  21.358 0.0000000000
65498  56.684  -6.306  20.466 0.0000000000
66561  54.302  -5.652  19.745 0.0000000000
66581  54.263  -5.682  18.806 0.0000000000
45512  20.989  -24.811  42.377 0.0000000000
43476  19.169  -25.936  41.505 0.0000000000
44494  20.270  -25.205  42.682 0.0000000000
44478  18.859  -25.964  43.104 0.0000000000
43447  18.266  -26.342  43.381 0.0000000000
131998  18.215  -26.110  47.472 0.0000000000
43404  17.752  -26.544  46.214 0.0000000000
43405  17.100  -26.971  46.583 0.0000000000
42363  15.669  -27.731  45.605 0.0000000000
40174  13.203  -29.433  46.128 0.0000000000
43363  35.489  -26.477  48.509 0.0000000000
43397  35.008  -26.795  46.824 0.0000000000
116950  34.117  -26.841  45.105 0.0000000000
43398  33.539  -27.082  46.640 0.0000000000
43399  32.128  -26.887  46.494 0.0000000000
43429  30.905  -26.677  45.151 0.0000000000
123256  26.613  -24.388  46.796 0.0000000000
118036  27.068  -24.461  46.138 0.0000000000
45464  26.295  -24.313  45.995 0.0000000000
118145  25.458  -24.269  44.925 0.0000000000
140244  24.870  -24.117  43.380 0.0000000000
45509  24.131  -23.891  42.771 0.0000000000
132979  23.300  -24.151  43.112 0.0000000000
45511  21.794  -24.548  42.789 0.0000000000
64388  47.178  -8.103  23.011 0.0000000000
64408  47.553  -7.416  21.428 0.0000000000
63306  46.220  -8.218  21.919 0.0000000000
63310  45.202  -8.287  20.521 0.0000000000
41258  13.810  -28.909  53.570 0.0000000000
40124  13.266  -29.244  52.106 0.0000000000
40138  12.816  -29.858  50.744 0.0000000000
40132  12.721  -29.771  51.581 0.0000000000
65405  54.409  -6.309  27.251 0.0000000000
65406  53.510  -6.765  26.950 0.0000000000
64330  53.839  -6.961  27.689 0.0000000000
64296  53.234  -7.730  29.029 0.0000000000
63200  51.828  -8.538  29.378 0.0000000000
59726  52.496  -11.279  34.818 0.0000000000
60974  51.551  -10.737  33.092 0.0000000000
59745  50.282  -11.756  33.651 0.0000000000
59764  48.526  -11.711  32.163 0.0000000000
59780  47.452  -11.728  31.125 0.0000000000
58617  46.094  -12.411  30.159 0.0000000000
58603  47.164  -12.857  31.426 0.0000000000
136991  46.519  -14.801  31.243 0.0000000000
56522  45.527  -15.292  30.480 0.0000000000
54182  42.018  -16.809  40.371 0.0000000000
55248  42.905  -15.778  40.274 0.0000000000
55279  41.447  -15.068  38.558 0.0000000000
56424  41.523  -14.600  37.202 0.0000000000
139959  41.714  -14.523  35.826 0.0000000000
135074  42.192  -14.504  34.331 0.0000000000
56479  40.728  -14.543  34.759 0.0000000000
56505  39.784  -14.547  32.744 0.0000000000
56515  38.115  -14.756  31.328 0.0000000000
119258  37.070  -14.585  29.232 0.0000000000
56516  36.868  -15.013  30.646 0.0000000000
117049  36.195  -15.417  30.911 0.0000000000
133524  35.029  -15.549  29.849 0.0000000000
49885  33.399  -20.191  31.716 0.0000000000
50961  32.627  -19.295  30.322 0.0000000000
50962  31.967  -19.790  30.009 0.0000000000
50988  30.858  -19.812  28.294 0.0000000000
49972  30.127  -20.016  26.215 0.0000000000
44542  30.987  -25.316  39.787 0.0000000000
45595  31.820  -24.569  38.746 0.0000000000
45597  30.100  -25.365  38.611 0.0000000000
137916  29.298  -24.750  36.530 0.0000000000
45641  28.241  -24.760  35.635 0.0000000000
46773  23.910  -23.613  31.940 0.0000000000
44642  23.220  -25.068  31.036 0.0000000000
71537  57.704  -0.529  17.651 0.0000000000
71538  57.005  -1.062  17.214 0.0000000000
69709  56.306  -2.545  17.155 0.0000000000
45452  23.305  -24.503  46.794 0.0000000000
45454  21.735  -24.913  46.179 0.0000000000
45439  21.806  -24.862  47.051 0.0000000000
44413  21.224  -25.047  47.487 0.0000000000
131700  19.886  -25.325  48.022 0.0000000000
133516  21.848  -24.905  49.596 0.0000000000
44400  20.458  -25.172  48.423 0.0000000000
120096  19.226  -25.505  48.102 0.0000000000
43368  18.417  -25.888  48.227 0.0000000000
131499  17.726  -26.307  48.676 0.0000000000
136195  17.209  -26.704  49.035 0.0000000000
120807  31.215  -25.424  51.030 0.0000000000
43367  31.039  -26.299  49.058 0.0000000000
44380  29.819  -25.404  50.345 0.0000000000
129325  28.647  -25.090  49.353 0.0000000000
45420  27.997  -24.796  48.826 0.0000000000
45394  27.674  -24.493  51.203 0.0000000000
45412  26.663  -24.432  49.471 0.0000000000
45421  27.065  -24.486  48.665 0.0000000000
117958  25.167  -24.304  47.821 0.0000000000
123932  24.096  -24.378  46.958 0.0000000000
61069  44.220  -10.185  24.830 0.0000000000
62212  43.757  -9.850  23.083 0.0000000000
61086  42.468  -10.725  23.150 0.0000000000
64240  55.529  -6.765  32.584 0.0000000000
60952  53.505  -10.372  35.271 0.0000000000
59694  52.534  -11.395  36.530 0.0000000000
58558  51.551  -12.365  36.715 0.0000000000
57487  50.274  -13.452  36.344 0.0000000000
54128  42.909  -16.881  44.289 0.0000000000
51909  43.243  -18.325  43.322 0.0000000000
50797  42.010  -19.606  43.083 0.0000000000
50807  42.387  -19.168  42.546 0.0000000000
53118  42.037  -18.100  41.110 0.0000000000
53147  40.377  -17.396  39.107 0.0000000000
121141  39.267  -17.082  37.551 0.0000000000
53184  38.241  -17.221  36.328 0.0000000000
54259  36.894  -16.633  34.076 0.0000000000
52032  36.960  -18.203  35.279 0.0000000000
50934  36.184  -19.074  34.446 0.0000000000
50935  35.426  -20.015  33.613 0.0000000000
48759  36.285  -21.362  35.479 0.0000000000
48793  35.182  -21.179  33.903 0.0000000000
49872  34.489  -20.558  32.980 0.0000000000
49874  33.199  -20.916  31.993 0.0000000000
48823  31.306  -21.457  31.670 0.0000000000
48838  30.470  -21.480  31.199 0.0000000000
44564  26.156  -25.163  38.751 0.0000000000
44573  26.878  -25.540  37.510 0.0000000000
136531  25.780  -24.686  37.411 0.0000000000
46692  24.300  -23.583  36.282 0.0000000000
46725  22.775  -23.474  34.533 0.0000000000
46711  21.808  -23.799  35.721 0.0000000000
45656  22.101  -23.853  34.255 0.0000000000
68617  57.349  -3.684  21.120 0.0000000000
68625  56.849  -3.619  20.087 0.0000000000
123490  58.601  -5.129  20.525 0.0000000000
66559  59.287  -6.030  19.901 0.0000000000
65522  59.631  -6.226  19.075 0.0000000000
65525  56.664  -6.433  18.801 0.0000000000
65524  57.837  -6.806  18.920 0.0000000000
44446  20.191  -25.389  45.474 0.0000000000
44462  18.932  -25.912  44.390 0.0000000000
43448  17.670  -26.662  43.735 0.0000000000
43420  17.590  -26.698  45.063 0.0000000000
124566  17.149  -26.911  44.102 0.0000000000
125257  39.141  -22.739  48.061 0.0000000000
133016  38.466  -23.547  46.930 0.0000000000
45461  37.966  -24.161  45.189 0.0000000000
45492  37.652  -24.446  43.461 0.0000000000
45524  36.937  -24.763  41.365 0.0000000000
44485  36.624  -25.322  42.697 0.0000000000
44487  35.112  -25.823  42.177 0.0000000000
44507  33.756  -25.750  41.623 0.0000000000
43442  33.755  -26.584  43.538 0.0000000000
44489  32.552  -26.290  42.327 0.0000000000
44508  32.449  -25.804  41.510 0.0000000000
44510  30.765  -25.859  41.012 0.0000000000
43508  28.704  -26.484  40.274 0.0000000000
43492  28.138  -26.556  40.599 0.0000000000
43386  30.544  -26.089  47.573 0.0000000000
43418  30.244  -26.039  46.119 0.0000000000
43431  29.931  -26.238  44.672 0.0000000000
44428  27.909  -24.796  45.851 0.0000000000
44457  28.628  -25.391  44.280 0.0000000000
44472  29.127  -25.806  43.832 0.0000000000
44491  28.564  -25.895  42.675 0.0000000000
43475  27.662  -26.320  40.985 0.0000000000
136409  26.963  -26.081  39.861 0.0000000000
44547  25.981  -25.019  39.633 0.0000000000
45575  24.702  -23.934  39.336 0.0000000000
46636  22.898  -23.727  39.205 0.0000000000
45527  23.558  -23.626  41.289 0.0000000000
45553  22.351  -24.009  39.999 0.0000000000
45600  21.597  -24.306  38.588 0.0000000000
44565  20.176  -25.122  38.216 0.0000000000
65484  51.058  -6.182  21.751 0.0000000000
66549  51.764  -5.751  20.356 0.0000000000
65499  49.884  -6.273  20.249 0.0000000000
64414  47.064  -7.271  19.936 0.0000000000
64422  46.877  -7.152  18.007 0.0000000000
62230  43.158  -9.723  21.349 0.0000000000
131294  22.472  -23.275  53.335 0.0000000000
46498  21.669  -23.490  53.508 0.0000000000
45356  20.663  -24.172  53.521 0.0000000000
45357  19.851  -24.297  53.688 0.0000000000
44352  19.451  -25.183  51.841 0.0000000000
44367  18.718  -25.581  50.954 0.0000000000
43340  17.598  -26.382  50.224 0.0000000000
42339  16.471  -27.411  50.050 0.0000000000
43315  17.401  -26.750  53.775 0.0000000000
42331  16.536  -27.515  51.986 0.0000000000
42336  15.847  -27.861  50.528 0.0000000000
42340  15.803  -27.820  49.572 0.0000000000
132403  14.261  -28.448  49.018 0.0000000000
70591  58.357  -1.625  21.216 0.0000000000
121663  58.328  -2.345  22.972 0.0000000000
68600  57.963  -4.544  22.660 0.0000000000
67520  57.665  -4.257  23.068 0.0000000000
69619  58.202  -2.307  25.378 0.0000000000
68590  57.301  -3.606  23.595 0.0000000000
67534  56.133  -4.691  22.489 0.0000000000
66517  55.590  -5.090  21.973 0.0000000000
66518  54.460  -5.125  21.982 0.0000000000
66520  52.921  -5.729  22.249 0.0000000000
137453  53.685  -3.794  24.876 0.0000000000
66501  53.262  -5.762  23.584 0.0000000000
66503  52.301  -6.090  22.875 0.0000000000
65470  51.358  -6.273  22.697 0.0000000000
65458  50.678  -6.550  23.350 0.0000000000
64386  49.316  -7.163  23.610 0.0000000000
64344  51.452  -7.090  26.183 0.0000000000
135333  49.723  -7.363  25.092 0.0000000000
64373  48.840  -7.656  24.566 0.0000000000
63271  47.717  -8.199  24.415 0.0000000000
63272  46.915  -8.669  24.551 0.0000000000
62182  46.355  -9.366  25.874 0.0000000000
120202  54.863  -7.996  31.714 0.0000000000
63189  52.963  -8.710  30.600 0.0000000000
63190  51.528  -9.028  30.026 0.0000000000
60991  50.879  -10.236  31.835 0.0000000000
124210  50.303  -9.705  30.520 0.0000000000
62135  49.488  -9.431  29.319 0.0000000000
62159  47.602  -9.481  27.615 0.0000000000
62172  46.547  -9.569  26.616 0.0000000000
61053  45.148  -10.092  25.988 0.0000000000
61041  44.638  -10.639  26.472 0.0000000000
120938  43.190  -11.373  25.749 0.0000000000
58628  44.965  -12.472  28.986 0.0000000000
58640  43.607  -13.257  27.648 0.0000000000
137174  50.296  -13.571  38.338 0.0000000000
118788  49.091  -14.394  37.125 0.0000000000
130148  47.303  -15.483  41.993 0.0000000000
55246  44.686  -15.628  40.913 0.0000000000
123030  46.471  -15.404  40.502 0.0000000000
55262  47.903  -15.273  40.399 0.0000000000
56400  47.519  -14.949  38.498 0.0000000000
56435  48.298  -14.607  36.748 0.0000000000
121746  47.733  -14.543  34.837 0.0000000000
56473  46.741  -14.851  34.172 0.0000000000
55355  45.834  -15.383  32.255 0.0000000000
55375  44.274  -15.324  30.622 0.0000000000
56492  42.803  -14.534  33.153 0.0000000000
135207  42.922  -14.588  31.290 0.0000000000
56539  42.701  -14.964  29.714 0.0000000000
56551  41.813  -14.983  28.469 0.0000000000
134121  36.380  -14.489  27.664 0.0000000000
56605  35.804  -14.738  25.914 0.0000000000
54265  35.717  -16.782  32.731 0.0000000000
54277  34.738  -16.682  31.405 0.0000000000
54297  33.261  -16.448  28.964 0.0000000000
52066  32.616  -18.542  29.719 0.0000000000
54298  32.792  -17.103  28.945 0.0000000000
45567  36.424  -24.586  39.691 0.0000000000
46650  34.714  -23.959  37.965 0.0000000000
46672  34.289  -23.635  37.225 0.0000000000
45608  32.261  -24.244  38.083 0.0000000000
134311  32.395  -23.502  36.457 0.0000000000
46702  32.516  -23.167  35.683 0.0000000000
47747  31.723  -22.740  34.580 0.0000000000
48810  30.204  -22.158  32.233 0.0000000000
48825  28.909  -21.961  31.223 0.0000000000
44583  26.943  -25.271  36.671 0.0000000000
44592  27.448  -24.796  35.468 0.0000000000
45673  27.108  -24.274  34.096 0.0000000000
46760  25.345  -23.588  32.333 0.0000000000
46745  26.807  -23.936  32.920 0.0000000000
124315  27.488  -23.709  32.842 0.0000000000
46758  27.539  -23.247  32.122 0.0000000000
47801  28.089  -22.169  30.869 0.0000000000
68640  56.880  -4.195  18.921 0.0000000000
68667  57.312  -3.965  17.082 0.0000000000
68680  57.420  -3.979  16.248 0.0000000000
66584  51.463  -5.605  18.600 0.0000000000
45491  38.037  -23.984  43.006 0.0000000000
46593  38.498  -23.550  43.307 0.0000000000
46601  38.442  -23.568  42.595 0.0000000000
46609  38.882  -23.140  42.243 0.0000000000
46611  37.732  -23.963  41.543 0.0000000000
46622  37.467  -23.979  40.752 0.0000000000
45523  37.307  -24.327  41.265 0.0000000000
66534  52.524  -5.717  21.548 0.0000000000
66548  52.691  -5.610  20.677 0.0000000000
119304  22.391  -24.632  44.892 0.0000000000
45469  21.685  -24.872  45.327 0.0000000000
42347  16.387  -27.330  47.968 0.0000000000
42343  15.616  -27.824  48.513 0.0000000000
43352  32.094  -26.182  50.268 0.0000000000
43336  32.765  -25.804  50.785 0.0000000000
135525  32.850  -26.380  50.235 0.0000000000
43350  33.461  -26.667  49.736 0.0000000000
43351  32.439  -26.644  49.417 0.0000000000
43366  32.342  -26.826  48.357 0.0000000000
126583  23.241  -24.538  46.002 0.0000000000
62210  45.356  -9.315  23.790 0.0000000000
63286  45.143  -9.163  22.901 0.0000000000
62211  44.578  -9.576  23.442 0.0000000000
64293  55.683  -6.904  30.373 0.0000000000
65348  55.940  -6.690  31.308 0.0000000000
56470  48.762  -13.892  34.539 0.0000000000
57515  48.445  -13.757  33.722 0.0000000000
54231  38.582  -16.322  36.141 0.0000000000
139996  38.916  -15.684  35.995 0.0000000000
55324  38.446  -15.782  35.471 0.0000000000
55340  38.476  -15.390  34.781 0.0000000000
133442  37.437  -16.057  34.271 0.0000000000
43510  27.761  -26.454  39.179 0.0000000000
44561  28.127  -26.206  38.332 0.0000000000
44562  27.432  -26.215  38.639 0.0000000000
118452  58.083  -1.562  20.189 0.0000000000
70599  57.447  -1.964  19.406 0.0000000000
123116  56.855  -2.841  19.704 0.0000000000
116715  23.126  -24.702  49.116 0.0000000000
116939  23.426  -24.684  50.094 0.0000000000
45347  29.263  -23.841  51.642 0.0000000000
45348  28.359  -23.922  51.636 0.0000000000
116941  25.467  -24.438  50.444 0.0000000000
51890  39.297  -18.291  44.964 0.0000000000
138123  39.513  -17.810  45.897 0.0000000000
135009  39.513  -16.831  44.551 0.0000000000
54115  39.601  -16.126  45.143 0.0000000000
119105  39.674  -16.939  43.834 0.0000000000
119136  40.218  -17.131  43.531 0.0000000000
53091  39.883  -18.025  43.697 0.0000000000
133185  39.202  -20.385  39.643 0.0000000000
49781  38.948  -20.005  39.069 0.0000000000
50861  38.621  -19.661  38.413 0.0000000000
49796  38.067  -20.182  38.067 0.0000000000
50889  37.594  -19.647  36.875 0.0000000000
50873  37.766  -20.096  37.466 0.0000000000
47721  34.841  -23.118  35.924 0.0000000000
47730  35.287  -22.448  35.260 0.0000000000
47731  34.381  -22.724  35.200 0.0000000000
47732  33.908  -22.421  34.532 0.0000000000
123883  33.113  -22.508  34.560 0.0000000000
134064  22.663  -23.724  37.730 0.0000000000
46676  22.080  -23.829  37.186 0.0000000000
65482  57.941  -6.449  21.377 0.0000000000
65483  57.326  -6.381  21.131 0.0000000000
44533  19.731  -25.643  40.264 0.0000000000
43494  19.291  -25.938  40.754 0.0000000000
44432  18.989  -25.829  46.096 0.0000000000
43379  36.323  -25.932  46.876 0.0000000000
43395  36.261  -26.035  45.824 0.0000000000
44425  36.848  -25.459  46.149 0.0000000000
118219  30.938  -26.782  44.361 0.0000000000
44412  28.825  -25.284  47.125 0.0000000000
45447  27.931  -24.801  47.257 0.0000000000
117813  25.575  -24.289  43.631 0.0000000000
45494  26.189  -24.453  43.381 0.0000000000
45525  25.640  -24.407  41.344 0.0000000000
45508  25.109  -24.077  42.262 0.0000000000
45555  21.035  -24.667  40.910 0.0000000000
123452  20.426  -25.111  40.474 0.0000000000
118089  20.126  -25.352  39.772 0.0000000000
64398  48.117  -7.373  22.031 0.0000000000
44332  18.707  -24.615  54.187 0.0000000000
41270  14.642  -28.576  51.437 0.0000000000
41276  13.956  -28.825  50.943 0.0000000000
132326  13.990  -28.729  50.275 0.0000000000
70551  59.473  -1.347  24.542 0.0000000000
117105  59.554  -1.147  25.176 0.0000000000
123187  56.839  -2.384  25.619 0.0000000000
68580  55.430  -2.969  24.276 0.0000000000
69637  54.840  -2.718  25.197 0.0000000000
66483  53.634  -6.090  25.218 0.0000000000
65434  53.759  -6.207  25.827 0.0000000000
65435  53.017  -6.447  25.430 0.0000000000
65422  53.221  -6.567  26.232 0.0000000000
63231  50.932  -8.245  27.959 0.0000000000
116314  50.078  -8.478  27.881 0.0000000000
62097  53.989  -9.880  33.648 0.0000000000
62098  53.271  -10.109  33.127 0.0000000000
59797  47.801  -11.025  30.850 0.0000000000
61001  47.870  -10.690  30.342 0.0000000000
59815  46.901  -10.891  29.486 0.0000000000
59816  46.218  -11.257  29.159 0.0000000000
56523  45.057  -15.307  29.845 0.0000000000
56549  44.333  -14.882  28.611 0.0000000000
55386  44.498  -15.325  29.149 0.0000000000
55412  43.444  -15.812  27.764 0.0000000000
55396  43.902  -15.555  28.475 0.0000000000
56364  48.514  -14.571  40.816 0.0000000000
54156  44.118  -17.384  42.491 0.0000000000
54155  44.534  -17.352  43.077 0.0000000000
54169  43.881  -17.006  41.760 0.0000000000
56440  43.577  -14.463  36.444 0.0000000000
56421  44.180  -14.322  37.655 0.0000000000
56439  44.427  -14.458  36.360 0.0000000000
56438  45.272  -14.424  36.353 0.0000000000
56458  44.123  -14.540  35.770 0.0000000000
56459  44.308  -14.586  35.058 0.0000000000
138459  40.336  -14.398  30.777 0.0000000000
124001  39.179  -14.406  30.019 0.0000000000
56542  39.816  -14.361  29.264 0.0000000000
118231  38.807  -14.353  29.083 0.0000000000
118070  38.194  -14.387  28.572 0.0000000000
55400  34.326  -15.253  27.889 0.0000000000
55416  33.635  -15.656  27.525 0.0000000000
50943  34.793  -19.156  32.661 0.0000000000
52051  34.496  -18.312  32.130 0.0000000000
52059  34.022  -18.575  31.594 0.0000000000
45548  33.148  -25.166  40.415 0.0000000000
132321  33.084  -24.727  39.664 0.0000000000
46705  29.344  -23.883  35.082 0.0000000000
46704  29.979  -23.890  35.639 0.0000000000
46719  29.543  -23.403  34.395 0.0000000000
46743  28.158  -23.716  33.473 0.0000000000
46723  24.249  -23.328  33.971 0.0000000000
65521  60.048  -5.633  18.601 0.0000000000
66591  60.643  -5.072  17.800 0.0000000000
45352  24.293  -24.018  52.796 0.0000000000
45375  23.980  -24.365  52.225 0.0000000000
45354  22.601  -24.283  52.977 0.0000000000
45377  21.874  -24.542  52.466 0.0000000000
46483  24.901  -23.571  52.827 0.0000000000
45351  24.981  -23.840  52.658 0.0000000000
45374  24.812  -24.225  52.302 0.0000000000
47589  38.986  -22.634  46.567 0.0000000000
117358  39.471  -21.302  47.170 0.0000000000
48609  39.354  -22.197  43.539 0.0000000000
135549  38.863  -21.837  45.233 0.0000000000
124044  39.122  -21.585  44.093 0.0000000000
50780  38.791  -19.988  44.929 0.0000000000
49709  39.199  -20.682  44.076 0.0000000000
49722  40.036  -21.139  43.359 0.0000000000
48608  40.059  -21.609  43.078 0.0000000000
47669  38.987  -22.492  41.294 0.0000000000
48661  38.895  -21.862  40.598 0.0000000000
48677  38.563  -21.498  39.810 0.0000000000
48696  37.532  -21.845  38.377 0.0000000000
47694  37.715  -22.448  39.186 0.0000000000
46670  36.230  -23.549  37.522 0.0000000000
44575  20.097  -25.136  36.747 0.0000000000
66546  54.727  -5.526  20.641 0.0000000000
132948  53.684  -5.584  19.154 0.0000000000
66582  53.571  -5.548  18.466 0.0000000000
66594  53.464  -5.504  17.683 0.0000000000
44493  20.948  -24.928  43.212 0.0000000000
44476  20.122  -25.361  43.602 0.0000000000
44477  19.304  -25.740  43.648 0.0000000000
43388  17.707  -26.509  47.057 0.0000000000
43389  17.067  -26.921  47.474 0.0000000000
42356  15.697  -27.729  46.530 0.0000000000
41305  14.829  -28.164  45.080 0.0000000000
41306  14.222  -28.441  45.684 0.0000000000
41297  13.612  -28.814  46.781 0.0000000000
39100  12.823  -30.288  46.681 0.0000000000
40165  13.057  -29.462  47.125 0.0000000000
44362  34.412  -25.582  50.644 0.0000000000
43365  33.865  -26.942  48.599 0.0000000000
43349  35.092  -26.446  49.544 0.0000000000
43364  34.726  -26.755  48.818 0.0000000000
43381  34.696  -26.878  47.755 0.0000000000
116953  34.269  -27.008  46.740 0.0000000000
43400  31.668  -26.707  47.138 0.0000000000
43416  31.496  -26.768  45.740 0.0000000000
45449  25.805  -24.264  47.177 0.0000000000
138194  26.033  -24.268  46.575 0.0000000000
45450  25.469  -24.247  46.326 0.0000000000
117933  24.673  -24.246  44.819 0.0000000000
45480  25.183  -24.219  44.188 0.0000000000
45481  24.505  -24.201  44.121 0.0000000000
116935  23.981  -24.123  43.648 0.0000000000
45497  22.504  -24.455  43.400 0.0000000000
64400  46.802  -8.034  22.304 0.0000000000
63296  46.399  -8.414  22.750 0.0000000000
63298  44.842  -8.927  21.984 0.0000000000
63307  45.434  -8.431  21.481 0.0000000000
63308  44.569  -8.722  20.995 0.0000000000
63311  44.472  -8.692  19.991 0.0000000000
62236  44.011  -9.285  19.515 0.0000000000
40116  13.150  -29.203  52.972 0.0000000000
40125  12.550  -29.641  52.421 0.0000000000
65388  54.487  -6.515  28.080 0.0000000000
63216  52.341  -8.065  28.803 0.0000000000
63199  52.594  -8.249  29.405 0.0000000000
59727  51.623  -11.695  34.596 0.0000000000
59744  51.140  -11.378  33.810 0.0000000000
59728  50.811  -12.039  34.399 0.0000000000
58585  48.740  -12.920  33.320 0.0000000000
58592  48.984  -12.083  32.865 0.0000000000
58602  47.836  -12.188  31.854 0.0000000000
58594  47.691  -13.173  32.200 0.0000000000
56499  47.031  -14.804  31.879 0.0000000000
57526  46.762  -13.985  31.353 0.0000000000
56521  46.088  -15.114  30.816 0.0000000000
56510  46.422  -15.159  31.402 0.0000000000
54206  41.058  -15.944  38.959 0.0000000000
55266  41.748  -15.641  39.336 0.0000000000
56425  40.755  -14.744  36.961 0.0000000000
55292  41.008  -14.803  37.769 0.0000000000
56442  41.268  -14.613  36.386 0.0000000000
135208  42.136  -14.498  36.520 0.0000000000
56461  41.042  -14.585  35.600 0.0000000000
116922  41.753  -14.508  35.010 0.0000000000
55348  38.321  -15.106  33.356 0.0000000000
56495  39.138  -14.778  33.429 0.0000000000
56506  38.783  -14.763  32.556 0.0000000000
56514  38.771  -14.627  31.594 0.0000000000
56507  38.060  -14.918  32.035 0.0000000000
127552  37.778  -14.718  30.699 0.0000000000
55365  37.362  -15.090  31.513 0.0000000000
55366  36.613  -15.383  31.352 0.0000000000
55377  35.531  -15.692  30.765 0.0000000000
54276  35.268  -16.157  31.288 0.0000000000
49886  32.710  -20.477  31.417 0.0000000000
49898  32.294  -20.065  30.749 0.0000000000
49941  30.213  -20.188  27.933 0.0000000000
51002  30.747  -19.736  27.481 0.0000000000
49954  30.052  -20.056  27.089 0.0000000000
45573  30.979  -25.009  39.125 0.0000000000
45612  28.896  -25.302  37.091 0.0000000000
45625  28.551  -25.013  36.336 0.0000000000
70612  56.931  -2.059  18.093 0.0000000000
70620  57.381  -1.340  17.857 0.0000000000
70621  56.667  -1.894  17.505 0.0000000000
68652  56.572  -3.324  17.340 0.0000000000
45438  22.625  -24.679  47.372 0.0000000000
45427  21.858  -24.885  48.008 0.0000000000
44399  21.050  -25.074  48.072 0.0000000000
44414  20.478  -25.221  47.557 0.0000000000
45413  21.976  -24.855  50.486 0.0000000000
44383  20.411  -25.131  49.322 0.0000000000
44401  19.727  -25.302  48.720 0.0000000000
44402  18.975  -25.513  48.879 0.0000000000
43354  18.310  -25.871  49.118 0.0000000000
43355  17.690  -26.300  49.449 0.0000000000
45368  30.371  -24.302  51.637 0.0000000000
45367  31.164  -24.461  51.536 0.0000000000
44349  30.825  -24.882  51.468 0.0000000000
119082  30.553  -25.639  50.435 0.0000000000
45393  28.430  -24.767  50.787 0.0000000000
44381  28.994  -25.052  50.148 0.0000000000
45372  27.138  -24.205  51.713 0.0000000000
45395  26.851  -24.380  51.344 0.0000000000
45422  26.236  -24.355  48.615 0.0000000000
117523  25.847  -24.317  47.970 0.0000000000
45423  25.441  -24.340  48.599 0.0000000000
45425  23.731  -24.567  48.406 0.0000000000
117957  24.341  -24.406  47.716 0.0000000000
61085  43.240  -10.338  23.595 0.0000000000
59707  53.009  -10.894  35.976 0.0000000000
59693  52.966  -10.843  36.829 0.0000000000
58548  51.927  -11.817  37.856 0.0000000000
58557  52.047  -11.897  37.038 0.0000000000
58549  51.534  -12.374  37.468 0.0000000000
58559  50.970  -12.817  36.499 0.0000000000
57486  50.701  -13.190  37.104 0.0000000000
50766  40.054  -19.494  47.913 0.0000000000
54141  41.808  -16.752  43.700 0.0000000000
129491  42.333  -16.087  43.940 0.0000000000
53075  42.489  -17.699  43.896 0.0000000000
53073  43.441  -17.839  43.883 0.0000000000
51898  43.120  -18.293  43.587 0.0000000000
49733  41.400  -20.423  42.961 0.0000000000
49746  41.371  -20.316  42.497 0.0000000000
50831  41.313  -19.200  41.128 0.0000000000
50820  41.757  -19.630  42.075 0.0000000000
51932  41.978  -18.835  41.586 0.0000000000
51943  41.481  -18.411  40.762 0.0000000000
53132  41.612  -17.527  40.402 0.0000000000
51955  40.467  -18.233  39.620 0.0000000000
51985  38.616  -18.469  37.548 0.0000000000
126304  39.544  -17.946  38.422 0.0000000000
53171  38.953  -17.697  37.510 0.0000000000
54219  38.850  -16.934  36.928 0.0000000000
53200  37.406  -17.422  35.372 0.0000000000
53185  37.427  -18.172  35.858 0.0000000000
49834  36.718  -19.694  35.496 0.0000000000
52017  36.633  -19.010  35.080 0.0000000000
50921  36.348  -19.793  34.852 0.0000000000
119010  35.637  -19.115  33.740 0.0000000000
50922  35.904  -19.878  34.234 0.0000000000
48741  36.992  -21.134  36.786 0.0000000000
48742  36.543  -21.695  36.206 0.0000000000
48774  34.974  -21.680  34.136 0.0000000000
48773  35.464  -21.405  34.434 0.0000000000
49861  35.074  -20.644  33.501 0.0000000000
48805  34.066  -20.981  32.985 0.0000000000
49873  33.900  -20.581  32.334 0.0000000000
48806  33.543  -21.192  32.670 0.0000000000
47764  32.424  -21.988  33.272 0.0000000000
48807  32.804  -21.473  32.509 0.0000000000
48808  31.880  -21.704  32.461 0.0000000000
130883  30.525  -21.834  31.835 0.0000000000
45598  25.562  -24.614  38.131 0.0000000000
46693  23.276  -23.442  36.332 0.0000000000
46709  23.602  -23.355  35.381 0.0000000000
45645  20.749  -24.788  35.537 0.0000000000
136564  20.956  -24.837  34.941 0.0000000000
45657  21.483  -24.452  34.456 0.0000000000
45676  21.952  -24.354  33.729 0.0000000000
68609  58.062  -4.461  21.980 0.0000000000
67553  58.184  -4.676  21.221 0.0000000000
67552  58.682  -5.547  21.099 0.0000000000
134254  58.516  -6.685  20.202 0.0000000000
65496  58.912  -6.398  20.317 0.0000000000
65510  59.183  -6.425  19.662 0.0000000000
65523  58.933  -6.629  19.050 0.0000000000
65513  56.163  -6.269  19.498 0.0000000000
65537  56.986  -6.362  18.047 0.0000000000
43495  18.551  -26.411  40.790 0.0000000000
44445  20.996  -25.148  45.808 0.0000000000
44448  18.909  -25.905  45.282 0.0000000000
43432  18.246  -26.314  44.104 0.0000000000
43433  17.666  -26.653  44.456 0.0000000000
43421  17.172  -26.936  45.631 0.0000000000
42376  15.486  -27.881  43.691 0.0000000000
42375  16.397  -27.311  44.157 0.0000000000
121324  16.157  -27.500  43.315 0.0000000000
139351  36.028  -24.576  50.145 0.0000000000
45409  36.456  -24.708  49.742 0.0000000000
44393  37.671  -24.332  47.711 0.0000000000
45419  37.454  -24.473  48.457 0.0000000000
45418  37.941  -23.956  48.184 0.0000000000
46544  38.487  -23.499  47.825 0.0000000000
45433  38.071  -23.902  47.309 0.0000000000
44453  37.303  -25.026  44.777 0.0000000000
45462  37.627  -24.607  45.163 0.0000000000
45477  37.744  -24.428  44.400 0.0000000000
44484  37.178  -24.954  43.055 0.0000000000
44471  35.298  -26.015  42.880 0.0000000000
135321  34.675  -26.101  42.656 0.0000000000
135847  34.280  -25.927  42.178 0.0000000000
43427  33.490  -26.819  44.381 0.0000000000
125232  31.517  -26.627  42.750 0.0000000000
44509  31.674  -25.697  41.108 0.0000000000
43472  30.945  -26.278  41.847 0.0000000000
138186  29.548  -26.438  41.696 0.0000000000
43490  29.919  -26.086  40.963 0.0000000000
43491  28.933  -26.480  41.046 0.0000000000
44396  30.488  -26.040  48.451 0.0000000000
44426  29.593  -25.635  46.528 0.0000000000
43402  30.236  -25.866  46.871 0.0000000000
44442  29.589  -25.785  45.489 0.0000000000
44458  27.925  -25.028  43.897 0.0000000000
44444  27.898  -24.909  44.851 0.0000000000
44456  29.307  -25.781  44.545 0.0000000000
44473  28.615  -25.594  43.447 0.0000000000
43446  29.177  -26.207  43.145 0.0000000000
44492  26.948  -25.164  41.822 0.0000000000
44512  27.681  -25.810  41.720 0.0000000000
130321  27.165  -25.774  41.202 0.0000000000
44531  27.049  -25.980  40.534 0.0000000000
44532  26.481  -25.529  40.164 0.0000000000
121488  25.281  -24.365  39.922 0.0000000000
46623  24.520  -23.818  40.180 0.0000000000
137800  23.853  -23.604  39.513 0.0000000000
45526  24.228  -23.767  41.861 0.0000000000
45528  22.671  -23.902  41.419 0.0000000000
45554  21.640  -24.346  40.488 0.0000000000
45576  22.112  -24.086  39.225 0.0000000000
132233  20.838  -24.644  38.008 0.0000000000
45601  20.822  -24.784  38.861 0.0000000000
65485  50.346  -6.288  21.026 0.0000000000
130806  48.671  -6.584  19.887 0.0000000000
122740  49.298  -6.350  19.649 0.0000000000
119224  46.922  -7.486  20.788 0.0000000000
64430  46.967  -7.307  17.109 0.0000000000
61095  42.969  -10.197  22.672 0.0000000000
62226  43.442  -9.725  22.152 0.0000000000
61099  42.776  -10.141  21.734 0.0000000000
47507  22.544  -22.590  52.412 0.0000000000
45340  21.139  -23.867  53.715 0.0000000000
44339  19.426  -25.036  53.010 0.0000000000
44353  18.753  -25.475  52.107 0.0000000000
118762  17.612  -26.405  51.950 0.0000000000
43328  17.550  -26.442  51.043 0.0000000000
43341  17.048  -26.973  50.564 0.0000000000
42324  16.046  -28.006  53.524 0.0000000000
42323  16.718  -27.406  54.259 0.0000000000
42327  16.647  -27.502  53.064 0.0000000000
42332  15.889  -27.915  51.480 0.0000000000
41279  15.075  -28.177  49.261 0.0000000000
41286  13.418  -28.930  48.688 0.0000000000
40147  12.823  -29.965  49.977 0.0000000000
70583  59.200  -0.993  21.414 0.0000000000
69672  57.819  -2.487  22.051 0.0000000000
69648  58.283  -2.578  24.202 0.0000000000
69660  58.306  -2.578  23.632 0.0000000000
129560  57.787  -4.051  23.064 0.0000000000
67532  57.994  -5.061  22.607 0.0000000000
68589  57.778  -3.434  23.551 0.0000000000
69618  58.658  -1.949  25.712 0.0000000000
69604  58.213  -1.825  26.469 0.0000000000
68579  56.850  -3.094  24.233 0.0000000000
68578  57.723  -3.024  24.149 0.0000000000
67521  56.814  -4.223  23.073 0.0000000000
67522  55.337  -3.959  22.944 0.0000000000
67535  54.808  -4.635  22.430 0.0000000000
67536  53.619  -5.192  22.781 0.0000000000
66519  53.662  -5.407  21.985 0.0000000000
68568  53.557  -3.839  25.617 0.0000000000
139198  53.012  -5.885  23.017 0.0000000000
66502  52.708  -6.179  23.561 0.0000000000
65457  51.701  -6.377  23.648 0.0000000000
65449  50.825  -6.676  24.212 0.0000000000
65450  50.014  -6.855  23.915 0.0000000000
64372  50.187  -7.059  24.685 0.0000000000
64343  52.281  -7.130  26.745 0.0000000000
119357  51.214  -7.459  26.801 0.0000000000
64346  49.596  -7.938  26.401 0.0000000000
64360  49.655  -7.592  25.724 0.0000000000
116788  49.142  -7.653  25.131 0.0000000000
64374  48.372  -7.799  24.174 0.0000000000
63256  48.377  -8.015  25.033 0.0000000000
63246  47.593  -8.787  26.154 0.0000000000
63257  47.591  -8.458  25.257 0.0000000000
63258  46.932  -8.936  25.519 0.0000000000
138927  46.932  -9.186  26.199 0.0000000000
63162  55.076  -7.661  32.808 0.0000000000
63171  55.127  -7.749  32.195 0.0000000000
62113  52.774  -9.266  31.380 0.0000000000
62123  52.109  -9.154  30.638 0.0000000000
116298  51.233  -9.525  30.740 0.0000000000
134855  50.752  -10.593  32.448 0.0000000000
60983  51.498  -10.259  32.222 0.0000000000
60992  50.143  -10.418  31.808 0.0000000000
62126  49.023  -9.939  30.001 0.0000000000
134055  49.715  -9.696  30.038 0.0000000000
62134  50.242  -9.361  29.731 0.0000000000
62145  48.925  -9.310  28.538 0.0000000000
62146  48.004  -9.735  28.521 0.0000000000
61027  46.345  -10.312  27.911 0.0000000000
62160  46.817  -9.767  27.384 0.0000000000
62173  45.855  -9.815  26.318 0.0000000000
61040  45.362  -10.336  26.797 0.0000000000
59853  44.183  -11.295  26.925 0.0000000000
59854  43.485  -11.713  26.569 0.0000000000
59841  43.762  -12.106  27.364 0.0000000000
58618  45.413  -12.643  29.575 0.0000000000
58619  44.879  -13.139  29.224 0.0000000000
57547  43.977  -14.290  28.029 0.0000000000
58630  44.012  -13.347  28.245 0.0000000000
58641  43.245  -13.704  27.047 0.0000000000
58652  42.734  -13.437  26.407 0.0000000000
56398  49.284  -14.294  38.935 0.0000000000
57458  49.866  -13.935  38.590 0.0000000000
134342  49.673  -14.105  37.383 0.0000000000
54138  45.861  -16.137  42.896 0.0000000000
55201  45.473  -16.043  43.433 0.0000000000
122766  46.226  -15.616  43.010 0.0000000000
55217  46.961  -15.275  42.499 0.0000000000
55229  46.945  -15.786  41.935 0.0000000000
55264  43.133  -15.035  39.778 0.0000000000
55247  43.800  -15.466  40.476 0.0000000000
56366  43.799  -14.769  39.796 0.0000000000
56402  45.650  -14.505  38.834 0.0000000000
129359  45.373  -14.693  39.538 0.0000000000
56383  46.267  -15.015  39.518 0.0000000000
55245  47.371  -15.503  41.075 0.0000000000
56382  47.121  -15.091  39.203 0.0000000000
56381  47.826  -15.165  39.471 0.0000000000
137202  46.930  -14.496  36.654 0.0000000000
56436  47.508  -14.541  36.296 0.0000000000
118443  48.057  -14.519  35.733 0.0000000000
56455  47.314  -14.530  35.374 0.0000000000
134879  47.147  -14.634  34.666 0.0000000000
56456  46.635  -14.606  34.982 0.0000000000
56490  44.834  -14.922  33.413 0.0000000000
55347  45.660  -15.184  33.118 0.0000000000
55356  45.072  -15.214  32.652 0.0000000000
121114  45.228  -15.377  31.922 0.0000000000
56501  44.468  -15.076  32.178 0.0000000000
56493  41.394  -14.456  33.506 0.0000000000
56477  42.902  -14.553  34.016 0.0000000000
56504  41.856  -14.400  32.921 0.0000000000
129786  40.950  -14.410  30.233 0.0000000000
125671  42.094  -14.442  31.295 0.0000000000
56526  41.869  -14.497  30.420 0.0000000000
56525  42.765  -14.706  30.588 0.0000000000
56550  42.717  -15.380  28.806 0.0000000000
56574  39.535  -14.412  27.399 0.0000000000
56555  36.703  -14.522  28.502 0.0000000000
56556  35.878  -14.668  28.387 0.0000000000
136903  34.673  -15.035  26.569 0.0000000000
56591  35.286  -14.760  26.613 0.0000000000
55426  34.996  -15.136  25.871 0.0000000000
53216  36.454  -17.414  34.129 0.0000000000
140400  36.429  -16.886  33.741 0.0000000000
53221  35.982  -17.288  33.469 0.0000000000
125692  34.163  -17.590  31.386 0.0000000000
53244  34.126  -16.728  30.695 0.0000000000
54287  33.660  -16.594  29.909 0.0000000000
50973  32.179  -19.173  29.525 0.0000000000
52065  33.074  -18.451  30.378 0.0000000000
53271  31.828  -18.027  27.079 0.0000000000
53262  32.404  -17.617  28.492 0.0000000000
53270  32.223  -17.364  27.634 0.0000000000
44524  36.252  -25.078  41.087 0.0000000000
45545  36.681  -24.700  40.542 0.0000000000
124139  35.928  -24.903  40.276 0.0000000000
45594  34.110  -24.269  38.673 0.0000000000
45593  35.150  -24.313  38.719 0.0000000000
137190  33.213  -23.623  37.070 0.0000000000
45609  31.563  -24.342  37.855 0.0000000000
128014  31.220  -23.437  35.739 0.0000000000
46689  31.474  -23.745  36.521 0.0000000000
116700  31.867  -23.381  35.957 0.0000000000
46703  31.786  -23.099  35.327 0.0000000000
47748  31.013  -22.708  34.148 0.0000000000
47768  29.361  -22.762  33.056 0.0000000000
47776  30.191  -22.486  32.968 0.0000000000
47777  29.589  -22.374  32.357 0.0000000000
48824  29.776  -21.942  31.623 0.0000000000
47788  29.088  -22.275  31.891 0.0000000000
45613  26.353  -25.043  37.057 0.0000000000
45626  26.412  -24.809  36.251 0.0000000000
45642  26.609  -24.571  35.357 0.0000000000
45654  26.592  -24.226  34.444 0.0000000000
45653  27.246  -24.495  34.731 0.0000000000
46761  24.390  -23.451  32.499 0.0000000000
125636  24.781  -23.654  31.569 0.0000000000
46772  26.222  -23.498  31.275 0.0000000000
46759  26.300  -23.797  32.156 0.0000000000
125419  26.984  -23.751  32.343 0.0000000000
47803  26.717  -22.739  30.037 0.0000000000
47802  27.369  -22.447  30.446 0.0000000000
48841  27.899  -21.911  30.005 0.0000000000
72493  56.838  0.272  16.352 0.0000000000
67566  56.925  -4.153  19.574 0.0000000000
67594  58.313  -4.438  17.772 0.0000000000
67603  58.520  -4.330  16.921 0.0000000000
66565  50.837  -5.781  19.137 0.0000000000
66564  51.605  -5.667  19.460 0.0000000000
46484  24.265  -23.699  53.019 0.0000000000
45337  23.884  -23.902  53.059 0.0000000000
46485  23.592  -23.804  53.229 0.0000000000
46486  22.816  -23.818  53.459 0.0000000000
46584  38.579  -23.385  44.768 0.0000000000
47599  38.825  -22.959  45.100 0.0000000000
47613  38.958  -22.980  44.073 0.0000000000
47630  39.215  -22.726  43.258 0.0000000000
47629  39.770  -22.119  42.954 0.0000000000
47642  39.360  -22.643  42.629 0.0000000000
47658  38.664  -23.058  41.561 0.0000000000
47670  38.325  -22.823  40.735 0.0000000000
47680  37.814  -23.009  39.896 0.0000000000
46634  37.790  -23.452  40.508 0.0000000000
46635  37.425  -23.733  39.748 0.0000000000
45591  36.845  -24.164  39.203 0.0000000000
66547  53.720  -5.487  20.602 0.0000000000
44460  20.232  -25.357  44.517 0.0000000000
41289  14.974  -28.081  46.932 0.0000000000
124292  33.816  -25.696  50.816 0.0000000000
43334  34.195  -26.282  50.336 0.0000000000
117123  33.024  -26.999  47.934 0.0000000000
43384  31.656  -26.676  47.856 0.0000000000
45451  24.585  -24.297  46.294 0.0000000000
45466  24.067  -24.347  45.534 0.0000000000
133537  23.008  -24.473  44.526 0.0000000000
45483  22.413  -24.606  44.147 0.0000000000
63285  45.887  -8.858  23.268 0.0000000000
62229  43.897  -9.279  21.475 0.0000000000
65374  55.337  -6.329  29.246 0.0000000000
64314  54.796  -6.757  28.841 0.0000000000
64294  55.169  -7.025  29.744 0.0000000000
64276  54.412  -7.742  30.179 0.0000000000
58574  50.434  -12.663  34.900 0.0000000000
58583  50.168  -12.382  34.232 0.0000000000
58575  49.757  -12.936  34.520 0.0000000000
57521  48.143  -13.540  32.912 0.0000000000
56488  47.806  -14.259  33.282 0.0000000000
124117  47.318  -14.793  32.803 0.0000000000
54217  39.996  -15.906  37.781 0.0000000000
55280  40.649  -15.468  38.222 0.0000000000
55294  39.689  -15.552  37.040 0.0000000000
55309  40.060  -15.007  36.646 0.0000000000
56444  39.844  -14.922  35.840 0.0000000000
56480  39.771  -14.779  34.959 0.0000000000
55339  39.071  -15.047  34.696 0.0000000000
56496  38.688  -15.086  34.096 0.0000000000
55357  37.423  -15.317  32.403 0.0000000000
55349  37.590  -15.434  33.183 0.0000000000
55350  36.906  -15.771  32.833 0.0000000000
54269  36.198  -16.116  32.407 0.0000000000
124057  29.471  -26.022  39.220 0.0000000000
44560  29.107  -25.947  38.442 0.0000000000
44571  28.122  -25.755  37.488 0.0000000000
70610  58.067  -0.796  18.357 0.0000000000
116372  22.247  -24.850  48.933 0.0000000000
132001  18.943  -25.458  50.135 0.0000000000
45346  29.944  -23.929  51.747 0.0000000000
44350  29.980  -24.686  51.424 0.0000000000
45396  26.060  -24.388  51.458 0.0000000000
127107  39.553  -18.912  46.533 0.0000000000
51881  39.869  -18.017  46.789 0.0000000000
53048  39.739  -17.092  46.345 0.0000000000
56320  39.869  -14.523  43.979 0.0000000000
55202  40.910  -14.833  43.526 0.0000000000
54143  39.844  -16.050  43.681 0.0000000000
54142  40.764  -16.457  43.436 0.0000000000
51911  41.894  -18.471  43.645 0.0000000000
140323  40.008  -20.778  40.803 0.0000000000
49758  40.395  -20.351  40.937 0.0000000000
135446  40.099  -19.791  40.300 0.0000000000
50845  40.251  -19.112  39.948 0.0000000000
51956  39.818  -18.805  39.245 0.0000000000
51971  38.881  -18.912  38.172 0.0000000000
51999  38.018  -18.708  36.989 0.0000000000
50888  37.516  -18.862  36.341 0.0000000000
50910  37.107  -19.621  36.147 0.0000000000
134903  36.800  -20.230  35.888 0.0000000000
47719  36.304  -22.510  36.440 0.0000000000
47729  36.028  -22.131  35.713 0.0000000000
48775  34.289  -21.880  33.961 0.0000000000
116664  33.871  -21.516  33.326 0.0000000000
47745  33.349  -22.091  33.827 0.0000000000
46674  24.165  -23.664  38.057 0.0000000000
66514  58.184  -5.807  22.072 0.0000000000
67545  58.520  -5.766  21.619 0.0000000000
65481  58.358  -6.219  21.503 0.0000000000
134560  58.473  -6.485  20.864 0.0000000000
116571  54.929  -5.858  18.342 0.0000000000
44430  20.229  -25.316  46.844 0.0000000000
132167  14.789  -28.338  43.711 0.0000000000
44395  36.551  -25.551  48.428 0.0000000000
44375  36.783  -24.946  48.821 0.0000000000
44409  37.264  -24.860  47.282 0.0000000000
44423  37.694  -24.367  46.897 0.0000000000
44424  37.302  -24.885  46.468 0.0000000000
44441  36.833  -25.526  45.263 0.0000000000
44454  36.798  -25.518  44.391 0.0000000000
44469  36.732  -25.437  43.532 0.0000000000
44455  36.160  -25.975  44.013 0.0000000000
43440  35.385  -26.243  43.658 0.0000000000
43441  34.604  -26.343  43.274 0.0000000000
43428  32.532  -26.928  44.579 0.0000000000
118155  31.784  -26.860  43.837 0.0000000000
43458  30.429  -26.676  42.691 0.0000000000
43459  29.507  -26.515  42.506 0.0000000000
139595  30.144  -25.846  47.995 0.0000000000
120371  29.096  -25.401  47.930 0.0000000000
45493  27.077  -24.721  43.429 0.0000000000
45550  25.852  -24.764  40.491 0.0000000000
46612  24.372  -23.656  41.028 0.0000000000
118446  22.285  -24.261  42.091 0.0000000000
45529  21.769  -24.330  41.356 0.0000000000
45578  20.670  -24.939  39.665 0.0000000000
44548  20.165  -25.285  39.056 0.0000000000
65472  49.673  -6.652  22.288 0.0000000000
65486  49.605  -6.554  21.510 0.0000000000
65487  48.978  -6.668  21.088 0.0000000000
65501  48.444  -6.771  20.503 0.0000000000
64420  45.704  -7.825  19.196 0.0000000000
64424  45.617  -8.117  18.320 0.0000000000
41256  15.350  -28.345  52.893 0.0000000000
41263  15.291  -28.290  51.935 0.0000000000
41280  14.504  -28.472  49.818 0.0000000000
70561  58.832  -1.710  23.222 0.0000000000
70560  59.260  -1.505  23.883 0.0000000000
69647  58.826  -1.996  24.479 0.0000000000
69620  57.728  -2.284  25.794 0.0000000000
134854  53.786  -3.934  24.099 0.0000000000
67506  53.612  -4.624  25.866 0.0000000000
126886  53.641  -5.555  25.160 0.0000000000
65456  52.477  -6.370  24.230 0.0000000000
65447  52.422  -6.498  24.867 0.0000000000
64333  50.534  -7.962  27.187 0.0000000000
137914  50.025  -7.932  26.752 0.0000000000
63244  49.052  -8.296  26.593 0.0000000000
63232  48.778  -8.654  27.132 0.0000000000
62096  54.436  -9.168  33.342 0.0000000000
63173  54.539  -8.673  32.428 0.0000000000
62104  53.899  -9.483  32.810 0.0000000000
120559  53.046  -9.712  32.281 0.0000000000
62105  52.142  -9.827  31.862 0.0000000000
59778  48.847  -10.968  31.733 0.0000000000
60999  49.402  -10.449  31.366 0.0000000000
61000  48.567  -10.532  30.818 0.0000000000
61008  48.276  -10.268  29.900 0.0000000000
62137  47.975  -10.133  29.277 0.0000000000
61017  47.356  -10.314  28.996 0.0000000000
61028  45.613  -10.620  27.599 0.0000000000
59827  45.893  -10.941  28.401 0.0000000000
59839  45.179  -11.298  28.049 0.0000000000
59828  44.716  -12.051  28.448 0.0000000000
57536  45.186  -13.832  29.619 0.0000000000
57537  44.671  -13.977  29.022 0.0000000000
56571  43.323  -15.598  27.246 0.0000000000
56379  49.091  -14.236  39.618 0.0000000000
120045  48.730  -14.626  39.343 0.0000000000
54126  44.033  -16.701  44.315 0.0000000000
55186  44.512  -16.051  44.392 0.0000000000
54140  44.750  -16.990  43.479 0.0000000000
136842  45.110  -16.987  42.992 0.0000000000
54167  45.511  -16.511  42.509 0.0000000000
56404  42.987  -14.453  38.380 0.0000000000
141254  44.097  -14.406  39.366 0.0000000000
56403  43.942  -14.266  38.518 0.0000000000
56420  44.967  -14.310  38.077 0.0000000000
56419  46.054  -14.508  37.980 0.0000000000
117888  45.622  -14.397  37.195 0.0000000000
56437  46.171  -14.423  36.456 0.0000000000
116729  45.842  -14.527  35.489 0.0000000000
116322  46.029  -14.789  34.481 0.0000000000
56457  45.182  -14.645  34.795 0.0000000000
56475  44.555  -14.695  34.223 0.0000000000
56491  43.822  -14.675  33.560 0.0000000000
56512  40.471  -14.447  32.044 0.0000000000
56511  41.468  -14.416  32.097 0.0000000000
56527  40.187  -14.429  31.372 0.0000000000
56541  40.816  -14.460  29.353 0.0000000000
56553  39.630  -14.366  28.367 0.0000000000
56575  38.630  -14.321  27.152 0.0000000000
119175  37.204  -14.388  27.771 0.0000000000
55399  35.407  -15.029  29.038 0.0000000000
56557  35.079  -14.899  28.174 0.0000000000
56577  34.819  -14.898  27.287 0.0000000000
52042  35.528  -18.153  33.363 0.0000000000
53222  35.441  -17.491  32.910 0.0000000000
52050  35.049  -18.172  32.753 0.0000000000
51001  31.273  -19.343  27.861 0.0000000000
52081  31.724  -18.939  28.289 0.0000000000
52089  31.604  -18.825  27.478 0.0000000000
139140  34.599  -25.285  40.643 0.0000000000
45546  35.001  -24.933  40.111 0.0000000000
45570  33.714  -24.534  39.309 0.0000000000
45624  30.709  -24.198  36.797 0.0000000000
135897  30.595  -23.530  35.497 0.0000000000
134295  30.318  -23.025  34.351 0.0000000000
46691  24.880  -23.699  35.693 0.0000000000
45627  25.720  -24.232  35.760 0.0000000000
46707  25.248  -23.748  35.129 0.0000000000
45708  24.285  -24.339  30.260 0.0000000000
67563  59.766  -5.594  19.159 0.0000000000
121903  59.412  -5.170  19.110 0.0000000000
66586  49.992  -5.916  18.015 0.0000000000
66585  50.739  -5.711  18.319 0.0000000000
66598  49.759  -5.929  17.120 0.0000000000
116943  23.676  -24.614  51.196 0.0000000000
45353  23.508  -24.183  52.863 0.0000000000
45378  20.976  -24.589  52.608 0.0000000000
45350  26.606  -23.936  52.074 0.0000000000
46497  25.843  -23.542  52.527 0.0000000000
48533  39.555  -22.046  48.294 0.0000000000
125642  39.767  -21.364  48.069 0.0000000000
49673  39.866  -20.410  47.745 0.0000000000
129343  39.332  -20.467  46.720 0.0000000000
139471  38.977  -21.984  45.925 0.0000000000
118541  38.893  -21.318  46.066 0.0000000000
50774  39.092  -19.724  46.107 0.0000000000
127446  39.193  -19.063  45.489 0.0000000000
130273  39.219  -19.176  44.430 0.0000000000
51900  39.473  -18.469  44.077 0.0000000000
51913  39.850  -19.240  43.734 0.0000000000
50799  40.062  -20.324  43.556 0.0000000000
125626  40.828  -20.677  43.158 0.0000000000
49734  40.894  -20.920  42.683 0.0000000000
47656  39.879  -22.041  42.359 0.0000000000
48640  40.380  -21.394  42.120 0.0000000000
48659  40.199  -21.072  41.310 0.0000000000
48660  39.630  -21.187  40.730 0.0000000000
48676  39.115  -21.028  40.043 0.0000000000
49783  37.960  -20.963  38.462 0.0000000000
49797  37.620  -20.784  37.680 0.0000000000
138815  37.585  -21.266  37.997 0.0000000000
47695  37.310  -22.801  38.514 0.0000000000
47707  36.561  -22.859  37.194 0.0000000000
46685  36.023  -23.183  36.735 0.0000000000
135395  35.381  -23.253  36.487 0.0000000000
46686  34.805  -23.418  36.640 0.0000000000
45616  21.466  -24.248  37.645 0.0000000000
45629  21.322  -24.234  36.789 0.0000000000
45630  20.657  -24.693  36.302 0.0000000000
44595  19.908  -25.865  35.658 0.0000000000
43544  20.276  -26.341  35.260 0.0000000000
66531  56.186  -5.585  21.542 0.0000000000
66544  56.665  -6.054  21.168 0.0000000000
66545  55.785  -5.740  20.852 0.0000000000
66560  55.444  -5.899  20.045 0.0000000000
66580  55.102  -5.965  19.192 0.0000000000
116827  54.153  -5.604  18.007 0.0000000000
44514  20.384  -25.110  41.872 0.0000000000
44515  19.895  -25.470  41.185 0.0000000000
129764  19.715  -25.539  42.089 0.0000000000
44496  19.018  -25.935  42.342 0.0000000000
44495  19.548  -25.612  42.910 0.0000000000
43461  18.337  -26.348  42.620 0.0000000000
43462  17.671  -26.711  42.966 0.0000000000
44415  18.819  -25.737  47.445 0.0000000000
43387  18.414  -26.075  46.705 0.0000000000
42362  16.418  -27.351  46.093 0.0000000000
41296  14.271  -28.389  46.467 0.0000000000
132404  13.729  -28.735  46.090 0.0000000000
44378  34.866  -26.087  50.228 0.0000000000
43348  35.720  -26.160  49.252 0.0000000000
43380  35.586  -26.485  47.383 0.0000000000
43396  35.619  -26.478  46.372 0.0000000000
43413  34.777  -26.831  45.907 0.0000000000
43414  33.815  -27.034  45.951 0.0000000000
116952  32.938  -27.063  47.001 0.0000000000
116951  32.981  -27.076  46.132 0.0000000000
43415  32.315  -26.967  45.503 0.0000000000
43430  30.452  -26.544  44.720 0.0000000000
118039  27.198  -24.553  47.275 0.0000000000
134739  25.676  -24.272  45.596 0.0000000000
123762  26.251  -24.364  45.107 0.0000000000
45510  22.629  -24.266  42.712 0.0000000000
124573  21.574  -24.541  42.049 0.0000000000
117339  47.925  -7.628  22.810 0.0000000000
64399  47.400  -7.717  22.203 0.0000000000
116762  46.829  -7.777  21.611 0.0000000000
64409  46.078  -7.927  20.938 0.0000000000
64416  45.637  -7.919  20.054 0.0000000000
63314  45.084  -8.277  19.583 0.0000000000
131456  14.360  -28.701  54.138 0.0000000000
41265  13.915  -28.899  52.687 0.0000000000
40131  13.328  -29.271  51.235 0.0000000000
39043  12.009  -30.266  51.959 0.0000000000
64331  52.717  -7.336  27.552 0.0000000000
64315  54.044  -7.172  28.467 0.0000000000
64316  53.034  -7.510  28.283 0.0000000000
64317  52.067  -7.831  28.148 0.0000000000
134555  51.428  -8.357  28.608 0.0000000000
120189  52.740  -10.798  34.173 0.0000000000
60973  52.567  -10.586  33.474 0.0000000000
59743  52.054  -11.129  33.963 0.0000000000
60975  50.603  -11.085  33.128 0.0000000000
59762  49.960  -10.972  32.590 0.0000000000
121576  49.654  -11.620  33.065 0.0000000000
59763  49.223  -11.338  32.407 0.0000000000
117154  46.502  -11.580  29.910 0.0000000000
58607  46.761  -12.092  30.671 0.0000000000
58608  46.418  -13.144  30.807 0.0000000000
57525  47.267  -13.848  31.868 0.0000000000
57529  46.222  -14.328  30.754 0.0000000000
57530  45.560  -14.741  30.153 0.0000000000
56340  47.262  -14.491  42.393 0.0000000000
54181  42.670  -16.637  40.637 0.0000000000
54180  43.437  -16.389  40.950 0.0000000000
54193  42.169  -16.090  40.023 0.0000000000
55265  42.418  -15.356  39.613 0.0000000000
56386  42.678  -14.762  39.078 0.0000000000
137577  41.674  -14.576  37.931 0.0000000000
56405  42.196  -14.645  38.419 0.0000000000
56423  42.372  -14.469  37.559 0.0000000000
137934  42.851  -14.444  36.850 0.0000000000
56441  42.875  -14.481  36.178 0.0000000000
56460  42.748  -14.539  34.821 0.0000000000
116923  42.437  -14.502  35.630 0.0000000000
56478  41.477  -14.498  34.176 0.0000000000
116920  40.749  -14.519  33.858 0.0000000000
132936  40.118  -14.617  34.259 0.0000000000
56494  39.992  -14.575  33.569 0.0000000000
56513  39.583  -14.524  31.882 0.0000000000
56529  38.613  -14.552  30.757 0.0000000000
56530  37.428  -14.637  29.941 0.0000000000
126651  36.712  -14.811  29.858 0.0000000000
55376  36.024  -15.183  30.145 0.0000000000
138067  35.671  -15.133  29.589 0.0000000000
54296  34.035  -15.928  29.400 0.0000000000
50945  33.940  -19.925  31.965 0.0000000000
50952  33.633  -19.333  31.446 0.0000000000
50953  32.970  -19.752  31.093 0.0000000000
50974  31.638  -19.591  29.322 0.0000000000
50987  31.411  -19.449  28.639 0.0000000000
45572  31.701  -25.004  39.688 0.0000000000
45571  32.390  -24.691  39.376 0.0000000000
45596  30.931  -24.720  38.299 0.0000000000
136937  30.279  -24.906  37.866 0.0000000000
45611  29.512  -25.329  37.813 0.0000000000
127651  29.922  -24.712  37.140 0.0000000000
45640  29.152  -24.425  35.808 0.0000000000
46706  28.667  -24.317  35.165 0.0000000000
46763  22.912  -23.716  33.012 0.0000000000
46762  23.634  -23.522  32.763 0.0000000000
45685  23.238  -23.904  32.282 0.0000000000
45695  23.545  -24.160  31.521 0.0000000000
118848  23.765  -24.433  30.837 0.0000000000
71548  57.255  -0.202  17.008 0.0000000000
70631  56.249  -1.687  16.762 0.0000000000
122468  55.971  -2.481  16.618 0.0000000000
68668  56.426  -3.314  16.620 0.0000000000
45453  22.519  -24.684  46.511 0.0000000000
44429  20.983  -25.141  46.735 0.0000000000
119818  19.619  -25.451  47.311 0.0000000000
44348  31.811  -24.995  51.422 0.0000000000
43337  32.058  -25.532  50.948 0.0000000000
43338  31.644  -25.797  50.573 0.0000000000
43353  31.191  -26.027  50.068 0.0000000000
44379  30.299  -25.821  49.451 0.0000000000
126130  29.374  -25.429  49.406 0.0000000000
44398  28.840  -25.251  48.649 0.0000000000
45371  27.784  -24.194  51.546 0.0000000000
136403  27.768  -24.684  50.371 0.0000000000
118447  27.122  -24.513  50.395 0.0000000000
45411  27.447  -24.619  49.558 0.0000000000
45436  26.597  -24.395  47.761 0.0000000000
62198  44.029  -10.033  23.967 0.0000000000
61096  42.262  -10.641  22.191 0.0000000000
131697  54.860  -7.874  33.539 0.0000000000
63163  54.602  -8.784  33.806 0.0000000000
60963  53.844  -10.144  34.403 0.0000000000
60937  53.785  -9.715  35.650 0.0000000000
60964  53.218  -10.682  34.663 0.0000000000
133559  53.021  -10.982  35.278 0.0000000000
59708  52.520  -11.406  35.697 0.0000000000
59709  51.911  -11.856  35.394 0.0000000000
59679  52.458  -11.328  37.357 0.0000000000
58565  52.011  -11.886  36.221 0.0000000000
58566  51.412  -12.360  35.941 0.0000000000
58567  50.702  -12.829  35.708 0.0000000000
57497  49.604  -13.858  35.942 0.0000000000
122342  43.445  -16.509  44.519 0.0000000000
54127  43.557  -17.224  44.184 0.0000000000
53088  43.590  -17.846  43.671 0.0000000000
53117  43.531  -17.719  42.221 0.0000000000
51912  40.808  -18.898  43.500 0.0000000000
119553  41.776  -19.246  43.353 0.0000000000
51910  42.552  -18.827  43.385 0.0000000000
50808  41.958  -19.768  42.864 0.0000000000
50796  42.536  -19.170  43.076 0.0000000000
51922  42.963  -18.833  42.938 0.0000000000
139910  42.777  -18.290  41.919 0.0000000000
53131  42.367  -17.440  40.953 0.0000000000
54194  41.471  -16.586  39.722 0.0000000000
54195  40.826  -16.763  39.226 0.0000000000
51969  39.900  -18.049  38.931 0.0000000000
53158  39.864  -17.381  38.513 0.0000000000
54208  39.711  -16.801  37.963 0.0000000000
54218  39.432  -16.345  37.317 0.0000000000
54243  37.961  -16.633  35.545 0.0000000000
54258  37.411  -16.616  34.803 0.0000000000
53215  36.919  -17.410  34.749 0.0000000000
52033  36.525  -18.240  34.643 0.0000000000
134744  35.218  -19.475  33.223 0.0000000000
50944  34.423  -19.968  32.442 0.0000000000
141261  37.306  -20.976  37.262 0.0000000000
49815  36.731  -20.914  35.986 0.0000000000
49835  36.444  -20.521  35.285 0.0000000000
48760  35.732  -21.726  35.054 0.0000000000
48772  35.980  -21.052  34.807 0.0000000000
50936  34.970  -20.028  33.004 0.0000000000
49887  31.908  -20.755  31.153 0.0000000000
48822  32.361  -21.175  31.806 0.0000000000
49888  31.132  -20.994  30.838 0.0000000000
44563  26.851  -25.842  38.463 0.0000000000
44574  26.274  -25.211  37.867 0.0000000000
45615  24.906  -24.058  37.323 0.0000000000
45628  25.123  -23.971  36.364 0.0000000000
46724  23.645  -23.333  34.471 0.0000000000
46695  21.751  -23.899  36.420 0.0000000000
46694  22.387  -23.618  36.396 0.0000000000
46726  21.926  -23.746  34.916 0.0000000000
46749  22.554  -23.733  33.718 0.0000000000
120454  57.372  -2.932  21.367 0.0000000000
69681  57.117  -2.931  20.569 0.0000000000
67554  57.472  -4.309  20.354 0.0000000000
67564  59.181  -5.554  19.807 0.0000000000
136250  59.044  -5.790  20.480 0.0000000000
65509  59.781  -5.916  19.185 0.0000000000
65512  57.525  -6.723  19.766 0.0000000000
129458  18.306  -26.662  39.962 0.0000000000
44461  19.556  -25.618  44.900 0.0000000000
129495  18.724  -26.042  43.722 0.0000000000
132283  17.811  -26.551  45.524 0.0000000000
43434  17.070  -26.974  44.768 0.0000000000
43449  16.930  -27.054  43.354 0.0000000000
42385  16.390  -27.420  42.620 0.0000000000
45408  37.089  -24.441  49.141 0.0000000000
48517  38.983  -21.800  49.512 0.0000000000
47547  39.293  -22.329  48.822 0.0000000000
47576  38.875  -23.006  47.224 0.0000000000
46563  38.714  -23.191  46.408 0.0000000000
45446  38.095  -23.951  46.536 0.0000000000
122623  38.115  -23.964  45.826 0.0000000000
46575  38.316  -23.718  45.342 0.0000000000
46585  38.211  -23.844  44.564 0.0000000000
45476  38.108  -23.930  43.786 0.0000000000
45505  37.543  -24.450  42.627 0.0000000000
135781  37.427  -24.424  41.862 0.0000000000
44503  37.042  -24.870  42.225 0.0000000000
44504  36.489  -25.218  41.882 0.0000000000
44486  35.915  -25.604  42.400 0.0000000000
44505  35.687  -25.472  41.618 0.0000000000
44506  34.711  -25.635  41.402 0.0000000000
44526  33.891  -25.438  40.860 0.0000000000
128655  33.126  -25.579  41.148 0.0000000000
119530  34.905  -26.691  45.013 0.0000000000
119966  34.539  -26.610  44.192 0.0000000000
43443  32.835  -26.792  43.709 0.0000000000
43457  33.152  -26.521  42.945 0.0000000000
44488  33.460  -26.111  42.290 0.0000000000
136118  33.068  -25.897  41.787 0.0000000000
44527  32.454  -25.413  40.750 0.0000000000
138703  31.920  -25.279  40.383 0.0000000000
44528  31.290  -25.450  40.363 0.0000000000
44529  30.481  -25.688  40.302 0.0000000000
136411  30.260  -26.242  41.512 0.0000000000
44530  29.560  -26.116  40.159 0.0000000000
44543  28.928  -26.379  39.683 0.0000000000
43509  28.217  -26.556  39.809 0.0000000000
43385  31.083  -26.403  48.165 0.0000000000
119492  31.144  -26.490  47.335 0.0000000000
43401  30.733  -26.290  46.717 0.0000000000
43417  30.819  -26.467  45.924 0.0000000000
130726  30.321  -26.316  45.331 0.0000000000
45448  27.481  -24.629  46.653 0.0000000000
44443  28.702  -25.328  45.193 0.0000000000
43445  29.641  -26.216  43.909 0.0000000000
43460  28.869  -26.267  42.438 0.0000000000
133393  28.060  -25.665  42.322 0.0000000000
44511  28.343  -26.117  41.958 0.0000000000
128379  28.255  -26.405  41.353 0.0000000000
43493  27.520  -26.417  40.028 0.0000000000
44546  26.613  -25.716  39.355 0.0000000000
45574  25.437  -24.489  39.049 0.0000000000
46653  24.241  -23.687  38.806 0.0000000000
46654  23.573  -23.609  38.637 0.0000000000
46655  22.820  -23.727  38.366 0.0000000000
45552  22.945  -23.670  40.674 0.0000000000
46625  23.161  -23.674  39.971 0.0000000000
45599  22.310  -23.948  38.693 0.0000000000
137370  20.262  -24.987  37.511 0.0000000000
44576  19.607  -25.544  37.427 0.0000000000
66536  51.181  -6.033  20.896 0.0000000000
66550  50.819  -5.957  20.096 0.0000000000
65514  50.082  -6.062  19.448 0.0000000000
65502  47.701  -7.119  20.620 0.0000000000
65517  47.869  -6.819  19.690 0.0000000000
64419  46.446  -7.439  19.338 0.0000000000
64418  47.009  -7.119  19.015 0.0000000000
65528  47.678  -6.724  18.590 0.0000000000
65540  47.575  -6.763  17.554 0.0000000000
131301  43.328  -9.579  20.779 0.0000000000
47506  23.262  -22.779  52.899 0.0000000000
46487  22.047  -23.885  53.689 0.0000000000
118453  20.232  -23.951  53.833 0.0000000000
45379  20.113  -24.730  52.791 0.0000000000
137459  18.052  -26.040  50.707 0.0000000000
43327  18.120  -25.950  51.491 0.0000000000
43356  17.101  -26.878  49.711 0.0000000000
43322  17.199  -26.997  52.511 0.0000000000
42335  16.454  -27.452  51.002 0.0000000000
137437  14.827  -28.192  48.548 0.0000000000
41285  14.131  -28.411  48.165 0.0000000000
71508  58.882  -0.957  20.522 0.0000000000
69673  57.674  -3.509  22.139 0.0000000000
69661  58.026  -3.366  23.103 0.0000000000
66515  57.705  -5.684  22.217 0.0000000000
70545  59.217  -1.304  25.818 0.0000000000
69633  58.390  -2.372  24.842 0.0000000000
136041  57.985  -2.501  25.118 0.0000000000
67533  57.344  -4.989  22.652 0.0000000000
66516  56.767  -5.434  22.174 0.0000000000
69622  54.305  -2.731  26.380 0.0000000000
67513  53.567  -4.509  24.750 0.0000000000
126145  53.545  -4.867  23.734 0.0000000000
66521  51.983  -5.942  22.064 0.0000000000
65471  50.455  -6.454  22.504 0.0000000000
65459  49.857  -6.755  23.089 0.0000000000
65460  49.131  -7.032  22.819 0.0000000000
65423  52.306  -6.742  26.036 0.0000000000
64358  50.939  -7.073  25.685 0.0000000000
64359  50.284  -7.235  25.428 0.0000000000
123146  49.438  -7.322  24.436 0.0000000000
118206  48.908  -7.496  24.031 0.0000000000
64387  48.568  -7.474  23.379 0.0000000000
125081  47.831  -7.921  23.605 0.0000000000
63284  47.257  -8.324  23.830 0.0000000000
117242  48.165  -8.360  25.756 0.0000000000
62195  46.241  -9.166  25.052 0.0000000000
62196  45.517  -9.443  24.671 0.0000000000
64258  55.700  -7.129  31.654 0.0000000000
133113  55.057  -7.677  31.261 0.0000000000
63187  54.513  -8.067  31.041 0.0000000000
138649  54.306  -8.523  31.684 0.0000000000
63180  53.670  -8.688  31.199 0.0000000000
63188  53.762  -8.295  30.563 0.0000000000
116329  52.357  -8.643  29.988 0.0000000000
63201  50.921  -8.900  29.365 0.0000000000
62114  51.375  -9.902  31.508 0.0000000000
62116  49.984  -10.083  31.133 0.0000000000
62115  50.651  -9.977  31.248 0.0000000000
62124  50.841  -9.319  30.069 0.0000000000
63202  50.173  -9.054  29.114 0.0000000000
63218  49.736  -8.957  28.546 0.0000000000
62158  48.438  -9.176  27.761 0.0000000000
62171  47.248  -9.287  26.826 0.0000000000
62183  45.670  -9.605  25.517 0.0000000000
62184  44.950  -9.871  25.173 0.0000000000
61054  44.418  -10.388  25.659 0.0000000000
61042  43.914  -10.979  26.132 0.0000000000
136747  45.913  -11.875  29.564 0.0000000000
58629  44.421  -13.010  28.721 0.0000000000
58639  44.073  -12.505  28.089 0.0000000000
58651  43.199  -12.657  26.929 0.0000000000
57457  50.730  -13.104  38.387 0.0000000000
57473  50.165  -13.721  37.195 0.0000000000
57488  49.644  -14.022  36.664 0.0000000000
56434  48.924  -14.299  36.079 0.0000000000
123784  47.631  -15.088  42.014 0.0000000000
55232  44.273  -16.258  41.345 0.0000000000
55231  45.184  -16.204  41.699 0.0000000000
56365  44.689  -14.907  40.048 0.0000000000
119064  45.640  -15.566  40.955 0.0000000000
121609  46.601  -15.715  41.346 0.0000000000
135591  47.518  -15.459  41.576 0.0000000000
55243  48.119  -15.114  41.142 0.0000000000
55261  48.247  -15.054  40.605 0.0000000000
128587  48.281  -14.963  39.822 0.0000000000
56399  48.289  -14.888  38.839 0.0000000000
128141  46.882  -14.716  37.933 0.0000000000
139255  48.008  -14.874  38.149 0.0000000000
56418  48.513  -14.668  37.865 0.0000000000
56454  48.464  -14.320  35.104 0.0000000000
56472  47.337  -14.717  34.101 0.0000000000
56489  47.003  -15.093  33.334 0.0000000000
55338  46.252  -15.072  33.630 0.0000000000
55346  46.429  -15.270  32.774 0.0000000000
55354  46.500  -15.285  31.954 0.0000000000
133774  45.761  -15.387  31.267 0.0000000000
55374  45.052  -15.427  30.492 0.0000000000
56502  43.616  -14.698  32.594 0.0000000000
56503  42.632  -14.479  32.138 0.0000000000
55364  43.728  -14.861  31.572 0.0000000000
128962  43.457  -14.904  30.814 0.0000000000
56524  43.639  -15.296  29.943 0.0000000000
55387  44.031  -15.534  29.209 0.0000000000
55388  43.437  -15.529  29.016 0.0000000000
55398  42.925  -15.860  27.923 0.0000000000
56572  41.382  -14.999  27.804 0.0000000000
117129  36.893  -14.411  26.902 0.0000000000
119770  36.066  -14.541  26.758 0.0000000000
54264  36.459  -16.439  33.271 0.0000000000
120347  35.449  -16.435  31.963 0.0000000000
54286  34.790  -16.146  30.708 0.0000000000
139022  34.268  -16.152  30.144 0.0000000000
50960  33.190  -19.074  30.840 0.0000000000
53246  32.975  -17.876  29.899 0.0000000000
52073  32.223  -18.529  28.869 0.0000000000
53254  32.688  -17.809  29.259 0.0000000000
53253  33.110  -17.161  29.603 0.0000000000
134136  37.101  -24.441  40.804 0.0000000000
45592  36.127  -24.420  38.823 0.0000000000
45568  35.559  -24.658  39.473 0.0000000000
46649  35.750  -24.043  38.032 0.0000000000
130660  34.056  -23.372  36.461 0.0000000000
46652  32.837  -24.032  37.815 0.0000000000
45623  31.354  -24.143  37.194 0.0000000000
46673  32.149  -23.914  37.302 0.0000000000
46688  33.246  -23.281  36.120 0.0000000000
46701  33.373  -22.864  35.262 0.0000000000
47733  32.484  -22.782  34.953 0.0000000000
47765  31.686  -22.388  33.777 0.0000000000
47766  30.968  -22.423  33.329 0.0000000000
48809  30.941  -22.065  32.476 0.0000000000
48840  28.694  -21.682  30.356 0.0000000000
44572  27.508  -25.554  37.107 0.0000000000
133168  27.650  -25.194  36.260 0.0000000000
44593  26.995  -25.002  35.989 0.0000000000
45652  28.008  -24.511  34.899 0.0000000000
46721  27.755  -24.260  34.161 0.0000000000
46747  24.085  -23.335  33.218 0.0000000000
46746  25.004  -23.475  33.312 0.0000000000
45675  26.055  -23.861  33.024 0.0000000000
45674  26.654  -24.059  33.655 0.0000000000
46744  27.323  -24.054  33.522 0.0000000000
46757  28.174  -23.188  32.637 0.0000000000
47789  27.499  -22.796  31.297 0.0000000000
47779  28.310  -22.593  31.786 0.0000000000
48855  28.466  -21.498  29.500 0.0000000000
69690  56.604  -3.599  19.234 0.0000000000
128722  56.595  -3.480  18.561 0.0000000000
67583  58.029  -4.623  18.633 0.0000000000
68639  56.975  -3.914  17.957 0.0000000000
68681  56.451  -3.550  15.757 0.0000000000
66602  61.082  -4.961  17.094 0.0000000000
66583  52.248  -5.548  18.791 0.0000000000
119703  51.256  -5.582  17.897 0.0000000000
66595  52.004  -5.518  17.814 0.0000000000
43347  36.074  -26.049  48.722 0.0000000000
44410  36.733  -25.437  47.577 0.0000000000
44439  37.730  -24.400  45.953 0.0000000000
45407  37.742  -23.992  49.049 0.0000000000
46564  38.405  -23.619  46.127 0.0000000000
46574  38.630  -23.297  45.617 0.0000000000
46592  38.851  -23.182  43.515 0.0000000000
46610  38.313  -23.563  41.891 0.0000000000
47681  37.486  -23.132  39.213 0.0000000000
48581  38.927  -22.456  45.705 0.0000000000
49721  40.736  -21.060  43.002 0.0000000000
49770  38.607  -20.818  39.265 0.0000000000
49860  35.590  -20.680  34.160 0.0000000000
50832  40.662  -19.519  40.676 0.0000000000
50860  39.228  -19.257  38.838 0.0000000000
51954  41.079  -18.072  40.145 0.0000000000
51984  39.147  -18.194  38.036 0.0000000000
53059  39.503  -17.395  45.269 0.0000000000
53072  44.067  -17.372  43.891 0.0000000000
53074  43.137  -17.659  44.076 0.0000000000
53089  41.212  -17.429  43.495 0.0000000000
53104  43.766  -17.773  43.100 0.0000000000
53105  43.297  -18.262  42.743 0.0000000000
53146  40.961  -17.432  39.703 0.0000000000
53159  39.412  -17.534  38.002 0.0000000000
53172  38.424  -17.861  36.964 0.0000000000
54125  44.520  -16.806  44.013 0.0000000000
54139  45.264  -16.495  43.314 0.0000000000
54154  45.424  -16.573  42.962 0.0000000000
55188  43.042  -15.870  44.734 0.0000000000
55190  39.650  -15.282  43.935 0.0000000000
55204  40.030  -15.078  43.679 0.0000000000
55218  46.594  -15.754  42.417 0.0000000000
55228  47.752  -15.255  41.541 0.0000000000
55230  46.146  -16.114  41.932 0.0000000000
55244  47.923  -15.351  41.120 0.0000000000
55263  47.223  -15.338  40.021 0.0000000000
55278  42.089  -15.070  39.000 0.0000000000
55310  39.434  -15.350  36.275 0.0000000000
55363  44.827  -15.379  31.306 0.0000000000
55413  43.042  -15.972  27.179 0.0000000000
56329  40.341  -14.424  43.763 0.0000000000
56339  47.799  -14.280  41.858 0.0000000000
56417  50.009  -13.881  37.910 0.0000000000
56462  40.354  -14.691  35.471 0.0000000000
56543  37.884  -14.466  29.222 0.0000000000
57471  51.008  -12.881  37.704 0.0000000000
57472  50.503  -13.411  37.784 0.0000000000
57504  49.365  -13.512  34.770 0.0000000000
60951  54.054  -9.723  34.819 0.0000000000
63154  54.817  -7.655  34.123 0.0000000000
63155  54.407  -9.080  34.572 0.0000000000
63179  55.398  -7.452  31.432 0.0000000000
64241  55.488  -7.211  32.326 0.0000000000
64275  55.237  -7.375  30.721 0.0000000000
65360  55.985  -6.172  31.160 0.0000000000
65361  55.894  -6.487  30.641 0.0000000000
68588  57.946  -3.170  23.673 0.0000000000
69634  58.037  -2.629  24.709 0.0000000000
69680  57.610  -2.317  20.941 0.0000000000
116921  42.096  -14.468  33.678 0.0000000000
117886  44.037  -14.382  37.013 0.0000000000
119711  49.593  -6.470  20.853 0.0000000000
120333  49.366  -14.333  38.078 0.0000000000
122662  21.301  -24.262  35.218 0.0000000000
122903  58.236  -5.276  22.170 0.0000000000
123824  37.394  -20.500  37.082 0.0000000000
124805  41.403  -15.794  43.555 0.0000000000
125872  47.558  -14.717  37.415 0.0000000000
130255  55.795  -5.941  30.244 0.0000000000
131690  55.232  -7.228  33.030 0.0000000000
133753  46.517  -15.168  42.912 0.0000000000
134397  47.471  -14.678  33.541 0.0000000000
137098  45.651  -15.111  40.089 0.0000000000
137588  51.170  -12.737  37.100 0.0000000000
138037  42.906  -18.717  43.294 0.0000000000
138109  38.279  -23.603  48.540 0.0000000000
138217  28.707  -23.103  33.085 0.0000000000
139054  50.101  -11.329  33.114 0.0000000000
139662  27.989  -26.242  41.496 0.0000000000
139839  29.793  -24.180  51.647 0.0000000000
139879  45.614  -15.452  43.615 0.0000000000
139900  34.656  -26.437  49.976 0.0000000000
140018  39.598  -16.731  45.535 0.0000000000
140269  37.778  -17.503  35.917 0.0000000000
140413  24.317  -23.483  35.585 0.0000000000
140853  48.917  -14.172  40.214 0.0000000000
141067  38.818  -20.480  45.759 0.0000000000
141071  30.454  -22.695  33.728 0.0000000000
