#!ascii label  , from subject sub-v1s18x0051201_ses-1 vox2ras=TkReg
1089
92541  -50.021  25.478  19.853 0.0000000000
100991  -40.056  38.262  3.865 0.0000000000
97349  -39.620  33.152  12.843 0.0000000000
94592  -49.079  28.708  7.334 0.0000000000
98715  -44.825  34.172  -0.594 0.0000000000
96067  -43.842  30.165  3.611 0.0000000000
114729  -43.466  27.437  0.568 0.0000000000
131744  -41.900  29.215  7.053 0.0000000000
90287  -41.516  22.692  16.913 0.0000000000
93207  -43.672  26.484  20.958 0.0000000000
103638  -35.432  43.796  8.186 0.0000000000
102601  -41.749  41.758  4.931 0.0000000000
101623  -44.725  39.859  -0.296 0.0000000000
95939  -44.868  30.552  16.853 0.0000000000
98630  -39.353  34.495  7.388 0.0000000000
97984  -45.297  33.885  10.421 0.0000000000
95226  -48.124  29.584  14.635 0.0000000000
94550  -43.595  28.773  12.765 0.0000000000
94545  -39.056  28.443  12.632 0.0000000000
91839  -46.278  25.355  17.912 0.0000000000
97478  -45.065  32.795  -3.530 0.0000000000
95431  -45.327  28.887  -2.424 0.0000000000
94679  -42.299  28.632  -2.676 0.0000000000
94640  -40.687  28.492  1.445 0.0000000000
91042  -42.440  24.025  19.229 0.0000000000
92528  -40.855  25.720  20.720 0.0000000000
125916  -35.145  45.533  11.530 0.0000000000
102125  -41.576  40.299  2.540 0.0000000000
95211  -41.979  29.687  16.592 0.0000000000
95979  -42.450  31.048  13.852 0.0000000000
132941  -36.795  38.529  5.526 0.0000000000
98674  -38.889  34.947  4.092 0.0000000000
95360  -47.469  29.608  4.406 0.0000000000
96727  -44.901  31.265  6.594 0.0000000000
96705  -47.790  31.422  8.117 0.0000000000
97357  -47.157  32.437  12.092 0.0000000000
95292  -47.476  29.781  11.086 0.0000000000
94525  -45.719  28.651  13.577 0.0000000000
95290  -45.146  29.515  10.736 0.0000000000
117777  -39.898  29.465  10.599 0.0000000000
127238  -42.745  37.206  3.640 0.0000000000
98053  -41.119  33.755  2.548 0.0000000000
96094  -42.794  30.741  0.502 0.0000000000
94643  -46.311  28.137  0.576 0.0000000000
93933  -46.100  27.234  4.281 0.0000000000
94589  -44.518  28.525  7.511 0.0000000000
134895  -42.772  28.312  4.497 0.0000000000
95357  -39.704  29.393  5.029 0.0000000000
90290  -44.111  21.864  18.001 0.0000000000
91045  -45.739  23.440  19.822 0.0000000000
93210  -47.294  26.671  21.082 0.0000000000
103622  -30.434  43.171  8.336 0.0000000000
102578  -33.698  41.367  7.411 0.0000000000
102092  -38.334  40.971  8.426 0.0000000000
102106  -44.065  41.190  8.271 0.0000000000
137286  -46.028  39.121  5.248 0.0000000000
129516  -46.668  36.115  1.801 0.0000000000
99906  -44.413  36.641  -2.676 0.0000000000
101640  -44.389  39.590  -1.720 0.0000000000
94459  -41.437  28.847  19.962 0.0000000000
126318  -44.181  29.617  19.685 0.0000000000
95168  -46.189  29.425  19.115 0.0000000000
98585  -39.801  34.883  10.352 0.0000000000
97410  -41.299  32.460  5.363 0.0000000000
133637  -42.512  33.821  8.770 0.0000000000
97972  -42.574  34.708  11.893 0.0000000000
97343  -44.887  32.393  13.456 0.0000000000
95957  -46.606  30.730  15.554 0.0000000000
93859  -48.109  28.105  16.898 0.0000000000
93865  -46.561  27.663  15.904 0.0000000000
93863  -43.509  27.600  15.547 0.0000000000
93871  -41.564  27.428  14.505 0.0000000000
95306  -43.097  29.410  9.983 0.0000000000
116498  -41.140  28.491  12.824 0.0000000000
93244  -39.883  26.077  14.266 0.0000000000
91038  -49.944  23.931  20.076 0.0000000000
91841  -49.276  24.292  19.043 0.0000000000
93224  -48.696  26.265  18.705 0.0000000000
136581  -42.739  32.048  -3.245 0.0000000000
96129  -43.216  30.279  -3.777 0.0000000000
96124  -41.870  30.339  -2.939 0.0000000000
95428  -40.694  29.442  -1.953 0.0000000000
97340  -41.284  32.177  13.082 0.0000000000
101579  -38.763  39.104  4.630 0.0000000000
94610  -49.410  29.052  4.945 0.0000000000
123325  -48.063  30.766  6.136 0.0000000000
95325  -49.042  29.673  8.080 0.0000000000
96010  -47.829  30.550  9.847 0.0000000000
125223  -47.904  29.675  9.447 0.0000000000
95291  -46.981  29.448  10.631 0.0000000000
95322  -46.373  29.223  9.088 0.0000000000
99876  -44.089  35.941  2.291 0.0000000000
98693  -42.618  34.313  1.322 0.0000000000
97461  -43.511  32.654  -0.206 0.0000000000
93969  -45.343  27.321  -1.514 0.0000000000
95417  -45.358  28.259  -0.694 0.0000000000
93961  -46.326  26.807  0.090 0.0000000000
136595  -47.196  27.069  2.204 0.0000000000
93947  -45.786  27.023  1.987 0.0000000000
93931  -43.931  27.765  3.824 0.0000000000
93946  -42.901  27.834  2.319 0.0000000000
94622  -40.263  28.992  3.495 0.0000000000
91811  -43.411  24.972  20.340 0.0000000000
91827  -43.929  24.460  19.948 0.0000000000
91812  -44.183  25.085  20.581 0.0000000000
91813  -45.878  24.688  21.106 0.0000000000
130640  -45.188  26.032  21.333 0.0000000000
104151  -35.396  44.493  9.763 0.0000000000
103625  -33.517  43.681  8.458 0.0000000000
103072  -34.139  42.687  7.539 0.0000000000
102090  -36.317  40.821  7.556 0.0000000000
102581  -36.703  42.155  8.064 0.0000000000
103097  -40.625  43.189  6.754 0.0000000000
102585  -41.607  42.633  9.028 0.0000000000
102595  -44.479  42.339  7.186 0.0000000000
101575  -45.379  40.486  6.615 0.0000000000
102602  -44.461  41.722  6.014 0.0000000000
101621  -43.091  39.559  0.835 0.0000000000
101010  -44.644  38.201  2.289 0.0000000000
101020  -45.289  37.801  0.453 0.0000000000
99898  -45.616  36.363  -1.534 0.0000000000
101041  -45.270  38.367  -1.142 0.0000000000
100493  -44.126  37.528  -2.514 0.0000000000
101630  -44.946  39.553  -1.153 0.0000000000
95194  -38.593  29.271  17.445 0.0000000000
94473  -37.585  28.565  18.610 0.0000000000
94475  -39.345  28.904  19.037 0.0000000000
94457  -39.680  28.612  19.926 0.0000000000
95179  -40.698  29.353  18.432 0.0000000000
119716  -42.954  29.937  16.293 0.0000000000
95917  -43.071  30.296  18.232 0.0000000000
95919  -44.746  30.286  18.130 0.0000000000
113886  -45.615  29.602  19.067 0.0000000000
95920  -45.451  30.067  17.891 0.0000000000
129317  -38.050  34.495  7.425 0.0000000000
114590  -38.594  34.657  9.319 0.0000000000
98615  -39.566  34.735  8.230 0.0000000000
96065  -41.891  30.980  3.015 0.0000000000
97424  -41.174  32.379  3.632 0.0000000000
96045  -42.793  30.874  4.686 0.0000000000
118409  -45.247  32.606  8.425 0.0000000000
97378  -43.391  32.727  8.203 0.0000000000
97996  -44.160  33.864  9.468 0.0000000000
98601  -43.017  35.196  9.829 0.0000000000
98577  -43.986  35.069  11.128 0.0000000000
97959  -44.071  33.588  12.267 0.0000000000
97960  -45.174  33.629  12.061 0.0000000000
95980  -47.768  30.701  13.657 0.0000000000
96665  -46.722  31.395  14.583 0.0000000000
95958  -47.437  30.459  15.233 0.0000000000
95201  -47.256  29.514  17.021 0.0000000000
94499  -48.074  28.840  15.714 0.0000000000
93858  -47.654  27.644  16.652 0.0000000000
94497  -47.193  27.945  15.257 0.0000000000
94551  -44.667  28.857  12.948 0.0000000000
94505  -44.342  28.375  14.503 0.0000000000
94504  -43.522  28.314  14.407 0.0000000000
93862  -42.877  27.292  15.443 0.0000000000
94503  -42.715  28.179  14.209 0.0000000000
94588  -42.924  28.762  7.109 0.0000000000
95321  -43.330  29.118  8.450 0.0000000000
95320  -42.407  29.348  8.383 0.0000000000
129742  -39.540  28.859  11.959 0.0000000000
94572  -40.877  28.967  11.815 0.0000000000
94546  -39.919  28.549  12.648 0.0000000000
93893  -40.159  27.684  13.896 0.0000000000
93892  -39.279  27.338  13.758 0.0000000000
93266  -39.119  25.846  13.913 0.0000000000
90281  -47.977  21.672  19.426 0.0000000000
92550  -45.239  25.107  17.626 0.0000000000
97470  -45.272  33.016  -2.395 0.0000000000
96790  -44.532  31.777  -1.584 0.0000000000
95442  -45.297  30.083  -3.738 0.0000000000
94681  -44.150  28.335  -3.323 0.0000000000
125254  -43.304  27.392  -1.419 0.0000000000
93960  -42.153  27.780  0.343 0.0000000000
118536  -41.261  28.139  -0.302 0.0000000000
114032  -42.196  23.541  18.318 0.0000000000
91825  -41.508  24.503  19.538 0.0000000000
113885  -41.848  25.920  20.799 0.0000000000
104656  -36.474  45.496  10.715 0.0000000000
102117  -41.143  41.063  3.629 0.0000000000
102631  -41.954  41.683  0.555 0.0000000000
103128  -43.761  41.980  0.271 0.0000000000
95210  -40.953  29.630  16.895 0.0000000000
136313  -42.047  29.951  14.984 0.0000000000
95972  -43.698  30.654  15.075 0.0000000000
98658  -38.985  34.422  5.375 0.0000000000
96056  -45.200  30.053  4.317 0.0000000000
96047  -44.646  30.491  5.189 0.0000000000
96037  -45.503  30.721  5.795 0.0000000000
96718  -46.902  31.824  7.586 0.0000000000
116776  -47.015  32.587  9.223 0.0000000000
97976  -46.499  33.345  11.451 0.0000000000
128664  -47.294  32.506  10.508 0.0000000000
95989  -47.640  30.629  11.796 0.0000000000
95239  -47.837  29.754  12.922 0.0000000000
135288  -47.371  28.713  13.399 0.0000000000
95238  -47.275  29.106  12.428 0.0000000000
95266  -45.696  29.361  11.481 0.0000000000
95265  -44.624  29.347  11.412 0.0000000000
130211  -40.406  29.680  9.081 0.0000000000
125571  -38.569  33.884  11.836 0.0000000000
100992  -41.180  38.332  4.011 0.0000000000
118891  -40.440  35.961  3.094 0.0000000000
99259  -41.318  35.101  2.481 0.0000000000
96766  -41.933  31.533  1.686 0.0000000000
96086  -43.155  30.020  1.859 0.0000000000
96107  -44.026  30.143  -1.173 0.0000000000
95409  -44.129  29.310  0.243 0.0000000000
95392  -45.494  29.127  2.108 0.0000000000
95382  -47.053  28.968  2.925 0.0000000000
94617  -47.610  28.044  3.504 0.0000000000
94600  -47.233  27.852  6.151 0.0000000000
120219  -46.445  28.170  6.960 0.0000000000
113778  -45.513  27.727  5.970 0.0000000000
94606  -43.265  28.249  5.517 0.0000000000
94595  -41.789  28.993  5.679 0.0000000000
116582  -41.512  28.523  3.085 0.0000000000
94614  -40.914  29.043  4.196 0.0000000000
91057  -43.052  23.341  18.682 0.0000000000
90279  -44.569  22.358  18.656 0.0000000000
90280  -45.970  22.154  18.918 0.0000000000
119164  -46.999  22.939  20.222 0.0000000000
91814  -47.745  23.984  20.928 0.0000000000
93211  -48.709  26.423  20.805 0.0000000000
125406  -31.685  40.723  7.536 0.0000000000
103070  -32.203  42.560  7.632 0.0000000000
121361  -33.983  39.784  7.372 0.0000000000
119117  -36.116  39.318  6.835 0.0000000000
101562  -37.421  39.798  6.826 0.0000000000
101563  -39.495  39.755  6.905 0.0000000000
129028  -36.084  43.549  7.544 0.0000000000
102583  -38.768  42.219  8.747 0.0000000000
102104  -40.241  40.426  8.282 0.0000000000
101573  -42.105  39.595  6.247 0.0000000000
101582  -43.413  39.225  5.636 0.0000000000
100447  -44.780  37.443  4.462 0.0000000000
99864  -45.981  36.526  3.656 0.0000000000
101602  -44.032  39.099  3.369 0.0000000000
118844  -46.078  37.926  3.933 0.0000000000
98707  -46.086  34.970  0.167 0.0000000000
118807  -45.673  34.752  -1.932 0.0000000000
98732  -44.392  34.440  -3.438 0.0000000000
98722  -42.878  35.735  -2.464 0.0000000000
100484  -42.996  37.324  -2.100 0.0000000000
103137  -45.176  42.069  -0.461 0.0000000000
93813  -41.553  27.612  20.754 0.0000000000
93814  -42.500  27.832  20.775 0.0000000000
95180  -41.566  29.496  18.564 0.0000000000
95155  -42.941  29.415  20.118 0.0000000000
93815  -43.457  28.027  20.959 0.0000000000
116061  -45.492  27.517  21.048 0.0000000000
94447  -46.571  28.542  20.231 0.0000000000
93835  -48.426  27.623  19.693 0.0000000000
97969  -39.754  34.237  11.811 0.0000000000
98046  -40.168  34.159  3.691 0.0000000000
98041  -40.295  33.557  4.623 0.0000000000
98024  -40.382  33.683  6.339 0.0000000000
96725  -42.690  31.710  6.368 0.0000000000
97389  -41.802  32.768  7.057 0.0000000000
98004  -40.854  34.360  8.288 0.0000000000
98617  -41.499  34.815  9.100 0.0000000000
98574  -41.176  34.975  11.208 0.0000000000
97956  -41.003  33.714  12.471 0.0000000000
97352  -42.529  33.029  12.605 0.0000000000
96678  -43.764  31.613  13.958 0.0000000000
95973  -44.651  31.127  15.272 0.0000000000
97345  -46.520  32.385  13.193 0.0000000000
96664  -46.308  31.594  14.628 0.0000000000
95956  -45.567  30.721  16.173 0.0000000000
95931  -45.870  30.173  17.059 0.0000000000
94478  -47.580  28.766  18.354 0.0000000000
93231  -48.886  27.232  18.511 0.0000000000
93230  -48.071  26.871  17.906 0.0000000000
93229  -46.486  26.322  17.613 0.0000000000
93238  -45.442  26.807  16.969 0.0000000000
128383  -46.071  27.981  14.958 0.0000000000
93864  -44.652  27.750  15.613 0.0000000000
93236  -43.682  26.512  16.489 0.0000000000
93235  -43.030  25.982  15.977 0.0000000000
93240  -41.808  26.070  15.110 0.0000000000
94584  -45.493  28.820  8.175 0.0000000000
114245  -43.792  29.406  10.131 0.0000000000
130987  -43.005  29.081  11.191 0.0000000000
95287  -41.573  29.422  10.401 0.0000000000
95262  -41.728  29.185  11.156 0.0000000000
94574  -42.325  28.722  12.096 0.0000000000
94521  -41.426  28.284  13.382 0.0000000000
93870  -40.776  27.185  14.397 0.0000000000
91816  -50.155  24.835  20.123 0.0000000000
91830  -49.964  24.600  19.702 0.0000000000
92544  -49.488  25.399  19.220 0.0000000000
97473  -42.212  32.121  -2.834 0.0000000000
126992  -42.630  31.487  -3.283 0.0000000000
96803  -41.790  31.304  -2.759 0.0000000000
97339  -40.233  32.335  13.231 0.0000000000
97350  -40.338  33.194  12.757 0.0000000000
100977  -39.424  38.708  4.252 0.0000000000
100976  -38.694  38.340  4.283 0.0000000000
100445  -39.670  37.378  3.636 0.0000000000
133404  -49.179  28.518  6.533 0.0000000000
126897  -49.817  29.029  6.329 0.0000000000
95338  -49.211  29.085  7.679 0.0000000000
95324  -48.531  29.433  8.515 0.0000000000
94586  -48.437  28.899  8.093 0.0000000000
95323  -47.728  29.258  8.947 0.0000000000
94585  -46.998  28.821  8.227 0.0000000000
98706  -44.053  34.337  0.181 0.0000000000
98072  -43.437  33.395  0.147 0.0000000000
98081  -44.068  33.451  -0.439 0.0000000000
117307  -44.492  27.156  -0.337 0.0000000000
116715  -45.783  26.981  -0.649 0.0000000000
114722  -45.074  27.031  0.209 0.0000000000
93955  -45.744  26.902  0.928 0.0000000000
130764  -44.223  27.319  1.094 0.0000000000
93954  -44.136  27.492  2.024 0.0000000000
93953  -43.141  27.627  1.579 0.0000000000
90288  -42.328  22.470  17.188 0.0000000000
92529  -43.479  25.625  20.694 0.0000000000
92530  -44.337  25.860  21.057 0.0000000000
103626  -34.934  43.979  8.691 0.0000000000
120306  -35.169  43.430  7.705 0.0000000000
118740  -35.398  42.358  7.543 0.0000000000
103084  -35.736  43.481  7.759 0.0000000000
102600  -40.058  42.072  4.604 0.0000000000
103104  -39.467  42.717  5.653 0.0000000000
102593  -40.961  42.564  5.643 0.0000000000
103098  -41.827  43.061  6.625 0.0000000000
102594  -42.877  42.550  6.164 0.0000000000
102151  -43.520  40.388  0.330 0.0000000000
133534  -44.571  39.010  0.315 0.0000000000
101028  -44.982  38.952  -0.136 0.0000000000
101029  -45.154  38.765  -0.600 0.0000000000
101629  -44.940  39.897  -0.764 0.0000000000
128362  -38.625  29.463  16.712 0.0000000000
95177  -38.979  29.133  18.161 0.0000000000
95178  -39.825  29.316  18.328 0.0000000000
95938  -43.822  30.664  16.798 0.0000000000
95928  -44.084  30.555  17.633 0.0000000000
95929  -45.175  30.257  17.442 0.0000000000
98645  -38.343  34.506  6.077 0.0000000000
98629  -38.584  34.479  6.983 0.0000000000
98614  -38.731  34.650  7.946 0.0000000000
96066  -42.542  30.599  3.222 0.0000000000
96749  -42.285  30.887  3.825 0.0000000000
113871  -43.056  30.492  3.821 0.0000000000
97380  -45.542  33.150  9.188 0.0000000000
98008  -44.630  33.113  9.007 0.0000000000
98603  -44.578  34.300  10.104 0.0000000000
98602  -43.850  34.841  9.927 0.0000000000
134056  -44.776  34.349  10.531 0.0000000000
132590  -44.606  34.610  11.096 0.0000000000
97975  -45.762  33.804  11.124 0.0000000000
95228  -48.040  29.729  13.754 0.0000000000
95975  -47.714  30.608  14.483 0.0000000000
95223  -47.890  29.745  15.544 0.0000000000
127148  -48.125  28.943  15.082 0.0000000000
94498  -47.785  28.314  15.122 0.0000000000
94508  -47.766  28.573  14.440 0.0000000000
116899  -43.972  28.684  13.408 0.0000000000
94523  -43.217  28.507  13.559 0.0000000000
134328  -42.396  28.987  7.020 0.0000000000
136015  -42.940  29.025  7.824 0.0000000000
114229  -41.668  29.455  7.841 0.0000000000
94519  -39.558  28.131  13.328 0.0000000000
94518  -38.621  27.795  13.247 0.0000000000
134542  -38.675  27.237  13.583 0.0000000000
90268  -48.253  22.398  19.949 0.0000000000
91850  -45.795  24.543  17.715 0.0000000000
97479  -45.309  32.759  -3.162 0.0000000000
134699  -45.330  31.984  -2.806 0.0000000000
115087  -45.140  31.727  -3.529 0.0000000000
95440  -43.162  29.574  -3.570 0.0000000000
130108  -43.877  29.022  -3.717 0.0000000000
124757  -43.124  28.868  -3.184 0.0000000000
93977  -43.294  27.674  -2.189 0.0000000000
94670  -42.481  28.093  -2.351 0.0000000000
93966  -42.166  27.639  -0.854 0.0000000000
94669  -41.744  28.339  -2.104 0.0000000000
135536  -39.853  28.884  -0.833 0.0000000000
91838  -40.992  24.217  18.707 0.0000000000
105114  -36.975  46.406  11.503 0.0000000000
102621  -41.149  41.034  1.045 0.0000000000
103127  -41.596  42.688  0.443 0.0000000000
95978  -41.666  30.832  13.918 0.0000000000
95970  -41.470  30.308  14.511 0.0000000000
95971  -42.540  30.412  14.475 0.0000000000
95953  -42.902  29.949  15.327 0.0000000000
100965  -36.244  38.780  6.061 0.0000000000
98667  -38.525  34.751  4.705 0.0000000000
95371  -46.596  29.528  3.929 0.0000000000
96057  -45.956  30.162  4.813 0.0000000000
96048  -46.722  30.304  5.192 0.0000000000
96719  -47.957  31.211  7.148 0.0000000000
96728  -46.849  31.341  6.751 0.0000000000
97381  -46.985  32.218  8.390 0.0000000000
97374  -46.993  32.914  10.063 0.0000000000
97375  -47.593  31.738  9.007 0.0000000000
95310  -47.742  29.965  10.095 0.0000000000
96000  -47.642  30.597  10.863 0.0000000000
95268  -47.583  29.707  12.054 0.0000000000
95267  -46.881  29.346  11.559 0.0000000000
95308  -45.901  29.499  10.035 0.0000000000
116027  -46.134  29.471  10.865 0.0000000000
99862  -42.280  36.575  2.872 0.0000000000
99849  -41.279  36.938  3.134 0.0000000000
99260  -42.115  35.779  2.410 0.0000000000
97452  -42.794  32.717  0.535 0.0000000000
98061  -42.301  33.346  1.175 0.0000000000
96775  -42.433  31.636  0.875 0.0000000000
96085  -42.416  30.726  1.462 0.0000000000
95399  -43.138  29.988  0.902 0.0000000000
96118  -45.324  30.134  -2.543 0.0000000000
96798  -44.652  30.724  -1.743 0.0000000000
95430  -44.913  29.817  -1.849 0.0000000000
94651  -46.325  27.529  0.031 0.0000000000
95410  -45.243  28.525  0.442 0.0000000000
95400  -44.119  29.422  1.182 0.0000000000
95401  -45.238  28.821  1.299 0.0000000000
95381  -45.721  29.356  2.915 0.0000000000
95393  -46.882  28.455  2.117 0.0000000000
93939  -46.810  27.014  3.054 0.0000000000
93940  -47.337  27.485  2.802 0.0000000000
93934  -47.214  27.367  3.714 0.0000000000
94608  -47.922  27.881  4.893 0.0000000000
93926  -46.994  27.376  4.615 0.0000000000
94607  -46.579  27.582  5.581 0.0000000000
93925  -45.821  27.472  5.234 0.0000000000
113757  -42.918  28.178  3.998 0.0000000000
126292  -44.100  27.876  5.297 0.0000000000
94616  -43.418  28.070  4.675 0.0000000000
94605  -42.510  28.605  5.658 0.0000000000
132052  -41.235  28.247  0.642 0.0000000000
115004  -42.274  28.001  1.944 0.0000000000
94633  -41.490  28.367  2.229 0.0000000000
95369  -40.007  29.256  4.259 0.0000000000
91044  -44.522  23.719  19.559 0.0000000000
91058  -43.995  23.097  18.994 0.0000000000
91059  -45.160  22.910  19.202 0.0000000000
90267  -46.612  22.553  19.547 0.0000000000
92531  -46.230  25.642  21.345 0.0000000000
113906  -47.002  24.700  21.223 0.0000000000
92532  -47.826  25.673  21.202 0.0000000000
116524  -48.418  24.747  21.065 0.0000000000
103621  -29.486  43.006  8.711 0.0000000000
103064  -29.058  42.185  8.746 0.0000000000
103065  -29.933  42.218  8.261 0.0000000000
102085  -30.783  40.635  7.813 0.0000000000
102575  -31.044  41.452  7.698 0.0000000000
127432  -33.693  45.416  11.509 0.0000000000
104137  -33.374  44.306  10.556 0.0000000000
103071  -33.151  42.656  7.571 0.0000000000
103636  -32.766  43.163  7.819 0.0000000000
127159  -32.604  42.042  7.494 0.0000000000
102577  -32.704  41.224  7.444 0.0000000000
102087  -33.400  40.492  7.428 0.0000000000
101560  -35.375  39.307  7.062 0.0000000000
136035  -35.451  39.838  7.296 0.0000000000
102091  -37.208  40.787  7.929 0.0000000000
102101  -36.653  39.934  7.212 0.0000000000
102102  -37.986  40.204  7.697 0.0000000000
102110  -38.361  39.829  6.692 0.0000000000
102103  -38.904  40.117  8.154 0.0000000000
103076  -38.051  43.153  8.306 0.0000000000
103077  -39.253  43.111  8.517 0.0000000000
102095  -42.845  41.796  8.897 0.0000000000
102094  -41.045  41.468  8.967 0.0000000000
102105  -42.032  40.771  8.403 0.0000000000
101564  -41.055  39.871  7.231 0.0000000000
101565  -43.018  40.341  7.279 0.0000000000
101574  -44.682  39.960  6.687 0.0000000000
101583  -45.687  39.442  5.433 0.0000000000
100980  -45.634  38.975  5.656 0.0000000000
100981  -46.048  38.855  5.273 0.0000000000
116259  -45.130  36.733  3.987 0.0000000000
100453  -45.888  37.288  4.089 0.0000000000
102118  -42.156  40.440  3.524 0.0000000000
101589  -43.102  39.757  3.445 0.0000000000
101011  -44.991  37.802  1.832 0.0000000000
101004  -45.956  37.460  3.130 0.0000000000
100463  -46.134  36.867  2.242 0.0000000000
133407  -46.542  35.787  1.865 0.0000000000
99884  -46.501  35.828  0.987 0.0000000000
121741  -45.897  34.901  -0.860 0.0000000000
99295  -46.257  35.399  0.141 0.0000000000
99907  -45.074  36.792  -2.356 0.0000000000
99305  -45.254  35.107  -2.737 0.0000000000
99310  -44.040  35.146  -3.201 0.0000000000
98727  -43.749  34.506  -3.315 0.0000000000
121584  -43.421  35.170  -2.871 0.0000000000
99303  -43.726  35.968  -2.766 0.0000000000
132982  -44.160  38.893  -2.107 0.0000000000
100492  -43.624  37.667  -2.330 0.0000000000
137310  -43.681  38.879  -2.089 0.0000000000
101046  -43.120  38.252  -1.961 0.0000000000
101639  -43.862  39.545  -1.997 0.0000000000
103129  -44.859  42.148  0.063 0.0000000000
94440  -39.122  27.999  20.497 0.0000000000
94458  -40.551  28.701  19.962 0.0000000000
94442  -41.007  28.242  20.488 0.0000000000
94443  -41.941  28.415  20.460 0.0000000000
95197  -41.261  29.559  17.764 0.0000000000
127602  -41.865  29.695  17.293 0.0000000000
95167  -43.411  29.747  19.623 0.0000000000
95166  -42.671  29.672  19.551 0.0000000000
95156  -43.567  29.298  20.237 0.0000000000
94444  -42.929  28.761  20.579 0.0000000000
94445  -43.903  28.701  20.653 0.0000000000
93816  -44.539  27.973  21.007 0.0000000000
94446  -44.876  28.782  20.373 0.0000000000
120732  -46.798  28.953  19.754 0.0000000000
93818  -47.403  28.194  20.139 0.0000000000
94463  -47.628  28.472  19.364 0.0000000000
98597  -39.416  34.913  9.545 0.0000000000
98572  -39.362  34.491  11.112 0.0000000000
98681  -40.831  34.453  2.759 0.0000000000
99250  -39.979  35.236  3.329 0.0000000000
98047  -40.592  33.808  3.217 0.0000000000
97417  -41.177  32.405  4.538 0.0000000000
97423  -40.722  33.012  4.204 0.0000000000
97416  -40.738  33.009  4.989 0.0000000000
98034  -40.281  33.571  5.425 0.0000000000
97409  -40.858  33.107  5.831 0.0000000000
96036  -44.294  30.952  5.998 0.0000000000
96046  -43.587  30.818  5.393 0.0000000000
119981  -44.044  31.310  6.640 0.0000000000
98006  -43.020  33.358  8.636 0.0000000000
134965  -43.115  32.325  7.615 0.0000000000
98014  -42.403  33.039  7.994 0.0000000000
98013  -41.389  33.559  7.674 0.0000000000
98005  -41.786  34.022  8.560 0.0000000000
98576  -43.154  35.363  11.221 0.0000000000
98587  -41.716  35.338  10.435 0.0000000000
98575  -42.171  35.235  11.235 0.0000000000
97971  -41.589  34.570  11.946 0.0000000000
97957  -42.031  33.874  12.387 0.0000000000
97351  -41.638  32.930  12.669 0.0000000000
97353  -44.035  32.745  12.872 0.0000000000
97342  -43.865  32.151  13.483 0.0000000000
96662  -44.209  31.327  14.587 0.0000000000
96679  -44.636  31.865  14.092 0.0000000000
97360  -46.938  32.934  11.633 0.0000000000
97356  -46.584  32.883  12.264 0.0000000000
96648  -46.409  31.108  15.140 0.0000000000
96647  -45.978  31.145  15.445 0.0000000000
129286  -46.081  30.767  15.816 0.0000000000
95941  -46.161  30.445  16.310 0.0000000000
94488  -47.858  28.688  17.312 0.0000000000
95185  -47.086  29.394  17.739 0.0000000000
93843  -48.524  27.766  18.748 0.0000000000
93849  -48.350  27.923  17.810 0.0000000000
93848  -48.244  27.659  17.531 0.0000000000
93847  -47.091  27.079  17.246 0.0000000000
93857  -46.318  27.296  16.655 0.0000000000
94553  -46.757  28.792  13.019 0.0000000000
123312  -46.194  28.373  14.261 0.0000000000
94495  -43.985  27.980  15.165 0.0000000000
94496  -44.916  28.067  15.029 0.0000000000
117546  -44.089  27.542  15.995 0.0000000000
93856  -44.293  27.120  16.549 0.0000000000
93855  -43.575  27.239  16.095 0.0000000000
93872  -42.352  27.672  14.722 0.0000000000
93241  -42.527  26.468  15.511 0.0000000000
93861  -42.065  27.000  15.037 0.0000000000
93246  -41.370  26.721  14.756 0.0000000000
94590  -45.486  28.318  7.246 0.0000000000
129036  -42.844  29.357  9.189 0.0000000000
115292  -43.825  29.291  9.310 0.0000000000
95288  -43.368  29.293  10.664 0.0000000000
95286  -40.599  29.545  10.053 0.0000000000
129227  -41.296  29.108  11.465 0.0000000000
94573  -41.674  28.835  11.839 0.0000000000
94548  -41.818  28.529  12.640 0.0000000000
93869  -40.006  26.895  14.240 0.0000000000
93245  -40.703  26.269  14.580 0.0000000000
91047  -49.356  23.257  20.187 0.0000000000
90270  -49.680  23.210  19.775 0.0000000000
91060  -48.209  24.024  18.453 0.0000000000
97477  -44.504  32.119  -3.822 0.0000000000
96809  -44.038  31.252  -4.118 0.0000000000
96808  -43.258  31.011  -3.763 0.0000000000
96125  -42.554  30.076  -3.357 0.0000000000
95439  -42.194  29.461  -3.000 0.0000000000
95429  -41.447  29.014  -2.440 0.0000000000
95438  -41.242  29.844  -2.554 0.0000000000
96675  -40.986  31.444  13.546 0.0000000000
96676  -41.905  31.494  13.404 0.0000000000
100968  -37.450  38.817  5.325 0.0000000000
100975  -37.932  38.333  4.656 0.0000000000
99248  -38.662  35.623  3.912 0.0000000000
95361  -48.786  29.142  4.390 0.0000000000
96049  -48.260  30.103  4.996 0.0000000000
96040  -49.154  30.108  5.593 0.0000000000
96039  -48.979  30.477  6.728 0.0000000000
96029  -48.776  30.519  7.794 0.0000000000
96020  -48.267  30.601  8.848 0.0000000000
95311  -48.326  29.877  9.129 0.0000000000
123400  -47.491  29.741  10.239 0.0000000000
95309  -47.192  29.461  9.813 0.0000000000
121975  -43.457  36.333  2.795 0.0000000000
130700  -42.875  35.655  2.120 0.0000000000
99275  -43.234  35.230  1.630 0.0000000000
98705  -43.076  33.818  0.692 0.0000000000
96776  -43.082  31.690  0.041 0.0000000000
94671  -45.385  27.971  -2.443 0.0000000000
113862  -45.493  27.995  -1.737 0.0000000000
124465  -45.403  27.603  -1.785 0.0000000000
94659  -45.703  27.291  -0.806 0.0000000000
94644  -47.024  27.394  0.552 0.0000000000
94634  -47.316  27.451  1.240 0.0000000000
93956  -47.235  26.834  0.722 0.0000000000
93948  -46.944  26.819  2.070 0.0000000000
115866  -46.030  27.012  2.773 0.0000000000
93938  -45.328  27.311  3.596 0.0000000000
115212  -44.639  27.441  2.919 0.0000000000
94626  -43.186  27.868  3.084 0.0000000000
94632  -40.606  28.687  2.657 0.0000000000
90289  -43.195  22.217  17.530 0.0000000000
91826  -42.999  24.507  19.897 0.0000000000
91043  -43.462  23.838  19.384 0.0000000000
91828  -45.069  24.377  20.353 0.0000000000
124278  -45.065  25.233  21.099 0.0000000000
93209  -45.898  26.740  21.258 0.0000000000
104135  -31.120  44.210  9.792 0.0000000000
104138  -34.750  44.634  10.835 0.0000000000
104150  -34.216  44.110  9.645 0.0000000000
103637  -34.259  43.376  7.863 0.0000000000
128899  -34.092  42.102  7.413 0.0000000000
102089  -35.517  40.488  7.402 0.0000000000
102580  -35.877  41.708  7.583 0.0000000000
103096  -38.622  43.151  6.434 0.0000000000
116944  -39.641  43.458  8.235 0.0000000000
103087  -40.638  43.546  8.056 0.0000000000
103080  -42.925  43.316  8.259 0.0000000000
102096  -44.370  42.027  8.505 0.0000000000
101566  -45.062  40.782  7.365 0.0000000000
102111  -45.236  41.253  7.148 0.0000000000
102115  -45.511  40.550  6.002 0.0000000000
102140  -42.013  39.970  1.481 0.0000000000
101601  -42.274  39.774  2.335 0.0000000000
101613  -43.564  38.844  1.510 0.0000000000
101018  -44.217  38.502  1.110 0.0000000000
100470  -45.935  36.922  0.980 0.0000000000
99891  -46.165  36.097  -0.258 0.0000000000
100478  -45.476  37.600  -0.213 0.0000000000
100495  -45.251  37.185  -1.907 0.0000000000
100494  -44.703  37.388  -2.346 0.0000000000
101048  -44.415  38.145  -2.226 0.0000000000
101040  -44.698  38.747  -1.699 0.0000000000
136228  -37.926  29.507  16.307 0.0000000000
95193  -37.742  29.251  17.050 0.0000000000
94487  -38.086  28.952  17.947 0.0000000000
94476  -40.182  29.044  19.187 0.0000000000
95164  -41.046  29.116  19.236 0.0000000000
95937  -42.878  30.248  17.328 0.0000000000
95198  -42.178  29.813  17.969 0.0000000000
95918  -43.828  30.356  18.404 0.0000000000
95183  -44.186  30.100  18.957 0.0000000000
94461  -44.961  29.340  19.711 0.0000000000
130925  -44.887  29.754  19.131 0.0000000000
117354  -45.214  29.945  18.508 0.0000000000
95184  -45.762  29.822  18.432 0.0000000000
134806  -38.438  34.629  8.627 0.0000000000
126321  -39.114  34.847  8.772 0.0000000000
128567  -39.882  34.953  8.935 0.0000000000
97433  -41.347  32.303  2.756 0.0000000000
135578  -41.478  31.772  3.680 0.0000000000
96741  -42.019  31.326  4.400 0.0000000000
123210  -42.246  31.413  5.068 0.0000000000
97392  -44.787  32.196  7.788 0.0000000000
96716  -44.411  31.711  7.190 0.0000000000
97379  -44.262  32.620  8.338 0.0000000000
98007  -43.757  33.237  8.833 0.0000000000
97995  -43.216  34.175  9.253 0.0000000000
98618  -42.342  34.654  9.254 0.0000000000
98589  -43.565  35.401  10.528 0.0000000000
97973  -43.523  34.560  11.745 0.0000000000
97958  -42.983  33.872  12.302 0.0000000000
97974  -44.443  34.295  11.594 0.0000000000
97354  -45.041  32.966  12.727 0.0000000000
96681  -47.332  31.538  13.443 0.0000000000
96683  -46.947  32.255  13.001 0.0000000000
96666  -47.213  31.290  14.244 0.0000000000
95974  -46.974  31.013  14.900 0.0000000000
95212  -46.615  30.116  16.690 0.0000000000
95942  -47.019  30.288  15.952 0.0000000000
126024  -47.546  29.645  16.255 0.0000000000
94491  -47.949  28.741  16.468 0.0000000000
93866  -47.880  28.076  15.931 0.0000000000
94552  -45.710  28.895  12.778 0.0000000000
94506  -45.266  28.397  14.361 0.0000000000
94524  -44.614  28.609  13.795 0.0000000000
93873  -43.136  27.907  14.940 0.0000000000
113947  -43.776  28.390  6.908 0.0000000000
95336  -43.619  28.750  7.700 0.0000000000
95261  -40.871  29.342  11.018 0.0000000000
94571  -40.111  29.195  11.454 0.0000000000
129424  -40.230  28.846  12.068 0.0000000000
94547  -40.664  28.629  12.491 0.0000000000
94520  -40.537  28.296  13.269 0.0000000000
124572  -39.376  26.594  14.019 0.0000000000
115300  -38.775  26.690  13.761 0.0000000000
89539  -46.589  21.325  18.783 0.0000000000
98082  -44.790  33.373  -1.354 0.0000000000
97462  -44.199  32.659  -0.960 0.0000000000
97469  -44.831  32.607  -1.815 0.0000000000
129567  -45.177  31.108  -2.459 0.0000000000
95441  -45.479  29.466  -3.256 0.0000000000
131053  -44.500  30.623  -4.198 0.0000000000
95446  -45.086  29.429  -3.878 0.0000000000
94682  -45.132  28.045  -3.138 0.0000000000
93985  -44.351  27.732  -2.711 0.0000000000
93978  -44.492  27.361  -1.945 0.0000000000
93967  -43.300  27.393  -0.444 0.0000000000
94650  -40.422  28.439  0.261 0.0000000000
94668  -40.942  28.710  -1.674 0.0000000000
94657  -40.459  28.560  -0.795 0.0000000000
91073  -41.856  23.135  17.564 0.0000000000
91056  -41.389  23.707  18.048 0.0000000000
132074  -41.703  23.990  18.748 0.0000000000
137478  -40.960  24.985  20.143 0.0000000000
92540  -42.224  24.625  19.957 0.0000000000
91810  -42.606  25.247  20.471 0.0000000000
116932  -42.780  26.183  20.788 0.0000000000
104650  -36.372  45.691  11.699 0.0000000000
104651  -36.766  45.766  11.584 0.0000000000
104661  -35.792  44.831  9.747 0.0000000000
102139  -41.460  40.333  1.682 0.0000000000
102149  -41.881  40.672  0.896 0.0000000000
102150  -42.535  40.109  0.821 0.0000000000
102632  -42.877  41.129  0.398 0.0000000000
102633  -44.188  41.307  0.069 0.0000000000
134231  -42.827  41.862  0.380 0.0000000000
120840  -42.949  42.615  0.395 0.0000000000
95952  -41.232  29.898  15.136 0.0000000000
95222  -42.030  29.717  15.702 0.0000000000
95954  -43.615  30.395  15.891 0.0000000000
95955  -44.559  30.844  16.031 0.0000000000
98646  -39.159  34.367  6.419 0.0000000000
96068  -44.741  29.899  3.703 0.0000000000
96055  -43.909  30.376  4.450 0.0000000000
127881  -45.870  31.194  6.496 0.0000000000
96038  -46.804  30.754  5.926 0.0000000000
96717  -45.616  31.777  7.293 0.0000000000
97393  -46.054  32.274  8.035 0.0000000000
117806  -46.236  32.745  8.754 0.0000000000
136234  -45.733  33.509  9.844 0.0000000000
97985  -46.305  33.459  10.492 0.0000000000
97366  -46.983  33.047  10.921 0.0000000000
97361  -47.298  32.450  11.224 0.0000000000
96697  -47.719  31.287  9.614 0.0000000000
96688  -47.515  31.595  11.522 0.0000000000
96684  -47.437  31.630  12.485 0.0000000000
95983  -47.712  30.699  12.729 0.0000000000
94527  -47.861  28.819  13.777 0.0000000000
129444  -47.699  28.970  13.120 0.0000000000
95237  -46.288  29.082  12.226 0.0000000000
95236  -45.152  29.151  12.157 0.0000000000
94576  -44.103  29.073  12.089 0.0000000000
114278  -40.727  29.647  8.113 0.0000000000
115270  -39.674  29.609  9.750 0.0000000000
95260  -39.249  29.263  11.201 0.0000000000
94570  -38.681  28.823  11.829 0.0000000000
117136  -38.172  28.300  12.518 0.0000000000
99861  -41.265  35.927  2.757 0.0000000000
98682  -41.378  34.415  2.289 0.0000000000
99274  -42.077  34.924  1.905 0.0000000000
98692  -41.708  33.841  1.801 0.0000000000
97439  -41.634  32.293  1.998 0.0000000000
96084  -41.950  30.972  2.201 0.0000000000
96076  -42.479  30.560  2.434 0.0000000000
96077  -43.342  30.187  2.898 0.0000000000
96789  -43.867  31.103  -0.944 0.0000000000
96095  -43.349  30.649  -0.340 0.0000000000
95416  -44.783  29.088  -1.457 0.0000000000
126828  -43.990  29.576  -0.562 0.0000000000
133299  -43.305  30.032  0.156 0.0000000000
95391  -44.200  29.570  2.116 0.0000000000
95380  -44.461  29.721  2.954 0.0000000000
95370  -45.808  29.583  3.602 0.0000000000
94635  -47.445  27.636  2.117 0.0000000000
94627  -47.566  28.214  2.775 0.0000000000
95372  -47.737  28.776  3.663 0.0000000000
94609  -49.047  28.618  4.767 0.0000000000
94601  -48.649  28.228  5.747 0.0000000000
94591  -47.781  28.383  7.120 0.0000000000
94599  -45.927  27.897  6.472 0.0000000000
94598  -44.773  28.062  6.601 0.0000000000
137058  -45.012  27.560  5.042 0.0000000000
123611  -44.787  27.778  5.742 0.0000000000
114187  -43.915  28.071  6.102 0.0000000000
94597  -43.106  28.460  6.305 0.0000000000
94596  -42.308  28.883  6.451 0.0000000000
95347  -41.464  29.261  6.393 0.0000000000
94625  -42.233  28.174  2.722 0.0000000000
131430  -42.249  28.339  3.521 0.0000000000
94623  -40.973  28.798  3.458 0.0000000000
94624  -41.578  28.681  3.846 0.0000000000
94615  -41.617  28.811  4.470 0.0000000000
91074  -42.696  22.917  17.894 0.0000000000
90278  -43.565  22.629  18.296 0.0000000000
91046  -48.204  23.138  20.492 0.0000000000
91829  -46.549  23.814  20.718 0.0000000000
91037  -48.982  23.866  20.644 0.0000000000
91815  -49.674  24.740  20.584 0.0000000000
93212  -49.521  26.048  20.490 0.0000000000
103623  -31.313  43.448  8.283 0.0000000000
104149  -32.808  43.958  9.289 0.0000000000
103635  -31.762  43.069  7.865 0.0000000000
103634  -31.058  42.972  7.932 0.0000000000
102576  -31.886  41.736  7.534 0.0000000000
102086  -32.572  40.214  7.455 0.0000000000
100958  -33.521  38.947  7.198 0.0000000000
101559  -34.485  39.130  7.102 0.0000000000
100964  -35.598  38.840  6.500 0.0000000000
101561  -36.711  39.387  6.613 0.0000000000
102100  -35.935  39.889  7.259 0.0000000000
101569  -37.093  39.130  6.034 0.0000000000
101570  -37.886  39.516  5.783 0.0000000000
101571  -38.849  39.566  5.477 0.0000000000
101580  -39.661  39.201  4.826 0.0000000000
103083  -35.641  43.583  7.751 0.0000000000
103074  -36.251  43.229  7.919 0.0000000000
102582  -37.658  42.224  8.425 0.0000000000
102093  -39.515  41.107  8.764 0.0000000000
102584  -40.084  42.358  8.996 0.0000000000
101572  -40.240  39.477  5.872 0.0000000000
101581  -41.129  39.051  5.276 0.0000000000
100979  -41.721  38.661  4.833 0.0000000000
126390  -41.913  37.812  3.787 0.0000000000
129133  -43.515  37.728  4.494 0.0000000000
100452  -43.624  36.823  3.571 0.0000000000
99863  -45.105  36.310  3.321 0.0000000000
99276  -44.716  35.589  1.744 0.0000000000
99288  -45.135  35.253  1.027 0.0000000000
102114  -43.011  40.953  4.670 0.0000000000
119972  -44.590  40.113  4.803 0.0000000000
101590  -45.560  39.444  4.835 0.0000000000
101003  -44.188  38.658  2.713 0.0000000000
132079  -45.637  38.511  4.265 0.0000000000
100454  -46.169  36.921  3.594 0.0000000000
99277  -46.210  35.653  2.178 0.0000000000
123655  -45.366  34.892  0.211 0.0000000000
98716  -45.647  34.534  -0.764 0.0000000000
98723  -45.539  34.248  -1.700 0.0000000000
98103  -45.263  33.862  -3.167 0.0000000000
129662  -45.708  35.440  -1.758 0.0000000000
98733  -45.049  34.419  -3.279 0.0000000000
98102  -44.884  33.678  -3.519 0.0000000000
98100  -43.797  32.902  -3.645 0.0000000000
98095  -42.834  32.775  -3.159 0.0000000000
99905  -43.678  36.933  -2.524 0.0000000000
99904  -42.985  36.504  -2.314 0.0000000000
102634  -44.888  41.507  -0.370 0.0000000000
102643  -45.086  41.430  -0.749 0.0000000000
130015  -44.685  40.279  -1.350 0.0000000000
93204  -40.265  26.589  20.888 0.0000000000
94441  -40.077  28.171  20.568 0.0000000000
93812  -40.610  27.494  20.818 0.0000000000
93205  -41.197  26.693  20.888 0.0000000000
93206  -42.143  26.887  20.814 0.0000000000
115617  -43.058  27.124  20.856 0.0000000000
95196  -40.357  29.532  17.617 0.0000000000
95165  -41.879  29.373  19.381 0.0000000000
95181  -42.411  29.848  18.799 0.0000000000
94460  -42.282  29.154  20.089 0.0000000000
114974  -43.863  27.306  21.064 0.0000000000
93208  -44.685  26.847  21.251 0.0000000000
118243  -45.687  28.270  20.551 0.0000000000
93817  -46.695  27.691  20.766 0.0000000000
93819  -48.091  27.330  20.516 0.0000000000
93221  -49.200  26.691  20.062 0.0000000000
97968  -38.588  34.150  11.200 0.0000000000
128433  -39.084  34.130  11.691 0.0000000000
97955  -40.073  33.785  12.392 0.0000000000
127813  -39.787  35.888  3.397 0.0000000000
98675  -39.655  34.651  3.780 0.0000000000
132158  -40.758  33.171  3.575 0.0000000000
127547  -40.375  33.623  3.912 0.0000000000
98668  -39.268  34.465  4.493 0.0000000000
98033  -39.749  34.016  4.989 0.0000000000
98023  -39.725  34.049  5.884 0.0000000000
98011  -39.868  34.166  6.869 0.0000000000
118025  -42.769  31.279  5.590 0.0000000000
96735  -41.996  31.873  5.727 0.0000000000
96715  -43.416  31.738  7.007 0.0000000000
97390  -42.559  32.226  7.113 0.0000000000
97402  -41.501  32.608  6.199 0.0000000000
98025  -41.068  33.280  6.728 0.0000000000
98012  -40.584  33.918  7.300 0.0000000000
98631  -40.067  34.461  7.765 0.0000000000
133377  -40.197  34.741  8.452 0.0000000000
98616  -40.656  34.926  9.010 0.0000000000
98598  -40.295  35.079  9.635 0.0000000000
98600  -42.129  35.244  9.755 0.0000000000
98586  -40.743  35.143  10.393 0.0000000000
98573  -40.236  34.717  11.156 0.0000000000
97970  -40.631  34.394  11.904 0.0000000000
123283  -40.873  32.859  12.835 0.0000000000
97341  -42.213  32.231  12.975 0.0000000000
136979  -43.334  33.110  12.589 0.0000000000
132179  -43.125  32.451  12.947 0.0000000000
96677  -42.927  31.670  13.488 0.0000000000
96661  -43.272  31.055  14.194 0.0000000000
97961  -45.970  33.503  11.834 0.0000000000
97355  -45.985  32.976  12.532 0.0000000000
97344  -45.886  32.490  13.356 0.0000000000
96680  -46.789  31.846  13.935 0.0000000000
130508  -46.390  32.063  13.905 0.0000000000
121565  -45.674  32.033  14.108 0.0000000000
96663  -45.333  31.493  14.879 0.0000000000
96646  -45.331  31.094  15.628 0.0000000000
95940  -45.594  30.320  16.797 0.0000000000
95199  -45.788  30.022  17.767 0.0000000000
118095  -46.408  29.616  18.346 0.0000000000
95200  -46.369  29.933  17.471 0.0000000000
94477  -46.884  29.156  19.107 0.0000000000
122091  -49.123  27.122  19.236 0.0000000000
92545  -49.462  26.345  19.474 0.0000000000
92551  -47.331  26.008  18.231 0.0000000000
93228  -45.276  25.957  17.474 0.0000000000
94507  -47.043  28.205  14.604 0.0000000000
135055  -45.425  27.766  15.557 0.0000000000
129014  -45.142  27.427  16.257 0.0000000000
93237  -44.482  26.372  16.938 0.0000000000
134786  -44.014  25.964  16.814 0.0000000000
92555  -43.620  25.463  16.502 0.0000000000
113900  -45.025  29.293  9.155 0.0000000000
95337  -44.267  28.934  8.376 0.0000000000
95307  -44.605  29.483  9.997 0.0000000000
95289  -44.172  29.391  10.701 0.0000000000
95264  -43.702  29.190  11.321 0.0000000000
94575  -43.099  28.868  11.920 0.0000000000
95319  -41.458  29.576  8.714 0.0000000000
132491  -42.497  29.287  10.682 0.0000000000
95263  -42.391  28.962  11.468 0.0000000000
94549  -42.699  28.608  12.715 0.0000000000
94522  -42.275  28.344  13.424 0.0000000000
94502  -41.872  27.997  14.057 0.0000000000
94501  -41.017  27.886  13.984 0.0000000000
91062  -49.670  23.625  19.511 0.0000000000
92533  -49.204  25.590  20.908 0.0000000000
92534  -49.892  25.478  20.357 0.0000000000
93222  -49.791  25.996  20.073 0.0000000000
93854  -43.106  26.760  15.947 0.0000000000
93932  -44.579  27.627  4.481 0.0000000000
93949  -47.275  26.958  1.452 0.0000000000
93968  -44.635  27.132  -1.188 0.0000000000
93976  -42.305  27.795  -1.740 0.0000000000
93979  -45.196  27.599  -2.302 0.0000000000
94462  -45.919  29.088  19.839 0.0000000000
94526  -46.997  28.509  13.830 0.0000000000
94593  -49.605  28.872  6.789 0.0000000000
94602  -49.609  28.772  5.707 0.0000000000
94618  -48.188  28.489  4.183 0.0000000000
94641  -41.693  28.134  1.348 0.0000000000
94642  -42.472  27.761  1.207 0.0000000000
94652  -46.672  26.908  0.154 0.0000000000
94658  -41.417  28.124  -1.275 0.0000000000
94680  -43.238  28.192  -2.766 0.0000000000
94691  -44.692  28.801  -3.719 0.0000000000
95157  -44.259  29.197  20.224 0.0000000000
95182  -43.204  30.126  18.972 0.0000000000
95335  -42.395  29.157  7.524 0.0000000000
95339  -49.533  29.241  7.124 0.0000000000
95348  -49.614  29.322  5.557 0.0000000000
95402  -46.581  28.251  1.200 0.0000000000
95415  -40.166  29.054  -1.311 0.0000000000
95930  -45.565  30.088  17.367 0.0000000000
96030  -49.551  29.667  6.454 0.0000000000
96130  -43.783  30.568  -4.142 0.0000000000
96131  -44.961  30.106  -4.092 0.0000000000
96693  -47.557  31.611  10.508 0.0000000000
96726  -43.436  31.258  6.185 0.0000000000
96740  -41.663  31.823  4.891 0.0000000000
96748  -41.757  31.371  3.712 0.0000000000
96758  -41.510  31.666  3.218 0.0000000000
96765  -41.648  31.561  2.489 0.0000000000
96804  -45.146  30.749  -3.881 0.0000000000
96810  -44.782  31.289  -4.025 0.0000000000
97367  -47.416  32.165  9.811 0.0000000000
97373  -46.371  33.153  9.551 0.0000000000
97391  -43.882  32.170  7.706 0.0000000000
97403  -42.098  32.208  6.497 0.0000000000
97432  -41.005  33.051  2.976 0.0000000000
97440  -42.095  32.414  1.273 0.0000000000
97476  -43.402  31.914  -3.629 0.0000000000
97997  -44.987  33.622  9.678 0.0000000000
98040  -39.923  34.084  4.251 0.0000000000
98083  -45.316  34.013  -1.314 0.0000000000
98091  -45.360  33.653  -1.926 0.0000000000
98096  -43.333  33.726  -3.274 0.0000000000
98097  -45.370  33.577  -2.663 0.0000000000
98101  -44.135  33.755  -3.616 0.0000000000
98578  -44.986  34.304  10.899 0.0000000000
98588  -42.699  35.523  10.469 0.0000000000
98590  -44.315  34.803  10.626 0.0000000000
98599  -41.199  35.191  9.693 0.0000000000
98676  -40.282  34.572  3.275 0.0000000000
98694  -43.676  34.805  0.977 0.0000000000
98728  -45.407  34.304  -2.617 0.0000000000
99258  -40.616  35.182  2.906 0.0000000000
99289  -46.155  35.358  1.191 0.0000000000
99290  -46.312  35.512  1.013 0.0000000000
99304  -44.482  35.661  -2.932 0.0000000000
99311  -44.595  34.977  -3.231 0.0000000000
99848  -40.131  36.693  3.356 0.0000000000
99877  -45.929  35.873  3.029 0.0000000000
99878  -46.445  36.043  2.868 0.0000000000
100436  -39.159  37.919  3.946 0.0000000000
100446  -40.662  37.703  3.506 0.0000000000
100485  -45.061  37.892  -1.794 0.0000000000
100486  -45.592  37.186  -0.951 0.0000000000
100978  -40.403  38.734  4.386 0.0000000000
100993  -43.182  38.353  4.922 0.0000000000
100994  -45.066  38.247  5.103 0.0000000000
100995  -45.953  38.301  4.676 0.0000000000
101019  -44.892  38.106  0.889 0.0000000000
101047  -43.911  38.265  -2.336 0.0000000000
101555  -33.223  39.740  7.403 0.0000000000
101556  -34.897  39.900  7.380 0.0000000000
101578  -38.142  39.230  5.062 0.0000000000
101591  -46.029  38.987  4.854 0.0000000000
101612  -42.833  39.348  1.827 0.0000000000
101622  -44.000  39.538  0.390 0.0000000000
102088  -34.353  40.679  7.417 0.0000000000
102107  -44.996  41.502  7.879 0.0000000000
102152  -44.501  40.614  -0.163 0.0000000000
102162  -44.935  40.796  -0.691 0.0000000000
102163  -45.044  40.751  -0.979 0.0000000000
102579  -34.574  41.731  7.411 0.0000000000
102586  -43.080  42.809  8.711 0.0000000000
102589  -44.095  42.745  8.117 0.0000000000
102590  -45.036  42.014  7.905 0.0000000000
103066  -30.641  42.550  7.985 0.0000000000
103069  -31.296  42.354  7.747 0.0000000000
103073  -34.999  42.806  7.551 0.0000000000
103075  -37.074  43.295  8.137 0.0000000000
103078  -40.507  43.189  8.651 0.0000000000
103079  -41.826  43.383  8.612 0.0000000000
103085  -36.598  43.698  7.763 0.0000000000
103088  -41.876  43.577  7.740 0.0000000000
103089  -43.194  43.183  7.417 0.0000000000
103624  -32.228  43.578  8.283 0.0000000000
104125  -33.600  44.711  11.244 0.0000000000
104139  -36.138  45.170  10.916 0.0000000000
104147  -30.899  43.802  8.828 0.0000000000
104148  -31.699  43.961  8.986 0.0000000000
104649  -34.271  45.018  11.381 0.0000000000
104655  -35.447  45.156  11.357 0.0000000000
105108  -36.069  46.289  12.010 0.0000000000
114506  -42.241  28.512  4.330 0.0000000000
114624  -45.567  39.914  6.144 0.0000000000
114933  -45.411  28.505  -3.017 0.0000000000
115883  -45.236  33.330  -3.276 0.0000000000
116276  -47.000  26.678  1.134 0.0000000000
117037  -46.884  26.734  0.523 0.0000000000
119669  -46.100  36.556  0.421 0.0000000000
120140  -47.641  27.805  4.143 0.0000000000
120833  -45.216  28.756  -3.430 0.0000000000
122020  -43.902  28.545  13.946 0.0000000000
122774  -45.156  36.050  -2.480 0.0000000000
123028  -30.601  41.964  7.911 0.0000000000
123346  -35.347  44.327  8.676 0.0000000000
123410  -35.097  41.199  7.438 0.0000000000
124208  -42.534  30.728  -3.333 0.0000000000
125184  -43.735  31.905  -0.645 0.0000000000
125545  -44.528  33.050  -3.688 0.0000000000
126122  -45.435  30.737  -3.292 0.0000000000
126123  -41.380  33.034  2.274 0.0000000000
126872  -33.334  42.006  7.440 0.0000000000
127050  -46.028  35.566  -0.807 0.0000000000
127388  -41.500  31.793  4.154 0.0000000000
127811  -45.183  34.047  11.411 0.0000000000
127818  -46.327  28.497  7.581 0.0000000000
129130  -49.231  29.520  4.916 0.0000000000
129200  -49.381  29.850  7.323 0.0000000000
129447  -44.158  29.739  -4.125 0.0000000000
134364  -41.754  32.995  1.654 0.0000000000
134760  -45.616  34.695  -0.289 0.0000000000
135200  -45.884  30.514  16.305 0.0000000000
136076  -34.963  40.511  7.433 0.0000000000
136851  -47.355  28.327  2.466 0.0000000000
136906  -41.242  28.673  12.319 0.0000000000
137004  -41.279  26.121  14.837 0.0000000000
137010  -43.434  31.367  -0.453 0.0000000000
137060  -41.457  41.310  4.232 0.0000000000
137274  -45.402  32.235  7.867 0.0000000000
