#!ascii label  , from subject sub-v1s18x0051201_ses-1 vox2ras=TkReg
1007
13305  39.187  -62.387  -29.193 0.3000000119
22014  40.016  -53.019  -30.524 0.6000000238
24178  38.427  -51.111  -33.600 0.6999999881
14297  40.087  -61.474  -29.335 0.4000000060
18018  40.685  -57.068  -25.573 0.4000000060
13304  40.052  -62.545  -28.922 0.5000000000
127381  39.746  -62.702  -28.200 0.5000000000
20935  41.028  -53.273  -29.731 0.6999999881
22024  39.339  -53.422  -31.758 0.6999999881
20942  40.242  -53.631  -31.561 0.5000000000
22038  40.239  -53.263  -33.627 0.6000000238
23100  38.725  -52.331  -33.785 0.6000000238
117758  39.245  -51.251  -33.833 0.6999999881
24172  38.230  -50.134  -32.948 0.6999999881
15252  40.745  -59.746  -28.812 0.5000000000
14296  40.955  -61.015  -28.901 0.6000000238
18937  41.067  -55.680  -26.214 0.4000000060
19910  41.907  -54.815  -27.677 0.5000000000
15251  41.423  -60.858  -28.274 0.6000000238
19911  41.106  -54.413  -27.316 0.6000000238
20934  41.701  -53.780  -29.009 0.6000000238
14282  41.492  -61.989  -27.984 0.6000000238
121215  41.718  -53.760  -30.071 0.6000000238
20951  40.454  -54.028  -32.849 0.6000000238
22037  40.908  -53.649  -33.151 0.6000000238
120916  42.017  -51.097  -33.639 0.6999999881
23107  40.718  -52.020  -34.083 0.6999999881
24183  41.259  -51.101  -33.916 0.6999999881
24177  40.254  -50.872  -33.892 0.6999999881
25199  40.051  -49.324  -32.273 0.6999999881
121032  41.053  -50.387  -33.460 0.6999999881
25207  41.473  -49.815  -32.877 0.6999999881
25198  41.043  -49.289  -32.207 0.6999999881
26260  42.934  -48.982  -32.383 0.6999999881
16176  39.786  -58.448  -26.321 0.5000000000
120401  40.379  -58.375  -25.901 0.5000000000
15245  41.326  -59.932  -27.769 0.5000000000
19902  41.590  -55.194  -26.962 0.5000000000
19918  42.179  -54.471  -28.408 0.6000000238
14268  42.104  -62.128  -27.108 0.6000000238
15244  41.973  -61.228  -27.301 0.5000000000
15235  43.125  -60.944  -25.580 0.5000000000
20940  41.636  -53.795  -31.042 0.6999999881
20947  40.875  -53.979  -31.957 0.6000000238
20941  40.975  -53.607  -30.877 0.6999999881
22042  42.049  -52.292  -33.394 0.6000000238
119459  41.574  -53.108  -32.850 0.6000000238
23105  42.482  -51.503  -33.477 0.6000000238
23106  41.591  -51.763  -33.755 0.6000000238
134551  42.925  -50.572  -33.398 0.6000000238
24176  41.859  -50.476  -33.364 0.6999999881
26254  40.616  -48.807  -31.538 0.6999999881
136781  44.197  -49.311  -33.445 0.6000000238
25197  42.021  -49.198  -32.157 0.6999999881
26253  41.487  -48.662  -31.594 0.6999999881
25205  43.447  -49.580  -33.120 0.6999999881
18017  41.518  -56.701  -25.855 0.4000000060
16184  41.243  -59.344  -26.735 0.5000000000
17109  40.992  -57.944  -25.776 0.4000000060
18936  42.026  -56.056  -26.616 0.5000000000
16175  41.587  -59.102  -26.011 0.4000000060
19922  42.423  -54.149  -29.303 0.6000000238
15236  42.446  -60.606  -26.367 0.4000000060
123236  42.344  -58.625  -25.867 0.4000000060
16174  42.748  -59.948  -25.848 0.4000000060
17107  43.594  -58.698  -25.684 0.4000000060
19926  42.195  -53.886  -30.286 0.6999999881
20946  41.663  -53.832  -31.726 0.6000000238
20949  41.968  -53.618  -32.202 0.6000000238
23098  42.953  -51.992  -33.244 0.6000000238
22036  42.432  -52.731  -32.675 0.6000000238
24182  43.846  -50.589  -33.431 0.6000000238
26245  41.013  -48.242  -30.993 0.6999999881
26252  42.329  -48.421  -31.771 0.6999999881
26259  43.868  -48.633  -32.979 0.6000000238
17108  41.520  -57.498  -25.777 0.4000000060
18032  42.505  -56.758  -26.255 0.4000000060
18016  42.644  -57.614  -25.966 0.4000000060
19925  42.854  -54.084  -29.995 0.8000000119
16172  44.009  -59.374  -25.175 0.5000000000
20939  42.399  -53.868  -30.955 0.6999999881
22030  42.822  -53.230  -31.965 0.6000000238
23097  43.698  -51.630  -33.052 0.5000000000
22035  43.498  -52.366  -32.475 0.6000000238
27256  41.257  -47.484  -30.729 0.6999999881
25212  46.351  -48.779  -34.123 0.6000000238
25210  44.786  -49.435  -33.644 0.6000000238
27261  42.489  -47.479  -31.592 0.8000000119
27262  41.925  -47.000  -31.062 0.8000000119
26263  45.522  -49.005  -34.025 0.6000000238
26264  44.675  -48.852  -33.731 0.6000000238
18942  43.397  -55.987  -27.662 0.5000000000
19909  42.717  -55.160  -27.993 0.6000000238
18037  43.596  -56.484  -27.064 0.5000000000
18029  44.509  -56.297  -26.435 0.6999999881
17121  44.179  -57.431  -26.018 0.4000000060
20938  43.384  -53.900  -30.558 0.6999999881
121393  43.774  -53.009  -31.668 0.6999999881
22034  44.509  -51.603  -32.539 0.6000000238
135901  44.322  -52.315  -31.903 0.6000000238
24175  45.155  -50.767  -32.992 0.6000000238
28219  41.342  -46.581  -30.617 0.6000000238
24181  44.712  -50.153  -33.455 0.6000000238
27266  43.174  -47.016  -32.060 0.6999999881
28223  42.516  -46.502  -31.529 0.6999999881
26266  45.934  -48.253  -34.356 0.6999999881
27269  45.187  -47.708  -34.007 0.6999999881
27265  43.869  -47.570  -32.746 0.6999999881
18941  44.246  -55.688  -27.621 0.5000000000
18945  43.752  -55.329  -28.125 0.6000000238
19917  43.001  -54.795  -28.626 0.6000000238
19900  44.745  -55.159  -26.866 0.6999999881
18035  44.672  -55.546  -27.101 0.6000000238
19921  43.342  -54.469  -29.231 0.6999999881
19887  44.510  -55.528  -26.241 0.6999999881
18015  44.455  -56.602  -25.414 0.6999999881
20937  44.391  -53.806  -30.229 0.6999999881
20943  44.073  -53.512  -30.998 0.6999999881
23094  45.054  -51.839  -31.627 0.5000000000
22029  44.756  -52.696  -31.161 0.6000000238
29240  40.632  -45.060  -30.159 0.5000000000
25204  46.186  -49.616  -32.961 0.6000000238
23096  45.434  -51.097  -32.143 0.6000000238
28224  41.898  -46.028  -31.066 0.6000000238
29239  41.293  -45.549  -30.584 0.5000000000
25203  46.537  -48.948  -33.589 0.6000000238
24180  45.635  -49.980  -33.256 0.6000000238
28228  43.788  -46.556  -32.627 0.6000000238
29243  42.455  -45.492  -31.545 0.5000000000
30246  42.746  -44.101  -32.366 0.5000000000
26262  46.933  -48.459  -34.061 0.6999999881
26265  46.681  -48.258  -34.365 0.6999999881
28231  45.884  -47.349  -34.496 0.6999999881
28227  44.500  -47.122  -33.288 0.6999999881
29253  44.249  -45.106  -33.192 0.5000000000
133057  47.246  -47.294  -34.925 0.6999999881
29256  45.768  -45.884  -34.521 0.6000000238
19920  44.402  -54.420  -29.131 0.6000000238
19908  44.786  -54.737  -27.521 0.6999999881
19915  45.020  -54.239  -28.317 0.6000000238
20918  44.301  -53.626  -27.569 0.6999999881
20933  44.907  -53.831  -29.700 0.6999999881
22028  45.358  -52.058  -30.901 0.6999999881
20936  45.083  -53.383  -29.995 0.6999999881
23093  45.438  -51.297  -31.228 0.6000000238
30233  41.148  -44.485  -30.698 0.4000000060
24170  45.650  -50.577  -31.841 0.5000000000
31282  42.030  -43.668  -32.044 0.4000000060
123474  47.254  -48.005  -34.012 0.6000000238
26256  46.801  -48.474  -33.509 0.6000000238
29248  43.689  -45.540  -32.587 0.5000000000
29249  42.979  -45.013  -32.106 0.5000000000
29252  45.041  -45.713  -33.867 0.5000000000
30249  44.669  -44.630  -33.814 0.4000000060
120063  47.577  -47.062  -34.824 0.6000000238
29255  47.176  -45.787  -35.295 0.6999999881
28236  46.603  -46.706  -34.988 0.6000000238
30252  46.787  -44.782  -35.239 0.5000000000
20926  45.062  -53.707  -28.515 0.6999999881
19914  45.158  -53.849  -28.891 0.6999999881
20919  43.353  -53.096  -27.321 0.6999999881
21985  43.717  -52.796  -27.807 0.6999999881
22012  45.243  -52.953  -29.660 0.6000000238
23084  45.373  -52.332  -29.878 0.6000000238
25196  45.594  -49.159  -31.620 0.6000000238
127080  45.237  -50.214  -30.901 0.5000000000
25195  46.050  -49.493  -32.318 0.6000000238
27263  46.977  -47.835  -33.314 0.6000000238
124129  46.536  -48.297  -32.703 0.6000000238
30250  43.930  -44.173  -33.366 0.4000000060
31291  43.210  -43.735  -33.011 0.5000000000
31292  42.408  -43.525  -32.859 0.4000000060
28234  47.844  -46.581  -34.554 0.6000000238
31300  43.464  -43.386  -33.668 0.4000000060
28237  48.006  -45.839  -35.304 0.6000000238
29260  47.691  -45.029  -35.473 0.5000000000
21999  44.122  -52.424  -28.372 0.6999999881
21998  44.861  -52.902  -28.737 0.6000000238
23058  43.336  -51.926  -27.933 0.6999999881
23086  44.198  -51.176  -29.267 0.6000000238
23085  45.082  -51.691  -29.744 0.6000000238
23059  42.637  -51.461  -27.438 0.6999999881
24160  44.604  -50.831  -29.879 0.5000000000
27259  45.828  -47.793  -31.885 0.6000000238
26251  45.185  -48.307  -31.250 0.6000000238
26250  46.059  -48.745  -32.119 0.6000000238
27264  46.409  -47.390  -32.462 0.5000000000
28230  47.468  -46.536  -33.563 0.6000000238
29254  48.281  -45.873  -34.936 0.6000000238
30256  48.260  -44.426  -35.456 0.5000000000
24156  42.722  -50.210  -28.424 0.6999999881
24155  43.444  -50.671  -28.822 0.6999999881
25190  44.187  -49.171  -30.279 0.6000000238
26243  44.298  -48.389  -30.478 0.5000000000
28221  45.711  -46.862  -31.771 0.6000000238
27260  45.104  -47.265  -31.205 0.6000000238
29246  46.353  -45.491  -32.375 0.6000000238
30242  47.822  -45.017  -33.767 0.6000000238
30255  48.608  -44.661  -35.115 0.5000000000
135009  42.810  -60.658  -24.724 0.5000000000
130473  44.115  -59.349  -24.880 0.5000000000
136160  42.864  -59.171  -24.254 0.5000000000
124652  43.715  -59.271  -24.747 0.5000000000
17998  44.144  -56.937  -24.763 0.6999999881
18904  43.081  -56.071  -24.581 0.6999999881
17095  43.666  -57.634  -24.462 0.5000000000
17085  42.714  -57.444  -24.058 0.5000000000
18921  44.330  -55.912  -25.584 0.6999999881
18922  43.455  -55.542  -25.162 0.6999999881
20909  43.550  -53.797  -26.863 0.6999999881
13293  38.503  -62.340  -28.374 0.3000000119
24171  39.344  -50.049  -33.284 0.6999999881
20952  39.734  -53.890  -33.186 0.6000000238
25208  40.504  -49.838  -33.094 0.6999999881
26246  40.216  -48.439  -30.878 0.6999999881
17105  44.333  -57.636  -25.498 0.6000000238
23103  44.236  -51.022  -33.296 0.6000000238
28229  43.137  -46.010  -32.005 0.6000000238
29251  45.669  -46.510  -34.412 0.6999999881
29244  41.820  -44.987  -31.099 0.5000000000
30241  41.568  -44.058  -31.360 0.5000000000
30253  45.913  -44.448  -34.742 0.5000000000
24166  45.222  -50.969  -30.538 0.5000000000
23073  43.751  -51.545  -28.577 0.6999999881
25189  44.948  -49.308  -30.917 0.5000000000
29245  47.229  -45.681  -33.195 0.6000000238
29250  48.243  -45.605  -34.589 0.6000000238
24161  43.911  -50.325  -29.521 0.6000000238
28226  46.306  -46.484  -32.334 0.6000000238
25182  43.721  -49.495  -29.746 0.5000000000
19875  41.701  -54.624  -24.210 0.6000000238
21926  38.684  -52.781  -22.206 0.6000000238
21908  38.143  -52.167  -21.876 0.4000000060
20870  40.471  -53.721  -23.442 0.5000000000
19874  42.497  -55.104  -24.670 0.6000000238
21987  40.206  -52.809  -28.156 0.5000000000
21909  37.662  -52.510  -21.310 0.4000000060
20927  40.950  -53.291  -28.618 0.5000000000
22001  39.468  -52.395  -28.683 0.5000000000
19849  40.025  -54.057  -22.912 0.5000000000
22949  37.516  -51.666  -21.461 0.4000000060
22000  40.250  -52.673  -29.216 0.5000000000
22025  38.785  -52.957  -30.953 0.5000000000
21925  39.266  -52.646  -22.785 0.6000000238
20869  41.084  -54.172  -23.781 0.5000000000
19889  42.811  -54.682  -25.348 0.6000000238
24050  36.151  -50.276  -20.542 0.4000000060
24039  35.681  -50.628  -19.364 0.4000000060
22982  38.680  -51.875  -22.596 0.4000000060
22017  37.014  -52.858  -30.494 0.5000000000
21941  39.737  -52.458  -23.395 0.5000000000
22016  38.204  -52.648  -30.163 0.5000000000
22026  36.585  -53.192  -31.832 0.5000000000
20884  41.423  -53.811  -24.357 0.6000000238
20899  41.670  -53.404  -24.922 0.6000000238
20897  43.125  -54.287  -26.093 0.6000000238
22039  39.228  -53.274  -33.581 0.5000000000
23095  36.557  -52.268  -32.702 0.5000000000
22027  35.968  -53.069  -31.195 0.4000000060
21953  40.752  -52.722  -24.330 0.5000000000
21940  40.318  -52.945  -23.697 0.5000000000
21952  41.280  -52.695  -24.924 0.6000000238
23048  41.659  -51.599  -26.183 0.6000000238
20898  42.302  -53.782  -25.463 0.6000000238
23047  42.343  -51.901  -26.754 0.6000000238
21974  42.726  -52.827  -26.799 0.6000000238
22983  37.943  -51.307  -22.158 0.4000000060
24067  36.645  -50.323  -21.260 0.4000000060
135353  36.901  -51.368  -33.071 0.5000000000
24173  36.376  -50.839  -32.631 0.5000000000
24168  35.521  -50.833  -32.139 0.4000000060
23102  37.187  -52.316  -33.166 0.6000000238
23092  35.347  -52.144  -31.434 0.4000000060
23001  39.567  -51.739  -23.692 0.6000000238
23018  40.684  -51.935  -24.838 0.6000000238
24137  41.225  -50.806  -26.246 0.6000000238
120131  35.611  -49.109  -19.697 0.4000000060
121054  37.323  -50.402  -32.719 0.5000000000
24167  36.307  -50.008  -31.831 0.4000000060
25186  35.041  -49.945  -30.597 0.4000000060
24096  38.740  -50.503  -23.641 0.6000000238
24081  38.347  -50.865  -22.896 0.4000000060
24111  39.640  -50.605  -24.616 0.6000000238
22981  39.252  -52.012  -23.134 0.6000000238
23019  39.937  -51.420  -24.370 0.5000000000
24123  40.579  -50.500  -25.723 0.6000000238
24124  39.927  -50.156  -25.263 0.5000000000
23060  41.918  -50.981  -26.889 0.6000000238
25080  35.592  -49.315  -18.964 0.4000000060
25114  36.861  -49.854  -21.838 0.4000000060
25201  37.964  -49.582  -32.042 0.6000000238
25193  36.897  -49.438  -31.066 0.5000000000
25185  35.897  -49.283  -29.983 0.5000000000
25187  34.278  -49.989  -30.088 0.5000000000
24097  38.009  -49.755  -23.309 0.4000000060
24082  37.618  -50.317  -22.422 0.4000000060
25142  38.662  -49.680  -24.125 0.5000000000
139328  39.694  -49.494  -25.434 0.5000000000
25158  39.825  -48.978  -25.892 0.5000000000
25156  41.188  -49.609  -26.937 0.6000000238
24146  41.775  -50.113  -27.278 0.6000000238
24145  42.375  -50.598  -27.660 0.6000000238
26161  36.088  -48.017  -21.455 0.4000000060
26147  35.887  -48.694  -20.945 0.4000000060
27168  35.921  -47.905  -20.608 0.4000000060
27156  35.964  -47.862  -19.747 0.4000000060
26255  39.831  -48.882  -31.509 0.6000000238
26172  36.504  -48.179  -22.280 0.4000000060
25125  36.403  -48.900  -21.730 0.4000000060
26249  37.540  -48.764  -30.411 0.6000000238
26241  36.549  -48.635  -29.327 0.5000000000
26242  35.762  -48.837  -29.089 0.4000000060
25133  37.565  -48.825  -23.309 0.4000000060
25141  39.286  -49.734  -24.817 0.5000000000
25157  40.506  -49.094  -26.511 0.5000000000
25167  41.006  -48.813  -27.259 0.6000000238
25165  42.090  -49.783  -28.004 0.6000000238
25176  42.473  -49.260  -28.696 0.6000000238
119721  36.207  -47.234  -21.068 0.4000000060
26247  39.263  -48.627  -30.924 0.6000000238
26248  38.374  -48.630  -30.604 0.6000000238
26240  37.368  -48.446  -29.540 0.5000000000
26235  34.583  -48.636  -28.162 0.5000000000
132935  37.006  -47.582  -23.325 0.4000000060
25132  38.078  -48.835  -24.035 0.4000000060
137504  38.359  -48.412  -24.667 0.5000000000
27218  39.623  -47.797  -26.317 0.5000000000
26230  41.434  -48.561  -27.932 0.5000000000
121281  36.286  -47.224  -20.222 0.4000000060
26238  39.017  -48.191  -30.026 0.6000000238
26231  37.942  -47.895  -28.989 0.5000000000
27248  36.756  -47.531  -28.005 0.5000000000
26197  38.817  -48.395  -25.184 0.5000000000
27217  40.031  -47.680  -26.841 0.4000000060
27245  41.439  -47.792  -28.174 0.4000000060
26229  42.025  -48.364  -28.539 0.4000000060
26237  42.581  -48.533  -29.078 0.6000000238
26244  43.640  -48.692  -29.915 0.4000000060
29131  37.020  -45.789  -21.083 0.4000000060
28146  36.539  -46.604  -22.383 0.4000000060
27258  39.839  -48.060  -30.245 0.6000000238
28153  36.806  -46.751  -23.264 0.4000000060
139272  40.828  -47.128  -30.352 0.5000000000
27253  38.736  -47.700  -29.322 0.5000000000
27246  38.371  -47.130  -28.702 0.5000000000
27228  37.048  -46.736  -27.775 0.4000000060
28216  39.134  -46.921  -29.140 0.4000000060
27208  39.172  -47.488  -25.984 0.5000000000
128904  39.610  -47.171  -26.577 0.5000000000
28184  40.636  -46.342  -27.715 0.6000000238
27244  41.953  -47.579  -28.619 0.4000000060
27250  42.470  -47.818  -29.089 0.4000000060
27255  43.876  -47.323  -30.232 0.4000000060
28204  41.658  -46.324  -28.528 0.5000000000
28220  40.640  -46.253  -30.124 0.5000000000
28215  39.858  -46.613  -29.600 0.6000000238
29230  40.039  -45.542  -29.652 0.4000000060
28213  43.611  -46.623  -30.039 0.5000000000
27254  44.499  -47.619  -30.660 0.5000000000
29217  41.617  -45.540  -28.591 0.5000000000
138282  41.162  -46.556  -28.111 0.5000000000
28203  42.265  -46.915  -28.975 0.5000000000
28214  42.905  -46.378  -29.520 0.5000000000
29164  36.719  -45.884  -22.825 0.4000000060
30243  46.957  -44.759  -32.849 0.5000000000
28222  45.038  -46.366  -31.206 0.4000000060
28217  44.387  -46.737  -30.597 0.5000000000
29229  42.778  -45.538  -29.487 0.5000000000
30207  42.136  -45.161  -29.051 0.5000000000
30221  39.941  -44.561  -29.804 0.4000000060
30244  46.172  -44.407  -32.170 0.4000000060
29241  45.651  -45.948  -31.744 0.5000000000
30238  45.569  -45.007  -31.713 0.5000000000
30231  44.402  -45.104  -30.780 0.5000000000
29242  44.978  -45.499  -31.250 0.5000000000
29228  43.424  -45.881  -29.913 0.5000000000
30232  43.803  -44.673  -30.413 0.5000000000
30239  44.861  -44.629  -31.246 0.4000000060
22041  37.625  -53.114  -33.124 0.5000000000
25200  39.013  -49.323  -32.050 0.6000000238
20921  40.676  -53.622  -27.709 0.5000000000
25175  43.169  -49.827  -29.130 0.6000000238
126054  43.663  -47.938  -30.028 0.4000000060
116529  37.597  -53.147  -31.417 0.5000000000
22032  38.188  -53.390  -32.373 0.5000000000
22033  37.146  -53.201  -32.595 0.5000000000
24169  34.807  -50.803  -31.574 0.4000000060
24095  39.320  -51.000  -23.977 0.6000000238
25202  37.081  -49.788  -31.949 0.6000000238
25194  35.864  -49.814  -31.082 0.4000000060
25124  37.163  -49.151  -22.557 0.4000000060
25191  38.452  -48.979  -31.393 0.6000000238
25192  37.719  -49.149  -31.237 0.6000000238
25184  36.685  -48.997  -30.249 0.5000000000
25178  34.956  -49.167  -28.983 0.5000000000
24157  33.481  -50.426  -29.776 0.5000000000
26234  35.457  -48.386  -28.243 0.5000000000
26239  38.199  -48.296  -29.759 0.5000000000
26233  36.312  -48.224  -28.427 0.5000000000
26232  37.136  -48.084  -28.690 0.5000000000
26214  40.926  -48.029  -27.621 0.5000000000
26216  35.930  -47.642  -27.760 0.5000000000
28173  38.503  -47.059  -25.485 0.5000000000
27251  40.252  -47.293  -30.002 0.6000000238
27249  43.131  -47.303  -29.618 0.3000000119
31280  45.415  -44.051  -31.604 0.4000000060
6218  35.226  -69.739  -27.874 0.3000000119
6994  35.275  -68.565  -29.192 0.3000000119
6988  35.633  -69.046  -28.471 0.3000000119
126665  36.195  -66.658  -28.428 0.3000000119
7828  36.329  -67.436  -28.495 0.3000000119
8686  36.770  -67.113  -27.134 0.3000000119
9626  35.714  -66.051  -28.698 0.3000000119
9614  36.040  -66.159  -27.814 0.3000000119
8646  38.249  -66.711  -24.601 0.3000000119
8673  36.902  -66.990  -26.357 0.3000000119
8674  36.463  -66.267  -25.784 0.3000000119
127650  35.727  -65.766  -27.042 0.3000000119
8660  37.604  -66.765  -25.000 0.3000000119
8636  37.613  -65.554  -23.510 0.3000000119
8647  37.344  -66.057  -24.417 0.3000000119
8648  36.628  -66.024  -24.800 0.4000000060
9588  35.723  -65.635  -25.050 0.4000000060
9589  34.819  -65.225  -25.315 0.4000000060
9590  34.136  -64.888  -25.936 0.3000000119
9538  37.277  -64.870  -22.335 0.3000000119
9550  36.634  -65.307  -23.213 0.4000000060
124852  35.450  -65.098  -23.513 0.4000000060
9574  35.064  -65.208  -24.504 0.4000000060
10559  38.731  -64.409  -21.917 0.3000000119
10590  33.915  -64.768  -25.015 0.4000000060
138640  38.963  -63.441  -20.589 0.4000000060
10560  37.605  -64.480  -21.695 0.4000000060
137166  33.479  -64.495  -25.577 0.4000000060
136978  33.197  -64.277  -24.867 0.3000000119
10561  36.540  -64.529  -21.598 0.4000000060
9539  36.229  -64.869  -22.408 0.3000000119
9552  34.837  -64.871  -22.965 0.4000000060
10547  37.969  -63.961  -21.117 0.4000000060
9553  34.040  -64.657  -22.834 0.5000000000
140134  34.445  -64.794  -23.283 0.4000000060
13279  40.707  -62.688  -27.366 0.5000000000
11451  38.789  -63.099  -20.048 0.4000000060
121821  33.669  -64.584  -24.192 0.4000000060
13294  37.773  -61.950  -27.217 0.3000000119
13281  38.287  -61.921  -26.453 0.4000000060
122536  33.291  -60.917  -25.524 0.3000000119
20911  40.333  -53.974  -26.909 0.4000000060
20912  39.620  -53.537  -26.507 0.4000000060
15234  43.709  -60.333  -25.123 0.4000000060
14233  43.717  -60.393  -25.083 0.4000000060
125612  43.374  -60.865  -25.290 0.4000000060
10548  36.922  -64.042  -20.995 0.4000000060
10562  35.479  -64.571  -21.518 0.3000000119
135270  34.407  -64.700  -22.261 0.5000000000
14251  42.904  -61.481  -25.776 0.4000000060
13262  42.296  -62.203  -26.521 0.4000000060
11472  37.331  -63.590  -20.426 0.4000000060
125923  38.740  -62.354  -27.450 0.4000000060
10591  33.115  -64.163  -24.029 0.4000000060
13265  38.912  -61.805  -25.829 0.5000000000
11522  32.773  -63.588  -23.915 0.5000000000
13282  37.195  -61.554  -26.069 0.4000000060
137122  36.910  -61.554  -26.955 0.4000000060
13245  32.616  -61.965  -24.380 0.3000000119
14269  36.320  -61.254  -26.273 0.4000000060
21988  39.425  -52.466  -27.702 0.4000000060
17093  44.380  -58.062  -25.121 0.4000000060
11473  36.334  -63.666  -20.318 0.4000000060
10549  35.889  -64.165  -20.862 0.4000000060
13240  42.250  -61.952  -25.773 0.4000000060
13263  41.494  -62.457  -26.628 0.5000000000
10550  34.872  -64.229  -20.749 0.4000000060
10563  34.455  -64.523  -21.473 0.4000000060
13264  40.194  -62.237  -26.282 0.5000000000
11454  35.799  -63.263  -19.671 0.4000000060
11475  34.353  -63.771  -20.116 0.4000000060
10564  33.767  -64.084  -21.281 0.4000000060
11489  33.340  -63.411  -21.451 0.5000000000
12350  32.826  -62.649  -22.958 0.5000000000
14235  41.374  -61.239  -24.891 0.4000000060
13242  39.511  -61.554  -25.191 0.5000000000
12326  35.378  -62.824  -19.044 0.4000000060
13220  32.769  -61.996  -23.533 0.5000000000
120336  33.056  -61.406  -24.055 0.4000000060
125242  35.196  -60.730  -24.823 0.4000000060
14254  35.727  -60.971  -25.604 0.4000000060
14253  36.459  -61.246  -25.531 0.4000000060
14215  41.719  -60.497  -24.462 0.4000000060
16154  42.037  -58.616  -23.741 0.3000000119
11476  33.726  -63.504  -20.478 0.4000000060
12349  33.067  -62.526  -21.917 0.4000000060
14236  39.974  -61.001  -24.445 0.4000000060
24163  33.537  -50.826  -30.647 0.4000000060
137113  35.128  -62.361  -18.543 0.4000000060
11456  33.972  -63.177  -19.584 0.4000000060
13199  32.985  -61.952  -22.696 0.5000000000
13219  33.241  -61.434  -23.257 0.5000000000
131658  39.155  -60.595  -23.797 0.5000000000
13243  38.424  -61.383  -24.832 0.4000000060
12328  33.815  -62.324  -19.291 0.4000000060
14241  34.414  -60.687  -24.272 0.4000000060
14238  37.581  -61.194  -24.518 0.4000000060
129518  36.156  -61.042  -24.871 0.4000000060
14239  36.769  -60.969  -24.256 0.4000000060
17086  42.011  -57.697  -23.648 0.4000000060
133413  41.108  -59.829  -23.792 0.3000000119
12335  33.593  -62.704  -20.005 0.4000000060
13181  33.322  -61.903  -21.170 0.4000000060
15219  40.224  -59.555  -23.411 0.3000000119
14159  33.548  -61.364  -20.548 0.4000000060
14179  33.631  -61.176  -21.321 0.4000000060
14200  33.826  -61.065  -22.132 0.4000000060
14222  34.685  -60.633  -23.336 0.5000000000
13159  33.875  -61.407  -19.194 0.4000000060
14158  33.985  -60.508  -20.663 0.4000000060
14198  35.411  -60.352  -22.641 0.4000000060
14240  35.915  -60.771  -24.110 0.4000000060
14219  37.530  -60.698  -23.663 0.4000000060
18887  42.282  -56.230  -24.072 0.4000000060
14199  34.544  -60.611  -22.408 0.4000000060
12396  31.474  -62.592  -29.454 0.3000000119
126208  38.979  -66.597  -24.303 0.3000000119
9537  38.380  -64.899  -22.512 0.3000000119
10546  39.133  -63.806  -21.282 0.4000000060
12323  38.189  -62.621  -19.466 0.4000000060
11453  36.796  -63.160  -19.840 0.4000000060
12301  38.600  -62.060  -19.011 0.4000000060
12304  35.870  -62.357  -18.585 0.4000000060
128051  41.134  -59.044  -23.494 0.3000000119
12305  34.699  -61.872  -18.386 0.4000000060
16155  41.151  -58.100  -23.314 0.4000000060
16156  40.317  -58.590  -23.077 0.4000000060
138795  39.553  -59.722  -23.273 0.4000000060
15171  34.416  -59.664  -19.541 0.4000000060
15201  34.825  -59.990  -21.117 0.4000000060
14177  35.154  -60.182  -21.883 0.4000000060
14197  36.300  -60.247  -22.766 0.4000000060
15220  38.060  -60.132  -23.016 0.3000000119
14218  38.433  -60.608  -23.650 0.4000000060
15188  34.528  -59.777  -20.335 0.4000000060
18888  41.550  -55.834  -23.656 0.4000000060
7004  34.689  -68.269  -29.875 0.3000000119
6987  36.276  -68.428  -28.200 0.3000000119
8709  35.541  -66.489  -29.390 0.3000000119
11553  31.378  -63.398  -29.913 0.3000000119
11549  31.548  -63.102  -28.907 0.3000000119
8687  36.386  -66.384  -26.904 0.3000000119
129460  38.088  -66.041  -24.187 0.3000000119
9599  34.975  -65.320  -26.516 0.4000000060
133501  37.152  -65.681  -23.800 0.3000000119
126460  37.099  -65.210  -22.873 0.3000000119
9573  35.652  -65.382  -24.173 0.4000000060
9562  34.840  -64.961  -23.756 0.4000000060
10558  40.001  -64.364  -22.288 0.3000000119
135934  39.626  -62.934  -19.970 0.4000000060
10570  33.477  -64.196  -22.616 0.4000000060
12361  32.619  -62.747  -23.905 0.5000000000
118526  34.184  -60.669  -25.168 0.3000000119
11512  32.824  -63.320  -23.284 0.5000000000
12325  36.312  -62.761  -19.218 0.4000000060
138978  35.187  -60.621  -23.989 0.4000000060
14220  36.573  -60.585  -23.479 0.4000000060
136418  39.125  -55.457  -22.191 0.4000000060
18873  39.648  -55.200  -22.486 0.4000000060
19832  38.016  -54.022  -21.407 0.4000000060
20842  38.179  -52.862  -21.704 0.3000000119
19850  39.558  -54.432  -22.499 0.5000000000
18889  40.801  -55.359  -23.270 0.4000000060
19860  41.310  -54.985  -23.677 0.4000000060
18792  39.624  -55.886  -16.288 0.3000000119
125630  38.416  -56.373  -16.623 0.3000000119
20782  36.036  -52.821  -16.197 0.3000000119
20802  35.651  -53.161  -18.551 0.3000000119
22933  35.770  -51.849  -19.097 0.3000000119
22950  36.629  -51.605  -20.408 0.3000000119
19763  37.378  -55.168  -16.289 0.3000000119
19756  36.955  -53.868  -15.760 0.3000000119
20771  36.574  -53.054  -15.643 0.3000000119
18791  40.238  -56.119  -16.329 0.3000000119
18785  40.051  -55.665  -15.654 0.3000000119
22923  35.545  -51.758  -17.651 0.3000000119
137303  35.518  -50.393  -18.293 0.3000000119
19755  37.636  -54.502  -15.859 0.3000000119
21831  36.907  -52.433  -15.274 0.3000000119
21848  35.704  -52.059  -16.762 0.3000000119
120199  39.075  -53.691  -14.267 0.3000000119
20761  37.966  -53.167  -14.746 0.3000000119
23993  37.275  -51.025  -15.197 0.3000000119
21813  38.210  -52.482  -14.456 0.3000000119
23983  37.878  -51.323  -14.760 0.3000000119
118343  39.653  -55.111  -14.919 0.3000000119
22907  35.929  -51.181  -16.502 0.3000000119
25059  36.035  -49.510  -17.187 0.3000000119
26131  36.157  -47.961  -18.897 0.3000000119
21812  39.474  -53.102  -13.892 0.3000000119
23994  36.710  -50.730  -15.681 0.3000000119
26102  36.821  -48.447  -17.457 0.3000000119
22885  39.303  -51.582  -14.375 0.3000000119
23992  38.465  -50.353  -15.522 0.3000000119
25033  37.465  -50.275  -15.642 0.3000000119
25044  38.273  -49.798  -16.085 0.3000000119
27155  36.596  -47.262  -19.371 0.3000000119
26117  36.447  -48.187  -18.132 0.3000000119
27142  36.799  -47.574  -18.600 0.3000000119
28124  37.349  -46.183  -20.188 0.3000000119
29154  36.710  -45.834  -21.997 0.3000000119
29143  38.328  -45.242  -20.857 0.3000000119
29144  37.656  -45.230  -21.153 0.3000000119
29153  37.338  -44.706  -22.402 0.3000000119
20843  37.812  -53.288  -21.335 0.3000000119
19831  38.572  -54.394  -21.786 0.4000000060
22932  36.090  -51.431  -19.701 0.3000000119
25060  35.662  -49.707  -17.971 0.3000000119
18858  38.515  -55.241  -21.775 0.5000000000
18787  38.252  -55.111  -16.089 0.3000000119
21847  36.082  -51.852  -16.066 0.3000000119
21858  35.568  -52.546  -17.395 0.3000000119
21875  36.141  -52.378  -19.508 0.3000000119
21895  36.618  -52.279  -20.183 0.3000000119
20770  37.247  -53.169  -15.208 0.3000000119
19754  38.391  -54.505  -15.393 0.3000000119
24020  35.554  -50.797  -17.795 0.3000000119
21814  37.550  -52.517  -14.836 0.3000000119
23991  39.358  -50.500  -15.571 0.3000000119
24007  39.012  -50.099  -15.989 0.3000000119
25046  36.380  -49.789  -16.568 0.3000000119
21811  40.668  -52.139  -14.004 0.3000000119
25045  37.230  -49.492  -16.340 0.3000000119
15209  38.505  -59.408  -22.662 0.3000000119
15210  37.651  -59.587  -22.439 0.4000000060
16129  36.137  -58.060  -20.734 0.4000000060
16138  36.916  -58.282  -21.371 0.4000000060
15208  39.438  -59.164  -22.888 0.3000000119
133180  36.761  -57.630  -21.052 0.4000000060
17060  36.212  -57.288  -20.507 0.3000000119
16147  38.820  -58.617  -22.441 0.4000000060
17069  37.431  -57.603  -21.459 0.4000000060
132594  36.321  -56.593  -20.504 0.3000000119
17078  38.953  -57.676  -22.313 0.3000000119
17068  38.165  -57.609  -21.897 0.4000000060
17070  36.997  -56.880  -21.058 0.4000000060
125647  39.561  -55.996  -22.454 0.3000000119
18874  38.749  -56.168  -22.039 0.4000000060
18859  37.642  -55.359  -21.320 0.4000000060
17077  39.703  -57.387  -22.596 0.3000000119
17977  40.192  -56.700  -22.798 0.3000000119
17989  40.951  -56.252  -23.279 0.3000000119
16145  40.355  -57.666  -22.932 0.3000000119
17970  37.952  -56.792  -21.606 0.4000000060
16137  37.681  -58.308  -21.810 0.4000000060
10545  40.449  -63.859  -21.812 0.3000000119
15199  36.398  -59.457  -21.767 0.3000000119
10526  42.983  -64.344  -19.841 0.3000000119
10542  42.779  -64.157  -20.655 0.3000000119
11468  42.060  -63.737  -21.469 0.3000000119
11470  39.771  -63.349  -20.767 0.3000000119
15198  37.138  -59.041  -21.843 0.3000000119
15200  35.668  -59.632  -21.480 0.3000000119
11446  44.394  -62.907  -19.261 0.3000000119
12334  42.747  -62.985  -20.475 0.3000000119
117308  43.430  -63.033  -20.145 0.3000000119
130091  41.029  -62.610  -19.977 0.3000000119
12321  40.056  -62.402  -19.539 0.3000000119
16139  36.170  -58.913  -21.194 0.3000000119
11432  45.315  -63.146  -17.976 0.3000000119
12318  44.669  -62.187  -19.190 0.3000000119
12299  45.012  -62.577  -18.842 0.3000000119
139394  42.637  -62.512  -19.995 0.3000000119
131467  43.937  -62.561  -19.631 0.3000000119
13157  40.910  -61.951  -19.397 0.3000000119
12317  45.221  -61.896  -18.877 0.3000000119
13152  45.068  -61.489  -18.963 0.3000000119
13155  42.600  -62.044  -19.596 0.3000000119
13154  43.457  -61.913  -19.439 0.3000000119
12300  39.345  -61.989  -19.115 0.3000000119
13140  38.175  -61.538  -18.420 0.3000000119
13143  35.421  -61.824  -18.112 0.3000000119
12295  46.003  -62.553  -17.520 0.3000000119
13137  40.931  -61.095  -18.892 0.3000000119
14134  42.634  -61.188  -19.106 0.3000000119
13139  39.043  -61.451  -18.611 0.3000000119
15187  35.265  -59.339  -20.751 0.3000000119
13136  45.814  -61.263  -18.534 0.3000000119
124800  47.147  -61.209  -17.421 0.3000000119
14132  44.695  -60.832  -18.848 0.3000000119
14133  43.667  -61.071  -18.937 0.3000000119
13138  39.987  -61.476  -18.858 0.3000000119
13128  37.694  -61.015  -17.793 0.3000000119
14108  34.615  -60.382  -18.255 0.3000000119
16131  34.830  -59.104  -19.990 0.3000000119
117889  34.999  -58.504  -19.604 0.3000000119
14196  37.188  -60.224  -22.865 0.3000000119
140090  44.653  -59.965  -18.656 0.3000000119
14104  41.738  -60.789  -18.901 0.3000000119
14107  38.602  -60.890  -18.038 0.3000000119
14088  35.482  -60.350  -17.542 0.3000000119
11449  41.795  -63.084  -20.869 0.3000000119
11448  43.172  -63.666  -20.307 0.3000000119
11467  42.544  -63.662  -20.962 0.3000000119
6989  34.722  -69.447  -28.575 0.3000000119
6993  35.978  -68.232  -28.766 0.3000000119
7827  36.645  -67.772  -27.633 0.3000000119
7851  35.407  -67.687  -29.564 0.3000000119
8645  39.593  -66.447  -24.065 0.3000000119
8661  37.138  -66.868  -25.514 0.3000000119
8696  36.489  -66.884  -27.784 0.3000000119
9540  35.144  -64.801  -22.246 0.4000000060
9549  38.042  -65.307  -23.069 0.3000000119
9551  35.729  -65.021  -23.029 0.4000000060
9561  36.321  -65.496  -23.803 0.4000000060
9563  34.119  -64.755  -23.619 0.4000000060
9575  34.373  -64.928  -24.375 0.4000000060
9598  35.723  -65.728  -26.106 0.4000000060
10527  42.423  -64.586  -20.344 0.3000000119
10543  42.410  -64.359  -21.158 0.3000000119
10551  34.137  -64.143  -20.713 0.4000000060
10569  33.868  -64.456  -22.010 0.4000000060
10577  33.564  -64.402  -23.411 0.4000000060
10578  33.106  -63.893  -23.277 0.4000000060
11447  43.782  -63.292  -19.727 0.3000000119
11450  40.559  -62.991  -20.422 0.3000000119
11452  37.759  -63.112  -19.934 0.4000000060
11455  34.795  -63.293  -19.533 0.4000000060
11469  41.136  -63.567  -21.461 0.3000000119
11471  38.297  -63.517  -20.513 0.4000000060
11474  35.307  -63.767  -20.171 0.4000000060
11500  33.079  -63.461  -22.459 0.5000000000
12298  45.627  -62.145  -18.372 0.3000000119
12302  37.707  -62.159  -18.889 0.3000000119
12303  36.777  -62.264  -18.733 0.4000000060
12306  34.150  -61.928  -18.762 0.4000000060
12319  43.199  -62.577  -19.935 0.3000000119
12320  41.937  -62.432  -19.909 0.3000000119
12322  39.085  -62.552  -19.509 0.4000000060
12324  37.253  -62.673  -19.373 0.4000000060
12327  34.483  -62.615  -18.936 0.4000000060
13127  46.388  -61.622  -17.887 0.3000000119
13130  35.813  -61.119  -17.660 0.3000000119
13131  34.985  -61.034  -17.910 0.3000000119
13141  37.233  -61.669  -18.218 0.3000000119
13142  36.287  -61.783  -18.090 0.3000000119
13153  44.340  -61.759  -19.197 0.3000000119
13156  41.776  -61.569  -19.294 0.3000000119
13158  34.380  -61.191  -18.542 0.4000000060
13168  33.550  -61.780  -19.856 0.4000000060
13198  33.300  -61.692  -21.964 0.4000000060
13241  40.996  -61.909  -25.626 0.5000000000
13244  32.891  -61.378  -24.864 0.3000000119
13266  37.851  -61.538  -25.401 0.4000000060
13278  41.637  -62.415  -27.309 0.6000000238
13280  39.439  -62.433  -26.953 0.4000000060
13292  40.804  -62.591  -28.135 0.5000000000
14102  43.899  -60.118  -18.752 0.3000000119
14131  45.432  -60.862  -18.735 0.3000000119
14135  34.162  -60.447  -19.120 0.4000000060
14136  33.761  -60.902  -19.867 0.4000000060
14178  34.297  -60.567  -21.582 0.4000000060
14216  40.617  -60.380  -24.048 0.3000000119
14217  39.708  -60.224  -23.635 0.3000000119
14221  35.687  -60.520  -23.380 0.4000000060
14223  33.866  -60.952  -22.912 0.5000000000
14234  43.382  -60.932  -25.259 0.4000000060
14237  38.881  -61.071  -24.283 0.4000000060
14242  33.543  -60.934  -24.591 0.4000000060
14252  36.971  -61.303  -25.060 0.4000000060
14267  42.511  -61.721  -26.405 0.6000000238
14283  40.736  -62.042  -28.688 0.6000000238
14298  39.092  -61.675  -29.710 0.4000000060
15211  35.986  -59.933  -22.131 0.3000000119
15218  42.121  -59.664  -24.170 0.4000000060
15226  44.299  -59.306  -25.039 0.4000000060
15227  44.121  -59.885  -25.070 0.4000000060
15228  43.417  -60.137  -24.808 0.5000000000
16121  34.653  -58.993  -19.132 0.3000000119
16130  35.460  -58.595  -20.335 0.3000000119
16136  38.321  -58.235  -22.143 0.4000000060
16146  39.621  -58.181  -22.661 0.3000000119
16148  38.043  -58.901  -22.186 0.4000000060
16162  44.308  -58.692  -25.006 0.4000000060
16163  44.043  -58.534  -24.811 0.5000000000
16171  44.269  -58.627  -25.118 0.4000000060
16173  43.541  -59.829  -25.515 0.5000000000
17094  44.356  -57.866  -24.934 0.6999999881
17106  44.106  -58.316  -25.506 0.6000000238
17120  44.433  -56.963  -26.073 0.6999999881
17122  43.762  -57.849  -25.933 0.4000000060
17906  40.771  -56.150  -16.078 0.3000000119
17912  40.698  -56.462  -16.691 0.3000000119
17913  40.012  -56.412  -16.697 0.3000000119
17914  39.255  -56.363  -16.661 0.3000000119
17978  39.318  -56.810  -22.371 0.3000000119
17979  38.650  -57.006  -22.042 0.4000000060
17987  42.988  -56.873  -24.270 0.5000000000
17988  41.945  -56.778  -23.700 0.4000000060
17997  44.471  -57.333  -25.236 0.6999999881
18014  44.506  -56.818  -25.762 0.6999999881
18030  44.153  -56.713  -26.546 0.4000000060
18031  43.441  -57.046  -26.353 0.5000000000
18036  44.217  -56.229  -27.213 0.5000000000
18780  39.156  -54.446  -14.707 0.3000000119
18786  39.117  -55.211  -15.687 0.3000000119
18793  38.820  -55.740  -16.369 0.3000000119
18794  37.900  -55.781  -16.465 0.3000000119
18872  40.177  -54.875  -22.862 0.4000000060
18903  44.077  -56.254  -25.064 0.6999999881
18905  42.034  -55.480  -24.131 0.4000000060
18920  44.608  -56.170  -25.980 0.6999999881
18934  44.603  -55.746  -26.518 0.6999999881
18935  42.928  -56.357  -27.060 0.5000000000
18943  42.445  -55.656  -27.428 0.6000000238
18944  44.699  -55.075  -27.823 0.5000000000
19745  38.487  -53.805  -14.734 0.3000000119
19830  39.096  -54.802  -22.136 0.4000000060
19851  39.020  -54.151  -22.150 0.4000000060
19861  40.638  -54.530  -23.316 0.5000000000
19888  43.809  -55.124  -25.816 0.6999999881
19901  44.321  -54.767  -26.539 0.6999999881
19916  44.153  -54.795  -28.565 0.6000000238
19919  45.070  -54.057  -29.183 0.6999999881
19923  44.570  -54.120  -29.644 0.6999999881
19924  43.773  -54.233  -29.829 0.6999999881
20760  38.669  -53.099  -14.282 0.3000000119
20769  37.771  -53.843  -15.272 0.3000000119
20783  35.672  -53.092  -16.903 0.3000000119
20792  35.543  -53.246  -17.706 0.3000000119
20858  39.288  -53.551  -22.483 0.5000000000
20871  39.858  -53.238  -23.092 0.5000000000
20883  42.043  -54.213  -24.801 0.6000000238
20885  40.886  -53.419  -23.988 0.5000000000
20908  44.674  -54.458  -27.270 0.6999999881
20910  42.543  -53.342  -26.165 0.6000000238
20920  41.455  -54.083  -28.109 0.6000000238
20922  39.939  -53.161  -27.280 0.5000000000
20932  45.133  -53.578  -29.403 0.6999999881
20944  43.113  -53.668  -31.321 0.6999999881
20945  42.331  -53.734  -31.611 0.6000000238
20948  39.953  -53.937  -32.481 0.6000000238
20950  41.162  -53.914  -32.447 0.6000000238
21832  36.394  -52.356  -15.718 0.3000000119
21864  35.545  -52.523  -18.114 0.3000000119
21876  35.736  -52.485  -18.885 0.3000000119
21966  41.880  -52.925  -25.500 0.6000000238
21975  42.103  -52.414  -26.115 0.6000000238
21984  44.628  -53.302  -28.163 0.6000000238
21986  42.964  -52.332  -27.349 0.6999999881
21997  45.164  -53.296  -29.085 0.6999999881
22013  45.120  -52.544  -29.344 0.6000000238
22022  45.278  -52.632  -30.327 0.6999999881
22023  44.758  -53.239  -30.569 0.6999999881
22031  39.063  -53.665  -32.885 0.6000000238
22040  38.337  -53.216  -33.346 0.5000000000
22043  41.169  -52.705  -33.595 0.6000000238
22886  38.446  -51.755  -14.441 0.3000000119
22887  37.832  -51.968  -14.609 0.3000000119
22897  37.298  -51.803  -14.964 0.3000000119
22898  36.641  -51.607  -15.508 0.3000000119
22906  36.249  -51.163  -15.958 0.3000000119
22914  35.669  -51.203  -17.097 0.3000000119
22961  36.797  -51.115  -20.953 0.3000000119
23000  40.167  -52.196  -24.044 0.5000000000
23002  38.972  -51.349  -23.323 0.6000000238
23032  41.435  -52.139  -25.516 0.6000000238
23033  40.981  -51.336  -25.590 0.6000000238
23072  44.595  -52.034  -28.978 0.6000000238
23074  43.019  -51.065  -28.127 0.6999999881
23090  45.406  -51.867  -30.424 0.6000000238
23091  35.920  -52.209  -32.171 0.4000000060
23099  39.702  -52.255  -34.058 0.6000000238
23101  37.891  -52.324  -33.491 0.5000000000
23104  43.353  -51.219  -33.365 0.6000000238
23982  38.739  -50.935  -14.861 0.3000000119
24006  39.722  -50.227  -16.251 0.3000000119
24008  36.259  -50.542  -16.268 0.3000000119
24009  35.808  -50.345  -17.004 0.3000000119
24029  35.512  -50.134  -18.807 0.3000000119
24051  35.953  -50.651  -19.924 0.4000000060
24066  37.270  -50.783  -21.684 0.4000000060
24110  40.295  -50.993  -25.058 0.5000000000
24112  39.131  -50.306  -24.227 0.6000000238
24138  40.841  -50.000  -26.338 0.6000000238
24165  45.493  -50.642  -31.230 0.5000000000
24174  45.675  -50.311  -32.571 0.6000000238
24179  37.562  -51.202  -33.355 0.5000000000
25034  36.751  -50.098  -16.011 0.3000000119
25043  39.154  -49.756  -16.512 0.3000000119
25058  38.320  -49.140  -16.812 0.3000000119
25068  35.870  -48.713  -18.449 0.3000000119
25096  35.765  -49.331  -20.378 0.4000000060
25097  35.642  -49.901  -19.669 0.4000000060
25115  36.217  -49.557  -21.149 0.4000000060
25149  40.223  -49.687  -25.857 0.5000000000
25150  39.290  -48.975  -25.304 0.5000000000
25166  41.536  -49.329  -27.607 0.6000000238
25177  41.861  -49.074  -28.187 0.6000000238
25179  34.129  -49.549  -28.915 0.5000000000
25181  44.535  -50.032  -30.263 0.6000000238
25183  43.053  -49.009  -29.392 0.6000000238
25188  45.636  -49.965  -31.590 0.5000000000
25206  42.436  -49.786  -32.916 0.6999999881
25209  46.082  -49.368  -33.690 0.6000000238
25211  43.996  -49.968  -33.486 0.6000000238
26088  37.262  -48.806  -16.922 0.3000000119
26089  36.589  -49.067  -16.939 0.3000000119
26103  36.133  -48.871  -17.631 0.3000000119
26132  35.764  -48.555  -19.307 0.4000000060
26148  35.719  -48.552  -20.128 0.4000000060
26171  37.024  -48.230  -23.002 0.4000000060
26181  36.630  -47.439  -22.723 0.4000000060
26205  39.962  -48.352  -26.392 0.4000000060
26206  39.380  -48.257  -25.783 0.5000000000
26215  40.470  -48.269  -26.998 0.4000000060
26236  43.081  -48.206  -29.520 0.6000000238
26257  46.538  -49.040  -32.905 0.6000000238
26258  44.561  -48.056  -33.465 0.6999999881
26261  47.200  -47.807  -34.474 0.6999999881
27154  37.149  -47.123  -18.965 0.3000000119
27177  36.290  -47.312  -21.931 0.4000000060
27226  40.910  -47.171  -27.794 0.5000000000
27227  40.487  -47.602  -27.323 0.5000000000
27229  36.310  -46.935  -27.585 0.4000000060
27252  39.504  -47.512  -29.670 0.6000000238
27257  40.563  -47.813  -30.501 0.6999999881
27267  47.450  -47.399  -34.395 0.6000000238
27268  47.474  -47.344  -33.860 0.6000000238
27270  46.612  -47.667  -34.668 0.6999999881
28125  36.622  -46.558  -20.644 0.4000000060
28138  36.499  -46.521  -21.509 0.4000000060
28172  39.060  -46.752  -26.194 0.5000000000
28185  40.162  -46.908  -27.223 0.6000000238
28218  43.941  -46.133  -30.339 0.5000000000
28225  46.989  -47.020  -33.042 0.6000000238
28232  45.110  -46.755  -33.860 0.6999999881
28233  48.047  -46.325  -35.025 0.6000000238
28235  47.593  -46.627  -35.135 0.6999999881
29130  37.714  -45.600  -20.645 0.3000000119
29216  42.233  -45.982  -29.028 0.5000000000
29237  44.454  -45.892  -30.730 0.5000000000
29238  43.876  -45.479  -30.360 0.5000000000
29247  44.406  -46.129  -33.204 0.6999999881
29257  45.430  -45.020  -34.333 0.5000000000
29258  48.361  -45.540  -35.080 0.6000000238
29259  48.259  -45.134  -35.332 0.5000000000
30131  38.074  -44.584  -21.615 0.3000000119
30142  37.841  -44.185  -22.431 0.3000000119
30240  42.293  -44.458  -31.700 0.5000000000
30245  43.496  -44.573  -32.708 0.5000000000
30247  48.521  -44.731  -34.626 0.6000000238
30251  48.542  -45.155  -34.948 0.6000000238
116652  45.339  -49.560  -33.686 0.6000000238
118299  33.335  -62.721  -20.871 0.4000000060
119917  44.995  -54.070  -27.881 0.6000000238
120454  34.106  -60.225  -19.905 0.4000000060
120901  36.355  -51.018  -20.304 0.3000000119
121973  40.246  -55.714  -22.834 0.3000000119
122118  38.935  -52.369  -14.113 0.3000000119
122310  36.819  -59.771  -22.257 0.3000000119
122423  33.750  -60.929  -23.737 0.4000000060
122575  38.069  -54.684  -21.494 0.4000000060
122580  41.215  -53.180  -24.489 0.6000000238
123089  46.842  -46.236  -32.859 0.6000000238
123525  39.789  -52.231  -13.948 0.3000000119
123720  45.181  -48.431  -34.016 0.6999999881
123741  41.565  -47.050  -28.359 0.4000000060
123998  44.316  -44.379  -30.804 0.5000000000
125133  38.963  -59.984  -23.241 0.4000000060
125181  38.097  -55.948  -21.599 0.4000000060
125220  43.129  -48.031  -32.189 0.6999999881
125413  41.782  -47.886  -31.233 0.6999999881
125773  35.588  -51.850  -18.456 0.3000000119
126889  37.208  -45.183  -21.760 0.3000000119
127008  44.000  -59.922  -25.029 0.4000000060
127362  41.095  -57.173  -23.289 0.4000000060
127464  41.411  -50.313  -26.726 0.6000000238
127615  33.454  -63.980  -21.924 0.4000000060
127689  38.528  -53.572  -21.856 0.3000000119
128112  37.483  -56.200  -21.297 0.4000000060
128955  41.899  -60.125  -18.640 0.3000000119
129467  43.051  -58.282  -24.171 0.5000000000
129512  42.257  -60.589  -18.834 0.3000000119
129530  38.740  -49.011  -24.703 0.5000000000
129626  45.853  -50.014  -32.298 0.6000000238
129744  38.135  -61.035  -24.143 0.4000000060
130209  42.639  -61.281  -25.217 0.4000000060
130286  46.272  -45.437  -34.872 0.5000000000
130656  37.930  -50.727  -15.116 0.3000000119
130879  32.793  -63.782  -24.613 0.5000000000
131586  35.889  -67.608  -29.132 0.3000000119
131883  32.613  -63.216  -24.497 0.5000000000
134226  47.839  -45.956  -33.953 0.6000000238
134291  38.845  -47.816  -25.503 0.5000000000
134349  36.775  -46.712  -19.928 0.3000000119
134671  35.561  -51.054  -18.722 0.3000000119
134872  32.775  -61.406  -25.528 0.3000000119
135103  36.961  -54.601  -16.165 0.3000000119
135424  36.362  -53.558  -16.090 0.3000000119
136064  35.239  -49.442  -29.724 0.5000000000
136601  38.651  -62.002  -29.547 0.3000000119
136924  33.404  -62.112  -20.467 0.4000000060
136967  33.402  -61.431  -22.595 0.4000000060
138552  44.067  -47.802  -30.356 0.5000000000
138705  35.963  -52.966  -19.230 0.3000000119
138946  35.521  -51.362  -18.149 0.3000000119
139103  39.584  -62.231  -29.337 0.3000000119
139905  36.918  -45.318  -22.449 0.4000000060
140463  32.820  -63.891  -25.107 0.3000000119
140742  41.965  -62.316  -26.194 0.5000000000
