#!ascii label  , from subject sub-v1s18x0051207_ses-1 vox2ras=TkReg
642
14726  -57.780  -56.068  -14.694 0.0000000000
108118  -48.954  -53.354  -15.525 0.0000000000
20755  -57.912  -49.394  -12.749 0.0000000000
16572  -54.412  -54.510  -16.876 0.0000000000
102016  -59.057  -46.711  -16.202 0.0000000000
16494  -55.121  -54.342  -10.792 0.0000000000
21571  -50.497  -48.319  -12.565 0.0000000000
22405  -43.830  -47.160  -10.999 0.0000000000
23294  -55.924  -46.547  -12.485 0.0000000000
21611  -60.785  -48.297  -14.848 0.0000000000
25145  -58.339  -44.657  -14.756 0.0000000000
18343  -51.835  -52.124  -13.239 0.0000000000
19116  -49.200  -51.450  -11.694 0.0000000000
26041  -43.829  -43.084  -8.918 0.0000000000
123674  -46.391  -43.315  -10.577 0.0000000000
12876  -54.491  -58.989  -16.560 0.0000000000
17495  -51.572  -53.596  -15.844 0.0000000000
13821  -51.046  -57.356  -17.041 0.0000000000
15690  -50.037  -55.304  -19.371 0.0000000000
18365  -57.944  -52.234  -16.223 0.0000000000
15671  -56.878  -55.218  -17.469 0.0000000000
19987  -56.725  -50.714  -18.303 0.0000000000
20821  -53.008  -50.106  -17.203 0.0000000000
18352  -54.650  -52.422  -14.773 0.0000000000
20733  -54.318  -49.047  -12.452 0.0000000000
24165  -52.722  -45.603  -11.570 0.0000000000
19890  -46.552  -50.547  -10.586 0.0000000000
22420  -47.497  -47.750  -12.374 0.0000000000
25115  -49.543  -44.177  -10.741 0.0000000000
26083  -49.831  -43.137  -13.754 0.0000000000
13835  -52.323  -58.535  -16.986 0.0000000000
21629  -46.320  -48.487  -16.527 0.0000000000
18369  -46.149  -52.686  -16.323 0.0000000000
114041  -47.402  -54.901  -20.208 0.0000000000
115333  -55.261  -45.347  -13.922 0.0000000000
24179  -57.214  -45.854  -13.543 0.0000000000
12858  -55.940  -57.929  -15.784 0.0000000000
17494  -50.734  -53.814  -15.604 0.0000000000
15649  -49.613  -55.823  -16.285 0.0000000000
15648  -48.918  -55.365  -16.412 0.0000000000
16613  -49.415  -54.604  -19.495 0.0000000000
16593  -48.058  -54.620  -17.563 0.0000000000
19957  -57.317  -50.526  -15.495 0.0000000000
114741  -59.369  -50.306  -15.717 0.0000000000
22478  -60.746  -47.255  -16.138 0.0000000000
20808  -59.945  -49.464  -17.045 0.0000000000
20806  -57.520  -49.311  -17.438 0.0000000000
20824  -55.236  -50.249  -17.692 0.0000000000
21637  -55.193  -49.016  -16.793 0.0000000000
17475  -56.089  -54.108  -13.932 0.0000000000
17473  -54.345  -53.637  -13.440 0.0000000000
19931  -51.457  -50.534  -13.642 0.0000000000
19945  -52.772  -50.469  -14.241 0.0000000000
21573  -52.281  -48.061  -11.643 0.0000000000
22413  -53.258  -47.517  -10.719 0.0000000000
22411  -51.388  -46.818  -10.989 0.0000000000
20716  -44.995  -48.916  -11.139 0.0000000000
20718  -46.545  -49.625  -11.768 0.0000000000
22408  -45.457  -47.730  -11.794 0.0000000000
26991  -47.403  -42.567  -10.474 0.0000000000
25105  -48.249  -43.650  -10.572 0.0000000000
26061  -48.739  -42.994  -11.199 0.0000000000
26071  -50.343  -43.957  -12.100 0.0000000000
16595  -56.213  -54.721  -17.856 0.0000000000
14749  -55.162  -57.208  -16.873 0.0000000000
14748  -53.508  -56.549  -16.130 0.0000000000
114251  -50.389  -57.559  -18.553 0.0000000000
22489  -45.255  -47.131  -17.298 0.0000000000
19167  -46.129  -50.867  -15.867 0.0000000000
16627  -46.374  -53.703  -19.319 0.0000000000
22426  -57.466  -48.373  -11.618 0.0000000000
20757  -59.955  -49.063  -13.345 0.0000000000
23287  -58.535  -47.310  -12.605 0.0000000000
23307  -60.445  -46.218  -14.478 0.0000000000
118391  -61.234  -45.821  -16.213 0.0000000000
104225  -53.163  -53.596  -12.120 0.0000000000
18328  -50.795  -52.181  -12.297 0.0000000000
19929  -49.981  -49.937  -13.177 0.0000000000
25102  -43.325  -44.488  -10.117 0.0000000000
24152  -44.504  -45.535  -11.295 0.0000000000
26050  -45.033  -42.894  -9.911 0.0000000000
122495  -46.207  -42.178  -9.890 0.0000000000
27881  -46.579  -40.904  -11.298 0.0000000000
16571  -52.891  -54.095  -16.203 0.0000000000
14736  -52.668  -56.493  -15.864 0.0000000000
15640  -51.280  -55.627  -15.608 0.0000000000
14777  -50.133  -56.091  -18.483 0.0000000000
13883  -52.013  -55.330  -21.018 0.0000000000
14812  -52.019  -54.892  -21.325 0.0000000000
14829  -51.529  -54.877  -21.766 0.0000000000
13901  -49.760  -56.302  -21.989 0.0000000000
16559  -58.271  -54.264  -15.496 0.0000000000
14750  -57.324  -55.696  -16.388 0.0000000000
16614  -57.437  -53.782  -18.203 0.0000000000
17544  -56.690  -52.935  -18.478 0.0000000000
104355  -60.294  -49.884  -16.633 0.0000000000
20009  -58.160  -50.965  -18.503 0.0000000000
18391  -55.212  -52.216  -17.946 0.0000000000
18372  -53.352  -52.386  -17.020 0.0000000000
19187  -52.037  -52.045  -16.633 0.0000000000
19186  -50.883  -51.373  -16.503 0.0000000000
112485  -57.578  -53.870  -15.077 0.0000000000
18364  -56.694  -52.543  -15.574 0.0000000000
19956  -55.728  -50.102  -14.982 0.0000000000
18351  -53.744  -52.118  -14.429 0.0000000000
20770  -54.050  -49.710  -14.147 0.0000000000
20735  -56.251  -49.339  -11.916 0.0000000000
22414  -55.439  -48.083  -10.905 0.0000000000
24167  -54.310  -45.892  -12.514 0.0000000000
25131  -52.954  -45.042  -13.688 0.0000000000
19114  -48.048  -51.141  -10.997 0.0000000000
120664  -47.746  -49.703  -12.322 0.0000000000
21570  -48.575  -48.375  -12.526 0.0000000000
24154  -46.827  -45.575  -11.634 0.0000000000
23270  -48.392  -46.079  -11.532 0.0000000000
22422  -49.927  -46.340  -11.314 0.0000000000
104006  -50.986  -45.304  -11.051 0.0000000000
25129  -51.586  -44.597  -13.228 0.0000000000
13825  -55.363  -57.675  -16.609 0.0000000000
12875  -54.039  -59.061  -16.772 0.0000000000
115614  -51.901  -57.684  -16.723 0.0000000000
12900  -50.357  -58.607  -18.186 0.0000000000
21635  -53.615  -48.361  -16.496 0.0000000000
20801  -51.352  -49.905  -16.761 0.0000000000
103232  -49.404  -51.798  -15.802 0.0000000000
19953  -48.351  -50.868  -15.903 0.0000000000
18358  -47.565  -52.851  -15.606 0.0000000000
16592  -47.472  -54.000  -17.756 0.0000000000
15722  -48.435  -54.669  -20.393 0.0000000000
24192  -54.556  -45.021  -14.183 0.0000000000
113896  -56.502  -57.473  -15.156 0.0000000000
13812  -56.536  -57.089  -15.830 0.0000000000
17493  -49.801  -53.563  -15.549 0.0000000000
122042  -49.338  -54.591  -15.618 0.0000000000
16553  -48.748  -54.703  -15.829 0.0000000000
16570  -48.280  -54.881  -16.588 0.0000000000
16552  -48.055  -54.440  -16.042 0.0000000000
20780  -57.729  -49.808  -14.956 0.0000000000
19958  -58.365  -50.406  -15.572 0.0000000000
20773  -58.400  -49.446  -13.986 0.0000000000
22477  -59.899  -47.685  -16.439 0.0000000000
21640  -59.612  -48.650  -16.674 0.0000000000
114292  -57.735  -48.589  -16.672 0.0000000000
115336  -56.286  -49.241  -17.098 0.0000000000
103665  -57.277  -47.849  -16.174 0.0000000000
16484  -55.853  -54.375  -10.106 0.0000000000
119566  -56.002  -54.619  -11.203 0.0000000000
16512  -55.665  -54.500  -12.223 0.0000000000
16511  -54.865  -54.332  -11.803 0.0000000000
21591  -51.092  -48.682  -12.993 0.0000000000
20749  -51.490  -49.421  -13.465 0.0000000000
21572  -51.411  -48.078  -12.200 0.0000000000
22424  -51.773  -47.527  -11.271 0.0000000000
22423  -50.908  -47.547  -11.720 0.0000000000
23262  -43.242  -46.414  -10.607 0.0000000000
22396  -42.828  -47.701  -9.991 0.0000000000
103344  -43.774  -47.774  -10.739 0.0000000000
20709  -44.558  -49.277  -10.428 0.0000000000
110649  -44.228  -47.750  -11.099 0.0000000000
21554  -44.811  -48.129  -11.367 0.0000000000
22407  -44.650  -47.211  -11.448 0.0000000000
27001  -47.640  -42.182  -11.079 0.0000000000
26992  -48.111  -42.813  -10.578 0.0000000000
27011  -48.380  -42.358  -12.222 0.0000000000
27892  -48.101  -41.664  -12.855 0.0000000000
16594  -55.291  -54.686  -17.451 0.0000000000
15652  -54.629  -55.454  -16.826 0.0000000000
15651  -53.810  -55.810  -16.229 0.0000000000
19182  -44.842  -50.894  -16.743 0.0000000000
18404  -45.700  -52.797  -17.932 0.0000000000
18403  -45.068  -52.433  -18.268 0.0000000000
122449  -56.569  -47.159  -12.057 0.0000000000
23286  -57.508  -47.450  -12.135 0.0000000000
23295  -56.838  -46.524  -12.796 0.0000000000
24194  -57.695  -45.276  -14.184 0.0000000000
24180  -58.178  -45.914  -13.672 0.0000000000
24196  -59.731  -45.555  -14.486 0.0000000000
24197  -61.157  -46.014  -15.419 0.0000000000
25147  -60.484  -45.441  -15.208 0.0000000000
19915  -50.146  -50.710  -13.042 0.0000000000
19129  -49.665  -51.071  -12.501 0.0000000000
25099  -43.007  -44.419  -9.303 0.0000000000
26048  -43.530  -43.791  -9.522 0.0000000000
25103  -44.061  -44.260  -10.601 0.0000000000
26049  -44.146  -43.280  -9.678 0.0000000000
27869  -46.458  -41.397  -10.383 0.0000000000
11989  -53.343  -59.951  -16.657 0.0000000000
120139  -52.071  -54.201  -15.813 0.0000000000
16556  -51.725  -54.914  -15.579 0.0000000000
14757  -49.757  -56.014  -17.722 0.0000000000
14744  -49.909  -56.336  -16.893 0.0000000000
15707  -50.687  -55.138  -20.075 0.0000000000
14811  -51.373  -55.108  -20.597 0.0000000000
16629  -49.424  -54.417  -20.151 0.0000000000
15724  -50.270  -54.598  -20.641 0.0000000000
14810  -49.982  -54.610  -20.997 0.0000000000
14828  -50.493  -55.137  -21.564 0.0000000000
17498  -58.436  -53.598  -16.128 0.0000000000
15654  -58.322  -54.408  -16.092 0.0000000000
17545  -57.355  -53.088  -18.486 0.0000000000
18406  -57.853  -52.509  -18.558 0.0000000000
21610  -60.359  -48.782  -14.083 0.0000000000
20775  -60.238  -49.114  -14.507 0.0000000000
20784  -60.608  -49.309  -15.998 0.0000000000
19989  -58.580  -50.336  -18.280 0.0000000000
19988  -57.616  -50.538  -18.372 0.0000000000
19230  -56.630  -51.833  -18.561 0.0000000000
19214  -55.693  -51.518  -18.198 0.0000000000
18390  -54.206  -52.211  -17.507 0.0000000000
19985  -53.777  -50.404  -17.477 0.0000000000
104589  -53.901  -50.970  -17.627 0.0000000000
19188  -52.417  -51.222  -17.052 0.0000000000
116266  -51.623  -51.481  -16.691 0.0000000000
19971  -51.615  -50.717  -16.836 0.0000000000
18353  -55.313  -53.003  -14.837 0.0000000000
17496  -56.000  -53.107  -15.108 0.0000000000
18363  -55.591  -52.406  -15.206 0.0000000000
102769  -56.338  -50.710  -15.421 0.0000000000
123596  -55.575  -50.877  -15.323 0.0000000000
17457  -52.913  -53.140  -12.916 0.0000000000
17472  -53.514  -53.168  -13.447 0.0000000000
18350  -52.994  -51.910  -14.122 0.0000000000
20751  -53.423  -48.887  -12.889 0.0000000000
19946  -53.514  -50.374  -14.439 0.0000000000
119927  -53.885  -49.258  -13.459 0.0000000000
20752  -54.658  -49.349  -13.388 0.0000000000
20734  -55.252  -49.291  -12.132 0.0000000000
21576  -55.711  -49.093  -11.314 0.0000000000
123337  -54.541  -48.508  -10.936 0.0000000000
23274  -53.291  -46.794  -10.800 0.0000000000
23283  -54.049  -46.506  -11.291 0.0000000000
24166  -53.492  -45.720  -12.012 0.0000000000
24176  -53.600  -45.464  -13.171 0.0000000000
24175  -52.827  -45.334  -12.701 0.0000000000
19891  -47.325  -50.833  -10.806 0.0000000000
21568  -46.683  -48.587  -12.263 0.0000000000
20719  -47.285  -49.972  -12.028 0.0000000000
20729  -47.925  -49.080  -12.514 0.0000000000
103641  -48.730  -49.127  -12.667 0.0000000000
122840  -47.891  -48.287  -12.471 0.0000000000
25111  -45.376  -44.721  -11.308 0.0000000000
24153  -45.650  -45.805  -11.632 0.0000000000
103110  -46.312  -44.941  -11.469 0.0000000000
122263  -49.202  -44.388  -10.692 0.0000000000
24155  -47.903  -45.311  -11.437 0.0000000000
24156  -48.856  -45.118  -11.133 0.0000000000
118002  -49.350  -45.759  -11.246 0.0000000000
105762  -50.238  -45.397  -10.976 0.0000000000
23271  -50.794  -46.098  -11.010 0.0000000000
102555  -50.166  -44.645  -10.960 0.0000000000
103365  -49.657  -43.360  -12.878 0.0000000000
118923  -50.841  -44.264  -13.109 0.0000000000
117797  -56.904  -55.722  -17.009 0.0000000000
14737  -56.598  -56.484  -16.590 0.0000000000
13836  -55.983  -56.918  -16.923 0.0000000000
13823  -53.743  -58.239  -16.629 0.0000000000
12874  -53.241  -58.893  -16.875 0.0000000000
12889  -52.677  -59.377  -17.051 0.0000000000
12888  -51.787  -58.975  -17.375 0.0000000000
14746  -51.416  -56.987  -16.365 0.0000000000
14747  -52.294  -57.150  -16.213 0.0000000000
12911  -50.007  -57.997  -19.210 0.0000000000
120743  -50.108  -58.276  -18.696 0.0000000000
108990  -55.229  -47.876  -16.137 0.0000000000
22474  -54.165  -47.318  -16.163 0.0000000000
20800  -50.381  -49.822  -16.641 0.0000000000
19970  -50.688  -50.573  -16.634 0.0000000000
102121  -49.822  -50.426  -16.501 0.0000000000
19184  -46.098  -51.836  -15.961 0.0000000000
19952  -47.281  -50.682  -15.801 0.0000000000
18357  -46.799  -52.337  -15.737 0.0000000000
19169  -47.702  -51.750  -15.611 0.0000000000
17490  -46.783  -53.253  -16.059 0.0000000000
17502  -46.966  -53.850  -16.815 0.0000000000
16636  -48.071  -54.052  -20.018 0.0000000000
14808  -47.687  -55.935  -20.566 0.0000000000
24168  -55.167  -45.950  -13.041 0.0000000000
24178  -56.175  -45.764  -13.465 0.0000000000
115849  -56.843  -45.282  -14.071 0.0000000000
25144  -57.150  -44.541  -14.631 0.0000000000
26975  -44.378  -42.302  -8.260 0.0000000000
27844  -44.983  -41.407  -8.095 0.0000000000
12877  -54.902  -58.795  -16.358 0.0000000000
16555  -50.885  -54.788  -15.542 0.0000000000
16554  -49.945  -54.505  -15.554 0.0000000000
15638  -49.438  -55.125  -15.757 0.0000000000
122900  -49.140  -55.506  -17.781 0.0000000000
15689  -49.523  -55.373  -18.579 0.0000000000
15667  -48.635  -55.286  -17.258 0.0000000000
15688  -48.747  -54.688  -18.482 0.0000000000
108074  -48.063  -53.915  -18.727 0.0000000000
104847  -58.090  -51.215  -15.976 0.0000000000
19176  -59.151  -50.921  -16.214 0.0000000000
19190  -59.853  -51.215  -16.984 0.0000000000
109633  -60.841  -47.874  -15.896 0.0000000000
21642  -60.672  -48.851  -16.069 0.0000000000
21641  -60.457  -48.587  -16.359 0.0000000000
20807  -58.795  -49.126  -17.124 0.0000000000
20825  -56.797  -49.997  -17.906 0.0000000000
112723  -56.039  -50.342  -17.931 0.0000000000
20805  -55.699  -49.774  -17.507 0.0000000000
20804  -54.881  -49.683  -17.298 0.0000000000
20803  -54.144  -49.274  -16.924 0.0000000000
17474  -55.308  -53.890  -13.690 0.0000000000
103029  -54.843  -53.314  -14.269 0.0000000000
19149  -51.565  -51.411  -13.522 0.0000000000
109668  -52.103  -50.906  -14.019 0.0000000000
19932  -52.198  -49.959  -13.902 0.0000000000
20750  -52.491  -49.036  -13.347 0.0000000000
21593  -52.867  -48.495  -12.158 0.0000000000
21557  -53.908  -48.112  -10.725 0.0000000000
105794  -53.127  -48.128  -11.108 0.0000000000
23273  -52.634  -46.946  -10.714 0.0000000000
23272  -52.034  -46.457  -10.808 0.0000000000
20704  -45.004  -49.974  -10.023 0.0000000000
20710  -45.363  -49.607  -10.765 0.0000000000
20711  -46.137  -49.932  -11.075 0.0000000000
20717  -45.790  -49.268  -11.445 0.0000000000
21556  -46.261  -48.942  -12.002 0.0000000000
22409  -46.181  -47.393  -12.144 0.0000000000
109777  -47.076  -42.809  -10.304 0.0000000000
26060  -47.388  -43.414  -10.549 0.0000000000
26056  -47.907  -43.060  -10.344 0.0000000000
25106  -48.521  -43.404  -10.628 0.0000000000
25107  -49.242  -43.712  -10.775 0.0000000000
26062  -49.967  -44.042  -11.034 0.0000000000
26070  -49.509  -43.501  -11.589 0.0000000000
26069  -48.986  -42.887  -12.471 0.0000000000
27021  -49.301  -42.690  -13.479 0.0000000000
15670  -56.352  -55.396  -17.534 0.0000000000
14760  -55.836  -56.418  -17.208 0.0000000000
14759  -55.242  -56.303  -17.150 0.0000000000
104356  -54.401  -56.472  -16.556 0.0000000000
113997  -53.182  -57.309  -16.273 0.0000000000
13833  -50.752  -57.506  -17.726 0.0000000000
21627  -44.610  -48.414  -17.106 0.0000000000
20796  -45.999  -49.292  -16.336 0.0000000000
20797  -46.984  -49.182  -16.406 0.0000000000
19966  -45.664  -50.065  -16.191 0.0000000000
19183  -45.449  -51.372  -16.341 0.0000000000
18389  -45.779  -52.818  -17.073 0.0000000000
17526  -46.782  -53.492  -17.965 0.0000000000
105570  -46.184  -53.362  -18.935 0.0000000000
15705  -47.012  -54.158  -19.800 0.0000000000
21578  -57.682  -48.967  -11.715 0.0000000000
20756  -59.103  -49.249  -12.779 0.0000000000
21579  -58.804  -49.019  -12.274 0.0000000000
22434  -59.277  -47.992  -12.551 0.0000000000
22435  -60.004  -48.146  -13.125 0.0000000000
23296  -57.767  -46.573  -13.020 0.0000000000
121150  -59.999  -46.655  -13.847 0.0000000000
22445  -60.890  -47.462  -14.823 0.0000000000
23318  -61.100  -46.636  -15.558 0.0000000000
23347  -61.117  -46.639  -16.033 0.0000000000
103621  -60.307  -46.594  -16.443 0.0000000000
102054  -53.911  -54.031  -11.936 0.0000000000
18330  -52.183  -52.716  -12.772 0.0000000000
18313  -51.329  -52.714  -11.744 0.0000000000
19131  -51.130  -51.824  -12.963 0.0000000000
19148  -50.854  -51.101  -13.267 0.0000000000
19930  -50.723  -50.236  -13.383 0.0000000000
20732  -50.042  -49.098  -12.969 0.0000000000
24148  -43.132  -45.416  -10.374 0.0000000000
116959  -43.687  -45.744  -10.913 0.0000000000
23263  -44.075  -46.414  -11.211 0.0000000000
24149  -43.777  -44.984  -10.805 0.0000000000
25104  -44.864  -44.087  -10.875 0.0000000000
26055  -45.400  -43.392  -10.510 0.0000000000
26982  -44.589  -42.541  -9.188 0.0000000000
26983  -45.617  -42.176  -9.507 0.0000000000
26990  -46.095  -42.638  -10.160 0.0000000000
114131  -46.694  -42.169  -10.174 0.0000000000
27870  -47.045  -41.780  -10.735 0.0000000000
27882  -47.248  -41.473  -11.670 0.0000000000
17506  -53.795  -53.901  -16.711 0.0000000000
16558  -53.581  -54.905  -16.273 0.0000000000
16557  -52.582  -54.920  -15.775 0.0000000000
15641  -52.182  -55.691  -15.631 0.0000000000
14745  -50.626  -56.736  -16.657 0.0000000000
14758  -50.398  -56.749  -17.572 0.0000000000
13882  -51.124  -56.303  -20.340 0.0000000000
15706  -50.212  -54.653  -20.161 0.0000000000
15735  -51.197  -54.669  -21.204 0.0000000000
14847  -52.193  -55.122  -22.334 0.0000000000
13921  -51.688  -55.991  -22.989 0.0000000000
13920  -50.243  -56.791  -22.705 0.0000000000
15643  -57.850  -55.495  -15.472 0.0000000000
14738  -57.195  -56.294  -15.695 0.0000000000
110514  -57.940  -54.956  -16.238 0.0000000000
15653  -57.429  -55.106  -17.045 0.0000000000
15672  -57.441  -54.545  -17.650 0.0000000000
16597  -57.986  -53.877  -17.908 0.0000000000
120889  -57.443  -54.184  -17.999 0.0000000000
16596  -56.936  -54.533  -17.939 0.0000000000
17530  -56.669  -53.786  -18.227 0.0000000000
111993  -55.807  -54.036  -17.874 0.0000000000
20774  -59.589  -49.297  -14.062 0.0000000000
20782  -60.014  -49.725  -15.383 0.0000000000
20809  -60.293  -49.513  -16.533 0.0000000000
19990  -59.361  -50.490  -17.999 0.0000000000
18405  -57.140  -52.343  -18.663 0.0000000000
17529  -55.762  -53.115  -18.046 0.0000000000
17528  -54.831  -53.715  -17.399 0.0000000000
17527  -54.011  -53.017  -17.141 0.0000000000
17505  -53.131  -53.243  -16.629 0.0000000000
18371  -52.549  -52.640  -16.591 0.0000000000
19189  -52.773  -51.912  -16.913 0.0000000000
17503  -51.789  -52.832  -16.214 0.0000000000
18362  -51.144  -53.060  -15.886 0.0000000000
18361  -50.449  -52.884  -15.748 0.0000000000
18360  -49.573  -52.677  -15.629 0.0000000000
117894  -58.256  -54.758  -14.730 0.0000000000
17484  -58.138  -54.085  -15.271 0.0000000000
116385  -57.790  -53.241  -15.778 0.0000000000
16542  -56.727  -53.921  -14.534 0.0000000000
17497  -56.793  -53.387  -15.218 0.0000000000
19174  -57.018  -51.494  -15.749 0.0000000000
20779  -56.681  -49.896  -14.960 0.0000000000
20772  -57.209  -49.491  -14.083 0.0000000000
109383  -54.339  -54.000  -12.587 0.0000000000
17482  -53.994  -52.968  -14.142 0.0000000000
108308  -53.117  -50.833  -14.389 0.0000000000
122230  -53.867  -50.808  -14.642 0.0000000000
19161  -54.248  -51.303  -14.836 0.0000000000
19948  -55.011  -49.742  -14.361 0.0000000000
20753  -55.649  -49.414  -13.153 0.0000000000
20754  -56.755  -49.455  -12.878 0.0000000000
21577  -56.609  -49.038  -11.433 0.0000000000
22415  -56.144  -48.149  -11.161 0.0000000000
22425  -55.820  -47.412  -11.456 0.0000000000
23275  -53.988  -47.435  -10.726 0.0000000000
23276  -54.808  -47.397  -11.005 0.0000000000
23284  -55.034  -46.578  -11.914 0.0000000000
24191  -53.777  -45.100  -14.037 0.0000000000
19898  -46.883  -50.265  -11.382 0.0000000000
19912  -48.067  -50.235  -12.163 0.0000000000
19913  -48.883  -50.598  -12.314 0.0000000000
20730  -48.549  -49.849  -12.555 0.0000000000
20731  -49.318  -49.542  -12.852 0.0000000000
115920  -49.476  -48.509  -12.622 0.0000000000
23266  -44.844  -46.380  -11.526 0.0000000000
23268  -46.387  -46.516  -11.982 0.0000000000
23280  -46.986  -47.137  -12.247 0.0000000000
25112  -47.382  -44.451  -11.201 0.0000000000
23269  -47.396  -46.278  -11.824 0.0000000000
23281  -47.922  -46.938  -12.049 0.0000000000
23282  -48.959  -46.805  -11.713 0.0000000000
121195  -49.685  -47.085  -11.671 0.0000000000
102524  -50.015  -47.653  -12.080 0.0000000000
121202  -51.477  -46.025  -10.916 0.0000000000
24158  -51.920  -45.627  -11.107 0.0000000000
25116  -50.664  -44.567  -11.332 0.0000000000
25117  -51.356  -44.996  -11.409 0.0000000000
25121  -52.015  -45.053  -12.157 0.0000000000
25130  -52.300  -44.936  -13.247 0.0000000000
25141  -52.234  -44.471  -14.102 0.0000000000
115103  -55.952  -57.408  -16.437 0.0000000000
112100  -54.930  -58.451  -16.484 0.0000000000
121746  -55.642  -57.082  -16.899 0.0000000000
13824  -54.644  -58.300  -16.609 0.0000000000
12890  -53.397  -59.500  -16.780 0.0000000000
13822  -52.804  -57.968  -16.582 0.0000000000
12887  -50.940  -58.338  -17.761 0.0000000000
25161  -56.973  -43.784  -15.232 0.0000000000
25165  -60.951  -44.864  -16.651 0.0000000000
24230  -60.904  -45.429  -16.616 0.0000000000
23345  -59.511  -45.879  -16.563 0.0000000000
22476  -57.840  -46.800  -15.975 0.0000000000
22475  -56.270  -47.852  -16.096 0.0000000000
21636  -54.440  -48.395  -16.449 0.0000000000
20802  -53.087  -49.305  -16.832 0.0000000000
102742  -52.745  -48.313  -16.515 0.0000000000
118533  -52.333  -49.020  -16.707 0.0000000000
121209  -51.918  -50.194  -16.905 0.0000000000
19185  -50.050  -51.195  -16.293 0.0000000000
19968  -47.429  -49.811  -16.215 0.0000000000
19969  -48.181  -50.064  -16.218 0.0000000000
114913  -49.002  -50.281  -16.352 0.0000000000
19170  -48.657  -51.563  -15.724 0.0000000000
18359  -48.578  -52.467  -15.565 0.0000000000
107496  -48.196  -53.310  -15.558 0.0000000000
16569  -47.622  -54.411  -16.709 0.0000000000
16612  -48.499  -54.012  -19.613 0.0000000000
121204  -47.977  -53.724  -19.236 0.0000000000
16637  -48.816  -54.215  -20.131 0.0000000000
14809  -48.870  -55.233  -20.815 0.0000000000
11974  -53.869  -59.606  -16.541 0.0000000000
12878  -55.367  -58.159  -16.354 0.0000000000
13834  -51.480  -58.074  -17.315 0.0000000000
14734  -50.904  -56.333  -15.895 0.0000000000
14735  -51.781  -56.422  -15.803 0.0000000000
14761  -56.404  -56.027  -17.179 0.0000000000
14792  -50.795  -55.875  -19.913 0.0000000000
14827  -49.350  -55.721  -21.361 0.0000000000
14846  -50.967  -55.613  -22.262 0.0000000000
15636  -58.277  -55.267  -14.448 0.0000000000
15642  -53.057  -55.734  -15.820 0.0000000000
15644  -58.243  -54.807  -15.373 0.0000000000
15668  -49.244  -55.832  -17.027 0.0000000000
15669  -55.669  -55.558  -17.465 0.0000000000
15725  -51.080  -54.735  -20.711 0.0000000000
15736  -52.250  -54.889  -21.772 0.0000000000
16543  -57.782  -54.495  -14.322 0.0000000000
16544  -58.198  -54.653  -14.585 0.0000000000
16574  -58.433  -53.829  -16.464 0.0000000000
16628  -47.571  -53.758  -19.421 0.0000000000
17458  -53.674  -53.621  -12.777 0.0000000000
17459  -55.045  -54.187  -12.832 0.0000000000
17483  -55.748  -53.560  -14.473 0.0000000000
17491  -47.559  -53.831  -15.908 0.0000000000
17492  -48.418  -53.985  -15.626 0.0000000000
17504  -52.318  -53.435  -16.190 0.0000000000
17525  -46.305  -53.339  -16.902 0.0000000000
17541  -45.597  -52.992  -18.631 0.0000000000
17546  -58.008  -53.175  -18.329 0.0000000000
18314  -51.884  -52.870  -12.128 0.0000000000
18329  -51.505  -52.425  -12.559 0.0000000000
18344  -52.622  -52.450  -13.487 0.0000000000
18345  -53.302  -52.586  -13.861 0.0000000000
18370  -51.163  -52.232  -16.238 0.0000000000
18392  -56.223  -52.313  -18.417 0.0000000000
19130  -50.419  -51.481  -12.713 0.0000000000
19150  -52.282  -51.684  -13.817 0.0000000000
19159  -52.756  -51.200  -14.238 0.0000000000
19160  -53.459  -51.243  -14.477 0.0000000000
19168  -46.773  -51.500  -15.708 0.0000000000
19171  -50.256  -52.017  -15.992 0.0000000000
19172  -55.113  -51.553  -15.216 0.0000000000
19173  -56.010  -51.623  -15.467 0.0000000000
19210  -44.957  -51.629  -17.033 0.0000000000
19211  -53.134  -50.757  -17.361 0.0000000000
19212  -53.455  -51.519  -17.374 0.0000000000
19231  -57.256  -51.706  -18.653 0.0000000000
19232  -57.897  -51.537  -18.608 0.0000000000
19884  -46.268  -50.804  -9.783 0.0000000000
19889  -45.783  -50.256  -10.322 0.0000000000
19899  -47.666  -50.532  -11.554 0.0000000000
19900  -48.437  -50.838  -11.657 0.0000000000
19914  -49.409  -50.290  -12.821 0.0000000000
19947  -54.248  -50.351  -14.662 0.0000000000
19954  -49.236  -50.988  -16.133 0.0000000000
19955  -54.925  -50.569  -15.039 0.0000000000
19959  -60.022  -50.433  -16.375 0.0000000000
19960  -60.346  -49.834  -16.239 0.0000000000
19967  -46.565  -49.978  -16.069 0.0000000000
19972  -52.386  -50.438  -17.073 0.0000000000
19986  -54.748  -50.776  -17.781 0.0000000000
20007  -56.621  -51.304  -18.462 0.0000000000
20008  -57.400  -51.144  -18.551 0.0000000000
20010  -58.783  -50.852  -18.328 0.0000000000
20728  -47.062  -49.244  -12.274 0.0000000000
20736  -57.302  -49.255  -11.918 0.0000000000
20737  -58.223  -49.168  -12.143 0.0000000000
20748  -50.624  -49.385  -13.236 0.0000000000
20769  -53.148  -49.575  -13.937 0.0000000000
20771  -56.112  -49.556  -14.214 0.0000000000
20776  -60.625  -48.909  -15.091 0.0000000000
20781  -58.880  -49.784  -15.017 0.0000000000
20783  -60.452  -49.328  -15.490 0.0000000000
20794  -44.533  -49.232  -16.888 0.0000000000
20795  -45.233  -49.468  -16.512 0.0000000000
20822  -53.633  -49.851  -17.248 0.0000000000
20823  -54.361  -50.024  -17.461 0.0000000000
20827  -59.370  -49.891  -17.852 0.0000000000
20828  -60.059  -50.110  -17.315 0.0000000000
21550  -43.416  -48.135  -10.284 0.0000000000
21551  -44.197  -48.434  -10.748 0.0000000000
21555  -45.559  -48.550  -11.660 0.0000000000
21558  -55.205  -48.649  -10.911 0.0000000000
21559  -55.985  -48.683  -11.054 0.0000000000
21560  -56.766  -48.591  -11.341 0.0000000000
21567  -46.137  -48.202  -12.081 0.0000000000
21569  -47.270  -48.512  -12.406 0.0000000000
21574  -53.887  -48.608  -11.506 0.0000000000
21575  -54.866  -48.981  -11.356 0.0000000000
21580  -59.444  -48.729  -12.547 0.0000000000
21592  -51.952  -48.502  -12.776 0.0000000000
21594  -59.583  -49.050  -12.720 0.0000000000
21595  -60.092  -48.845  -13.166 0.0000000000
21596  -60.507  -48.210  -13.959 0.0000000000
21614  -60.810  -48.506  -15.609 0.0000000000
21628  -45.280  -48.632  -16.683 0.0000000000
21638  -56.803  -48.614  -16.582 0.0000000000
21639  -58.568  -47.979  -16.381 0.0000000000
21653  -44.992  -47.887  -16.996 0.0000000000
22404  -43.243  -47.359  -10.481 0.0000000000
22410  -50.451  -46.922  -11.358 0.0000000000
22412  -52.529  -47.565  -10.928 0.0000000000
22419  -46.765  -47.943  -12.325 0.0000000000
22421  -48.323  -47.625  -12.302 0.0000000000
22427  -58.469  -48.398  -12.011 0.0000000000
22436  -60.485  -47.236  -13.975 0.0000000000
22448  -55.804  -47.060  -15.927 0.0000000000
22450  -60.951  -47.552  -15.523 0.0000000000
23267  -45.503  -46.848  -11.832 0.0000000000
23285  -56.733  -47.869  -11.514 0.0000000000
23297  -59.505  -47.139  -13.256 0.0000000000
23306  -59.351  -46.133  -13.824 0.0000000000
23308  -60.940  -46.712  -14.897 0.0000000000
23346  -61.036  -46.202  -16.377 0.0000000000
24157  -49.661  -44.807  -10.842 0.0000000000
24159  -52.641  -46.246  -10.945 0.0000000000
24160  -53.243  -46.133  -11.228 0.0000000000
24177  -54.419  -45.482  -13.548 0.0000000000
24193  -56.129  -44.938  -14.261 0.0000000000
24195  -58.740  -45.379  -14.287 0.0000000000
24207  -61.070  -45.416  -15.955 0.0000000000
24231  -60.939  -45.335  -16.613 0.0000000000
25110  -44.474  -44.706  -11.045 0.0000000000
25113  -48.514  -44.408  -10.821 0.0000000000
25114  -48.973  -43.894  -10.539 0.0000000000
25120  -51.180  -44.534  -12.098 0.0000000000
25146  -59.497  -44.906  -14.959 0.0000000000
25164  -60.436  -44.687  -15.959 0.0000000000
26054  -44.472  -43.599  -10.325 0.0000000000
26059  -46.405  -44.087  -11.174 0.0000000000
26084  -50.322  -43.700  -13.463 0.0000000000
26094  -50.382  -43.184  -14.311 0.0000000000
27857  -46.188  -41.752  -9.778 0.0000000000
27890  -47.026  -40.742  -12.175 0.0000000000
101903  -52.237  -49.779  -16.905 0.0000000000
102204  -52.071  -47.087  -10.786 0.0000000000
102685  -46.552  -47.764  -16.646 0.0000000000
106376  -58.612  -46.574  -13.274 0.0000000000
108139  -60.494  -46.080  -16.623 0.0000000000
108362  -54.119  -57.409  -16.462 0.0000000000
108422  -49.158  -47.663  -12.236 0.0000000000
109093  -55.839  -50.821  -18.106 0.0000000000
110395  -54.649  -48.068  -10.720 0.0000000000
110439  -61.124  -45.788  -16.344 0.0000000000
113860  -54.795  -52.829  -17.612 0.0000000000
115463  -55.918  -48.547  -16.482 0.0000000000
117172  -58.258  -51.966  -18.540 0.0000000000
117378  -49.197  -54.113  -15.545 0.0000000000
117416  -43.815  -43.838  -10.112 0.0000000000
119423  -45.652  -43.907  -10.992 0.0000000000
119889  -45.381  -50.655  -16.287 0.0000000000
120416  -53.079  -52.840  -13.412 0.0000000000
122340  -50.568  -48.833  -12.991 0.0000000000
122407  -57.701  -52.013  -18.673 0.0000000000
123207  -56.269  -53.498  -14.842 0.0000000000
123831  -51.388  -54.267  -15.637 0.0000000000
