#!ascii label  , from subject sub-v1s18x0051273_ses-1 vox2ras=TkReg
634
69464  20.199  -12.459  -20.614 0.0000000000
75918  28.257  -5.484  -23.356 0.0000000000
85311  26.326  4.293  -25.485 0.0000000000
80673  17.247  -0.311  -24.089 0.0000000000
64267  23.090  -17.261  -20.360 0.0000000000
67472  26.042  -14.246  -22.410 0.0000000000
72538  22.957  -9.280  -24.238 0.0000000000
75944  20.142  -4.914  -25.102 0.0000000000
80693  26.507  -0.853  -23.926 0.0000000000
83459  29.109  2.132  -29.848 0.0000000000
88114  25.914  7.845  -29.158 0.0000000000
67460  21.404  -14.474  -20.751 0.0000000000
66396  24.620  -16.171  -21.046 0.0000000000
68490  22.982  -13.162  -22.051 0.0000000000
75074  18.541  -6.372  -22.808 0.0000000000
76840  16.432  -3.822  -22.186 0.0000000000
81579  22.443  0.964  -26.741 0.0000000000
79819  22.348  -1.407  -26.540 0.0000000000
82437  26.252  1.269  -24.564 0.0000000000
141476  29.817  0.926  -25.711 0.0000000000
131033  29.886  3.768  -26.325 0.0000000000
88936  23.248  8.792  -29.634 0.0000000000
87215  23.067  7.125  -29.632 0.0000000000
89755  24.880  9.256  -31.146 0.0000000000
74265  24.618  -7.203  -23.705 0.0000000000
133873  26.535  -9.593  -22.723 0.0000000000
74282  28.423  -8.839  -24.210 0.0000000000
83440  22.362  2.826  -27.340 0.0000000000
76879  29.662  -4.539  -26.641 0.0000000000
123701  19.431  -10.259  -20.629 0.0000000000
70485  21.676  -11.274  -22.348 0.0000000000
73380  20.083  -8.883  -22.605 0.0000000000
74312  21.891  -7.119  -25.164 0.0000000000
75940  24.173  -5.348  -24.799 0.0000000000
78792  18.291  -2.547  -24.714 0.0000000000
121470  23.396  -3.166  -25.903 0.0000000000
130623  28.302  -3.171  -23.391 0.0000000000
120081  30.251  -1.871  -26.784 0.0000000000
85347  23.122  5.324  -28.371 0.0000000000
87198  26.439  6.765  -27.197 0.0000000000
90529  28.185  10.965  -30.858 0.0000000000
88941  29.847  8.963  -29.325 0.0000000000
129982  29.820  6.029  -27.247 0.0000000000
85374  30.113  4.157  -30.531 0.0000000000
70482  24.915  -12.059  -22.583 0.0000000000
70449  19.189  -11.846  -19.446 0.0000000000
69465  19.511  -12.748  -19.834 0.0000000000
68460  20.927  -13.661  -20.768 0.0000000000
67477  22.236  -14.454  -21.266 0.0000000000
69478  21.401  -12.495  -21.500 0.0000000000
83422  23.945  2.256  -26.110 0.0000000000
82458  24.907  1.467  -25.373 0.0000000000
120018  25.953  2.901  -24.881 0.0000000000
137072  28.225  3.045  -24.693 0.0000000000
85309  28.119  4.386  -25.358 0.0000000000
89757  23.793  9.209  -31.322 0.0000000000
89756  24.220  8.845  -31.183 0.0000000000
90531  24.618  9.956  -31.669 0.0000000000
121569  26.648  -6.552  -23.085 0.0000000000
74263  26.462  -7.368  -22.892 0.0000000000
74283  28.245  -7.421  -23.618 0.0000000000
132930  20.802  1.887  -27.165 0.0000000000
125532  20.971  3.116  -27.425 0.0000000000
65353  21.532  -16.808  -19.712 0.0000000000
64254  21.693  -17.586  -19.338 0.0000000000
64236  22.867  -17.924  -19.226 0.0000000000
65352  23.791  -16.906  -19.762 0.0000000000
66407  25.050  -15.218  -22.009 0.0000000000
66380  25.230  -15.341  -20.458 0.0000000000
72509  19.580  -9.382  -21.705 0.0000000000
73382  18.312  -8.326  -21.501 0.0000000000
75922  18.739  -5.831  -23.357 0.0000000000
75093  19.806  -6.521  -23.764 0.0000000000
75111  21.004  -6.123  -25.207 0.0000000000
75108  22.862  -6.686  -25.555 0.0000000000
75950  22.010  -5.544  -26.293 0.0000000000
118129  16.299  -1.245  -22.907 0.0000000000
131252  16.995  -1.001  -23.841 0.0000000000
79811  24.577  -0.911  -25.207 0.0000000000
130376  22.512  -2.252  -26.482 0.0000000000
79797  25.070  -1.686  -24.658 0.0000000000
121457  25.731  -3.106  -24.282 0.0000000000
79796  28.109  -1.566  -23.381 0.0000000000
78795  30.021  -2.285  -25.004 0.0000000000
125121  29.592  -0.867  -24.047 0.0000000000
82497  29.571  1.184  -28.249 0.0000000000
80735  29.575  -0.197  -28.045 0.0000000000
88115  25.096  7.326  -29.637 0.0000000000
87208  23.556  6.190  -29.080 0.0000000000
87207  24.655  6.267  -28.816 0.0000000000
86286  24.994  5.944  -28.143 0.0000000000
87205  25.969  7.089  -27.878 0.0000000000
88102  30.142  7.599  -28.332 0.0000000000
87212  30.571  6.965  -29.363 0.0000000000
86285  30.563  5.435  -29.093 0.0000000000
71520  21.936  -10.212  -23.308 0.0000000000
70483  23.280  -11.674  -22.605 0.0000000000
71519  23.401  -10.716  -23.096 0.0000000000
72521  27.345  -10.297  -23.138 0.0000000000
70500  26.832  -11.585  -23.229 0.0000000000
66383  20.302  -15.228  -19.565 0.0000000000
123280  21.852  -16.301  -20.333 0.0000000000
65373  23.378  -17.046  -20.971 0.0000000000
66410  22.991  -15.443  -21.386 0.0000000000
67475  23.618  -14.890  -21.736 0.0000000000
68488  24.944  -14.210  -22.578 0.0000000000
75051  17.084  -6.517  -21.438 0.0000000000
76838  17.049  -5.044  -22.189 0.0000000000
76859  17.527  -4.415  -23.143 0.0000000000
80729  20.157  -0.235  -26.339 0.0000000000
79822  19.875  -1.118  -26.127 0.0000000000
80726  22.116  -0.448  -26.613 0.0000000000
133270  24.341  -0.069  -25.391 0.0000000000
81537  26.701  0.619  -24.240 0.0000000000
81535  29.444  0.532  -24.380 0.0000000000
82435  28.486  1.767  -24.384 0.0000000000
83398  29.611  2.410  -25.586 0.0000000000
137352  30.096  2.580  -28.238 0.0000000000
88098  21.657  7.600  -28.470 0.0000000000
88948  22.666  8.017  -29.756 0.0000000000
88946  24.535  7.926  -30.248 0.0000000000
89747  25.563  8.995  -30.171 0.0000000000
73399  24.063  -8.546  -23.684 0.0000000000
72523  24.342  -9.257  -23.156 0.0000000000
119215  26.153  -8.606  -22.710 0.0000000000
122438  27.227  -9.202  -22.868 0.0000000000
81542  17.623  0.710  -24.156 0.0000000000
81582  20.239  0.939  -26.501 0.0000000000
83424  22.374  2.063  -27.164 0.0000000000
84364  24.040  3.507  -26.576 0.0000000000
65351  24.433  -16.245  -19.501 0.0000000000
75939  29.400  -5.553  -25.164 0.0000000000
75069  29.008  -6.712  -24.944 0.0000000000
70471  19.912  -10.893  -21.127 0.0000000000
70469  21.207  -11.678  -21.731 0.0000000000
71488  20.307  -10.633  -21.699 0.0000000000
71521  21.215  -9.865  -22.879 0.0000000000
72526  21.670  -9.507  -23.629 0.0000000000
74248  18.954  -7.800  -22.251 0.0000000000
73418  21.215  -8.185  -24.034 0.0000000000
131197  22.338  -8.322  -24.606 0.0000000000
74285  23.459  -7.369  -24.786 0.0000000000
75089  24.774  -6.329  -23.886 0.0000000000
76856  26.350  -5.144  -23.524 0.0000000000
77813  16.770  -3.202  -22.897 0.0000000000
77826  19.089  -3.757  -25.013 0.0000000000
78797  19.464  -2.425  -25.716 0.0000000000
77834  19.617  -3.268  -25.575 0.0000000000
139732  21.358  -4.508  -26.360 0.0000000000
76873  23.949  -4.514  -25.220 0.0000000000
76865  26.195  -4.345  -23.735 0.0000000000
76853  28.678  -4.661  -23.421 0.0000000000
77820  29.594  -3.729  -24.423 0.0000000000
77838  29.839  -3.620  -26.981 0.0000000000
80724  30.085  -0.313  -26.239 0.0000000000
85334  23.114  4.721  -27.762 0.0000000000
85332  24.951  4.870  -26.896 0.0000000000
86272  25.896  5.342  -26.464 0.0000000000
90520  26.489  10.755  -30.672 0.0000000000
90510  27.839  10.264  -29.817 0.0000000000
142572  28.996  10.045  -29.885 0.0000000000
89738  28.182  9.309  -28.878 0.0000000000
88104  28.491  8.182  -27.852 0.0000000000
87196  28.409  6.854  -26.922 0.0000000000
86270  28.186  5.648  -26.060 0.0000000000
86268  29.759  5.258  -26.716 0.0000000000
84407  30.309  3.942  -28.990 0.0000000000
83467  29.381  2.768  -30.003 0.0000000000
69497  21.965  -11.978  -21.967 0.0000000000
69495  23.577  -12.693  -22.370 0.0000000000
69493  25.347  -13.049  -22.836 0.0000000000
71517  25.234  -10.485  -22.622 0.0000000000
69507  26.548  -12.407  -23.156 0.0000000000
142301  19.734  -11.985  -20.221 0.0000000000
68461  20.283  -13.281  -20.427 0.0000000000
68478  20.817  -12.938  -21.025 0.0000000000
68477  21.595  -13.515  -21.287 0.0000000000
129168  25.198  2.986  -25.577 0.0000000000
135772  25.395  2.484  -25.292 0.0000000000
84351  26.630  3.712  -25.052 0.0000000000
84350  27.680  3.764  -24.934 0.0000000000
85310  27.176  4.388  -25.335 0.0000000000
89761  24.152  9.410  -31.660 0.0000000000
75071  27.790  -6.345  -23.168 0.0000000000
75070  28.510  -6.231  -23.666 0.0000000000
64268  22.371  -17.368  -19.861 0.0000000000
64253  22.368  -17.824  -19.418 0.0000000000
142519  22.835  -17.566  -19.786 0.0000000000
64235  23.554  -17.434  -18.894 0.0000000000
64252  23.193  -17.358  -19.904 0.0000000000
67473  25.583  -14.809  -21.894 0.0000000000
67459  25.717  -14.816  -21.071 0.0000000000
67458  26.190  -14.305  -21.601 0.0000000000
68474  26.651  -13.753  -22.113 0.0000000000
73367  18.343  -9.147  -21.144 0.0000000000
73368  17.807  -8.632  -21.096 0.0000000000
75936  18.898  -5.116  -23.963 0.0000000000
132992  19.925  -5.979  -24.258 0.0000000000
75934  20.340  -5.704  -24.825 0.0000000000
75942  21.497  -5.805  -25.856 0.0000000000
75943  20.829  -5.382  -25.557 0.0000000000
118130  16.408  -0.576  -23.216 0.0000000000
80674  16.740  -0.387  -23.599 0.0000000000
80711  25.555  -0.865  -24.531 0.0000000000
125323  26.012  -1.691  -24.220 0.0000000000
123563  27.020  -1.646  -23.577 0.0000000000
130021  28.583  -0.787  -23.493 0.0000000000
82510  29.476  1.823  -28.912 0.0000000000
135364  29.210  1.079  -29.004 0.0000000000
87213  25.108  6.759  -29.094 0.0000000000
88107  25.701  7.137  -28.846 0.0000000000
87206  25.380  6.562  -28.468 0.0000000000
88106  26.299  7.756  -28.219 0.0000000000
88122  30.572  7.464  -29.906 0.0000000000
141940  30.601  7.126  -30.668 0.0000000000
131254  30.617  6.484  -30.165 0.0000000000
72525  22.486  -9.773  -23.867 0.0000000000
140815  22.672  -10.458  -23.428 0.0000000000
71527  23.148  -9.965  -23.779 0.0000000000
130873  28.118  -10.477  -23.309 0.0000000000
71515  27.765  -10.967  -23.311 0.0000000000
67461  20.545  -14.102  -20.279 0.0000000000
67442  20.050  -14.548  -19.650 0.0000000000
66399  20.799  -14.958  -20.145 0.0000000000
66382  20.988  -15.818  -19.778 0.0000000000
66398  21.627  -15.501  -20.502 0.0000000000
66397  22.609  -16.269  -20.941 0.0000000000
66411  22.164  -15.200  -20.952 0.0000000000
68476  22.513  -13.718  -21.625 0.0000000000
67476  22.906  -14.469  -21.563 0.0000000000
68475  23.317  -13.978  -21.856 0.0000000000
67489  24.195  -14.344  -22.205 0.0000000000
68489  23.728  -13.495  -22.251 0.0000000000
76839  16.457  -4.618  -21.771 0.0000000000
130828  16.463  -5.307  -21.438 0.0000000000
75923  17.788  -5.209  -22.925 0.0000000000
77790  16.901  -4.096  -22.578 0.0000000000
138874  20.745  0.467  -26.653 0.0000000000
81580  21.885  0.508  -26.759 0.0000000000
81557  24.510  0.744  -25.480 0.0000000000
82457  25.375  0.999  -24.992 0.0000000000
81555  25.888  0.566  -24.568 0.0000000000
82436  27.369  1.413  -24.260 0.0000000000
123923  28.284  1.157  -24.074 0.0000000000
83420  29.477  3.264  -25.631 0.0000000000
83399  29.108  2.826  -24.998 0.0000000000
83419  29.968  2.795  -26.339 0.0000000000
119646  30.052  2.251  -27.246 0.0000000000
83439  30.235  3.136  -27.201 0.0000000000
88937  22.767  8.534  -28.718 0.0000000000
126303  22.214  7.749  -29.037 0.0000000000
88955  24.160  8.439  -30.557 0.0000000000
88954  24.801  8.537  -30.612 0.0000000000
88945  25.418  8.126  -29.958 0.0000000000
73398  24.542  -7.953  -23.598 0.0000000000
73397  24.910  -8.525  -23.012 0.0000000000
74264  25.439  -7.717  -23.067 0.0000000000
74261  27.984  -8.350  -23.333 0.0000000000
119095  27.152  -8.196  -22.850 0.0000000000
73396  27.829  -8.988  -23.156 0.0000000000
72520  28.009  -9.901  -23.474 0.0000000000
81520  17.227  1.183  -23.596 0.0000000000
129905  18.168  1.237  -24.435 0.0000000000
81560  19.074  0.369  -25.460 0.0000000000
123955  19.684  0.920  -26.073 0.0000000000
83442  21.107  2.382  -27.413 0.0000000000
82487  21.418  1.713  -27.249 0.0000000000
83441  21.783  2.199  -27.397 0.0000000000
137614  23.746  2.867  -26.454 0.0000000000
84365  23.214  3.237  -26.919 0.0000000000
65388  24.066  -16.751  -21.226 0.0000000000
65371  24.210  -16.726  -20.681 0.0000000000
65350  25.036  -15.469  -19.353 0.0000000000
75947  29.453  -5.528  -26.336 0.0000000000
71475  19.196  -10.336  -19.929 0.0000000000
71489  19.749  -10.110  -21.311 0.0000000000
72508  20.457  -9.588  -22.415 0.0000000000
72527  20.878  -9.194  -23.192 0.0000000000
75050  17.897  -6.673  -22.123 0.0000000000
74249  18.103  -7.546  -21.793 0.0000000000
74267  18.689  -7.033  -22.557 0.0000000000
139422  20.839  -7.183  -24.337 0.0000000000
74288  20.302  -7.147  -23.817 0.0000000000
74286  21.421  -7.613  -24.534 0.0000000000
73417  21.771  -8.322  -24.409 0.0000000000
73427  22.130  -7.779  -24.855 0.0000000000
73425  23.220  -7.969  -24.731 0.0000000000
74311  22.544  -7.242  -25.234 0.0000000000
128556  23.197  -6.087  -25.681 0.0000000000
75090  23.339  -6.777  -25.186 0.0000000000
126528  24.307  -6.018  -24.492 0.0000000000
75932  25.725  -5.830  -23.559 0.0000000000
75933  24.835  -5.490  -24.178 0.0000000000
78774  16.664  -2.283  -23.130 0.0000000000
78773  17.199  -2.663  -23.614 0.0000000000
77812  17.346  -3.547  -23.398 0.0000000000
77828  17.790  -3.032  -24.123 0.0000000000
142460  20.942  -1.126  -26.545 0.0000000000
79814  19.363  -1.579  -25.751 0.0000000000
129928  20.944  -1.766  -26.568 0.0000000000
78802  22.726  -3.020  -26.433 0.0000000000
78803  22.039  -2.793  -26.646 0.0000000000
77841  21.543  -3.342  -26.573 0.0000000000
76883  21.057  -3.884  -26.392 0.0000000000
76882  21.770  -4.094  -26.551 0.0000000000
76881  22.443  -4.361  -26.509 0.0000000000
141286  23.888  -3.667  -25.392 0.0000000000
77824  25.437  -3.893  -24.325 0.0000000000
77823  26.298  -3.534  -23.850 0.0000000000
77806  27.014  -4.087  -23.537 0.0000000000
77805  27.933  -3.947  -23.370 0.0000000000
76864  29.229  -4.191  -23.708 0.0000000000
77821  29.221  -3.327  -23.631 0.0000000000
78801  30.076  -2.741  -26.174 0.0000000000
78808  30.020  -2.759  -27.383 0.0000000000
123010  29.661  1.125  -24.922 0.0000000000
81554  29.934  0.307  -25.273 0.0000000000
129024  29.873  0.432  -26.413 0.0000000000
88108  21.957  7.302  -29.099 0.0000000000
127304  22.333  6.554  -29.127 0.0000000000
86289  22.819  5.707  -28.818 0.0000000000
86290  22.017  5.773  -28.638 0.0000000000
85349  21.723  5.298  -27.994 0.0000000000
85336  21.343  4.666  -27.566 0.0000000000
85335  22.068  4.462  -27.722 0.0000000000
87199  25.681  6.369  -27.617 0.0000000000
86280  24.550  5.332  -27.778 0.0000000000
86279  25.338  5.676  -27.277 0.0000000000
86278  26.179  6.090  -26.863 0.0000000000
91281  26.649  11.363  -31.356 0.0000000000
137373  27.353  11.131  -30.897 0.0000000000
90511  26.943  10.266  -29.911 0.0000000000
90519  27.584  10.672  -30.362 0.0000000000
88953  29.899  9.325  -30.202 0.0000000000
130057  29.793  9.945  -31.026 0.0000000000
89743  29.362  9.610  -29.687 0.0000000000
89744  28.555  9.834  -29.536 0.0000000000
88942  29.167  9.252  -29.045 0.0000000000
88934  27.767  8.689  -28.372 0.0000000000
88933  28.878  8.760  -28.452 0.0000000000
87204  29.934  6.912  -27.720 0.0000000000
88095  29.131  7.449  -27.469 0.0000000000
124068  29.260  6.584  -27.037 0.0000000000
87189  28.715  6.158  -26.509 0.0000000000
87188  29.333  5.927  -26.681 0.0000000000
86269  29.032  5.471  -26.202 0.0000000000
131610  30.414  4.644  -29.679 0.0000000000
85346  30.505  4.785  -28.806 0.0000000000
85362  30.104  3.817  -29.890 0.0000000000
84408  29.820  3.260  -29.599 0.0000000000
84416  29.542  3.350  -30.495 0.0000000000
134506  24.052  -12.141  -22.481 0.0000000000
69494  24.430  -12.907  -22.582 0.0000000000
72522  25.429  -9.498  -22.646 0.0000000000
126260  24.627  -9.909  -22.769 0.0000000000
69506  27.239  -12.256  -23.204 0.0000000000
69492  26.910  -12.973  -23.125 0.0000000000
69477  22.190  -12.844  -21.777 0.0000000000
82473  23.487  1.620  -26.361 0.0000000000
133023  23.132  1.126  -26.510 0.0000000000
82459  24.203  1.546  -25.775 0.0000000000
124104  25.601  1.914  -25.005 0.0000000000
83401  26.649  2.150  -24.534 0.0000000000
83380  27.758  2.311  -24.446 0.0000000000
83400  27.123  3.020  -24.600 0.0000000000
84349  28.697  3.681  -25.219 0.0000000000
84362  29.282  3.957  -25.703 0.0000000000
89748  23.480  9.337  -30.391 0.0000000000
88956  23.655  8.726  -30.642 0.0000000000
75072  25.553  -6.793  -23.307 0.0000000000
74262  27.550  -7.345  -23.001 0.0000000000
134123  28.428  -8.161  -24.423 0.0000000000
82476  20.347  2.367  -26.834 0.0000000000
119099  21.553  2.935  -27.502 0.0000000000
65354  20.499  -16.409  -19.131 0.0000000000
65355  19.602  -15.964  -18.462 0.0000000000
64238  20.881  -17.199  -18.993 0.0000000000
63187  23.166  -18.211  -18.415 0.0000000000
64234  24.172  -17.111  -18.210 0.0000000000
66408  24.555  -15.816  -21.506 0.0000000000
66395  25.139  -15.438  -21.403 0.0000000000
71490  18.960  -9.553  -20.883 0.0000000000
73381  19.231  -8.565  -21.915 0.0000000000
75902  18.167  -5.874  -22.786 0.0000000000
75073  19.125  -6.472  -23.227 0.0000000000
75092  20.489  -6.500  -24.437 0.0000000000
75091  21.235  -6.827  -24.851 0.0000000000
75110  21.667  -6.443  -25.501 0.0000000000
75120  22.602  -5.942  -26.026 0.0000000000
75941  23.582  -5.370  -25.443 0.0000000000
79780  16.544  -1.306  -23.291 0.0000000000
79779  17.061  -1.778  -23.781 0.0000000000
79813  23.705  -1.357  -25.737 0.0000000000
79818  23.074  -1.775  -26.261 0.0000000000
78796  23.598  -2.246  -25.717 0.0000000000
128186  24.235  -2.877  -25.253 0.0000000000
77825  25.005  -3.059  -24.626 0.0000000000
78790  25.502  -2.421  -24.420 0.0000000000
78789  26.440  -2.591  -23.847 0.0000000000
78788  27.657  -2.421  -23.422 0.0000000000
78787  28.886  -2.342  -23.496 0.0000000000
79795  29.654  -1.845  -24.075 0.0000000000
79810  30.054  -1.422  -25.043 0.0000000000
81576  29.817  1.135  -26.516 0.0000000000
81594  29.707  0.615  -27.500 0.0000000000
81606  29.333  0.491  -28.595 0.0000000000
87214  24.255  6.817  -29.396 0.0000000000
86287  24.193  5.697  -28.507 0.0000000000
86281  23.759  5.210  -28.134 0.0000000000
88097  26.813  7.437  -27.490 0.0000000000
88940  30.308  8.385  -29.751 0.0000000000
88932  30.094  8.278  -28.850 0.0000000000
88113  30.402  7.633  -29.076 0.0000000000
87203  30.450  6.827  -28.560 0.0000000000
131206  30.518  6.017  -28.599 0.0000000000
129498  30.584  6.229  -29.269 0.0000000000
86294  30.546  5.549  -29.910 0.0000000000
71502  22.168  -10.862  -22.938 0.0000000000
70484  22.431  -11.525  -22.559 0.0000000000
71501  22.781  -11.064  -23.023 0.0000000000
71500  24.133  -11.386  -22.585 0.0000000000
118367  26.379  -10.562  -22.830 0.0000000000
71516  27.214  -11.021  -23.264 0.0000000000
70499  27.546  -11.561  -23.239 0.0000000000
136919  20.162  -15.709  -19.193 0.0000000000
65374  22.551  -16.929  -20.424 0.0000000000
65389  23.502  -16.499  -21.271 0.0000000000
66409  23.934  -15.958  -21.568 0.0000000000
67474  24.393  -15.203  -21.905 0.0000000000
67488  24.858  -14.795  -22.309 0.0000000000
67487  25.366  -14.570  -22.408 0.0000000000
75904  16.792  -5.859  -21.454 0.0000000000
75903  17.492  -5.862  -22.124 0.0000000000
76858  18.203  -4.692  -23.626 0.0000000000
80694  18.566  -0.415  -25.134 0.0000000000
130972  18.188  -1.017  -24.816 0.0000000000
80713  19.367  -0.575  -25.709 0.0000000000
79821  20.468  -1.126  -26.399 0.0000000000
79820  21.484  -1.038  -26.603 0.0000000000
81578  23.161  0.552  -26.330 0.0000000000
136185  23.233  -0.085  -26.125 0.0000000000
80712  23.748  -0.494  -25.731 0.0000000000
81556  25.097  0.077  -24.784 0.0000000000
81538  26.120  -0.097  -24.333 0.0000000000
126450  27.053  -0.034  -23.708 0.0000000000
80691  28.124  -0.039  -23.507 0.0000000000
125658  27.681  0.661  -23.817 0.0000000000
82434  29.106  1.208  -24.398 0.0000000000
83379  28.660  2.402  -24.633 0.0000000000
82456  29.311  1.939  -24.855 0.0000000000
119471  29.718  1.609  -25.579 0.0000000000
124302  29.839  1.437  -27.346 0.0000000000
82486  29.876  1.808  -28.026 0.0000000000
83458  29.650  2.617  -29.265 0.0000000000
88117  22.907  7.717  -29.981 0.0000000000
88947  23.470  8.136  -30.320 0.0000000000
88116  23.866  7.452  -29.979 0.0000000000
88944  26.110  8.765  -29.268 0.0000000000
72524  23.564  -9.277  -23.780 0.0000000000
142973  26.303  -7.918  -22.792 0.0000000000
131783  17.074  0.353  -23.738 0.0000000000
81541  18.383  0.504  -24.775 0.0000000000
81559  19.723  0.325  -26.027 0.0000000000
81596  21.224  1.052  -26.933 0.0000000000
125005  20.500  1.701  -26.789 0.0000000000
81581  20.724  1.267  -26.836 0.0000000000
81595  21.769  1.197  -27.012 0.0000000000
83423  23.122  2.346  -26.753 0.0000000000
84363  24.866  3.765  -26.092 0.0000000000
65372  23.619  -17.062  -20.724 0.0000000000
66381  24.675  -15.955  -20.212 0.0000000000
75930  29.222  -5.520  -24.178 0.0000000000
139232  28.920  -6.126  -24.042 0.0000000000
70459  19.549  -11.122  -20.204 0.0000000000
139077  20.101  -11.662  -20.845 0.0000000000
69479  20.707  -12.088  -21.193 0.0000000000
70470  20.497  -11.338  -21.476 0.0000000000
70486  20.926  -10.995  -22.079 0.0000000000
71504  20.184  -10.003  -21.841 0.0000000000
71503  20.753  -10.281  -22.256 0.0000000000
121946  21.451  -10.574  -22.641 0.0000000000
73402  19.775  -8.124  -22.802 0.0000000000
74266  19.557  -7.264  -23.113 0.0000000000
141962  20.214  -7.742  -23.426 0.0000000000
73401  20.610  -8.404  -23.437 0.0000000000
73400  21.386  -8.795  -23.861 0.0000000000
72539  22.201  -8.988  -24.248 0.0000000000
73415  23.407  -8.602  -24.288 0.0000000000
73414  23.875  -7.803  -24.244 0.0000000000
74284  23.988  -6.804  -24.469 0.0000000000
75920  26.738  -5.824  -23.260 0.0000000000
75919  27.287  -5.373  -23.297 0.0000000000
77791  15.254  -3.498  -21.261 0.0000000000
77811  17.974  -3.887  -23.902 0.0000000000
76868  19.374  -4.569  -24.704 0.0000000000
79799  17.535  -1.215  -24.381 0.0000000000
79798  18.185  -1.727  -24.802 0.0000000000
136261  20.639  -2.436  -26.424 0.0000000000
77843  20.153  -2.789  -26.079 0.0000000000
77835  18.924  -2.908  -25.178 0.0000000000
76876  19.856  -4.103  -25.393 0.0000000000
76875  20.693  -4.518  -25.902 0.0000000000
75951  21.381  -5.132  -26.174 0.0000000000
75949  22.553  -5.145  -26.370 0.0000000000
126683  24.512  -3.757  -24.851 0.0000000000
76867  24.710  -4.630  -24.525 0.0000000000
76866  25.495  -4.861  -23.923 0.0000000000
76855  26.870  -4.726  -23.486 0.0000000000
75931  29.185  -4.891  -23.739 0.0000000000
76863  29.444  -4.705  -24.306 0.0000000000
76872  29.648  -4.453  -25.436 0.0000000000
78786  29.658  -2.760  -24.146 0.0000000000
77831  29.882  -3.685  -25.956 0.0000000000
80690  29.081  -0.066  -23.747 0.0000000000
80710  30.056  -0.584  -25.207 0.0000000000
80732  29.822  -0.070  -27.113 0.0000000000
123265  29.871  -1.916  -27.883 0.0000000000
87209  21.572  6.222  -28.721 0.0000000000
84380  21.979  3.520  -27.591 0.0000000000
84379  22.696  3.781  -27.487 0.0000000000
85333  24.084  4.693  -27.494 0.0000000000
84378  23.578  4.030  -27.207 0.0000000000
85322  24.390  4.213  -26.770 0.0000000000
143381  24.927  4.347  -26.432 0.0000000000
85320  26.582  4.937  -25.782 0.0000000000
90530  25.539  10.888  -31.412 0.0000000000
90521  25.389  10.123  -31.084 0.0000000000
89754  25.920  9.897  -30.354 0.0000000000
89746  26.453  9.565  -29.547 0.0000000000
88943  27.015  9.205  -28.839 0.0000000000
90518  28.554  10.417  -30.198 0.0000000000
89745  27.496  9.772  -29.377 0.0000000000
88935  26.652  8.441  -28.549 0.0000000000
88105  27.274  8.116  -27.850 0.0000000000
88096  27.948  7.552  -27.327 0.0000000000
88103  29.557  8.121  -28.171 0.0000000000
87197  27.391  6.914  -26.973 0.0000000000
87190  27.800  6.304  -26.527 0.0000000000
86271  27.022  5.716  -26.245 0.0000000000
85319  27.634  5.047  -25.665 0.0000000000
86265  28.564  4.948  -25.743 0.0000000000
85318  29.368  4.634  -26.047 0.0000000000
85317  29.958  4.492  -26.637 0.0000000000
86276  30.500  5.383  -28.288 0.0000000000
84376  30.463  4.539  -27.966 0.0000000000
84377  30.290  4.032  -27.192 0.0000000000
84395  30.362  3.566  -28.039 0.0000000000
122666  29.600  3.829  -31.272 0.0000000000
84435  29.026  3.150  -31.410 0.0000000000
83468  28.875  2.494  -30.770 0.0000000000
69496  22.731  -12.293  -22.241 0.0000000000
121776  24.359  -13.631  -22.491 0.0000000000
132362  24.952  -13.565  -22.709 0.0000000000
67486  25.665  -13.854  -22.795 0.0000000000
119559  23.850  -9.973  -23.264 0.0000000000
71518  24.349  -10.576  -22.730 0.0000000000
71499  24.885  -11.170  -22.591 0.0000000000
70501  25.783  -11.498  -22.827 0.0000000000
69508  25.802  -12.484  -22.953 0.0000000000
68487  26.450  -13.568  -22.783 0.0000000000
75088  28.649  -7.054  -24.218 0.0000000000
68498  26.206  -13.149  -23.043 0.0000000000
73416  22.819  -8.549  -24.567 0.0000000000
73426  22.721  -7.881  -24.878 0.0000000000
74287  20.782  -7.720  -23.930 0.0000000000
74310  23.041  -7.370  -25.162 0.0000000000
75107  23.727  -6.074  -24.994 0.0000000000
75109  22.296  -6.585  -25.613 0.0000000000
75121  22.032  -6.088  -25.972 0.0000000000
75917  28.884  -5.447  -23.662 0.0000000000
75921  19.373  -5.854  -23.818 0.0000000000
75935  19.661  -5.351  -24.445 0.0000000000
75948  23.100  -5.374  -26.106 0.0000000000
76854  27.677  -4.718  -23.334 0.0000000000
76869  18.638  -4.238  -24.329 0.0000000000
76874  23.409  -4.791  -25.801 0.0000000000
76880  23.025  -4.633  -26.320 0.0000000000
77822  27.256  -3.286  -23.528 0.0000000000
77827  18.440  -3.394  -24.564 0.0000000000
77832  23.420  -4.093  -25.832 0.0000000000
77833  20.352  -3.613  -25.977 0.0000000000
77839  22.925  -3.826  -26.373 0.0000000000
77840  22.274  -3.572  -26.573 0.0000000000
77842  20.811  -3.117  -26.419 0.0000000000
78791  24.783  -2.375  -24.759 0.0000000000
78793  17.613  -2.169  -24.314 0.0000000000
78798  18.773  -2.079  -25.307 0.0000000000
78804  21.291  -2.578  -26.584 0.0000000000
78805  20.089  -1.906  -26.243 0.0000000000
79757  16.383  -1.908  -22.795 0.0000000000
79812  24.333  -1.902  -25.244 0.0000000000
79815  18.691  -1.266  -25.305 0.0000000000
80689  29.699  -0.122  -24.456 0.0000000000
80692  27.538  -0.813  -23.484 0.0000000000
80695  17.924  -0.302  -24.559 0.0000000000
80725  23.010  -0.816  -26.338 0.0000000000
80727  21.377  0.034  -26.662 0.0000000000
80728  20.847  -0.507  -26.559 0.0000000000
81536  28.654  0.621  -23.853 0.0000000000
81558  23.743  0.273  -25.769 0.0000000000
81577  23.700  0.974  -26.032 0.0000000000
82472  29.895  1.922  -26.416 0.0000000000
82474  22.739  1.601  -26.806 0.0000000000
82475  22.061  1.590  -27.169 0.0000000000
83402  24.792  2.223  -25.554 0.0000000000
83421  24.447  2.933  -26.056 0.0000000000
83443  20.661  2.667  -27.238 0.0000000000
84352  25.729  3.706  -25.487 0.0000000000
84381  21.413  3.763  -27.516 0.0000000000
85308  28.817  4.333  -25.581 0.0000000000
85321  25.547  4.523  -25.993 0.0000000000
85331  30.237  4.735  -27.155 0.0000000000
85348  22.476  5.279  -28.187 0.0000000000
86277  30.265  5.354  -27.499 0.0000000000
86288  23.468  5.598  -28.639 0.0000000000
87191  26.940  6.393  -26.711 0.0000000000
87195  30.354  6.114  -27.928 0.0000000000
87216  22.433  7.454  -29.521 0.0000000000
89753  29.341  10.076  -30.264 0.0000000000
120950  30.102  3.182  -28.839 0.0000000000
121563  30.257  -1.874  -25.837 0.0000000000
125315  21.921  -4.839  -26.493 0.0000000000
126694  30.529  7.917  -30.629 0.0000000000
126858  21.770  -1.985  -26.624 0.0000000000
128452  22.615  0.109  -26.468 0.0000000000
134219  18.355  -5.341  -23.368 0.0000000000
136940  23.085  -2.494  -26.246 0.0000000000
137202  29.008  -1.466  -23.568 0.0000000000
137518  29.860  -3.136  -25.154 0.0000000000
138795  29.608  8.696  -28.744 0.0000000000
140988  29.761  7.547  -27.891 0.0000000000
142676  29.739  -3.720  -25.262 0.0000000000
142953  28.741  -3.840  -23.429 0.0000000000
143030  24.002  -13.186  -22.436 0.0000000000
