#!ascii label  , from subject sub-v1s18x0051212_ses-1 vox2ras=TkReg
1768
54636  -28.649  -9.736  57.664 0.0000000000
69487  -42.754  5.054  44.781 0.0000000000
128958  -32.932  -1.813  48.261 0.0000000000
41934  -3.682  -26.170  50.900 0.0000000000
46617  -20.492  -20.556  56.831 0.0000000000
117884  -0.537  -18.450  52.623 0.0000000000
48388  -2.165  -17.857  60.976 0.0000000000
68573  -36.882  4.238  46.896 0.0000000000
51233  -4.078  -15.621  46.736 0.0000000000
38137  -1.343  -29.014  59.403 0.0000000000
116796  -30.441  -12.909  48.914 0.0000000000
54675  -23.550  -10.994  55.404 0.0000000000
54612  -20.425  -11.300  58.563 0.0000000000
72136  -45.027  8.978  43.039 0.0000000000
65984  -34.593  1.354  47.514 0.0000000000
42865  -17.239  -23.365  53.396 0.0000000000
55567  -1.663  -10.168  50.388 0.0000000000
46678  -5.405  -20.779  52.167 0.0000000000
45787  -3.588  -21.428  47.383 0.0000000000
41985  -6.314  -25.744  46.072 0.0000000000
39010  -8.317  -27.384  62.825 0.0000000000
40834  -4.532  -26.112  63.835 0.0000000000
60217  -32.603  -5.395  48.948 0.0000000000
52767  -19.169  -13.309  62.108 0.0000000000
48475  -18.953  -18.480  54.732 0.0000000000
125890  -0.992  -18.794  57.248 0.0000000000
43813  -5.341  -22.694  56.859 0.0000000000
67696  -40.171  3.981  45.472 0.0000000000
39951  -11.442  -27.212  59.794 0.0000000000
126894  -13.933  -25.422  56.557 0.0000000000
50324  -1.391  -16.895  49.094 0.0000000000
46791  -1.122  -19.996  42.999 0.0000000000
48347  -4.973  -18.534  65.179 0.0000000000
43781  -2.884  -23.515  61.252 0.0000000000
40935  -0.753  -26.835  54.936 0.0000000000
54659  -30.757  -11.321  56.737 0.0000000000
54698  -28.304  -10.897  54.142 0.0000000000
53752  -30.655  -12.004  53.287 0.0000000000
54633  -25.462  -10.178  56.630 0.0000000000
53728  -25.722  -11.026  53.267 0.0000000000
130052  -24.264  -9.946  58.627 0.0000000000
70366  -44.356  7.145  44.438 0.0000000000
67762  -41.316  3.363  41.999 0.0000000000
69524  -41.514  5.338  41.340 0.0000000000
114511  -42.327  7.616  40.843 0.0000000000
128715  -33.463  -0.395  47.777 0.0000000000
61974  -31.266  -3.581  46.613 0.0000000000
63602  -31.854  -1.885  45.999 0.0000000000
64431  -32.689  -0.415  45.418 0.0000000000
42887  -6.416  -24.209  51.618 0.0000000000
43877  -7.469  -23.077  49.248 0.0000000000
40999  -5.294  -26.125  48.942 0.0000000000
40128  -3.138  -27.791  46.829 0.0000000000
40086  -2.582  -27.333  49.105 0.0000000000
39041  -8.224  -27.997  60.504 0.0000000000
38117  -6.009  -28.559  61.530 0.0000000000
113415  -33.126  -6.935  50.046 0.0000000000
54754  -32.835  -11.550  49.579 0.0000000000
54780  -30.555  -11.072  47.714 0.0000000000
56473  -32.256  -9.442  48.649 0.0000000000
58314  -31.579  -7.069  47.301 0.0000000000
56311  -19.151  -9.688  63.564 0.0000000000
53701  -19.494  -12.364  55.609 0.0000000000
126367  -18.647  -13.997  57.497 0.0000000000
73912  -44.971  10.518  39.230 0.0000000000
73939  -47.587  10.054  37.794 0.0000000000
123741  -1.911  -18.120  58.659 0.0000000000
46596  -3.829  -19.656  57.071 0.0000000000
47547  -4.346  -19.485  59.538 0.0000000000
68589  -37.894  4.688  45.619 0.0000000000
66836  -34.773  2.419  43.864 0.0000000000
66838  -36.507  2.963  43.254 0.0000000000
66008  -39.105  1.479  43.287 0.0000000000
114584  -12.287  -27.172  63.575 0.0000000000
39929  -14.540  -27.025  61.840 0.0000000000
51973  -0.042  -14.459  53.085 0.0000000000
119567  -0.969  -14.205  51.625 0.0000000000
49363  -0.797  -17.503  50.742 0.0000000000
44872  -5.030  -22.624  43.814 0.0000000000
45815  -1.700  -21.252  45.023 0.0000000000
43946  -2.252  -23.248  41.326 0.0000000000
114718  -7.720  -19.674  66.278 0.0000000000
39923  -2.157  -27.772  61.924 0.0000000000
43757  -2.805  -23.988  63.055 0.0000000000
41845  -1.123  -26.013  60.124 0.0000000000
42817  -2.157  -25.238  57.919 0.0000000000
39973  -0.154  -27.462  57.240 0.0000000000
52890  -31.799  -12.796  51.132 0.0000000000
55444  -20.899  -9.960  61.884 0.0000000000
56324  -22.887  -9.754  60.631 0.0000000000
54630  -22.378  -10.679  56.986 0.0000000000
73874  -45.986  10.191  42.273 0.0000000000
73010  -43.903  9.470  40.546 0.0000000000
124303  -35.235  2.504  46.658 0.0000000000
65999  -33.534  1.322  44.352 0.0000000000
43842  -21.875  -23.266  53.524 0.0000000000
42843  -19.553  -22.846  54.810 0.0000000000
53827  -3.558  -12.793  48.719 0.0000000000
45702  -2.158  -21.005  52.418 0.0000000000
45731  -0.749  -21.042  50.406 0.0000000000
45755  -5.224  -21.025  49.369 0.0000000000
44846  -6.649  -22.595  45.729 0.0000000000
42013  -5.716  -25.809  43.326 0.0000000000
119466  -9.116  -25.107  65.791 0.0000000000
42750  -6.526  -23.609  65.377 0.0000000000
39883  -6.295  -26.510  63.575 0.0000000000
39019  -4.299  -28.356  61.795 0.0000000000
116219  -32.452  -3.791  48.525 0.0000000000
125418  -31.422  -5.630  47.154 0.0000000000
51058  -19.090  -16.120  60.738 0.0000000000
54593  -19.644  -11.792  60.710 0.0000000000
51090  -18.736  -15.611  58.421 0.0000000000
47601  -20.036  -19.776  55.366 0.0000000000
128184  0.490  -15.553  54.953 0.0000000000
51105  1.084  -15.320  56.890 0.0000000000
115607  -0.647  -18.905  55.334 0.0000000000
129732  -3.376  -20.923  55.002 0.0000000000
44753  -5.574  -21.950  54.911 0.0000000000
42860  -4.969  -24.417  53.777 0.0000000000
68592  -41.916  4.310  45.449 0.0000000000
66010  -40.846  1.140  43.693 0.0000000000
39879  -10.834  -26.195  64.734 0.0000000000
39924  -9.811  -27.457  61.331 0.0000000000
39963  -9.779  -27.167  58.733 0.0000000000
131777  -17.103  -22.574  56.604 0.0000000000
41876  -16.250  -23.932  58.207 0.0000000000
40884  -15.285  -26.177  59.594 0.0000000000
39980  -13.152  -26.688  58.005 0.0000000000
39990  -10.891  -26.237  57.269 0.0000000000
121142  -0.593  -10.850  51.897 0.0000000000
53796  -2.563  -12.683  50.671 0.0000000000
51221  -2.072  -16.169  48.245 0.0000000000
47659  -1.238  -19.083  48.066 0.0000000000
48540  -1.246  -18.474  45.999 0.0000000000
49454  -2.223  -17.365  45.312 0.0000000000
48363  -3.607  -18.282  63.487 0.0000000000
115591  -5.082  -22.101  64.972 0.0000000000
45614  -4.009  -21.817  63.743 0.0000000000
46568  -4.619  -20.348  61.885 0.0000000000
44728  -4.090  -22.828  59.056 0.0000000000
42825  -3.538  -24.392  56.355 0.0000000000
40950  -2.128  -26.429  53.200 0.0000000000
36265  -0.331  -31.357  56.905 0.0000000000
37262  -0.135  -30.143  55.378 0.0000000000
40062  -1.864  -27.911  50.689 0.0000000000
54658  -29.786  -11.030  56.989 0.0000000000
55484  -28.574  -9.410  58.612 0.0000000000
113712  -28.174  -10.268  55.791 0.0000000000
54681  -29.636  -11.470  55.431 0.0000000000
54635  -27.632  -9.637  57.446 0.0000000000
127689  -27.263  -9.881  55.482 0.0000000000
55468  -27.314  -9.525  58.928 0.0000000000
55481  -26.136  -9.727  58.408 0.0000000000
70365  -43.762  6.413  44.903 0.0000000000
68616  -42.262  4.324  44.263 0.0000000000
68643  -41.371  4.396  41.669 0.0000000000
69509  -42.382  5.554  42.815 0.0000000000
70390  -42.736  6.380  42.604 0.0000000000
63593  -33.148  -1.124  47.914 0.0000000000
64393  -34.181  -0.178  49.136 0.0000000000
63584  -33.367  -1.435  48.796 0.0000000000
62778  -31.545  -2.661  46.307 0.0000000000
62779  -32.085  -2.207  46.814 0.0000000000
64405  -32.834  -0.995  47.115 0.0000000000
41927  -5.113  -25.077  51.949 0.0000000000
116303  -6.238  -25.191  50.013 0.0000000000
41945  -4.512  -25.974  50.434 0.0000000000
40997  -3.440  -26.813  49.316 0.0000000000
40986  -3.609  -26.518  50.137 0.0000000000
39059  -7.278  -28.116  58.778 0.0000000000
38152  -6.993  -28.793  60.002 0.0000000000
56451  -33.306  -9.826  50.379 0.0000000000
55589  -32.272  -10.441  48.889 0.0000000000
56474  -32.675  -9.024  49.140 0.0000000000
57424  -32.764  -8.118  49.152 0.0000000000
73901  -47.012  10.796  40.516 0.0000000000
73927  -45.863  10.564  38.623 0.0000000000
73915  -48.326  10.465  39.570 0.0000000000
112326  -1.936  -17.723  60.219 0.0000000000
47533  -2.545  -18.524  59.204 0.0000000000
47523  -3.394  -18.713  60.725 0.0000000000
68588  -36.968  4.414  45.876 0.0000000000
69435  -37.898  5.116  48.042 0.0000000000
67694  -35.713  3.216  45.338 0.0000000000
66837  -35.613  2.924  43.604 0.0000000000
67695  -36.424  3.868  45.186 0.0000000000
67712  -37.635  3.771  44.315 0.0000000000
40846  -14.380  -26.340  63.421 0.0000000000
40856  -15.280  -26.247  62.487 0.0000000000
48393  -19.603  -18.905  59.979 0.0000000000
44741  -20.048  -20.997  57.039 0.0000000000
52944  -4.556  -13.374  46.900 0.0000000000
51163  -0.336  -15.997  53.312 0.0000000000
126014  -0.573  -16.265  52.105 0.0000000000
119863  -0.593  -18.336  51.511 0.0000000000
43949  -5.084  -24.013  42.362 0.0000000000
43936  -3.433  -22.900  42.450 0.0000000000
43960  -3.353  -24.468  41.081 0.0000000000
48357  -8.610  -18.410  64.889 0.0000000000
46539  -8.200  -20.344  66.260 0.0000000000
122465  -1.614  -28.237  60.501 0.0000000000
40862  -1.479  -26.234  61.460 0.0000000000
40871  -0.903  -26.856  59.939 0.0000000000
40892  -0.701  -27.004  58.354 0.0000000000
39961  -0.497  -27.930  58.287 0.0000000000
115752  -31.435  -12.015  53.458 0.0000000000
52872  -31.080  -12.307  51.938 0.0000000000
53774  -32.335  -12.287  52.211 0.0000000000
54731  -33.240  -11.744  51.955 0.0000000000
54631  -23.771  -10.422  57.342 0.0000000000
55479  -23.665  -10.203  58.206 0.0000000000
54651  -22.801  -10.863  56.013 0.0000000000
53702  -21.056  -11.481  55.638 0.0000000000
73002  -45.450  9.630  42.721 0.0000000000
126620  -43.457  8.327  41.770 0.0000000000
71282  -42.926  8.289  41.052 0.0000000000
72135  -44.178  8.856  42.299 0.0000000000
73011  -45.300  9.885  41.883 0.0000000000
66812  -34.918  1.961  47.116 0.0000000000
66808  -35.590  2.439  48.333 0.0000000000
65975  -35.312  2.006  48.792 0.0000000000
124721  -33.412  0.613  45.894 0.0000000000
116931  -33.152  0.716  44.623 0.0000000000
65989  -33.864  1.062  46.225 0.0000000000
66821  -34.597  2.222  45.523 0.0000000000
55575  -1.721  -9.933  49.315 0.0000000000
54760  -3.178  -10.988  48.171 0.0000000000
54748  -3.100  -11.213  49.145 0.0000000000
46676  -4.098  -20.689  52.625 0.0000000000
111819  -3.117  -20.791  51.225 0.0000000000
45736  -5.939  -20.948  50.811 0.0000000000
134421  -7.133  -25.097  47.282 0.0000000000
44830  -7.299  -22.936  47.113 0.0000000000
42953  -7.132  -24.566  45.817 0.0000000000
42960  -6.579  -24.419  44.289 0.0000000000
41995  -6.240  -25.758  45.151 0.0000000000
41049  -4.925  -26.677  45.502 0.0000000000
39877  -8.817  -26.370  64.589 0.0000000000
40826  -7.798  -25.695  64.882 0.0000000000
39000  -7.231  -27.093  63.455 0.0000000000
38128  -5.083  -29.166  60.968 0.0000000000
38105  -4.976  -28.230  61.765 0.0000000000
38127  -4.051  -29.157  61.068 0.0000000000
38126  -3.439  -29.142  60.996 0.0000000000
61092  -32.513  -4.562  48.761 0.0000000000
115580  -32.282  -6.019  48.420 0.0000000000
59288  -31.463  -6.352  47.016 0.0000000000
60227  -31.827  -5.826  47.717 0.0000000000
61105  -31.989  -4.247  47.971 0.0000000000
121927  -18.600  -12.997  63.385 0.0000000000
51042  -19.188  -15.411  62.067 0.0000000000
51909  -19.114  -14.680  61.559 0.0000000000
55453  -21.454  -10.215  60.505 0.0000000000
55447  -20.540  -10.624  61.600 0.0000000000
54594  -20.201  -11.193  60.356 0.0000000000
51128  -18.444  -15.750  56.743 0.0000000000
118568  -18.552  -14.800  58.007 0.0000000000
50228  -18.809  -16.553  57.361 0.0000000000
50216  -19.102  -17.145  57.685 0.0000000000
47600  -19.427  -19.066  55.429 0.0000000000
46663  -21.335  -20.682  53.889 0.0000000000
49268  -0.429  -17.545  58.024 0.0000000000
49277  -0.243  -17.667  57.270 0.0000000000
49289  -0.153  -17.568  56.447 0.0000000000
48460  -0.760  -19.061  56.171 0.0000000000
46624  -1.388  -19.910  55.189 0.0000000000
47576  -1.514  -19.526  56.515 0.0000000000
45668  -5.379  -21.104  57.397 0.0000000000
45681  -5.080  -20.916  55.933 0.0000000000
44749  -5.619  -22.443  55.505 0.0000000000
43834  -5.823  -23.197  54.236 0.0000000000
43827  -5.136  -23.597  55.739 0.0000000000
67698  -41.355  3.465  45.218 0.0000000000
68578  -41.725  5.007  46.330 0.0000000000
69465  -40.583  5.206  46.629 0.0000000000
66830  -39.709  2.601  44.457 0.0000000000
66009  -40.028  1.126  43.786 0.0000000000
66831  -40.566  2.224  44.603 0.0000000000
66832  -41.069  2.227  44.508 0.0000000000
41811  -11.350  -25.262  64.970 0.0000000000
112172  -12.175  -27.275  61.889 0.0000000000
39913  -11.438  -27.313  62.344 0.0000000000
39938  -10.659  -27.233  60.838 0.0000000000
39937  -9.793  -27.436  60.459 0.0000000000
123972  -10.388  -27.315  59.192 0.0000000000
42866  -18.212  -23.196  54.142 0.0000000000
42842  -18.725  -22.541  55.319 0.0000000000
42852  -17.115  -22.742  54.688 0.0000000000
41884  -14.265  -24.772  56.349 0.0000000000
41886  -15.145  -23.932  57.065 0.0000000000
41885  -14.917  -24.800  56.993 0.0000000000
40906  -15.641  -25.435  58.372 0.0000000000
113393  -14.972  -26.052  58.232 0.0000000000
40893  -14.191  -26.527  58.313 0.0000000000
120147  -13.698  -26.367  57.563 0.0000000000
40913  -11.454  -25.879  56.542 0.0000000000
54719  -0.044  -11.144  52.472 0.0000000000
51198  -1.276  -15.596  50.296 0.0000000000
52878  -1.433  -13.809  51.386 0.0000000000
52019  -1.624  -15.311  50.029 0.0000000000
52027  -2.418  -15.148  49.141 0.0000000000
51220  -1.645  -16.565  48.531 0.0000000000
45771  -2.114  -21.446  48.628 0.0000000000
46709  -0.720  -20.266  49.312 0.0000000000
45785  -1.744  -20.908  47.456 0.0000000000
45828  -1.423  -21.393  44.231 0.0000000000
116554  -1.308  -19.889  45.695 0.0000000000
47701  -1.140  -19.117  44.883 0.0000000000
49452  -1.165  -18.004  45.608 0.0000000000
127762  -1.228  -18.293  43.950 0.0000000000
49517  -1.977  -18.072  42.956 0.0000000000
48355  -3.943  -18.282  63.927 0.0000000000
41806  -5.979  -24.697  64.699 0.0000000000
43742  -5.808  -23.266  65.182 0.0000000000
42757  -4.741  -24.153  64.586 0.0000000000
43780  -2.224  -23.752  61.462 0.0000000000
43770  -3.138  -23.230  62.963 0.0000000000
44687  -3.551  -22.661  62.746 0.0000000000
45627  -4.487  -21.110  62.690 0.0000000000
44698  -4.574  -22.073  61.588 0.0000000000
44707  -4.655  -21.992  60.568 0.0000000000
44718  -3.969  -22.875  59.895 0.0000000000
41882  -1.453  -25.842  56.707 0.0000000000
42818  -2.467  -24.780  57.653 0.0000000000
41894  -1.559  -25.960  55.889 0.0000000000
41908  -2.398  -25.705  54.531 0.0000000000
40936  -1.309  -26.547  54.517 0.0000000000
112590  0.238  -32.889  55.933 0.0000000000
125935  0.005  -30.562  56.347 0.0000000000
54700  -31.830  -11.703  55.193 0.0000000000
126196  -28.428  -11.270  52.825 0.0000000000
53750  -29.079  -11.662  52.436 0.0000000000
53731  -29.276  -11.561  53.370 0.0000000000
53715  -30.240  -11.859  54.810 0.0000000000
132107  -24.739  -10.458  56.598 0.0000000000
54677  -25.181  -10.687  54.887 0.0000000000
54697  -27.164  -10.588  53.919 0.0000000000
54615  -25.228  -10.019  58.020 0.0000000000
71244  -44.866  7.807  44.037 0.0000000000
68657  -41.069  4.714  40.763 0.0000000000
112653  -41.224  5.672  39.692 0.0000000000
71288  -41.640  6.871  39.556 0.0000000000
70406  -42.226  6.857  41.308 0.0000000000
70391  -43.165  7.156  42.569 0.0000000000
65227  -34.284  0.737  47.907 0.0000000000
65214  -34.577  0.617  48.833 0.0000000000
64363  -34.551  -0.197  50.668 0.0000000000
113367  -30.537  -5.107  45.284 0.0000000000
61983  -30.610  -3.581  45.207 0.0000000000
62789  -30.797  -2.871  45.030 0.0000000000
62805  -31.170  -2.145  44.683 0.0000000000
63630  -31.565  -1.347  44.176 0.0000000000
63617  -32.269  -1.178  45.679 0.0000000000
64406  -33.185  -0.282  46.980 0.0000000000
44766  -6.664  -22.668  51.969 0.0000000000
44777  -7.049  -22.176  50.660 0.0000000000
123560  -7.104  -23.904  50.518 0.0000000000
41959  -6.791  -24.925  49.246 0.0000000000
41976  -6.082  -25.936  47.540 0.0000000000
40129  -4.536  -27.015  46.366 0.0000000000
114149  -4.504  -26.935  47.470 0.0000000000
126820  -2.783  -27.497  48.296 0.0000000000
39031  -8.171  -28.028  61.137 0.0000000000
39021  -7.324  -27.929  61.796 0.0000000000
39030  -7.384  -28.453  61.082 0.0000000000
59275  -32.706  -6.229  49.200 0.0000000000
53833  -32.346  -12.185  49.128 0.0000000000
53847  -30.951  -12.362  48.585 0.0000000000
55588  -31.776  -10.933  48.577 0.0000000000
56481  -31.636  -9.838  48.153 0.0000000000
56480  -31.604  -9.116  47.342 0.0000000000
57435  -31.839  -8.413  47.546 0.0000000000
114525  -32.343  -6.871  48.566 0.0000000000
54579  -19.203  -11.435  62.943 0.0000000000
53691  -19.937  -11.787  57.087 0.0000000000
53685  -19.421  -12.318  58.377 0.0000000000
52821  -18.797  -13.044  56.131 0.0000000000
51957  -18.165  -14.575  55.385 0.0000000000
119643  -45.085  9.996  36.925 0.0000000000
73061  -46.518  9.613  36.364 0.0000000000
72189  -47.380  9.446  36.224 0.0000000000
72190  -48.095  9.316  36.057 0.0000000000
48416  -1.781  -18.433  57.959 0.0000000000
47577  -1.941  -19.613  56.849 0.0000000000
47545  -2.310  -18.707  58.169 0.0000000000
46588  -4.356  -19.679  58.014 0.0000000000
119134  -5.280  -20.687  58.333 0.0000000000
68576  -39.534  4.868  46.020 0.0000000000
69449  -38.742  5.494  47.588 0.0000000000
66036  -35.980  1.531  41.403 0.0000000000
66037  -37.096  1.214  41.490 0.0000000000
66038  -38.169  0.910  41.714 0.0000000000
66839  -37.508  2.741  43.260 0.0000000000
67713  -38.636  3.424  44.345 0.0000000000
117445  -12.607  -25.905  64.554 0.0000000000
39890  -13.439  -26.546  64.072 0.0000000000
39915  -13.667  -27.059  62.966 0.0000000000
114266  -12.960  -27.166  60.414 0.0000000000
126621  -14.134  -24.086  54.912 0.0000000000
40928  -12.972  -25.480  55.887 0.0000000000
52861  0.199  -12.903  53.231 0.0000000000
52862  -0.435  -13.008  52.604 0.0000000000
51982  -0.490  -14.609  52.266 0.0000000000
51185  -0.963  -15.506  50.930 0.0000000000
50316  -1.172  -16.889  49.620 0.0000000000
44826  -3.852  -21.743  45.897 0.0000000000
45802  -2.540  -21.347  46.198 0.0000000000
44858  -3.141  -22.242  44.258 0.0000000000
44856  -1.657  -21.937  43.754 0.0000000000
45840  -1.383  -21.496  42.550 0.0000000000
50148  -8.007  -17.176  64.158 0.0000000000
49203  -7.482  -17.504  65.561 0.0000000000
47481  -6.339  -19.174  66.236 0.0000000000
40843  -3.181  -26.691  63.014 0.0000000000
41821  -3.689  -25.487  63.776 0.0000000000
41830  -2.329  -25.387  62.613 0.0000000000
42781  -1.706  -24.580  61.313 0.0000000000
43787  -1.862  -24.357  60.268 0.0000000000
43794  -2.342  -24.082  59.624 0.0000000000
42800  -1.935  -24.978  59.349 0.0000000000
41872  -1.228  -25.911  57.839 0.0000000000
40910  -0.433  -26.674  56.451 0.0000000000
52920  -30.058  -12.900  49.972 0.0000000000
52870  -29.502  -12.168  51.251 0.0000000000
52905  -30.420  -12.630  50.558 0.0000000000
53822  -31.637  -12.959  49.692 0.0000000000
54742  -32.922  -11.995  50.392 0.0000000000
55572  -33.354  -10.724  50.666 0.0000000000
55462  -21.680  -10.315  59.686 0.0000000000
55464  -23.638  -9.915  59.110 0.0000000000
55463  -22.649  -10.142  59.415 0.0000000000
54613  -21.208  -10.876  58.223 0.0000000000
54649  -20.764  -11.407  56.635 0.0000000000
72172  -42.282  8.482  38.608 0.0000000000
73020  -44.416  10.078  40.000 0.0000000000
73884  -45.950  10.387  41.404 0.0000000000
121166  -35.783  2.995  46.962 0.0000000000
67659  -36.491  3.456  48.371 0.0000000000
132766  -36.044  2.901  48.591 0.0000000000
64437  -32.112  -0.483  43.875 0.0000000000
66007  -34.103  1.907  44.104 0.0000000000
66822  -35.112  2.662  45.386 0.0000000000
44754  -21.571  -21.767  54.689 0.0000000000
43825  -20.119  -21.611  55.541 0.0000000000
43841  -20.822  -23.391  53.987 0.0000000000
42867  -19.206  -23.653  53.621 0.0000000000
54768  -3.619  -11.562  47.531 0.0000000000
52943  -4.088  -13.446  47.561 0.0000000000
46674  -0.874  -20.133  52.781 0.0000000000
47630  -0.427  -19.699  51.996 0.0000000000
115716  -1.956  -21.101  51.450 0.0000000000
132229  -3.032  -21.053  49.758 0.0000000000
113162  -3.908  -21.360  48.120 0.0000000000
122119  -6.960  -21.914  48.917 0.0000000000
45790  -6.446  -21.837  47.712 0.0000000000
44827  -5.140  -21.714  46.171 0.0000000000
44860  -5.366  -22.379  44.597 0.0000000000
44657  -7.776  -22.706  66.423 0.0000000000
41801  -7.709  -24.633  65.588 0.0000000000
114404  -6.819  -24.825  64.891 0.0000000000
40835  -5.304  -26.262  63.708 0.0000000000
39009  -6.147  -27.527  62.537 0.0000000000
39896  -5.261  -27.089  62.805 0.0000000000
39895  -4.698  -27.191  62.760 0.0000000000
39017  -2.941  -28.205  62.018 0.0000000000
38124  -2.091  -28.805  60.846 0.0000000000
38138  -1.822  -29.046  59.923 0.0000000000
62755  -32.600  -2.453  48.139 0.0000000000
62756  -33.063  -2.316  48.973 0.0000000000
61947  -33.104  -3.083  49.349 0.0000000000
53862  -29.754  -12.193  47.499 0.0000000000
60258  -30.765  -5.856  45.661 0.0000000000
61960  -31.709  -3.640  47.382 0.0000000000
50180  -19.265  -16.818  61.506 0.0000000000
48420  -19.652  -18.415  58.402 0.0000000000
56314  -20.492  -9.607  62.570 0.0000000000
54583  -20.008  -11.211  62.012 0.0000000000
54586  -19.478  -11.904  61.598 0.0000000000
53680  -19.404  -12.341  59.303 0.0000000000
52792  -19.134  -13.098  59.776 0.0000000000
52784  -19.041  -13.944  61.096 0.0000000000
51057  -18.976  -15.424  60.207 0.0000000000
49273  -19.450  -17.709  57.989 0.0000000000
46631  -20.487  -20.578  55.820 0.0000000000
132881  -22.270  -21.537  54.234 0.0000000000
133570  -48.933  9.153  35.188 0.0000000000
72211  -50.170  8.982  35.201 0.0000000000
73088  -51.180  8.909  34.820 0.0000000000
51162  0.063  -15.130  53.606 0.0000000000
50259  -0.257  -16.657  54.151 0.0000000000
51140  0.578  -15.735  55.661 0.0000000000
131291  -0.236  -17.213  54.840 0.0000000000
119869  -0.622  -18.511  54.416 0.0000000000
128322  -1.342  -20.100  54.315 0.0000000000
46659  -2.413  -20.976  53.734 0.0000000000
46661  -4.633  -20.802  53.243 0.0000000000
46610  -3.151  -20.107  56.319 0.0000000000
46627  -4.348  -21.068  55.109 0.0000000000
45693  -5.608  -21.578  53.355 0.0000000000
43840  -6.206  -23.126  53.387 0.0000000000
42872  -5.388  -24.468  52.898 0.0000000000
41917  -4.365  -25.041  52.896 0.0000000000
68606  -42.286  4.338  45.139 0.0000000000
121633  -39.087  0.655  42.084 0.0000000000
65284  -39.849  0.104  41.678 0.0000000000
65302  -40.460  0.296  40.729 0.0000000000
113210  -41.362  1.828  43.419 0.0000000000
67717  -41.828  3.433  44.626 0.0000000000
129074  -9.855  -25.864  65.035 0.0000000000
39886  -9.492  -26.755  64.297 0.0000000000
126034  -11.344  -26.592  64.476 0.0000000000
39912  -10.639  -27.280  62.961 0.0000000000
39011  -8.969  -27.447  62.567 0.0000000000
39049  -8.171  -27.873  59.864 0.0000000000
43824  -19.447  -21.749  56.173 0.0000000000
43823  -18.414  -21.683  56.783 0.0000000000
120491  -17.311  -22.928  58.353 0.0000000000
128432  -16.304  -22.884  55.684 0.0000000000
42828  -16.479  -23.249  57.319 0.0000000000
41867  -16.976  -23.745  59.125 0.0000000000
41860  -17.070  -24.357  59.687 0.0000000000
40886  -16.588  -25.155  60.191 0.0000000000
40864  -16.053  -25.769  61.521 0.0000000000
39955  -14.927  -26.603  60.286 0.0000000000
39953  -13.308  -27.060  59.415 0.0000000000
39966  -12.707  -26.976  58.683 0.0000000000
40902  -12.286  -26.095  56.914 0.0000000000
130509  -11.628  -26.285  57.295 0.0000000000
39978  -11.247  -26.674  57.953 0.0000000000
39977  -10.342  -26.623  57.969 0.0000000000
55558  -1.112  -10.403  51.221 0.0000000000
53779  -1.335  -12.703  51.822 0.0000000000
53795  -1.956  -12.701  51.361 0.0000000000
55568  -2.317  -10.864  50.527 0.0000000000
52912  -3.271  -13.187  49.484 0.0000000000
52028  -3.185  -14.469  48.719 0.0000000000
51222  -2.910  -15.690  47.828 0.0000000000
47643  -0.601  -19.117  50.353 0.0000000000
118381  -0.926  -18.740  49.545 0.0000000000
48520  -1.326  -18.304  48.223 0.0000000000
131213  -1.797  -20.753  46.680 0.0000000000
47668  -1.396  -19.013  47.071 0.0000000000
49415  -1.422  -17.855  47.356 0.0000000000
118975  -1.512  -17.495  47.432 0.0000000000
50356  -2.367  -16.837  46.816 0.0000000000
50357  -3.511  -16.403  46.465 0.0000000000
49476  -2.837  -17.496  44.596 0.0000000000
112271  -6.772  -21.935  66.312 0.0000000000
45604  -5.627  -21.750  65.555 0.0000000000
45603  -4.951  -21.238  65.073 0.0000000000
122021  -4.017  -23.096  63.986 0.0000000000
45607  -4.183  -21.744  64.092 0.0000000000
47492  -4.476  -19.791  64.554 0.0000000000
46551  -4.220  -20.012  63.531 0.0000000000
47508  -3.967  -19.132  62.881 0.0000000000
47515  -3.349  -18.616  61.538 0.0000000000
46576  -4.888  -20.275  60.839 0.0000000000
45652  -5.422  -21.167  59.127 0.0000000000
44738  -5.150  -22.399  57.697 0.0000000000
43802  -2.582  -24.093  58.922 0.0000000000
43811  -3.820  -23.632  57.758 0.0000000000
43821  -5.047  -23.422  56.522 0.0000000000
42836  -3.915  -24.584  55.429 0.0000000000
41916  -3.345  -25.423  53.275 0.0000000000
40962  -2.821  -26.246  52.000 0.0000000000
37207  -1.203  -30.204  58.477 0.0000000000
36254  -0.902  -31.502  57.413 0.0000000000
38162  -0.816  -29.774  58.234 0.0000000000
39070  -0.130  -28.876  57.434 0.0000000000
39080  -0.069  -28.786  56.555 0.0000000000
39996  -0.288  -27.945  55.130 0.0000000000
38242  -0.649  -29.396  53.617 0.0000000000
40019  -0.750  -27.708  53.823 0.0000000000
40020  -1.295  -27.366  53.251 0.0000000000
40970  -1.975  -27.218  51.939 0.0000000000
40984  -2.476  -26.971  50.791 0.0000000000
40063  -2.139  -27.526  50.215 0.0000000000
39172  -1.562  -28.686  49.175 0.0000000000
121069  -29.151  -10.391  57.068 0.0000000000
54620  -29.090  -9.698  58.096 0.0000000000
54619  -28.413  -9.432  58.325 0.0000000000
54657  -28.444  -10.030  56.794 0.0000000000
115383  -29.065  -10.959  56.263 0.0000000000
54656  -27.433  -9.790  56.462 0.0000000000
54618  -27.751  -9.470  58.231 0.0000000000
55483  -27.867  -9.392  58.750 0.0000000000
69499  -43.127  5.878  44.384 0.0000000000
69488  -43.350  5.606  45.321 0.0000000000
68627  -42.096  4.628  43.213 0.0000000000
69498  -42.575  5.253  43.790 0.0000000000
70374  -42.883  6.108  43.439 0.0000000000
62770  -32.265  -2.516  47.479 0.0000000000
63592  -32.596  -1.792  47.469 0.0000000000
41935  -4.432  -25.652  51.294 0.0000000000
41946  -5.446  -25.336  50.838 0.0000000000
39058  -6.576  -28.560  58.363 0.0000000000
56464  -32.977  -9.532  49.733 0.0000000000
48403  -2.141  -18.042  60.179 0.0000000000
48389  -2.592  -18.248  60.883 0.0000000000
68562  -37.447  4.642  47.447 0.0000000000
129954  -36.222  3.604  46.253 0.0000000000
67710  -35.965  3.383  44.454 0.0000000000
41819  -15.441  -25.079  63.350 0.0000000000
40848  -15.204  -25.507  63.229 0.0000000000
40857  -15.599  -25.653  62.812 0.0000000000
126120  -19.909  -19.881  58.183 0.0000000000
46592  -20.290  -20.574  57.652 0.0000000000
133798  -20.519  -20.455  57.314 0.0000000000
52038  -4.276  -14.149  47.199 0.0000000000
125316  -4.807  -13.943  46.689 0.0000000000
131627  -0.537  -17.746  52.813 0.0000000000
49344  -0.582  -17.433  51.996 0.0000000000
43948  -4.091  -23.746  41.851 0.0000000000
46540  -8.929  -20.759  65.892 0.0000000000
39039  -1.433  -28.535  59.835 0.0000000000
39935  -1.111  -27.838  59.961 0.0000000000
122033  -1.117  -28.368  59.489 0.0000000000
39948  -0.834  -27.604  59.162 0.0000000000
39047  -0.883  -28.607  58.904 0.0000000000
53735  -32.106  -11.891  53.753 0.0000000000
134135  -31.890  -12.021  53.194 0.0000000000
53753  -32.376  -11.965  53.015 0.0000000000
53754  -32.915  -11.721  53.160 0.0000000000
54652  -23.701  -10.649  56.420 0.0000000000
112513  -23.167  -10.591  56.878 0.0000000000
71260  -44.534  8.280  43.253 0.0000000000
73001  -44.867  9.404  42.321 0.0000000000
65985  -35.080  1.823  48.050 0.0000000000
65237  -34.100  0.890  47.065 0.0000000000
65990  -34.418  1.508  46.672 0.0000000000
56458  -0.761  -9.670  49.700 0.0000000000
55587  -2.519  -10.435  48.758 0.0000000000
55576  -2.490  -10.579  49.757 0.0000000000
46689  -5.260  -20.722  51.355 0.0000000000
45717  -6.024  -21.000  51.690 0.0000000000
41986  -6.720  -25.476  46.930 0.0000000000
42945  -7.271  -24.755  46.709 0.0000000000
115076  -6.925  -25.196  46.192 0.0000000000
41996  -6.773  -25.194  45.464 0.0000000000
41060  -5.491  -26.302  44.862 0.0000000000
117800  -5.730  -26.187  45.604 0.0000000000
39885  -8.434  -26.793  64.116 0.0000000000
122410  -7.698  -26.787  63.929 0.0000000000
39897  -7.922  -27.172  63.424 0.0000000000
37185  -4.384  -29.346  60.792 0.0000000000
61079  -33.015  -4.809  49.431 0.0000000000
52936  -29.957  -12.983  49.325 0.0000000000
60228  -32.082  -5.195  48.300 0.0000000000
53653  -18.901  -12.236  62.991 0.0000000000
53657  -18.929  -13.182  62.790 0.0000000000
52766  -18.897  -14.002  62.655 0.0000000000
52776  -19.067  -14.008  61.888 0.0000000000
55461  -20.802  -10.613  59.986 0.0000000000
55452  -20.693  -10.637  60.851 0.0000000000
54603  -20.313  -11.226  59.459 0.0000000000
127192  -18.649  -17.689  55.281 0.0000000000
125121  -18.682  -16.662  56.709 0.0000000000
49294  -18.748  -17.301  56.151 0.0000000000
49305  -19.060  -18.253  55.810 0.0000000000
47615  -19.562  -19.354  54.517 0.0000000000
47625  -19.843  -19.627  53.745 0.0000000000
49278  -0.814  -18.296  57.627 0.0000000000
49290  -0.609  -18.505  56.841 0.0000000000
48446  -0.809  -18.944  56.768 0.0000000000
47575  -1.205  -19.380  56.355 0.0000000000
47560  -1.344  -19.201  56.960 0.0000000000
44739  -5.439  -21.905  57.144 0.0000000000
45675  -5.502  -21.400  56.556 0.0000000000
44744  -5.580  -22.169  56.329 0.0000000000
43822  -5.442  -22.947  56.048 0.0000000000
68591  -40.958  3.958  45.650 0.0000000000
68577  -41.116  4.743  46.128 0.0000000000
116917  -40.415  4.646  46.020 0.0000000000
67714  -40.413  3.019  44.965 0.0000000000
66841  -40.119  1.755  44.268 0.0000000000
67715  -41.033  2.730  44.955 0.0000000000
112171  -12.147  -27.163  61.000 0.0000000000
39926  -11.404  -27.239  61.420 0.0000000000
131535  -11.025  -27.223  60.280 0.0000000000
39950  -10.579  -27.288  59.901 0.0000000000
115810  -10.968  -27.245  59.250 0.0000000000
129737  -17.555  -23.182  53.902 0.0000000000
118861  -16.702  -23.096  54.118 0.0000000000
40916  -14.461  -25.455  56.974 0.0000000000
40905  -15.032  -25.453  57.597 0.0000000000
40904  -14.435  -26.042  57.553 0.0000000000
112702  -13.951  -25.939  56.942 0.0000000000
54718  0.503  -11.156  53.038 0.0000000000
51204  -1.329  -16.347  49.658 0.0000000000
51205  -1.458  -15.939  49.703 0.0000000000
51206  -1.756  -15.681  49.445 0.0000000000
50325  -1.542  -16.379  49.140 0.0000000000
45772  -2.967  -21.435  48.090 0.0000000000
45770  -1.608  -21.168  48.307 0.0000000000
119456  -2.711  -21.375  47.125 0.0000000000
46783  -1.132  -20.588  43.820 0.0000000000
46769  -1.141  -19.805  44.444 0.0000000000
115745  -1.115  -19.541  43.765 0.0000000000
48561  -1.145  -18.505  44.551 0.0000000000
47720  -1.143  -19.096  43.038 0.0000000000
129521  -1.408  -18.452  43.155 0.0000000000
47728  -1.269  -19.454  42.269 0.0000000000
49202  -5.623  -18.114  65.779 0.0000000000
48356  -4.404  -18.916  64.560 0.0000000000
41815  -5.057  -24.947  64.437 0.0000000000
41805  -5.356  -24.241  64.804 0.0000000000
41814  -4.509  -25.460  64.132 0.0000000000
44686  -2.875  -23.288  62.117 0.0000000000
44697  -3.630  -22.758  61.926 0.0000000000
45634  -4.324  -22.008  62.427 0.0000000000
44706  -3.986  -22.982  60.976 0.0000000000
122927  -2.960  -23.614  60.238 0.0000000000
41893  -0.935  -26.272  56.230 0.0000000000
40922  -1.099  -26.383  55.396 0.0000000000
41907  -1.693  -26.050  54.979 0.0000000000
34576  0.098  -33.527  55.395 0.0000000000
114413  0.220  -32.897  55.034 0.0000000000
54683  -31.545  -11.552  56.009 0.0000000000
129250  -28.672  -11.197  53.598 0.0000000000
115690  -29.967  -11.334  56.237 0.0000000000
54682  -30.570  -11.641  55.725 0.0000000000
53716  -31.132  -11.909  55.100 0.0000000000
54654  -24.843  -10.509  55.858 0.0000000000
114789  -25.517  -10.195  55.609 0.0000000000
54679  -27.748  -10.381  54.786 0.0000000000
53730  -27.808  -10.904  53.307 0.0000000000
54616  -25.813  -9.904  57.600 0.0000000000
54632  -25.023  -10.315  57.247 0.0000000000
71243  -43.878  7.451  43.453 0.0000000000
71234  -44.928  7.542  44.805 0.0000000000
67761  -40.836  2.768  41.427 0.0000000000
66874  -40.548  2.093  40.856 0.0000000000
69508  -41.770  5.040  42.265 0.0000000000
68670  -40.852  5.000  39.784 0.0000000000
69534  -41.327  5.519  40.425 0.0000000000
70405  -41.716  6.163  40.921 0.0000000000
69525  -42.151  6.009  41.872 0.0000000000
130054  -43.231  6.746  43.164 0.0000000000
65226  -33.729  0.266  47.454 0.0000000000
65213  -33.950  0.086  48.291 0.0000000000
64379  -34.253  -0.424  49.934 0.0000000000
61120  -30.653  -4.177  45.814 0.0000000000
62790  -31.360  -2.368  45.478 0.0000000000
63616  -31.747  -1.630  45.122 0.0000000000
132417  -33.155  -0.700  47.447 0.0000000000
64419  -32.708  -0.707  46.310 0.0000000000
43850  -6.690  -23.491  51.804 0.0000000000
123375  -7.002  -22.870  51.306 0.0000000000
115619  -6.923  -23.733  51.151 0.0000000000
41957  -5.361  -25.775  49.839 0.0000000000
41958  -6.074  -25.539  49.184 0.0000000000
41967  -6.053  -25.794  48.383 0.0000000000
41016  -5.308  -26.359  48.025 0.0000000000
127422  -3.305  -27.135  48.611 0.0000000000
118914  -2.576  -27.804  47.588 0.0000000000
40108  -2.102  -27.838  48.391 0.0000000000
131748  -7.782  -28.031  61.416 0.0000000000
129685  -7.655  -28.335  60.650 0.0000000000
132852  -32.913  -6.597  49.636 0.0000000000
54762  -31.823  -11.874  48.716 0.0000000000
54763  -32.416  -11.347  48.986 0.0000000000
114763  -31.902  -9.020  48.050 0.0000000000
57423  -32.339  -8.449  48.400 0.0000000000
58286  -33.141  -7.784  49.834 0.0000000000
58302  -32.498  -7.644  48.631 0.0000000000
55438  -18.587  -10.570  63.849 0.0000000000
55439  -19.243  -10.736  63.255 0.0000000000
129156  -20.087  -11.846  56.080 0.0000000000
119587  -19.302  -12.481  56.729 0.0000000000
73926  -44.829  10.344  38.326 0.0000000000
73936  -44.622  10.179  37.539 0.0000000000
73928  -46.999  10.454  38.558 0.0000000000
73938  -46.555  10.259  37.715 0.0000000000
73049  -47.211  9.753  36.942 0.0000000000
73062  -47.912  9.475  36.598 0.0000000000
73050  -48.125  9.615  37.218 0.0000000000
48401  -1.644  -18.033  58.433 0.0000000000
47544  -1.728  -18.785  57.704 0.0000000000
48417  -2.267  -18.477  58.568 0.0000000000
47534  -3.466  -18.803  59.816 0.0000000000
47546  -3.579  -18.989  58.738 0.0000000000
46589  -4.862  -19.950  58.936 0.0000000000
68590  -38.972  4.579  45.447 0.0000000000
69463  -39.091  5.321  46.727 0.0000000000
68575  -38.532  5.018  46.213 0.0000000000
66018  -34.317  1.788  42.482 0.0000000000
66851  -35.895  2.564  42.686 0.0000000000
66019  -35.359  2.020  42.134 0.0000000000
66020  -36.462  1.946  42.011 0.0000000000
66021  -37.592  1.651  42.114 0.0000000000
66852  -36.983  2.374  42.614 0.0000000000
68605  -38.273  4.260  44.859 0.0000000000
40832  -13.862  -25.627  64.221 0.0000000000
39916  -14.396  -26.913  62.665 0.0000000000
39902  -14.197  -26.668  63.386 0.0000000000
39928  -13.730  -27.160  62.077 0.0000000000
39927  -12.951  -27.194  61.476 0.0000000000
39940  -13.831  -27.104  61.149 0.0000000000
41898  -13.451  -24.750  55.100 0.0000000000
52848  -0.156  -13.773  52.763 0.0000000000
130197  -0.709  -16.770  51.184 0.0000000000
119617  -0.789  -16.109  51.004 0.0000000000
50306  -0.892  -16.745  50.375 0.0000000000
51197  -1.073  -16.196  50.253 0.0000000000
49375  -0.974  -17.259  49.951 0.0000000000
44859  -4.229  -22.250  44.438 0.0000000000
44843  -3.473  -21.982  45.087 0.0000000000
44880  -2.450  -22.753  42.280 0.0000000000
44870  -2.788  -22.474  43.308 0.0000000000
44869  -1.999  -22.337  43.119 0.0000000000
44868  -1.610  -22.079  42.902 0.0000000000
44879  -2.005  -22.537  42.118 0.0000000000
44887  -1.890  -22.932  41.182 0.0000000000
48345  -7.711  -18.819  66.109 0.0000000000
49204  -8.143  -17.942  65.234 0.0000000000
48344  -6.812  -18.466  66.183 0.0000000000
128081  -6.540  -19.949  66.356 0.0000000000
39909  -2.844  -27.318  62.489 0.0000000000
40855  -2.412  -26.317  62.664 0.0000000000
39908  -1.930  -26.809  62.104 0.0000000000
41846  -1.292  -25.639  60.674 0.0000000000
41837  -1.537  -25.315  61.395 0.0000000000
42792  -1.565  -24.791  60.582 0.0000000000
115517  -1.762  -24.740  59.896 0.0000000000
41857  -1.382  -25.256  59.866 0.0000000000
118983  -0.357  -27.318  57.693 0.0000000000
40901  -0.724  -26.548  57.693 0.0000000000
117776  -0.352  -26.861  57.107 0.0000000000
119660  -0.123  -27.223  56.609 0.0000000000
52919  -29.242  -12.926  49.470 0.0000000000
52904  -29.617  -12.591  50.399 0.0000000000
53751  -29.907  -11.854  52.930 0.0000000000
53771  -29.727  -11.950  52.012 0.0000000000
53772  -30.497  -12.044  52.399 0.0000000000
52889  -31.788  -12.497  51.782 0.0000000000
52888  -30.722  -12.411  51.169 0.0000000000
52906  -31.163  -12.738  50.801 0.0000000000
52921  -30.973  -12.985  50.169 0.0000000000
53806  -31.728  -12.932  50.392 0.0000000000
53823  -32.410  -12.527  49.837 0.0000000000
53807  -32.389  -12.642  50.769 0.0000000000
54743  -33.255  -11.544  50.984 0.0000000000
127472  -24.949  -11.108  53.545 0.0000000000
55449  -22.033  -9.933  60.916 0.0000000000
55454  -22.353  -10.026  60.213 0.0000000000
55465  -24.597  -9.800  59.144 0.0000000000
55495  -23.021  -10.439  57.661 0.0000000000
55478  -22.844  -10.293  58.554 0.0000000000
55494  -22.127  -10.562  57.932 0.0000000000
55477  -21.912  -10.481  58.832 0.0000000000
54629  -21.425  -10.975  57.281 0.0000000000
53713  -20.356  -11.865  55.080 0.0000000000
134619  -46.616  10.619  42.593 0.0000000000
70417  -41.859  6.904  40.452 0.0000000000
71281  -41.974  7.644  39.977 0.0000000000
72158  -43.052  8.889  40.245 0.0000000000
72165  -42.323  8.381  39.574 0.0000000000
72166  -42.801  9.115  39.204 0.0000000000
73029  -43.607  9.548  39.611 0.0000000000
73036  -43.387  9.631  38.648 0.0000000000
73021  -45.009  10.275  40.874 0.0000000000
67670  -35.950  2.959  47.867 0.0000000000
66798  -35.775  2.473  49.182 0.0000000000
65946  -35.018  0.982  49.655 0.0000000000
63631  -32.218  -0.878  44.770 0.0000000000
65251  -33.016  0.785  43.871 0.0000000000
66817  -35.007  2.526  45.995 0.0000000000
67683  -35.509  2.917  46.104 0.0000000000
43837  -21.343  -22.703  54.435 0.0000000000
42882  -20.100  -24.149  52.827 0.0000000000
55593  -2.474  -10.344  47.765 0.0000000000
54761  -3.477  -11.839  48.464 0.0000000000
53839  -3.856  -12.520  47.801 0.0000000000
52927  -3.685  -13.558  48.256 0.0000000000
118625  -1.359  -20.568  52.962 0.0000000000
132895  -0.946  -20.589  52.321 0.0000000000
120249  -1.421  -20.872  52.159 0.0000000000
45735  -4.932  -20.770  50.357 0.0000000000
45734  -3.659  -20.815  50.397 0.0000000000
45754  -4.036  -21.023  49.450 0.0000000000
112108  -3.706  -21.287  48.669 0.0000000000
45773  -4.530  -21.223  48.653 0.0000000000
43860  -7.330  -22.668  49.923 0.0000000000
44791  -7.034  -21.894  49.735 0.0000000000
44792  -7.269  -22.390  49.299 0.0000000000
43916  -7.182  -23.192  46.306 0.0000000000
44816  -6.930  -22.176  47.367 0.0000000000
44829  -6.797  -22.346  46.561 0.0000000000
45805  -6.120  -21.713  46.914 0.0000000000
44828  -6.160  -21.954  46.105 0.0000000000
44845  -5.762  -22.107  45.378 0.0000000000
44861  -6.357  -22.840  44.879 0.0000000000
42968  -6.219  -24.955  43.716 0.0000000000
43939  -6.264  -23.929  43.727 0.0000000000
131723  -3.871  -27.422  46.910 0.0000000000
130916  -3.581  -27.656  46.019 0.0000000000
42746  -8.569  -24.000  66.081 0.0000000000
41802  -8.414  -24.642  65.905 0.0000000000
40837  -6.720  -25.905  64.055 0.0000000000
40825  -7.085  -25.456  64.649 0.0000000000
40824  -6.388  -25.398  64.417 0.0000000000
40836  -6.015  -26.018  63.861 0.0000000000
120394  -6.982  -27.494  62.697 0.0000000000
39020  -6.467  -27.994  61.917 0.0000000000
39008  -5.450  -27.591  62.367 0.0000000000
39007  -4.801  -27.685  62.262 0.0000000000
39006  -4.176  -27.785  62.257 0.0000000000
39910  -3.538  -27.854  62.308 0.0000000000
39018  -3.655  -28.407  61.890 0.0000000000
37183  -2.953  -29.519  60.422 0.0000000000
38125  -2.745  -29.044  60.945 0.0000000000
38139  -2.346  -29.335  60.210 0.0000000000
61946  -32.682  -3.109  48.708 0.0000000000
54769  -30.361  -11.840  47.950 0.0000000000
54779  -30.035  -11.362  47.224 0.0000000000
59315  -31.110  -6.479  46.074 0.0000000000
60259  -31.070  -5.780  46.495 0.0000000000
61961  -32.217  -3.229  47.896 0.0000000000
129806  -19.180  -15.985  61.601 0.0000000000
50193  -19.283  -16.886  60.294 0.0000000000
49249  -19.477  -17.608  59.764 0.0000000000
54587  -20.089  -11.220  61.248 0.0000000000
55443  -20.304  -10.489  62.259 0.0000000000
52809  -19.061  -13.064  57.757 0.0000000000
52800  -19.088  -13.077  58.817 0.0000000000
51925  -18.678  -14.722  58.870 0.0000000000
52799  -18.764  -13.859  59.327 0.0000000000
52791  -18.945  -13.885  60.239 0.0000000000
51919  -18.852  -14.666  59.767 0.0000000000
51914  -19.027  -14.647  60.669 0.0000000000
51074  -18.836  -15.506  59.277 0.0000000000
49283  -19.318  -17.851  57.342 0.0000000000
48450  -19.541  -18.661  56.998 0.0000000000
48437  -19.819  -19.380  57.302 0.0000000000
47583  -20.080  -19.929  56.226 0.0000000000
46632  -21.128  -20.846  55.001 0.0000000000
46645  -20.929  -20.665  54.864 0.0000000000
46664  -22.163  -20.872  53.146 0.0000000000
45695  -22.504  -21.552  53.489 0.0000000000
72191  -48.760  9.274  36.219 0.0000000000
72209  -48.509  9.228  35.461 0.0000000000
72192  -49.299  9.131  35.933 0.0000000000
72231  -50.128  9.033  34.271 0.0000000000
51963  1.019  -14.320  54.681 0.0000000000
122541  0.532  -14.994  54.450 0.0000000000
51153  0.113  -15.774  54.266 0.0000000000
51106  0.477  -16.063  57.227 0.0000000000
51124  0.572  -15.920  56.466 0.0000000000
49300  -0.433  -18.316  55.959 0.0000000000
49299  -0.170  -17.363  55.597 0.0000000000
119585  -0.504  -17.984  55.084 0.0000000000
48469  -0.857  -19.342  54.602 0.0000000000
47624  -1.018  -19.760  53.798 0.0000000000
47612  -1.157  -19.746  54.691 0.0000000000
46625  -1.770  -20.239  55.374 0.0000000000
46640  -1.603  -20.327  54.691 0.0000000000
46641  -2.279  -20.749  54.662 0.0000000000
46660  -3.497  -20.889  53.444 0.0000000000
46642  -3.321  -21.029  54.305 0.0000000000
46595  -2.460  -19.611  56.918 0.0000000000
45686  -5.113  -21.412  55.052 0.0000000000
45687  -5.311  -21.535  54.210 0.0000000000
44756  -5.731  -22.154  54.122 0.0000000000
44757  -6.023  -22.347  53.414 0.0000000000
43835  -5.955  -22.751  54.005 0.0000000000
42849  -5.362  -23.779  54.446 0.0000000000
42861  -5.693  -23.790  53.629 0.0000000000
118142  -42.638  4.972  45.829 0.0000000000
68579  -42.304  5.027  46.219 0.0000000000
63567  -33.585  -1.790  49.712 0.0000000000
66022  -38.667  1.248  42.456 0.0000000000
65283  -38.682  0.230  41.409 0.0000000000
65266  -39.757  0.383  42.356 0.0000000000
65267  -40.351  0.198  42.214 0.0000000000
65285  -40.471  0.262  41.519 0.0000000000
66039  -40.909  0.637  42.127 0.0000000000
66854  -41.068  1.208  42.791 0.0000000000
67716  -41.419  2.898  44.775 0.0000000000
67732  -41.518  2.533  44.126 0.0000000000
67699  -41.729  3.572  45.024 0.0000000000
133882  -10.244  -24.901  65.588 0.0000000000
40829  -10.410  -25.809  65.013 0.0000000000
40839  -9.410  -26.120  64.835 0.0000000000
39878  -10.096  -26.202  64.753 0.0000000000
39889  -12.749  -26.956  64.138 0.0000000000
39880  -12.108  -26.623  64.410 0.0000000000
39888  -11.888  -27.057  64.156 0.0000000000
39925  -10.631  -27.352  61.859 0.0000000000
111701  -9.659  -27.245  63.261 0.0000000000
39911  -9.783  -27.420  62.266 0.0000000000
39032  -8.996  -27.614  61.655 0.0000000000
39949  -9.762  -27.407  59.603 0.0000000000
39050  -8.975  -27.622  60.126 0.0000000000
39061  -8.928  -27.500  59.348 0.0000000000
39060  -8.054  -27.720  59.147 0.0000000000
39962  -8.721  -27.115  58.623 0.0000000000
43830  -19.723  -22.278  55.263 0.0000000000
42841  -17.617  -22.444  55.774 0.0000000000
42829  -17.817  -22.019  56.335 0.0000000000
42820  -17.523  -22.002  57.393 0.0000000000
113119  -15.906  -23.170  55.006 0.0000000000
41887  -15.773  -23.929  57.646 0.0000000000
42827  -15.896  -23.286  56.711 0.0000000000
41877  -16.729  -23.518  58.279 0.0000000000
41866  -16.589  -24.383  58.952 0.0000000000
40895  -15.861  -25.657  59.165 0.0000000000
41858  -16.356  -25.301  59.496 0.0000000000
40885  -15.938  -25.669  59.917 0.0000000000
40874  -16.020  -25.666  60.741 0.0000000000
40873  -15.455  -26.115  60.463 0.0000000000
133636  -13.661  -26.666  58.126 0.0000000000
39968  -14.131  -26.850  59.158 0.0000000000
39967  -13.542  -26.857  58.613 0.0000000000
132500  -12.662  -25.650  55.996 0.0000000000
40914  -12.887  -25.879  56.473 0.0000000000
113003  -12.290  -25.766  56.127 0.0000000000
130668  -10.579  -25.929  56.638 0.0000000000
55549  0.132  -10.402  52.033 0.0000000000
55557  -0.047  -9.949  51.356 0.0000000000
52877  -0.941  -13.329  52.024 0.0000000000
53778  -0.759  -12.051  52.281 0.0000000000
52894  -2.048  -13.746  50.837 0.0000000000
54735  -2.270  -11.644  50.979 0.0000000000
54736  -2.807  -11.639  50.099 0.0000000000
53813  -3.013  -12.666  50.012 0.0000000000
52036  -2.646  -15.403  48.477 0.0000000000
52037  -3.568  -14.584  47.930 0.0000000000
46687  -0.421  -20.617  51.046 0.0000000000
47636  -0.242  -19.887  51.173 0.0000000000
129526  -0.294  -19.972  50.515 0.0000000000
46718  -1.000  -20.034  48.424 0.0000000000
118493  -0.676  -19.529  49.674 0.0000000000
126875  -0.912  -19.505  48.883 0.0000000000
48510  -1.126  -18.198  49.061 0.0000000000
45816  -2.261  -21.552  45.349 0.0000000000
45801  -1.948  -21.047  45.935 0.0000000000
47688  -1.252  -19.144  45.624 0.0000000000
47677  -1.338  -18.884  46.331 0.0000000000
48531  -1.378  -18.469  46.762 0.0000000000
124958  -1.403  -18.163  47.382 0.0000000000
49431  -1.318  -18.139  46.580 0.0000000000
49432  -1.325  -17.886  46.483 0.0000000000
49453  -1.448  -17.701  45.413 0.0000000000
50355  -1.372  -17.729  46.057 0.0000000000
50368  -1.872  -17.331  46.060 0.0000000000
50369  -2.837  -17.009  45.974 0.0000000000
49455  -3.200  -17.243  45.315 0.0000000000
125034  -3.157  -18.123  62.992 0.0000000000
43736  -7.197  -23.370  65.894 0.0000000000
118345  -7.439  -21.986  66.465 0.0000000000
44656  -7.015  -22.639  66.216 0.0000000000
44660  -5.211  -22.944  64.842 0.0000000000
44661  -5.752  -22.531  65.370 0.0000000000
46542  -5.493  -20.838  65.662 0.0000000000
42764  -2.880  -24.933  63.139 0.0000000000
42765  -3.407  -24.427  63.696 0.0000000000
43758  -3.411  -23.559  63.586 0.0000000000
44672  -3.721  -22.560  63.390 0.0000000000
44665  -3.958  -22.416  63.849 0.0000000000
115775  -4.306  -21.088  64.193 0.0000000000
116290  -4.164  -21.011  63.928 0.0000000000
46544  -4.284  -20.123  64.055 0.0000000000
46561  -4.326  -20.096  62.803 0.0000000000
46567  -4.060  -19.249  62.177 0.0000000000
130460  -3.353  -18.543  62.254 0.0000000000
47524  -4.186  -19.354  61.317 0.0000000000
44719  -4.771  -21.962  59.565 0.0000000000
45644  -5.150  -21.080  60.230 0.0000000000
44729  -4.967  -22.075  58.599 0.0000000000
43804  -4.453  -22.950  58.217 0.0000000000
43801  -2.260  -24.561  59.179 0.0000000000
42809  -2.374  -24.677  58.483 0.0000000000
42824  -2.634  -24.870  56.791 0.0000000000
42819  -3.151  -24.252  57.267 0.0000000000
43820  -4.223  -23.833  56.895 0.0000000000
42826  -4.506  -24.007  56.061 0.0000000000
41915  -2.574  -25.839  53.640 0.0000000000
41909  -3.169  -25.310  54.127 0.0000000000
41925  -2.720  -26.036  52.803 0.0000000000
36244  -1.160  -30.755  57.982 0.0000000000
35393  -0.477  -32.213  57.084 0.0000000000
129127  -0.781  -30.876  57.532 0.0000000000
37235  -0.441  -30.424  57.274 0.0000000000
38179  -0.458  -29.667  57.703 0.0000000000
38211  -0.062  -29.563  56.063 0.0000000000
130457  -0.239  -29.352  55.272 0.0000000000
39093  -0.186  -28.699  55.645 0.0000000000
39116  -0.564  -28.607  53.832 0.0000000000
39117  -1.023  -28.148  52.918 0.0000000000
40030  -1.525  -27.593  52.348 0.0000000000
40042  -1.752  -27.762  51.509 0.0000000000
40971  -2.377  -26.835  51.580 0.0000000000
40043  -2.114  -27.396  51.129 0.0000000000
54638  -30.344  -10.758  57.463 0.0000000000
54637  -29.523  -10.249  57.565 0.0000000000
55485  -29.331  -9.665  58.451 0.0000000000
54680  -28.714  -10.966  55.128 0.0000000000
54634  -26.548  -9.754  57.086 0.0000000000
54655  -26.362  -9.841  56.002 0.0000000000
55467  -26.348  -9.679  58.914 0.0000000000
55482  -27.038  -9.503  58.655 0.0000000000
54617  -26.807  -9.619  57.994 0.0000000000
56338  -27.611  -9.606  59.063 0.0000000000
70375  -43.506  6.676  43.982 0.0000000000
70356  -44.420  6.856  45.278 0.0000000000
68615  -41.844  3.608  43.671 0.0000000000
68626  -41.695  4.006  42.609 0.0000000000
64392  -33.653  -0.652  48.556 0.0000000000
64378  -33.814  -0.924  49.471 0.0000000000
61984  -31.023  -3.166  45.746 0.0000000000
63603  -32.388  -1.463  46.558 0.0000000000
42886  -5.846  -24.758  51.464 0.0000000000
42903  -6.438  -24.563  50.809 0.0000000000
40998  -4.444  -26.345  49.550 0.0000000000
39048  -7.464  -28.246  59.631 0.0000000000
39040  -7.569  -28.365  60.257 0.0000000000
38165  -6.726  -28.613  59.263 0.0000000000
55582  -33.052  -10.585  49.806 0.0000000000
55581  -32.727  -10.838  49.268 0.0000000000
56463  -32.684  -10.029  49.248 0.0000000000
57410  -32.998  -8.624  49.730 0.0000000000
124157  -19.264  -8.707  63.597 0.0000000000
52833  -18.881  -12.873  55.128 0.0000000000
73913  -45.678  10.701  39.535 0.0000000000
73914  -46.608  10.687  39.530 0.0000000000
73903  -48.784  10.879  40.500 0.0000000000
123762  -2.001  -18.028  59.385 0.0000000000
130480  -2.263  -18.279  59.534 0.0000000000
48404  -2.564  -18.369  60.109 0.0000000000
68563  -38.158  5.178  47.074 0.0000000000
68574  -37.605  4.769  46.531 0.0000000000
66829  -35.258  2.822  44.576 0.0000000000
66850  -34.965  2.394  42.949 0.0000000000
67728  -36.342  3.317  43.867 0.0000000000
67729  -37.066  3.356  43.783 0.0000000000
67711  -36.735  3.737  44.398 0.0000000000
68604  -37.257  4.296  44.983 0.0000000000
40833  -14.348  -25.670  63.890 0.0000000000
40842  -14.611  -25.884  63.522 0.0000000000
39917  -14.712  -26.449  62.954 0.0000000000
124583  -14.942  -26.657  62.382 0.0000000000
48392  -19.397  -18.608  61.033 0.0000000000
53852  -4.090  -12.117  46.977 0.0000000000
53853  -4.551  -12.678  46.523 0.0000000000
51172  -0.411  -15.284  52.655 0.0000000000
43937  -4.548  -23.133  42.713 0.0000000000
44871  -4.027  -22.508  43.435 0.0000000000
43947  -2.954  -23.515  41.545 0.0000000000
47487  -8.469  -19.006  65.747 0.0000000000
47483  -8.208  -19.507  66.080 0.0000000000
39028  -1.845  -28.113  61.289 0.0000000000
39922  -1.579  -27.243  61.364 0.0000000000
39936  -1.286  -27.401  60.612 0.0000000000
40872  -1.220  -26.557  60.727 0.0000000000
41856  -1.136  -26.009  59.455 0.0000000000
40882  -0.870  -26.698  59.105 0.0000000000
114027  -0.163  -28.080  57.681 0.0000000000
111784  -31.093  -12.110  52.721 0.0000000000
53773  -31.709  -12.188  52.602 0.0000000000
53789  -32.349  -12.527  51.529 0.0000000000
53790  -32.800  -12.234  51.897 0.0000000000
54614  -24.448  -10.196  57.902 0.0000000000
54650  -21.730  -11.046  56.260 0.0000000000
71272  -42.889  7.586  41.732 0.0000000000
72146  -43.649  8.902  41.234 0.0000000000
130238  -44.422  9.586  41.455 0.0000000000
116227  -35.424  2.445  47.504 0.0000000000
65960  -35.359  1.747  49.502 0.0000000000
65244  -33.112  0.320  45.276 0.0000000000
65994  -33.549  1.141  45.289 0.0000000000
66000  -34.035  1.830  44.958 0.0000000000
65995  -34.196  1.675  45.815 0.0000000000
66816  -34.707  2.118  46.291 0.0000000000
115944  -21.392  -24.078  51.975 0.0000000000
45703  -3.053  -20.852  52.598 0.0000000000
125350  -2.740  -20.868  51.945 0.0000000000
45715  -3.660  -20.706  51.916 0.0000000000
45716  -4.235  -20.668  51.188 0.0000000000
121973  -5.830  -21.010  50.013 0.0000000000
42925  -7.446  -24.099  48.304 0.0000000000
43892  -7.504  -23.350  48.499 0.0000000000
43905  -7.487  -23.584  47.724 0.0000000000
43917  -7.437  -23.849  46.935 0.0000000000
43925  -7.031  -23.598  45.439 0.0000000000
117651  -6.912  -24.460  44.988 0.0000000000
42004  -6.550  -25.139  44.641 0.0000000000
42003  -6.038  -25.793  44.250 0.0000000000
41059  -4.534  -26.852  44.553 0.0000000000
40827  -8.634  -25.923  64.933 0.0000000000
41808  -8.321  -25.310  65.457 0.0000000000
39876  -7.972  -26.300  64.446 0.0000000000
39884  -7.101  -26.488  63.868 0.0000000000
38129  -5.990  -29.019  61.087 0.0000000000
38116  -5.247  -28.764  61.337 0.0000000000
38115  -4.464  -28.809  61.374 0.0000000000
38114  -3.839  -28.868  61.453 0.0000000000
61932  -32.930  -3.872  49.288 0.0000000000
55602  -30.564  -10.435  46.941 0.0000000000
59289  -31.904  -6.610  47.838 0.0000000000
115018  -31.552  -5.048  47.609 0.0000000000
52757  -18.655  -13.872  63.518 0.0000000000
51902  -19.078  -14.759  62.449 0.0000000000
122965  -19.125  -15.367  61.140 0.0000000000
55448  -21.196  -10.162  61.200 0.0000000000
54602  -19.767  -11.746  59.815 0.0000000000
51937  -18.406  -14.837  57.162 0.0000000000
51110  -18.623  -15.686  57.635 0.0000000000
50215  -18.960  -16.418  58.009 0.0000000000
50229  -18.960  -17.280  57.052 0.0000000000
49295  -19.201  -18.014  56.650 0.0000000000
48464  -19.473  -18.847  56.285 0.0000000000
47616  -20.241  -20.160  54.429 0.0000000000
72206  -46.115  9.209  35.168 0.0000000000
50224  0.227  -16.819  56.867 0.0000000000
47595  -1.039  -19.481  55.483 0.0000000000
47596  -1.372  -19.614  55.894 0.0000000000
46608  -1.587  -19.815  55.846 0.0000000000
46597  -4.986  -20.219  57.344 0.0000000000
46611  -4.481  -20.286  56.515 0.0000000000
45674  -5.225  -20.754  56.763 0.0000000000
45682  -5.541  -21.658  55.747 0.0000000000
115753  -5.745  -22.645  54.682 0.0000000000
43828  -5.522  -23.210  55.142 0.0000000000
42838  -5.114  -23.813  55.104 0.0000000000
123988  -41.539  4.404  45.744 0.0000000000
119340  -41.399  5.299  46.813 0.0000000000
66840  -39.431  1.927  43.912 0.0000000000
66842  -40.629  1.623  44.207 0.0000000000
66843  -41.148  1.734  44.073 0.0000000000
40830  -11.093  -25.778  64.901 0.0000000000
112173  -12.217  -27.249  62.773 0.0000000000
42854  -18.955  -23.129  54.541 0.0000000000
42853  -18.008  -22.706  54.938 0.0000000000
132399  -17.147  -22.562  55.442 0.0000000000
41900  -14.461  -24.011  55.638 0.0000000000
42839  -15.076  -23.584  55.592 0.0000000000
41901  -14.763  -24.011  56.379 0.0000000000
41874  -15.458  -24.743  57.655 0.0000000000
41875  -16.041  -24.636  58.309 0.0000000000
40894  -15.356  -25.992  58.840 0.0000000000
40883  -14.778  -26.430  58.955 0.0000000000
40926  -11.569  -25.611  55.508 0.0000000000
39989  -10.028  -26.237  57.151 0.0000000000
51993  -1.148  -14.822  51.063 0.0000000000
52007  -1.538  -14.707  50.656 0.0000000000
52008  -1.968  -14.544  50.317 0.0000000000
128658  -2.632  -13.720  50.144 0.0000000000
52020  -2.190  -14.841  49.778 0.0000000000
51213  -1.910  -15.956  48.847 0.0000000000
45751  -1.096  -21.300  49.695 0.0000000000
45750  -0.730  -20.909  49.748 0.0000000000
128612  -1.473  -21.386  49.032 0.0000000000
46719  -1.360  -20.531  47.954 0.0000000000
46758  -1.455  -20.534  45.393 0.0000000000
46770  -1.294  -20.615  44.659 0.0000000000
46757  -1.161  -19.858  45.093 0.0000000000
48549  -1.182  -18.507  45.281 0.0000000000
49451  -1.198  -18.156  45.770 0.0000000000
49474  -1.155  -18.179  45.091 0.0000000000
48562  -1.187  -18.068  44.457 0.0000000000
49475  -1.674  -17.689  44.546 0.0000000000
49498  -2.345  -17.735  43.712 0.0000000000
49497  -1.467  -17.992  43.736 0.0000000000
42749  -5.873  -23.936  65.025 0.0000000000
43743  -6.417  -22.923  65.687 0.0000000000
43741  -5.229  -23.705  64.912 0.0000000000
43749  -4.638  -23.406  64.517 0.0000000000
43769  -2.480  -23.740  62.255 0.0000000000
45626  -4.021  -21.915  63.212 0.0000000000
112201  -4.232  -20.979  63.438 0.0000000000
134557  -4.730  -21.361  61.992 0.0000000000
45635  -4.968  -21.166  61.237 0.0000000000
41873  -1.578  -25.721  57.428 0.0000000000
42823  -2.049  -25.387  57.173 0.0000000000
41883  -2.087  -25.470  56.344 0.0000000000
42835  -2.885  -25.036  55.894 0.0000000000
41895  -2.232  -25.584  55.439 0.0000000000
40937  -1.924  -26.234  54.078 0.0000000000
120536  0.050  -32.193  56.436 0.0000000000
119763  0.123  -31.465  56.116 0.0000000000
36278  0.096  -31.073  55.426 0.0000000000
36292  -0.075  -31.474  54.644 0.0000000000
38257  -1.052  -28.864  52.366 0.0000000000
118512  -28.079  -11.639  52.053 0.0000000000
54699  -29.291  -11.505  54.377 0.0000000000
53732  -30.027  -11.932  53.898 0.0000000000
53733  -30.857  -12.015  54.196 0.0000000000
53734  -31.642  -11.902  54.414 0.0000000000
54653  -24.236  -10.659  55.972 0.0000000000
114469  -24.520  -10.855  55.348 0.0000000000
54695  -25.062  -10.950  54.034 0.0000000000
54678  -26.376  -10.101  54.790 0.0000000000
54696  -25.980  -10.719  53.951 0.0000000000
53749  -27.422  -11.175  52.600 0.0000000000
55480  -24.952  -9.927  58.646 0.0000000000
127681  -25.635  -9.810  58.710 0.0000000000
134489  -24.778  -10.282  57.495 0.0000000000
114169  -24.421  -10.472  57.006 0.0000000000
72122  -45.142  8.547  43.785 0.0000000000
121394  -45.186  8.208  44.456 0.0000000000
67781  -40.879  3.785  41.115 0.0000000000
68656  -40.540  4.120  40.224 0.0000000000
68669  -40.305  4.352  39.307 0.0000000000
70416  -41.511  6.214  40.038 0.0000000000
113612  -42.594  6.798  42.018 0.0000000000
71259  -43.671  7.968  42.527 0.0000000000
124670  -34.708  1.187  48.241 0.0000000000
65201  -34.627  0.234  49.779 0.0000000000
61994  -30.387  -3.536  44.537 0.0000000000
62804  -30.538  -2.708  44.365 0.0000000000
62820  -30.850  -2.037  43.920 0.0000000000
64420  -33.106  -0.006  46.075 0.0000000000
65236  -33.555  0.438  46.617 0.0000000000
130654  0.082  -9.437  49.882 0.0000000000
45705  -6.374  -21.781  52.031 0.0000000000
45718  -6.501  -21.531  51.157 0.0000000000
134802  -6.780  -22.165  51.436 0.0000000000
43859  -7.248  -23.127  50.605 0.0000000000
43876  -7.340  -23.520  49.904 0.0000000000
41947  -6.955  -24.405  49.951 0.0000000000
42912  -7.368  -24.054  49.111 0.0000000000
42924  -7.123  -24.734  48.477 0.0000000000
41977  -6.777  -25.320  47.860 0.0000000000
116428  -6.029  -26.002  46.807 0.0000000000
41050  -5.508  -26.357  46.273 0.0000000000
41034  -5.367  -26.451  47.108 0.0000000000
41015  -4.279  -26.710  48.540 0.0000000000
40109  -3.518  -27.371  47.761 0.0000000000
39022  -8.180  -27.640  61.942 0.0000000000
116007  -7.692  -27.487  62.653 0.0000000000
124253  -6.715  -28.847  60.930 0.0000000000
38141  -7.043  -28.755  60.525 0.0000000000
38140  -5.582  -29.302  60.664 0.0000000000
60205  -32.993  -5.525  49.500 0.0000000000
59261  -33.218  -6.072  49.953 0.0000000000
53832  -31.630  -12.702  49.057 0.0000000000
54770  -31.095  -11.424  48.271 0.0000000000
55594  -31.100  -10.527  47.860 0.0000000000
119642  -31.213  -9.760  47.222 0.0000000000
123935  -31.330  -9.206  46.725 0.0000000000
57434  -31.442  -8.526  46.665 0.0000000000
58315  -32.061  -7.561  47.880 0.0000000000
54578  -18.700  -11.450  63.499 0.0000000000
54611  -19.820  -11.738  58.903 0.0000000000
54627  -19.869  -11.740  58.011 0.0000000000
53690  -19.467  -12.235  57.581 0.0000000000
126339  -18.827  -13.296  56.962 0.0000000000
52832  -18.459  -13.787  55.736 0.0000000000
51947  -18.279  -14.724  56.287 0.0000000000
124890  -18.167  -15.386  55.912 0.0000000000
49304  -18.211  -16.748  55.055 0.0000000000
73077  -44.881  9.624  36.155 0.0000000000
73937  -45.507  10.265  37.671 0.0000000000
73048  -46.112  9.978  36.978 0.0000000000
73078  -45.819  9.483  35.845 0.0000000000
72207  -46.753  9.372  35.746 0.0000000000
119294  -47.467  9.296  35.615 0.0000000000
73063  -48.534  9.384  36.715 0.0000000000
73038  -48.483  9.789  38.059 0.0000000000
48432  -1.394  -18.486  57.765 0.0000000000
48433  -1.495  -18.892  57.423 0.0000000000
47561  -1.519  -19.193  57.149 0.0000000000
47562  -2.078  -19.215  57.396 0.0000000000
47563  -3.045  -19.125  57.646 0.0000000000
66035  -34.845  1.654  41.491 0.0000000000
66853  -38.093  2.018  42.793 0.0000000000
67730  -38.008  3.129  43.803 0.0000000000
115509  -38.502  2.352  43.478 0.0000000000
67731  -38.852  2.681  44.000 0.0000000000
113954  -39.384  3.735  44.889 0.0000000000
42754  -13.019  -25.069  64.637 0.0000000000
40841  -13.335  -26.077  64.315 0.0000000000
128425  -13.963  -26.581  63.730 0.0000000000
39901  -13.580  -26.880  63.770 0.0000000000
112114  -12.925  -27.131  63.303 0.0000000000
39914  -12.939  -27.208  62.395 0.0000000000
39939  -12.061  -27.173  60.262 0.0000000000
42864  -16.422  -23.409  53.549 0.0000000000
118517  -15.915  -23.377  54.238 0.0000000000
42851  -15.080  -23.639  54.756 0.0000000000
41899  -13.905  -24.527  55.623 0.0000000000
40929  -13.539  -25.093  55.971 0.0000000000
40915  -13.439  -25.656  56.469 0.0000000000
127184  -13.184  -25.122  55.559 0.0000000000
53758  -0.045  -12.023  52.930 0.0000000000
119396  -0.605  -13.980  52.107 0.0000000000
51992  -0.827  -14.792  51.588 0.0000000000
51184  -0.698  -15.415  51.707 0.0000000000
45803  -3.244  -21.517  46.487 0.0000000000
45817  -2.905  -21.686  45.635 0.0000000000
44842  -2.564  -21.927  44.853 0.0000000000
44857  -2.247  -22.165  44.031 0.0000000000
45829  -1.914  -21.787  44.560 0.0000000000
45835  -1.305  -21.495  43.428 0.0000000000
130461  -1.121  -20.877  43.007 0.0000000000
46798  -1.271  -20.473  42.112 0.0000000000
50140  -7.772  -17.302  64.950 0.0000000000
50139  -7.114  -16.773  65.370 0.0000000000
50134  -6.966  -16.842  65.896 0.0000000000
48343  -6.273  -17.879  66.078 0.0000000000
48348  -5.570  -19.071  65.834 0.0000000000
40844  -3.799  -26.447  63.460 0.0000000000
41820  -2.937  -25.900  63.215 0.0000000000
41829  -1.812  -25.831  62.111 0.0000000000
42772  -1.858  -24.911  61.966 0.0000000000
42773  -2.323  -24.453  62.448 0.0000000000
42782  -1.940  -24.123  61.729 0.0000000000
43779  -1.831  -24.140  60.957 0.0000000000
43788  -2.135  -23.938  60.479 0.0000000000
43793  -2.081  -24.444  59.741 0.0000000000
42808  -2.170  -25.063  58.670 0.0000000000
41864  -1.065  -26.105  58.561 0.0000000000
42807  -1.754  -25.539  58.619 0.0000000000
42816  -1.869  -25.541  58.078 0.0000000000
131300  -0.851  -26.205  57.048 0.0000000000
40921  -0.542  -26.713  55.743 0.0000000000
53770  -28.878  -11.962  51.634 0.0000000000
127363  -29.323  -12.400  50.711 0.0000000000
52871  -30.287  -12.170  51.581 0.0000000000
52887  -29.980  -12.352  50.897 0.0000000000
53821  -30.878  -13.068  49.494 0.0000000000
128877  -32.082  -12.696  49.329 0.0000000000
54730  -32.873  -12.174  51.267 0.0000000000
54755  -33.164  -11.316  50.222 0.0000000000
56318  -21.627  -9.627  61.546 0.0000000000
55476  -20.982  -10.713  59.106 0.0000000000
55455  -23.281  -9.895  59.947 0.0000000000
54628  -20.568  -11.353  57.632 0.0000000000
126614  -42.452  8.213  40.370 0.0000000000
71295  -41.877  7.838  37.946 0.0000000000
73030  -44.160  10.082  38.974 0.0000000000
131757  -44.400  9.875  40.735 0.0000000000
126685  -45.146  10.589  40.011 0.0000000000
73900  -45.960  10.695  40.399 0.0000000000
124856  -46.647  10.722  41.088 0.0000000000
67671  -36.365  3.549  47.382 0.0000000000
65974  -35.008  1.383  48.850 0.0000000000
66828  -34.625  2.319  44.741 0.0000000000
117236  -20.547  -20.645  55.682 0.0000000000
129716  -20.699  -21.236  55.621 0.0000000000
43831  -20.679  -22.078  54.919 0.0000000000
43836  -20.353  -22.801  54.649 0.0000000000
42855  -19.851  -23.304  54.238 0.0000000000
42868  -20.207  -23.790  53.596 0.0000000000
118068  -18.158  -23.632  53.241 0.0000000000
42879  -17.496  -23.611  52.640 0.0000000000
42878  -16.877  -23.452  52.922 0.0000000000
53840  -4.293  -12.795  47.179 0.0000000000
114313  -0.654  -19.408  52.824 0.0000000000
48488  -0.424  -19.052  52.036 0.0000000000
112822  -0.530  -20.332  51.866 0.0000000000
46675  -0.800  -20.762  51.724 0.0000000000
125422  -1.019  -21.039  51.233 0.0000000000
45733  -2.472  -21.103  50.481 0.0000000000
45732  -1.445  -21.282  50.482 0.0000000000
45753  -2.972  -21.275  49.008 0.0000000000
45737  -6.516  -21.424  50.284 0.0000000000
45756  -6.291  -21.364  49.311 0.0000000000
44804  -7.010  -22.063  48.145 0.0000000000
45775  -6.360  -21.672  48.394 0.0000000000
45774  -5.493  -21.347  48.537 0.0000000000
45789  -5.721  -21.563  47.736 0.0000000000
45788  -4.680  -21.389  47.758 0.0000000000
45804  -4.269  -21.502  46.775 0.0000000000
44844  -4.611  -21.985  45.254 0.0000000000
43932  -6.634  -23.697  44.504 0.0000000000
43931  -5.979  -23.083  44.060 0.0000000000
43938  -5.459  -23.355  43.235 0.0000000000
43737  -8.002  -23.380  66.269 0.0000000000
42744  -7.195  -24.062  65.481 0.0000000000
41807  -7.476  -25.058  65.176 0.0000000000
41800  -7.187  -24.534  65.249 0.0000000000
114719  -6.624  -24.242  65.094 0.0000000000
41816  -5.670  -25.525  64.218 0.0000000000
124398  -5.054  -25.711  64.065 0.0000000000
134076  -7.451  -27.319  63.088 0.0000000000
38999  -6.559  -27.017  63.221 0.0000000000
38106  -5.701  -28.102  61.874 0.0000000000
38998  -5.874  -26.987  62.945 0.0000000000
39882  -5.646  -26.607  63.362 0.0000000000
39881  -5.134  -26.757  63.188 0.0000000000
40845  -4.660  -26.730  63.323 0.0000000000
39894  -3.950  -27.223  62.816 0.0000000000
38113  -3.199  -28.758  61.490 0.0000000000
39029  -2.462  -28.500  61.471 0.0000000000
38150  -1.606  -29.487  59.272 0.0000000000
62734  -33.472  -2.644  49.814 0.0000000000
61933  -33.460  -3.423  49.942 0.0000000000
53846  -30.075  -12.593  48.239 0.0000000000
60241  -30.641  -5.096  46.186 0.0000000000
61121  -30.954  -4.447  46.562 0.0000000000
61104  -31.389  -4.333  47.214 0.0000000000
62769  -31.797  -2.935  47.110 0.0000000000
51034  -19.121  -15.574  63.066 0.0000000000
51043  -19.197  -16.191  62.412 0.0000000000
119978  -19.266  -17.822  61.856 0.0000000000
123081  -19.541  -18.216  60.182 0.0000000000
48408  -19.730  -19.215  58.906 0.0000000000
47551  -20.075  -19.839  57.556 0.0000000000
120914  -19.926  -9.000  63.196 0.0000000000
56312  -19.836  -10.129  62.907 0.0000000000
55442  -19.724  -11.001  62.624 0.0000000000
54582  -19.400  -11.718  62.383 0.0000000000
53658  -19.223  -12.527  62.229 0.0000000000
53674  -19.382  -12.406  60.225 0.0000000000
52808  -18.688  -13.905  58.387 0.0000000000
53665  -19.388  -12.566  61.074 0.0000000000
52777  -19.257  -13.291  61.451 0.0000000000
51075  -19.009  -16.211  59.737 0.0000000000
50204  -19.008  -16.296  58.791 0.0000000000
121932  -19.242  -17.014  58.355 0.0000000000
117704  -19.306  -16.930  59.258 0.0000000000
47567  -20.061  -19.872  57.060 0.0000000000
46616  -20.484  -20.260  56.874 0.0000000000
45683  -21.139  -21.056  55.027 0.0000000000
45688  -21.878  -21.147  54.600 0.0000000000
44758  -22.229  -22.328  54.014 0.0000000000
46646  -22.243  -20.981  54.060 0.0000000000
72228  -47.957  9.057  34.722 0.0000000000
72229  -48.470  9.088  34.624 0.0000000000
72210  -49.456  9.103  35.257 0.0000000000
130492  -48.994  9.105  34.587 0.0000000000
73100  -50.909  9.139  33.678 0.0000000000
51972  0.490  -14.372  53.925 0.0000000000
49327  -0.495  -17.079  53.146 0.0000000000
112636  -0.545  -18.059  53.492 0.0000000000
50239  0.200  -16.626  56.038 0.0000000000
50258  0.161  -16.419  55.078 0.0000000000
49311  -0.454  -17.579  54.195 0.0000000000
48480  -0.674  -18.983  53.651 0.0000000000
46657  -1.269  -20.238  53.564 0.0000000000
45691  -1.878  -20.909  53.041 0.0000000000
46658  -1.670  -20.596  53.863 0.0000000000
45692  -2.484  -20.983  53.074 0.0000000000
46662  -5.308  -20.902  52.909 0.0000000000
46609  -2.090  -20.000  56.120 0.0000000000
46626  -2.622  -20.486  55.547 0.0000000000
119757  -3.920  -20.582  55.710 0.0000000000
46643  -4.486  -21.106  54.214 0.0000000000
46644  -5.135  -21.077  53.613 0.0000000000
45704  -5.828  -21.240  52.474 0.0000000000
45694  -6.047  -21.866  52.781 0.0000000000
44761  -6.348  -22.504  52.683 0.0000000000
43846  -6.475  -23.289  52.501 0.0000000000
43845  -6.090  -23.869  52.848 0.0000000000
42873  -5.888  -24.427  52.163 0.0000000000
116427  -4.205  -25.479  52.036 0.0000000000
68593  -42.888  5.057  45.521 0.0000000000
69478  -43.426  5.405  46.082 0.0000000000
68561  -36.940  4.053  47.848 0.0000000000
64464  -38.401  -0.357  40.807 0.0000000000
64465  -39.368  -0.389  41.201 0.0000000000
66023  -39.532  0.756  42.970 0.0000000000
132405  -39.317  0.247  41.713 0.0000000000
64482  -40.209  -0.366  41.164 0.0000000000
64494  -40.438  -0.532  40.367 0.0000000000
66050  -40.812  0.929  41.214 0.0000000000
119801  -40.960  1.675  41.780 0.0000000000
66865  -41.245  2.273  42.374 0.0000000000
67744  -41.588  2.893  43.030 0.0000000000
40828  -9.248  -25.677  65.266 0.0000000000
39898  -8.782  -27.166  63.485 0.0000000000
41812  -12.303  -25.249  64.741 0.0000000000
128029  -11.561  -26.208  64.644 0.0000000000
39900  -11.584  -27.231  63.291 0.0000000000
115947  -11.044  -27.066  63.966 0.0000000000
39887  -10.504  -26.626  64.434 0.0000000000
39899  -10.265  -27.069  63.863 0.0000000000
44746  -20.139  -21.173  55.832 0.0000000000
44745  -19.727  -21.234  56.708 0.0000000000
43829  -18.969  -22.210  55.928 0.0000000000
43815  -19.031  -21.483  57.263 0.0000000000
42811  -17.585  -22.821  59.122 0.0000000000
114593  -16.725  -22.764  56.267 0.0000000000
42840  -15.406  -23.415  56.091 0.0000000000
122600  -17.097  -22.701  57.378 0.0000000000
132705  -17.277  -23.367  59.128 0.0000000000
42810  -17.454  -23.704  59.729 0.0000000000
122463  -17.370  -24.160  60.191 0.0000000000
41865  -16.330  -25.162  58.944 0.0000000000
41859  -16.780  -24.886  59.531 0.0000000000
125926  -16.848  -24.878  61.421 0.0000000000
133685  -15.630  -26.196  61.888 0.0000000000
39942  -15.157  -26.448  60.960 0.0000000000
39941  -14.695  -26.881  60.999 0.0000000000
126830  -14.662  -26.665  59.612 0.0000000000
39954  -14.120  -27.027  60.121 0.0000000000
39952  -12.352  -27.132  59.553 0.0000000000
126929  -13.403  -26.067  56.915 0.0000000000
40903  -12.968  -26.334  57.248 0.0000000000
39979  -12.234  -26.644  57.808 0.0000000000
39965  -11.664  -27.078  58.784 0.0000000000
39964  -10.738  -27.089  58.632 0.0000000000
39976  -9.376  -26.544  57.920 0.0000000000
55566  -0.554  -9.786  50.561 0.0000000000
54726  -1.477  -11.527  51.615 0.0000000000
117830  -1.862  -10.823  51.018 0.0000000000
54749  -3.288  -12.204  49.346 0.0000000000
52926  -2.920  -14.184  49.395 0.0000000000
129559  -3.400  -13.631  48.910 0.0000000000
52044  -3.788  -15.147  47.290 0.0000000000
112357  -0.405  -19.104  51.264 0.0000000000
48496  -0.746  -18.355  50.564 0.0000000000
48501  -0.959  -18.273  49.780 0.0000000000
49386  -1.139  -17.607  49.393 0.0000000000
119237  -1.321  -17.304  48.986 0.0000000000
113914  -2.144  -21.106  46.865 0.0000000000
46729  -1.253  -19.749  47.482 0.0000000000
46743  -1.538  -20.365  46.158 0.0000000000
46742  -1.346  -19.607  46.449 0.0000000000
124333  -1.394  -18.541  47.485 0.0000000000
49414  -1.424  -17.891  47.985 0.0000000000
132020  -1.436  -17.401  48.287 0.0000000000
50332  -1.499  -16.882  48.644 0.0000000000
50342  -1.518  -17.019  48.087 0.0000000000
128398  -1.714  -16.665  47.990 0.0000000000
130978  -1.575  -17.425  46.746 0.0000000000
51231  -2.220  -16.436  47.622 0.0000000000
51232  -3.169  -16.070  47.169 0.0000000000
50370  -3.993  -16.769  45.698 0.0000000000
49477  -4.087  -17.408  44.881 0.0000000000
49499  -3.543  -17.720  43.888 0.0000000000
48379  -2.265  -17.643  61.815 0.0000000000
125303  -8.471  -21.143  66.329 0.0000000000
45600  -7.800  -21.174  66.523 0.0000000000
45599  -7.025  -21.258  66.518 0.0000000000
44655  -6.274  -22.240  65.952 0.0000000000
45598  -6.253  -21.339  66.138 0.0000000000
46537  -6.623  -20.678  66.397 0.0000000000
46536  -5.975  -20.418  66.181 0.0000000000
47486  -5.390  -19.960  65.768 0.0000000000
47485  -4.863  -19.451  65.227 0.0000000000
42756  -4.185  -24.756  64.228 0.0000000000
43748  -3.967  -23.898  64.205 0.0000000000
124655  -3.615  -22.938  63.538 0.0000000000
44666  -4.488  -22.459  64.394 0.0000000000
45608  -4.531  -21.569  64.510 0.0000000000
46545  -4.511  -20.724  64.546 0.0000000000
47491  -4.116  -19.070  64.000 0.0000000000
47499  -3.928  -18.937  63.447 0.0000000000
129611  -3.383  -18.520  62.807 0.0000000000
48380  -2.702  -18.076  61.631 0.0000000000
47535  -4.319  -19.454  60.379 0.0000000000
46582  -5.110  -20.347  59.767 0.0000000000
44730  -5.309  -21.558  58.061 0.0000000000
43795  -3.110  -23.594  59.366 0.0000000000
43803  -3.401  -23.547  58.599 0.0000000000
43810  -2.827  -24.119  58.127 0.0000000000
43812  -4.816  -23.200  57.351 0.0000000000
42837  -4.671  -24.072  55.401 0.0000000000
42848  -4.608  -24.375  54.687 0.0000000000
41896  -3.076  -25.244  55.013 0.0000000000
42847  -3.821  -24.900  54.631 0.0000000000
42859  -4.037  -24.857  53.892 0.0000000000
41926  -3.485  -25.678  52.437 0.0000000000
119692  -3.583  -25.928  51.648 0.0000000000
37208  -1.573  -29.975  58.931 0.0000000000
38149  -1.130  -29.511  58.806 0.0000000000
35381  -1.062  -32.191  57.435 0.0000000000
35366  -1.290  -31.407  57.567 0.0000000000
39057  -0.491  -28.933  58.152 0.0000000000
38195  -0.099  -29.685  56.990 0.0000000000
129099  -0.079  -28.025  56.952 0.0000000000
39985  -0.085  -27.781  56.033 0.0000000000
111937  -0.149  -27.023  56.012 0.0000000000
130811  -0.313  -27.208  55.402 0.0000000000
37271  -0.263  -30.603  54.614 0.0000000000
38225  -0.408  -29.583  54.464 0.0000000000
39107  -0.344  -28.697  54.775 0.0000000000
116396  -0.435  -28.002  54.391 0.0000000000
40008  -0.962  -27.042  54.096 0.0000000000
40949  -1.560  -26.763  53.638 0.0000000000
40960  -1.789  -27.006  52.760 0.0000000000
40961  -2.263  -26.642  52.362 0.0000000000
40972  -2.923  -26.455  51.250 0.0000000000
40985  -3.015  -26.628  50.611 0.0000000000
40996  -2.701  -27.019  49.977 0.0000000000
40107  -1.737  -28.206  48.865 0.0000000000
37223  -0.807  -30.311  57.930 0.0000000000
38130  -6.655  -28.556  61.374 0.0000000000
39930  -15.197  -26.573  61.725 0.0000000000
40007  -0.560  -27.400  54.604 0.0000000000
40831  -11.840  -25.771  64.713 0.0000000000
40838  -7.346  -25.935  64.356 0.0000000000
40840  -12.732  -26.458  64.348 0.0000000000
40847  -14.933  -26.047  63.086 0.0000000000
40863  -15.563  -26.133  61.252 0.0000000000
40875  -16.517  -25.240  61.081 0.0000000000
41809  -9.920  -25.386  65.450 0.0000000000
41813  -13.178  -25.479  64.510 0.0000000000
41818  -14.794  -25.380  63.621 0.0000000000
41968  -6.592  -25.281  48.638 0.0000000000
42745  -7.837  -24.014  65.881 0.0000000000
42762  -15.617  -24.722  63.368 0.0000000000
42799  -1.543  -25.525  59.196 0.0000000000
42874  -6.391  -23.922  52.215 0.0000000000
42936  -7.348  -24.544  47.626 0.0000000000
42954  -7.306  -24.009  46.222 0.0000000000
44750  -20.738  -21.348  55.198 0.0000000000
44805  -7.323  -22.532  48.660 0.0000000000
44817  -7.368  -22.711  47.902 0.0000000000
45601  -8.352  -21.965  66.405 0.0000000000
45665  -20.473  -20.697  57.299 0.0000000000
45678  -20.417  -20.869  56.460 0.0000000000
45752  -1.985  -21.431  49.559 0.0000000000
45769  -1.031  -20.910  48.935 0.0000000000
45786  -2.146  -21.322  47.762 0.0000000000
46538  -7.303  -20.361  66.454 0.0000000000
46541  -4.857  -20.333  65.170 0.0000000000
46602  -20.471  -20.391  57.399 0.0000000000
46677  -4.868  -20.674  52.577 0.0000000000
46688  -4.624  -20.652  51.960 0.0000000000
46698  -0.462  -20.473  50.155 0.0000000000
46730  -1.457  -20.327  47.018 0.0000000000
47482  -7.107  -19.391  66.333 0.0000000000
47484  -8.731  -19.841  65.796 0.0000000000
47539  -19.721  -19.918  58.900 0.0000000000
47652  -1.051  -18.823  48.915 0.0000000000
47714  -1.117  -19.108  44.320 0.0000000000
48407  -19.613  -18.325  59.323 0.0000000000
48421  -19.808  -19.253  57.968 0.0000000000
48436  -19.612  -18.512  57.646 0.0000000000
48451  -19.807  -19.501  56.671 0.0000000000
48465  -19.815  -19.606  55.922 0.0000000000
48577  -1.153  -18.765  43.806 0.0000000000
49197  -6.525  -17.125  66.051 0.0000000000
49198  -7.229  -17.772  66.009 0.0000000000
49199  -7.957  -18.232  65.744 0.0000000000
49237  -19.395  -17.665  60.785 0.0000000000
49261  -19.500  -17.645  58.800 0.0000000000
49269  -0.984  -17.877  58.270 0.0000000000
49400  -1.308  -17.761  48.645 0.0000000000
50155  -8.007  -17.146  63.224 0.0000000000
50243  -18.347  -16.255  55.971 0.0000000000
50343  -1.665  -16.985  47.480 0.0000000000
52785  -19.245  -13.201  60.683 0.0000000000
52820  -18.568  -13.969  56.649 0.0000000000
53775  -32.853  -11.970  52.499 0.0000000000
66024  -40.439  0.517  43.006 0.0000000000
67697  -40.869  3.303  45.284 0.0000000000
69464  -39.892  5.150  46.498 0.0000000000
72230  -49.550  9.091  34.654 0.0000000000
73060  -45.674  9.736  36.458 0.0000000000
112280  -4.605  -29.069  61.085 0.0000000000
115568  -20.172  -20.254  57.897 0.0000000000
123648  -19.329  -12.745  61.684 0.0000000000
124124  -5.222  -21.458  47.050 0.0000000000
124159  -8.392  -18.534  65.408 0.0000000000
125918  -1.179  -17.980  45.003 0.0000000000
126179  -21.691  -20.901  54.502 0.0000000000
127552  -11.443  -27.187  60.596 0.0000000000
127574  -4.815  -22.786  43.275 0.0000000000
127777  -14.044  -26.182  63.916 0.0000000000
129898  -1.530  -27.752  60.994 0.0000000000
130578  -0.945  -17.774  50.016 0.0000000000
130785  -46.902  9.187  35.216 0.0000000000
131315  -31.340  -12.532  51.346 0.0000000000
131647  -19.811  -19.736  55.168 0.0000000000
131749  -31.068  -12.908  49.018 0.0000000000
132021  -19.858  -21.359  56.076 0.0000000000
132278  -5.364  -20.618  59.081 0.0000000000
132930  -6.732  -17.807  66.093 0.0000000000
132937  -5.889  -19.713  66.169 0.0000000000
133263  -6.111  -18.536  66.119 0.0000000000
134022  -7.461  -23.044  66.268 0.0000000000
134105  -12.167  -26.229  64.519 0.0000000000
134247  -20.667  -19.964  56.988 0.0000000000
134292  -3.906  -21.061  54.668 0.0000000000
