#!ascii label  , from subject sub-v1s18x0051212_ses-1 vox2ras=TkReg
993
53614  -27.510  -13.182  -15.354 0.4285714328
54546  -28.376  -12.515  -16.422 0.2857142985
54532  -27.987  -13.095  -16.099 0.4285714328
123806  -29.285  -12.313  -16.195 0.4285714328
55386  -29.534  -11.312  -16.109 0.4285714328
127913  -29.094  -10.988  -16.491 0.2857142985
56260  -30.248  -10.801  -15.753 0.4285714328
57189  -29.551  -9.329  -17.343 0.4285714328
57174  -29.952  -9.687  -16.582 0.4285714328
58052  -29.894  -8.623  -17.851 0.4285714328
59006  -30.562  -8.008  -18.122 0.4285714328
121908  -29.986  -7.638  -19.647 0.5714285970
59027  -30.469  -7.681  -19.000 0.5714285970
121739  -31.219  -7.531  -18.357 0.4285714328
129777  -31.825  -7.157  -18.438 0.2857142985
59028  -31.315  -7.100  -19.134 0.7142857313
59999  -32.409  -6.054  -19.008 0.7142857313
129670  -32.870  -5.857  -18.763 0.4285714328
59998  -31.703  -6.390  -19.424 0.7142857313
118269  -33.001  -4.604  -19.155 0.5714285970
60934  -32.016  -5.612  -19.524 0.5714285970
61789  -32.385  -4.782  -19.543 0.5714285970
62611  -32.862  -3.955  -19.579 0.5714285970
62612  -33.713  -3.628  -19.378 0.5714285970
61802  -32.091  -4.246  -20.163 0.5714285970
63429  -33.592  -2.142  -19.983 0.5714285970
133113  -34.995  -1.545  -19.654 0.5714285970
63428  -32.739  -2.538  -20.432 0.7142857313
64210  -34.414  -1.539  -19.828 0.7142857313
64211  -35.080  -0.922  -19.695 0.7142857313
62632  -31.592  -3.384  -21.442 0.5714285970
64218  -33.206  -0.995  -20.897 0.8571428657
65003  -35.606  -0.137  -19.680 0.7142857313
117612  -35.937  -0.876  -19.541 0.5714285970
64217  -32.605  -1.265  -21.558 0.7142857313
63444  -31.971  -1.948  -22.098 0.5714285970
66631  -35.799  1.310  -19.836 0.7142857313
65819  -36.878  0.583  -19.397 0.5714285970
65009  -33.720  -0.402  -20.694 0.7142857313
65827  -35.355  0.579  -19.939 0.7142857313
66632  -36.258  1.879  -19.795 0.5714285970
128058  -34.319  -0.050  -20.367 0.7142857313
66614  -37.298  1.334  -19.508 0.5714285970
118429  -33.509  0.146  -21.227 0.5714285970
65825  -34.020  0.402  -20.809 0.7142857313
68315  -37.219  2.801  -19.672 0.7142857313
67443  -36.906  2.025  -19.625 0.7142857313
67466  -34.760  1.961  -20.849 0.7142857313
67467  -35.623  2.138  -20.269 0.7142857313
68340  -35.952  3.082  -20.398 0.7142857313
121852  -36.919  4.044  -20.034 0.7142857313
68342  -37.574  3.622  -19.839 0.5714285970
67477  -35.139  2.796  -20.936 0.7142857313
65833  -33.706  0.896  -21.543 0.5714285970
69218  -37.483  4.552  -20.022 0.5714285970
70116  -38.259  5.197  -20.219 0.5714285970
68356  -34.645  3.309  -21.550 0.8571428657
67476  -34.462  2.497  -21.484 0.8571428657
70115  -37.164  5.414  -20.224 0.7142857313
70114  -36.302  5.509  -20.529 0.7142857313
68357  -35.398  3.757  -20.990 0.8571428657
133701  -35.807  4.432  -20.690 0.7142857313
131099  -35.829  6.710  -20.882 0.8571428657
71015  -37.499  6.911  -20.677 0.5714285970
71005  -35.671  5.898  -20.965 0.8571428657
70129  -34.999  5.785  -21.549 0.8571428657
69237  -35.293  4.662  -21.223 0.8571428657
132536  -35.300  5.312  -21.286 0.8571428657
71894  -34.772  7.821  -22.127 0.8571428657
72717  -35.336  8.470  -21.657 0.8571428657
124948  -34.620  9.852  -22.548 0.8571428657
117602  -35.216  6.513  -21.453 0.8571428657
132261  -34.707  8.525  -22.345 0.8571428657
72750  -33.592  8.725  -24.191 1.0000000000
72732  -34.360  9.036  -22.969 1.0000000000
125683  -34.378  7.362  -22.657 0.8571428657
72731  -33.821  9.231  -23.727 1.0000000000
120980  -33.882  8.622  -23.560 1.0000000000
74448  -33.254  10.283  -24.559 1.0000000000
75292  -32.454  11.181  -25.446 0.7142857313
73575  -33.646  9.950  -23.864 1.0000000000
73594  -33.031  9.522  -25.047 1.0000000000
75281  -32.939  10.970  -24.928 1.0000000000
77851  -32.043  14.542  -25.681 1.0000000000
77850  -31.491  14.435  -26.248 0.8571428657
79614  -31.227  16.598  -27.357 0.8571428657
113326  -31.383  15.880  -26.559 1.0000000000
82272  -31.374  19.625  -27.894 0.8571428657
80479  -31.343  17.445  -27.667 0.8571428657
80470  -31.647  17.368  -26.824 1.0000000000
119922  -31.010  20.754  -28.987 0.8571428657
83059  -31.183  20.264  -28.517 0.8571428657
82281  -30.197  19.486  -29.389 0.5714285970
83815  -29.235  20.919  -30.081 0.7142857313
84534  -30.443  21.676  -29.580 0.5714285970
83801  -28.933  20.709  -29.666 0.5714285970
123312  -29.798  20.081  -29.667 0.5714285970
134705  -28.177  21.167  -29.398 0.4285714328
84544  -28.082  21.990  -30.436 0.4285714328
84556  -28.401  21.899  -31.500 0.4285714328
84525  -27.354  22.481  -27.949 0.2857142985
84521  -27.714  22.971  -26.662 0.2857142985
85245  -28.425  23.513  -26.790 0.2857142985
55398  -28.791  -11.683  -16.552 0.2857142985
63415  -33.209  -3.071  -19.836 0.5714285970
65818  -36.081  0.594  -19.583 0.5714285970
71007  -37.747  6.085  -20.432 0.5714285970
69216  -36.219  3.904  -20.351 0.7142857313
69217  -36.502  4.724  -20.306 0.7142857313
71880  -35.518  7.490  -21.342 0.8571428657
131862  -35.782  8.147  -21.284 0.8571428657
73561  -34.928  9.220  -22.098 0.8571428657
75305  -32.123  12.258  -25.705 0.8571428657
85228  -29.479  23.545  -24.652 0.1428571492
55397  -27.886  -11.726  -16.867 0.2857142985
56269  -28.537  -11.066  -16.909 0.2857142985
127484  -29.012  -10.583  -16.833 0.2857142985
56270  -29.616  -10.469  -16.336 0.4285714328
57190  -30.320  -8.995  -16.953 0.4285714328
57188  -28.767  -9.670  -17.718 0.2857142985
59019  -29.953  -8.217  -18.616 0.4285714328
56281  -29.225  -9.995  -17.011 0.4285714328
127080  -30.759  -8.381  -17.389 0.4285714328
59982  -32.102  -6.669  -18.767 0.4285714328
60005  -30.483  -6.673  -20.466 0.2857142985
134449  -31.099  -6.736  -19.838 0.7142857313
60933  -31.725  -5.119  -20.178 0.5714285970
119427  -34.902  -2.801  -19.505 0.4285714328
62623  -31.776  -3.767  -20.828 0.7142857313
62633  -32.072  -2.970  -20.952 0.7142857313
63416  -34.029  -2.886  -19.540 0.7142857313
126638  -34.356  -2.264  -19.644 0.5714285970
64209  -33.695  -1.230  -20.322 0.7142857313
65010  -34.348  -0.708  -20.115 0.7142857313
63435  -31.769  -2.732  -21.746 0.5714285970
63436  -32.299  -2.155  -21.191 0.5714285970
132528  -38.168  2.476  -19.863 0.5714285970
66630  -35.099  1.281  -20.353 0.7142857313
65826  -34.680  0.546  -20.377 0.7142857313
68316  -37.960  2.900  -19.743 0.5714285970
118327  -36.482  7.235  -20.758 0.5714285970
71014  -34.630  6.179  -22.094 1.0000000000
74437  -33.886  10.497  -23.367 1.0000000000
71909  -33.642  7.992  -23.864 1.0000000000
76170  -31.614  12.796  -26.572 0.7142857313
127728  -32.370  13.109  -25.416 1.0000000000
76972  -32.662  13.374  -25.014 1.0000000000
76999  -31.450  13.641  -26.582 0.7142857313
76988  -32.346  13.829  -25.418 1.0000000000
78697  -31.642  15.212  -25.997 0.8571428657
124453  -31.283  18.156  -27.923 0.8571428657
121118  -31.682  16.687  -26.346 1.0000000000
83058  -30.371  20.181  -29.391 0.7142857313
83813  -28.422  21.468  -29.795 0.7142857313
83057  -29.612  20.608  -29.786 0.7142857313
123456  -28.038  20.777  -29.050 0.4285714328
121993  -27.573  23.031  -28.434 0.2857142985
84546  -29.508  21.977  -30.402 0.4285714328
85262  -27.777  22.647  -30.901 0.4285714328
85253  -27.594  22.983  -29.426 0.4285714328
60944  -31.116  -5.400  -20.854 0.4285714328
84533  -27.572  22.247  -29.184 0.4285714328
85248  -27.994  23.310  -27.545 0.2857142985
54533  -28.928  -13.094  -16.056 0.4285714328
54545  -27.442  -12.543  -16.481 0.2857142985
54534  -29.804  -12.874  -15.742 0.4285714328
57196  -29.163  -9.148  -18.076 0.2857142985
59997  -30.564  -7.228  -19.756 0.2857142985
60006  -31.276  -6.026  -20.197 0.5714285970
62624  -32.456  -3.408  -20.280 0.5714285970
64200  -35.621  -1.671  -19.572 0.5714285970
64208  -32.962  -1.675  -20.647 0.7142857313
66613  -36.541  1.302  -19.560 0.5714285970
67468  -36.453  2.561  -19.879 0.7142857313
65018  -33.111  -0.459  -21.381 0.7142857313
66638  -34.390  1.151  -20.882 0.8571428657
68341  -36.724  3.363  -19.900 0.7142857313
66637  -34.144  1.740  -21.470 0.8571428657
71006  -36.619  6.272  -20.558 0.8571428657
71879  -34.733  7.005  -22.020 0.8571428657
70128  -34.764  5.115  -21.747 0.8571428657
71910  -34.156  8.098  -22.942 1.0000000000
74456  -32.754  10.341  -25.277 1.0000000000
83802  -30.341  20.866  -29.570 0.7142857313
83814  -29.178  20.985  -30.497 0.5714285970
83799  -27.318  20.997  -28.326 0.4285714328
83800  -27.620  21.563  -28.850 0.4285714328
84545  -28.762  21.315  -31.045 0.4285714328
83788  -27.125  21.705  -27.980 0.2857142985
85238  -28.442  23.424  -25.967 0.2857142985
85239  -29.227  23.740  -25.538 0.1428571492
56280  -28.434  -10.408  -17.394 0.2857142985
131218  -30.668  -5.999  -20.868 0.2857142985
76160  -31.958  13.278  -25.932 1.0000000000
86748  -27.783  25.695  -31.685 0.2857142985
87420  -29.016  26.405  -29.741 0.1428571492
125785  -27.757  23.678  -31.273 0.2857142985
130535  -27.954  25.371  -32.185 0.2857142985
86745  -28.357  25.349  -30.000 0.1428571492
87416  -30.049  26.603  -29.028 0.1428571492
85254  -28.561  24.083  -28.525 0.1428571492
86010  -27.661  23.694  -29.952 0.2857142985
86011  -28.589  24.707  -29.275 0.1428571492
86032  -29.572  24.952  -32.125 0.2857142985
86020  -27.863  24.581  -31.791 0.2857142985
86016  -33.231  24.234  -29.951 0.2857142985
86023  -31.736  24.542  -30.526 0.2857142985
86737  -30.195  25.908  -28.261 0.1428571492
85272  -28.211  22.561  -31.734 0.2857142985
85264  -31.338  23.371  -29.526 0.2857142985
86031  -28.526  24.122  -31.888 0.2857142985
85284  -28.111  23.547  -31.850 0.2857142985
118921  -33.720  22.917  -28.076 0.1428571492
86014  -31.901  23.982  -29.666 0.2857142985
133522  -30.727  24.150  -30.982 0.2857142985
86741  -29.439  25.608  -29.094 0.1428571492
85274  -29.925  23.386  -30.995 0.2857142985
83794  -36.346  21.273  -27.336 0.1428571492
84529  -34.984  22.202  -27.683 0.1428571492
85256  -32.434  23.303  -28.587 0.4285714328
85263  -30.308  22.984  -30.233 0.2857142985
82251  -33.540  19.841  -25.688 0.2857142985
83790  -32.335  21.299  -27.416 0.4285714328
84535  -31.393  22.273  -28.808 0.2857142985
84557  -28.667  21.930  -31.572 0.2857142985
82240  -34.866  19.168  -25.006 0.1428571492
83781  -34.048  21.314  -26.530 0.2857142985
84536  -32.157  22.681  -28.227 0.4285714328
83049  -32.411  20.610  -26.929 0.5714285970
83789  -31.499  21.057  -28.139 0.7142857313
128743  -34.301  17.472  -24.294 0.1428571492
81374  -33.932  19.024  -25.133 0.1428571492
83803  -31.153  21.438  -28.864 0.4285714328
82250  -32.701  19.439  -26.100 0.4285714328
115891  -35.167  16.386  -23.660 0.2857142985
79592  -34.216  16.745  -23.998 0.7142857313
82273  -32.110  19.728  -26.932 0.7142857313
79601  -31.889  16.009  -25.762 0.8571428657
80463  -33.229  17.650  -24.956 0.8571428657
81390  -32.230  18.783  -26.690 0.5714285970
77818  -35.528  14.798  -23.174 0.2857142985
78668  -34.900  15.446  -23.506 0.2857142985
81372  -32.577  18.613  -25.824 0.7142857313
80486  -30.706  18.180  -28.612 0.5714285970
80471  -31.997  18.029  -26.236 0.8571428657
76937  -36.220  14.043  -22.844 0.1428571492
78685  -33.436  15.339  -24.227 0.7142857313
71058  -32.506  6.835  -25.683 0.5714285970
72749  -33.280  8.803  -24.773 0.8571428657
72760  -32.735  8.753  -25.372 0.4285714328
73608  -32.349  9.600  -25.794 0.5714285970
76987  -31.860  13.938  -25.960 0.8571428657
76952  -33.552  13.169  -23.808 0.8571428657
78698  -32.235  15.299  -25.379 0.8571428657
76110  -36.062  12.544  -22.432 0.2857142985
125456  -33.402  13.910  -24.164 0.8571428657
78684  -32.795  15.341  -24.745 0.8571428657
128366  -31.982  17.328  -26.059 0.8571428657
76111  -36.988  12.474  -22.660 0.4285714328
118003  -33.951  13.862  -23.510 0.7142857313
78667  -34.104  15.335  -23.773 0.7142857313
115169  -32.541  5.959  -25.755 0.2857142985
71925  -33.366  7.670  -24.543 0.5714285970
71933  -32.478  7.825  -25.668 0.5714285970
73595  -33.467  9.394  -24.409 0.8571428657
76146  -33.182  12.355  -24.195 0.8571428657
76145  -32.664  12.692  -24.941 0.8571428657
76973  -33.074  13.246  -24.505 0.8571428657
128149  -32.845  13.931  -24.754 0.8571428657
123061  -35.632  11.851  -22.336 0.4285714328
76129  -34.403  12.453  -22.914 0.8571428657
75252  -36.430  11.745  -22.365 0.4285714328
66653  -33.014  1.678  -24.106 0.7142857313
67492  -33.250  2.524  -24.499 0.4285714328
66648  -33.211  1.666  -23.019 0.7142857313
69247  -33.804  4.182  -22.838 0.8571428657
119329  -33.422  3.960  -24.163 0.5714285970
127203  -33.099  4.943  -25.121 0.5714285970
69267  -32.123  4.441  -26.467 0.4285714328
70143  -33.893  5.065  -22.950 0.8571428657
70159  -33.340  5.703  -24.537 0.5714285970
71049  -33.074  6.439  -25.040 0.5714285970
71030  -34.253  6.644  -22.782 0.8571428657
117965  -33.593  7.196  -24.067 0.7142857313
73543  -35.588  9.432  -21.463 0.7142857313
74408  -35.201  10.098  -21.815 0.7142857313
75267  -34.270  11.094  -23.012 0.7142857313
124913  -34.034  11.784  -23.154 0.8571428657
74411  -37.812  9.995  -22.216 0.2857142985
74410  -36.999  10.189  -21.824 0.4285714328
75237  -35.967  11.207  -21.986 0.5714285970
65017  -32.664  -0.504  -22.169 0.4285714328
118085  -32.536  0.191  -23.385 0.4285714328
66652  -32.693  1.335  -24.811 0.4285714328
68364  -34.154  3.744  -22.194 0.7142857313
69236  -34.704  4.202  -21.631 0.7142857313
71029  -33.915  5.939  -23.098 0.8571428657
71881  -36.356  8.005  -21.060 0.7142857313
73545  -37.465  9.426  -21.620 0.2857142985
72702  -36.975  8.702  -21.184 0.5714285970
72701  -36.029  8.711  -21.207 0.5714285970
64226  -32.194  -1.225  -22.590 0.4285714328
64234  -31.903  -1.219  -23.525 0.5714285970
65838  -33.198  0.857  -22.534 0.5714285970
65842  -32.861  0.910  -23.496 0.5714285970
67483  -34.069  2.901  -22.103 0.7142857313
121743  -38.359  6.589  -20.777 0.4285714328
71882  -37.475  7.854  -20.958 0.4285714328
72703  -37.977  8.680  -21.462 0.4285714328
116100  -31.160  -4.114  -21.539 0.5714285970
65005  -37.242  -0.235  -19.475 0.4285714328
66615  -38.021  1.278  -19.801 0.4285714328
69238  -39.291  4.787  -21.419 0.4285714328
69219  -38.306  4.181  -20.101 0.4285714328
69249  -39.483  4.884  -22.552 0.4285714328
132440  -38.504  5.894  -20.625 0.4285714328
58053  -31.536  -8.163  -17.151 0.1428571492
67469  -38.578  2.744  -20.158 0.4285714328
68358  -39.344  3.417  -21.489 0.4285714328
59969  -32.500  -6.970  -18.110 0.1428571492
59970  -33.339  -6.791  -17.821 0.1428571492
61791  -34.223  -4.216  -19.031 0.2857142985
124578  -38.051  -1.927  -19.982 0.2857142985
65829  -39.320  -0.171  -21.507 0.2857142985
65012  -38.713  -0.648  -20.483 0.2857142985
63418  -36.421  -2.170  -19.593 0.4285714328
123141  -39.411  0.374  -22.762 0.2857142985
65821  -38.333  0.368  -20.077 0.2857142985
66639  -39.450  1.449  -22.634 0.2857142985
117666  -39.288  1.751  -21.356 0.4285714328
59007  -32.849  -7.388  -17.445 0.1428571492
134094  -31.185  -7.879  -17.709 0.1428571492
59984  -33.816  -6.230  -18.203 0.2857142985
60925  -34.232  -5.599  -18.503 0.2857142985
61793  -36.720  -4.392  -19.330 0.2857142985
132790  -37.196  -3.236  -19.672 0.2857142985
121327  -36.463  -2.944  -19.580 0.2857142985
62614  -35.645  -3.434  -19.433 0.2857142985
129336  -37.380  -2.541  -19.749 0.2857142985
59008  -33.712  -7.344  -17.302 0.1428571492
60927  -36.011  -5.526  -18.540 0.2857142985
59971  -34.235  -6.772  -17.662 0.2857142985
61779  -35.397  -4.971  -18.770 0.2857142985
60926  -35.098  -5.551  -18.445 0.2857142985
59983  -32.902  -6.298  -18.448 0.2857142985
61780  -36.026  -4.721  -18.999 0.2857142985
58041  -31.117  -8.745  -16.695 0.1428571492
57175  -30.791  -9.462  -16.167 0.2857142985
58042  -31.905  -8.574  -16.576 0.1428571492
53615  -28.563  -13.511  -15.431 0.2857142985
53601  -27.833  -13.513  -14.491 0.2857142985
57166  -30.904  -10.233  -15.612 0.2857142985
53603  -29.296  -13.819  -15.112 0.1428571492
53583  -27.245  -13.710  -13.707 0.2857142985
59986  -35.553  -6.204  -18.102 0.2857142985
134701  -38.353  -2.558  -20.237 0.2857142985
62615  -36.582  -3.678  -19.487 0.2857142985
64203  -38.464  -1.309  -20.275 0.2857142985
64201  -36.758  -0.940  -19.532 0.4285714328
66634  -39.119  0.954  -20.928 0.2857142985
111531  -39.543  1.504  -24.166 0.2857142985
67478  -39.423  2.533  -21.986 0.4285714328
115043  -33.598  6.056  -23.843 0.5714285970
69220  -38.910  4.572  -20.601 0.4285714328
71883  -38.539  7.862  -21.593 0.2857142985
73546  -38.248  9.301  -22.184 0.2857142985
75251  -35.308  11.233  -22.250 0.7142857313
82282  -30.742  19.529  -28.893 0.4285714328
81399  -30.369  18.840  -29.066 0.5714285970
81389  -31.668  18.851  -27.493 0.7142857313
75238  -36.661  10.974  -22.080 0.2857142985
79602  -32.503  16.075  -25.100 0.8571428657
81382  -31.683  18.113  -27.131 0.8571428657
84558  -29.288  22.414  -31.338 0.2857142985
83037  -33.704  20.648  -26.125 0.4285714328
84537  -32.945  22.963  -27.982 0.2857142985
84528  -34.136  22.386  -27.570 0.1428571492
53616  -29.480  -13.495  -15.524 0.1428571492
54531  -27.062  -12.912  -16.025 0.2857142985
55387  -30.220  -11.837  -15.662 0.1428571492
56271  -30.291  -10.093  -16.001 0.2857142985
58998  -32.352  -7.945  -16.965 0.1428571492
59000  -33.945  -7.805  -16.843 0.1428571492
59009  -34.619  -7.470  -17.131 0.1428571492
61777  -33.664  -4.919  -18.839 0.2857142985
61778  -34.637  -4.911  -18.783 0.2857142985
112938  -36.026  -4.113  -19.322 0.2857142985
63419  -38.075  -3.119  -20.016 0.2857142985
62613  -34.633  -3.545  -19.329 0.2857142985
65024  -32.340  -0.510  -23.067 0.5714285970
63417  -35.681  -2.531  -19.545 0.2857142985
65038  -32.028  0.123  -24.596 0.2857142985
66644  -39.497  0.495  -23.752 0.2857142985
111198  -39.640  2.440  -24.784 0.2857142985
67488  -33.342  2.457  -23.460 0.7142857313
67482  -33.605  2.368  -22.575 0.5714285970
68379  -32.428  3.544  -26.215 0.4285714328
68375  -33.330  3.294  -24.830 0.5714285970
67484  -39.536  2.392  -23.278 0.4285714328
71066  -32.035  6.293  -26.395 0.2857142985
70166  -32.598  5.112  -25.801 0.5714285970
113029  -39.529  3.296  -22.830 0.2857142985
68343  -38.314  3.428  -19.985 0.4285714328
69257  -33.380  4.793  -24.354 0.7142857313
71941  -31.980  7.163  -26.366 0.2857142985
71017  -39.223  6.376  -22.147 0.4285714328
71008  -38.946  6.174  -21.146 0.4285714328
71031  -39.470  6.588  -23.683 0.1428571492
116759  -33.261  11.283  -24.254 0.8571428657
71884  -39.114  7.259  -22.440 0.1428571492
73544  -36.500  9.503  -21.379 0.5714285970
76935  -34.767  13.044  -22.822 0.7142857313
80462  -32.262  16.784  -25.593 0.8571428657
76112  -37.619  12.697  -23.305 0.2857142985
76938  -37.037  13.435  -22.887 0.1428571492
120665  -28.134  23.547  -28.243 0.2857142985
77811  -35.303  14.129  -22.934 0.4285714328
119084  -36.427  13.206  -22.607 0.4285714328
77819  -36.426  14.874  -23.262 0.1428571492
78669  -35.813  15.587  -23.408 0.1428571492
80446  -34.955  17.317  -23.930 0.1428571492
81359  -35.298  18.584  -24.624 0.1428571492
86736  -29.441  25.043  -28.319 0.1428571492
125380  -33.161  19.091  -25.563 0.5714285970
80447  -35.597  17.893  -24.192 0.1428571492
82252  -34.444  19.742  -25.398 0.1428571492
83791  -33.567  21.897  -27.109 0.2857142985
83038  -34.513  20.751  -26.118 0.2857142985
83039  -35.299  20.666  -26.149 0.1428571492
83783  -35.738  21.008  -26.681 0.1428571492
83793  -35.391  21.579  -27.200 0.1428571492
85266  -33.617  23.699  -29.330 0.2857142985
85276  -33.990  23.932  -29.998 0.2857142985
85267  -34.421  23.507  -29.560 0.1428571492
84548  -34.907  23.067  -29.024 0.1428571492
54535  -30.679  -12.721  -15.459 0.1428571492
58043  -32.764  -8.511  -16.483 0.1428571492
124323  -39.202  -1.697  -21.191 0.2857142985
116338  -38.381  9.812  -22.876 0.2857142985
84540  -36.215  22.266  -28.709 0.1428571492
85277  -34.637  23.724  -30.379 0.2857142985
120251  -31.926  -7.545  -17.716 0.1428571492
60924  -33.378  -5.716  -18.622 0.2857142985
61790  -33.476  -4.231  -19.157 0.2857142985
66643  -33.612  1.635  -22.156 0.5714285970
65832  -33.116  0.211  -21.875 0.4285714328
70117  -38.988  5.394  -20.821 0.4285714328
67475  -33.951  2.242  -21.944 0.7142857313
70144  -34.365  5.535  -22.400 0.7142857313
74421  -34.961  10.588  -22.316 0.7142857313
131318  -33.400  8.278  -24.496 0.8571428657
71044  -33.925  7.313  -23.317 0.8571428657
75293  -32.688  11.788  -24.856 0.8571428657
81400  -31.043  18.858  -28.336 0.5714285970
83048  -31.769  20.446  -27.570 0.7142857313
84547  -30.827  22.587  -29.544 0.2857142985
85273  -28.719  22.851  -31.734 0.2857142985
61801  -31.459  -4.598  -20.808 0.5714285970
61792  -35.224  -4.272  -19.124 0.2857142985
121375  -38.885  1.916  -20.558 0.4285714328
129829  -33.342  7.038  -24.632 0.5714285970
77834  -32.539  14.595  -25.044 0.8571428657
69248  -34.289  4.655  -22.294 0.8571428657
86744  -28.112  26.115  -30.746 0.1428571492
129357  -27.784  24.440  -30.322 0.2857142985
86752  -28.578  25.310  -32.287 0.2857142985
86030  -28.068  24.482  -32.026 0.2857142985
86015  -32.444  24.324  -29.940 0.2857142985
86022  -30.862  24.958  -31.505 0.2857142985
85275  -31.062  23.751  -30.288 0.2857142985
85265  -32.688  23.831  -29.250 0.2857142985
86021  -29.665  24.106  -31.512 0.2857142985
84526  -32.763  22.183  -27.578 0.2857142985
85258  -34.091  23.273  -28.746 0.1428571492
84538  -34.537  22.729  -28.229 0.1428571492
83805  -35.874  21.984  -27.881 0.1428571492
83792  -34.501  21.782  -27.078 0.1428571492
84539  -35.381  22.523  -28.447 0.1428571492
83029  -34.218  20.296  -25.743 0.1428571492
83780  -33.126  21.163  -26.707 0.4285714328
83804  -31.836  21.873  -28.073 0.5714285970
131142  -35.769  19.652  -25.391 0.1428571492
81357  -33.953  18.059  -24.754 0.1428571492
83782  -34.912  21.211  -26.593 0.2857142985
82263  -32.869  20.291  -26.316 0.5714285970
80445  -33.657  17.237  -24.502 0.4285714328
81373  -33.187  18.369  -25.243 0.5714285970
128445  -34.422  15.982  -23.813 0.5714285970
79591  -33.150  16.046  -24.560 0.7142857313
80444  -32.936  16.884  -24.886 0.7142857313
116045  -32.543  17.690  -25.501 0.7142857313
77817  -34.571  14.561  -23.381 0.5714285970
76936  -35.540  13.345  -22.658 0.4285714328
77835  -33.116  14.627  -24.445 0.8571428657
71924  -33.002  7.324  -25.075 0.5714285970
116044  -33.068  8.120  -24.969 0.5714285970
76128  -33.751  12.457  -23.448 0.8571428657
76953  -34.108  13.128  -23.177 0.8571428657
76109  -35.184  12.513  -22.559 0.4285714328
77816  -33.725  14.621  -23.855 0.8571428657
75250  -34.779  11.731  -22.615 0.7142857313
66647  -32.676  1.013  -24.290 0.5714285970
68363  -33.654  3.252  -22.884 0.7142857313
133575  -33.569  3.830  -23.422 0.7142857313
69253  -33.598  4.535  -23.537 0.7142857313
68380  -33.007  3.413  -25.668 0.4285714328
118673  -33.236  4.096  -25.008 0.5714285970
70167  -32.960  5.639  -25.243 0.5714285970
69261  -32.760  4.252  -25.730 0.4285714328
68384  -31.868  3.659  -26.525 0.2857142985
70153  -33.598  5.377  -23.703 0.7142857313
71043  -33.766  6.625  -23.567 0.8571428657
74409  -36.038  10.430  -21.566 0.5714285970
134512  -35.527  10.783  -21.880 0.7142857313
65837  -32.756  0.156  -22.643 0.5714285970
121124  -38.222  7.292  -20.934 0.4285714328
72704  -38.635  8.600  -22.263 0.2857142985
65006  -38.040  -0.383  -19.828 0.2857142985
66633  -38.624  1.138  -20.323 0.4285714328
124513  -39.226  4.120  -21.149 0.4285714328
68365  -39.442  4.125  -22.080 0.4285714328
70130  -39.278  5.555  -21.779 0.4285714328
67470  -39.174  2.690  -20.880 0.4285714328
64202  -37.631  -1.095  -19.707 0.2857142985
123206  -37.097  -1.726  -19.657 0.2857142985
65828  -38.941  0.121  -20.676 0.2857142985
127166  -36.350  -1.494  -19.551 0.2857142985
58999  -33.220  -7.851  -16.849 0.1428571492
59985  -34.701  -6.189  -18.091 0.2857142985
53602  -28.741  -13.830  -14.481 0.1428571492
53584  -28.082  -13.885  -13.676 0.1428571492
52702  -29.593  -14.098  -14.439 0.1428571492
53604  -30.009  -13.946  -15.134 0.1428571492
86007  -29.430  24.587  -27.493 0.1428571492
80478  -30.909  16.928  -28.254 0.5714285970
121074  -30.141  15.215  -28.179 0.4285714328
79613  -30.665  16.073  -28.259 0.5714285970
125985  -30.553  14.792  -27.386 0.4285714328
79607  -30.837  15.617  -27.371 0.5714285970
76180  -31.306  12.373  -27.156 0.4285714328
122158  -30.093  12.903  -28.103 0.4285714328
76998  -30.983  13.722  -27.200 0.5714285970
78710  -31.069  15.058  -26.652 0.5714285970
74455  -32.216  10.510  -25.824 0.5714285970
64227  -39.834  -2.377  -23.791 0.1428571492
120874  -39.524  -0.595  -23.534 0.1428571492
65850  -39.839  -0.355  -25.390 0.1428571492
65020  -40.413  -1.915  -23.099 0.1428571492
64219  -39.795  -2.087  -23.477 0.1428571492
119117  -40.687  -1.179  -23.235 0.1428571492
64235  -39.927  -2.069  -24.070 0.1428571492
119789  -40.803  -0.711  -22.112 0.1428571492
59026  -29.631  -8.063  -19.265 0.2857142985
63420  -38.950  -2.935  -20.988 0.1428571492
63430  -39.766  -2.701  -22.434 0.1428571492
64212  -39.022  -2.180  -20.952 0.1428571492
120880  -39.637  -2.388  -22.244 0.1428571492
63432  -40.683  -2.475  -21.664 0.1428571492
63431  -40.252  -2.674  -22.688 0.1428571492
115738  -40.823  0.094  -18.786 0.1428571492
115453  -41.002  -0.329  -20.912 0.1428571492
65822  -40.870  0.495  -19.640 0.1428571492
58061  -29.179  -8.678  -18.785 0.2857142985
58060  -28.364  -8.780  -19.196 0.2857142985
60936  -37.334  -5.500  -19.154 0.1428571492
61795  -38.272  -4.437  -19.993 0.1428571492
62617  -38.611  -3.607  -20.590 0.1428571492
62626  -40.043  -3.311  -22.509 0.1428571492
62625  -39.455  -3.429  -21.888 0.1428571492
62627  -40.599  -3.165  -22.174 0.1428571492
64187  -40.822  -1.745  -19.072 0.1428571492
64982  -40.782  -0.919  -18.739 0.1428571492
124650  -40.922  -0.563  -19.894 0.1428571492
57195  -28.343  -9.330  -18.601 0.2857142985
57187  -27.917  -9.967  -18.085 0.2857142985
59987  -36.265  -6.298  -18.166 0.1428571492
60000  -37.683  -6.106  -19.144 0.1428571492
60937  -38.010  -5.305  -19.532 0.1428571492
60945  -38.687  -5.076  -20.374 0.1428571492
61811  -39.958  -3.981  -22.399 0.1428571492
61803  -38.990  -4.165  -21.194 0.1428571492
62628  -41.167  -3.767  -21.245 0.1428571492
63421  -40.905  -2.285  -19.912 0.1428571492
121529  -40.680  -0.094  -17.832 0.1428571492
64165  -40.673  -1.650  -17.989 0.1428571492
60928  -36.904  -6.042  -18.630 0.1428571492
59974  -36.806  -6.956  -17.973 0.1428571492
59032  -38.864  -6.847  -20.145 0.1428571492
59989  -38.199  -6.829  -19.187 0.1428571492
60010  -39.908  -6.051  -22.442 0.1428571492
60001  -38.407  -6.007  -19.798 0.1428571492
60955  -40.144  -5.368  -22.399 0.1428571492
60008  -39.443  -5.843  -21.912 0.1428571492
61812  -40.509  -4.235  -22.272 0.1428571492
63411  -40.772  -2.339  -18.547 0.1428571492
61796  -41.177  -3.559  -20.210 0.1428571492
59011  -36.422  -7.548  -17.385 0.1428571492
59972  -35.143  -6.798  -17.603 0.1428571492
59029  -38.564  -7.661  -19.307 0.1428571492
59021  -38.009  -7.575  -18.619 0.1428571492
59988  -37.539  -6.830  -18.544 0.1428571492
60013  -40.946  -6.281  -22.646 0.1428571492
59037  -40.390  -6.979  -22.635 0.1428571492
60954  -41.308  -5.386  -22.046 0.1428571492
61797  -41.328  -4.207  -20.350 0.1428571492
60957  -41.056  -5.656  -22.479 0.1428571492
130975  -40.954  -2.967  -19.247 0.1428571492
61813  -41.196  -4.606  -21.948 0.1428571492
58063  -38.428  -8.915  -18.550 0.1428571492
58062  -37.866  -8.332  -18.149 0.1428571492
59020  -37.442  -7.572  -18.065 0.1428571492
58069  -39.702  -8.599  -21.697 0.1428571492
58068  -39.393  -8.648  -20.463 0.1428571492
59038  -40.857  -7.139  -22.780 0.1428571492
120758  -39.704  -7.756  -22.090 0.1428571492
61781  -41.244  -4.588  -19.260 0.1428571492
60009  -41.482  -5.939  -21.365 0.1428571492
59030  -39.106  -7.842  -20.134 0.1428571492
122333  -39.296  -6.501  -21.232 0.1428571492
60953  -39.726  -5.132  -22.127 0.1428571492
62616  -37.564  -3.872  -19.715 0.1428571492
120916  -40.594  -0.909  -17.455 0.1428571492
65795  -40.630  0.772  -18.069 0.1428571492
127627  -40.868  -1.610  -20.522 0.1428571492
65013  -39.278  -1.095  -21.365 0.1428571492
65032  -40.048  -1.152  -24.929 0.1428571492
62590  -40.644  -3.064  -17.977 0.1428571492
64149  -40.451  -1.640  -16.946 0.1428571492
65780  -40.650  0.612  -17.181 0.1428571492
75304  -31.582  11.924  -26.576 0.4285714328
65851  -40.078  -0.298  -25.523 0.1428571492
111193  -39.646  0.513  -25.222 0.1428571492
127169  -30.475  17.443  -28.784 0.4285714328
85278  -35.381  23.501  -30.739 0.1428571492
134652  -30.987  17.617  -28.255 0.4285714328
86025  -33.931  24.336  -30.911 0.1428571492
65025  -39.628  -1.648  -23.396 0.1428571492
60935  -36.726  -5.173  -19.030 0.1428571492
133887  -39.583  2.905  -23.744 0.1428571492
126469  -39.594  4.149  -23.446 0.1428571492
65019  -39.523  -1.418  -22.523 0.1428571492
65039  -39.841  -0.976  -24.935 0.1428571492
64220  -40.220  -2.454  -23.020 0.1428571492
125162  -40.306  -1.995  -23.748 0.1428571492
65014  -40.677  -1.500  -22.151 0.1428571492
64214  -40.415  -2.116  -22.145 0.1428571492
64213  -39.689  -2.012  -22.356 0.1428571492
119052  -40.333  -1.344  -24.209 0.1428571492
121257  -40.909  0.134  -22.393 0.1428571492
119941  -40.873  -1.193  -21.199 0.1428571492
120743  -41.009  -2.820  -20.671 0.1428571492
131854  -40.207  -2.955  -22.764 0.1428571492
61794  -37.445  -4.786  -19.419 0.1428571492
61804  -39.689  -3.992  -22.178 0.1428571492
62634  -40.253  -3.618  -22.491 0.1428571492
60946  -39.310  -4.862  -21.645 0.1428571492
60007  -38.979  -5.842  -20.794 0.1428571492
61818  -40.325  -4.745  -22.335 0.1428571492
61805  -41.336  -4.370  -21.133 0.1428571492
59973  -36.002  -6.823  -17.642 0.1428571492
59012  -37.006  -7.659  -17.623 0.1428571492
60012  -40.536  -6.234  -22.613 0.1428571492
59035  -39.718  -6.828  -22.184 0.1428571492
58067  -38.882  -8.627  -19.395 0.1428571492
59033  -39.383  -7.284  -21.061 0.1428571492
60011  -41.243  -6.145  -22.283 0.1428571492
60947  -41.457  -5.147  -21.137 0.1428571492
60938  -41.442  -4.925  -20.192 0.1428571492
134922  -39.442  -8.012  -21.037 0.1428571492
52686  -25.493  -14.387  -13.534 0.1428571492
53600  -26.757  -13.203  -14.311 0.1428571492
52701  -24.747  -13.756  -14.265 0.1428571492
53612  -25.685  -12.991  -14.645 0.1428571492
53613  -26.576  -12.769  -15.153 0.1428571492
55396  -26.898  -11.873  -16.891 0.1428571492
55405  -27.243  -11.246  -17.390 0.1428571492
55406  -27.944  -11.043  -17.325 0.1428571492
55395  -25.970  -11.813  -16.787 0.1428571492
55404  -26.356  -11.301  -17.300 0.1428571492
56279  -27.540  -10.614  -17.782 0.1428571492
128027  -26.459  -9.283  -18.532 0.1428571492
117935  -27.441  -8.936  -19.085 0.1428571492
58065  -27.948  -8.277  -19.503 0.2857142985
58066  -28.826  -8.271  -19.491 0.1428571492
120168  -29.302  -7.739  -19.832 0.1428571492
59996  -29.842  -7.294  -20.208 0.1428571492
59025  -28.422  -7.672  -19.849 0.2857142985
63442  -31.000  -2.992  -22.966 0.4285714328
64225  -31.731  -1.860  -23.018 0.4285714328
73620  -31.930  9.241  -26.578 0.2857142985
74479  -31.303  10.831  -27.509 0.2857142985
75291  -31.907  11.218  -26.125 0.2857142985
77884  -29.232  14.368  -30.046 0.2857142985
78721  -29.512  14.848  -29.355 0.2857142985
78722  -29.808  15.580  -28.904 0.2857142985
79624  -30.143  16.463  -28.872 0.4285714328
59024  -27.496  -7.489  -19.641 0.1428571492
59995  -28.939  -7.224  -20.326 0.2857142985
127125  -26.163  -12.529  -15.753 0.1428571492
57185  -25.970  -10.045  -18.078 0.1428571492
59018  -26.985  -8.010  -19.204 0.1428571492
60003  -28.591  -6.545  -20.702 0.2857142985
60004  -29.538  -6.742  -20.747 0.2857142985
60942  -29.169  -6.106  -21.184 0.2857142985
60952  -30.952  -4.896  -21.338 0.4285714328
61817  -30.629  -4.002  -22.272 0.4285714328
62640  -30.434  -3.219  -23.035 0.2857142985
72759  -32.198  8.635  -26.115 0.2857142985
73632  -31.533  9.315  -27.332 0.2857142985
74466  -31.685  10.235  -26.619 0.2857142985
74478  -30.958  10.352  -28.363 0.2857142985
75317  -31.266  11.687  -27.369 0.2857142985
117668  -30.836  12.283  -27.854 0.2857142985
77008  -29.642  13.573  -28.606 0.2857142985
76191  -28.909  13.016  -29.741 0.2857142985
60943  -30.032  -6.200  -21.149 0.2857142985
125219  -31.319  10.029  -27.573 0.2857142985
72773  -31.309  8.536  -28.049 0.2857142985
124921  -30.596  10.923  -29.048 0.2857142985
76193  -30.101  12.247  -28.694 0.2857142985
75316  -30.815  11.416  -28.361 0.2857142985
76192  -29.573  12.268  -29.701 0.2857142985
77009  -30.384  13.607  -27.762 0.2857142985
74491  -30.402  10.243  -29.036 0.2857142985
75330  -30.181  11.552  -29.346 0.2857142985
62641  -31.209  -3.359  -22.219 0.4285714328
63443  -31.492  -2.562  -22.605 0.4285714328
60951  -30.414  -5.471  -21.445 0.4285714328
54544  -26.516  -12.387  -16.361 0.1428571492
77875  -29.938  14.335  -28.207 0.2857142985
57194  -27.420  -9.593  -18.617 0.1428571492
57186  -26.978  -10.134  -18.317 0.1428571492
53582  -25.819  -13.598  -14.023 0.1428571492
132786  -25.935  -12.615  -15.168 0.1428571492
56278  -26.631  -10.719  -17.811 0.1428571492
59994  -27.869  -6.877  -20.136 0.2857142985
128526  -30.685  -3.503  -22.695 0.4285714328
77018  -29.152  13.660  -29.571 0.2857142985
61810  -30.517  -4.703  -21.889 0.4285714328
74490  -30.095  10.941  -29.639 0.2857142985
64239  -31.464  -1.180  -24.217 0.2857142985
64233  -31.482  -1.706  -23.628 0.2857142985
65030  -32.092  -0.441  -24.039 0.2857142985
128748  -33.134  26.614  -34.847 0.1428571492
86768  -33.452  25.688  -34.651 0.1428571492
86760  -32.194  25.598  -33.224 0.1428571492
86755  -32.457  25.191  -31.854 0.1428571492
86033  -33.281  24.816  -31.608 0.1428571492
88098  -33.660  27.180  -34.377 0.1428571492
86754  -31.374  25.549  -32.323 0.1428571492
128152  -29.479  26.495  -32.851 0.1428571492
88716  -29.136  28.945  -31.491 0.1428571492
65037  -31.572  -0.332  -24.685 0.2857142985
86034  -33.896  24.631  -32.016 0.1428571492
86048  -34.082  25.484  -34.676 0.1428571492
86024  -32.704  24.725  -30.753 0.1428571492
86761  -33.259  25.069  -32.846 0.1428571492
124920  -30.416  25.510  -32.254 0.1428571492
87435  -30.493  26.774  -33.890 0.1428571492
88720  -29.703  28.208  -32.480 0.1428571492
87432  -28.554  26.756  -32.272 0.1428571492
87425  -28.261  27.038  -31.380 0.1428571492
86751  -28.509  26.192  -32.353 0.1428571492
86749  -31.893  25.116  -31.255 0.1428571492
86766  -32.110  26.216  -34.490 0.1428571492
88097  -32.740  27.372  -34.530 0.1428571492
113206  -32.924  25.604  -34.227 0.1428571492
86759  -31.214  26.213  -33.816 0.1428571492
88094  -33.296  27.687  -33.842 0.1428571492
86758  -30.348  26.138  -33.032 0.1428571492
86041  -33.734  25.123  -34.133 0.1428571492
125493  -30.463  8.746  -29.048 0.1428571492
73631  -31.131  9.378  -28.143 0.1428571492
73637  -30.665  9.453  -28.705 0.1428571492
75329  -29.611  11.623  -30.016 0.1428571492
75339  -26.602  11.480  -29.563 0.1428571492
76203  -27.298  12.370  -29.765 0.1428571492
72768  -31.679  8.422  -27.044 0.1428571492
76205  -28.914  12.285  -30.188 0.1428571492
77017  -26.920  13.106  -29.408 0.1428571492
77890  -27.370  13.977  -29.539 0.1428571492
78746  -27.189  14.850  -29.466 0.2857142985
67498  -33.084  2.659  -25.454 0.2857142985
67501  -32.075  2.863  -26.452 0.1428571492
70176  -31.037  5.792  -27.532 0.1428571492
71065  -31.515  6.586  -27.204 0.1428571492
71946  -31.391  7.733  -27.955 0.1428571492
75253  -37.231  11.501  -22.569 0.1428571492
73640  -30.087  9.446  -29.130 0.1428571492
77028  -28.812  14.001  -29.823 0.1428571492
78735  -29.183  14.854  -30.374 0.1428571492
125217  -28.209  14.481  -29.780 0.1428571492
78747  -28.202  15.053  -29.859 0.2857142985
80490  -29.099  17.043  -29.357 0.2857142985
82278  -27.369  19.282  -28.574 0.2857142985
82271  -26.626  19.858  -27.993 0.2857142985
83047  -26.919  20.593  -27.945 0.2857142985
84502  -27.803  22.189  -24.799 0.1428571492
79636  -29.429  16.295  -29.334 0.2857142985
79634  -28.034  15.868  -29.600 0.2857142985
81406  -29.660  17.959  -29.350 0.2857142985
81398  -30.010  18.762  -29.351 0.2857142985
117332  -29.141  18.668  -29.141 0.2857142985
81396  -26.858  18.521  -28.683 0.2857142985
82280  -29.556  19.398  -29.288 0.2857142985
81388  -26.377  19.075  -28.412 0.2857142985
83056  -28.829  20.080  -29.187 0.2857142985
83046  -26.361  20.604  -27.230 0.2857142985
81387  -25.809  19.129  -28.017 0.1428571492
81386  -25.671  18.262  -28.141 0.1428571492
83787  -26.773  21.326  -27.388 0.1428571492
83779  -26.836  21.706  -26.307 0.1428571492
125115  -25.710  13.970  -28.667 0.2857142985
83028  -25.938  20.798  -25.965 0.1428571492
83778  -26.254  21.195  -25.968 0.1428571492
76996  -24.659  12.574  -26.733 0.1428571492
119662  -37.522  11.953  -22.938 0.1428571492
72718  -38.963  8.539  -22.981 0.1428571492
129343  -31.642  5.820  -26.957 0.1428571492
71074  -31.165  7.131  -28.664 0.1428571492
75254  -37.945  11.175  -22.924 0.1428571492
130481  -30.869  7.253  -29.147 0.1428571492
72779  -28.839  8.643  -29.299 0.1428571492
73639  -28.727  9.586  -29.569 0.1428571492
123142  -28.838  10.317  -29.880 0.1428571492
74494  -26.819  10.715  -29.788 0.1428571492
117067  -28.643  13.119  -29.775 0.1428571492
77016  -26.009  13.092  -28.831 0.1428571492
77027  -28.732  13.811  -29.789 0.1428571492
77882  -26.259  14.496  -29.135 0.2857142985
80489  -28.115  16.910  -29.396 0.1428571492
79623  -27.040  16.803  -29.160 0.1428571492
117687  -27.463  17.758  -29.022 0.2857142985
80484  -26.479  17.803  -28.751 0.1428571492
81397  -28.000  18.588  -28.891 0.1428571492
82262  -25.720  20.171  -26.509 0.2857142985
83771  -26.808  21.546  -25.588 0.1428571492
84524  -27.206  22.085  -27.050 0.1428571492
84511  -27.306  22.014  -25.508 0.1428571492
74423  -38.046  10.434  -22.701 0.1428571492
74422  -37.492  10.715  -22.366 0.1428571492
84520  -27.344  22.336  -26.168 0.1428571492
84512  -27.874  22.758  -25.508 0.1428571492
83055  -27.701  20.133  -28.537 0.2857142985
85246  -29.044  23.848  -26.416 0.1428571492
79637  -29.900  17.270  -29.236 0.2857142985
70173  -32.114  5.419  -26.489 0.1428571492
71932  -31.916  7.918  -26.394 0.1428571492
81407  -30.205  18.107  -29.255 0.2857142985
120097  -29.318  14.793  -30.280 0.1428571492
78736  -29.461  15.133  -29.915 0.1428571492
78749  -29.169  15.332  -29.892 0.1428571492
71951  -31.132  7.790  -28.801 0.1428571492
74498  -29.584  10.124  -29.494 0.1428571492
74496  -28.516  10.883  -30.194 0.1428571492
72780  -29.800  8.592  -29.250 0.1428571492
72778  -30.517  7.880  -29.245 0.1428571492
75341  -28.270  11.619  -30.281 0.1428571492
75340  -27.445  11.588  -30.059 0.1428571492
77026  -28.144  13.233  -29.718 0.1428571492
114239  -31.370  7.071  -27.864 0.1428571492
128609  -26.378  13.745  -29.165 0.1428571492
77891  -28.480  14.032  -29.740 0.1428571492
77892  -28.868  14.558  -30.289 0.1428571492
71071  -31.042  6.554  -28.177 0.1428571492
78748  -28.796  15.177  -30.210 0.2857142985
79633  -27.123  15.707  -29.351 0.2857142985
79635  -28.757  16.055  -29.560 0.2857142985
117019  -28.312  22.668  -24.698 0.1428571492
80485  -28.608  17.824  -29.215 0.2857142985
81395  -26.033  18.514  -28.477 0.1428571492
82279  -28.494  19.384  -28.913 0.2857142985
83036  -25.951  20.648  -26.429 0.2857142985
86004  -29.446  24.283  -26.792 0.1428571492
83786  -26.344  21.147  -26.613 0.2857142985
60932  -26.836  -6.076  -20.104 0.1428571492
60941  -28.253  -5.899  -21.100 0.1428571492
60939  -26.642  -5.305  -20.569 0.1428571492
61806  -26.545  -4.225  -21.471 0.1428571492
62631  -26.983  -3.892  -22.090 0.1428571492
60948  -27.813  -5.234  -21.393 0.1428571492
62637  -27.593  -3.563  -22.467 0.1428571492
129576  -28.127  -4.795  -21.800 0.1428571492
60950  -29.655  -5.657  -21.516 0.1428571492
62638  -28.294  -3.202  -22.737 0.1428571492
62639  -29.190  -3.487  -22.735 0.1428571492
122737  -30.080  -4.409  -22.371 0.1428571492
62642  -29.846  -3.101  -23.160 0.1428571492
122408  -30.059  -3.777  -22.776 0.1428571492
63440  -27.486  -2.799  -22.656 0.1428571492
63441  -28.988  -2.768  -23.002 0.1428571492
63448  -30.526  -2.573  -23.416 0.1428571492
64238  -30.689  -1.340  -24.280 0.1428571492
65849  -31.701  0.366  -25.084 0.1428571492
65855  -31.881  0.961  -25.410 0.1428571492
78734  -26.048  15.503  -28.988 0.1428571492
60949  -28.787  -5.342  -21.609 0.1428571492
119314  -27.044  -6.824  -19.732 0.1428571492
82270  -25.928  19.951  -27.164 0.1428571492
66659  -32.377  1.412  -25.419 0.1428571492
63449  -31.253  -2.300  -23.294 0.1428571492
60002  -27.780  -6.239  -20.585 0.1428571492
61809  -29.700  -5.023  -22.052 0.1428571492
64232  -31.007  -1.878  -23.847 0.1428571492
60940  -27.394  -5.644  -20.819 0.1428571492
61807  -27.372  -4.563  -21.712 0.1428571492
61814  -27.856  -4.252  -22.217 0.1428571492
61815  -28.496  -3.932  -22.515 0.1428571492
61808  -28.736  -4.619  -22.165 0.1428571492
134144  -28.195  -2.560  -22.917 0.1428571492
61816  -29.402  -4.234  -22.457 0.1428571492
63447  -29.637  -2.381  -23.461 0.1428571492
62636  -26.607  -3.081  -22.299 0.1428571492
59993  -26.368  -6.546  -19.538 0.1428571492
60923  -32.790  -5.336  -19.000 0.4285714328
60956  -40.730  -5.537  -22.506 0.1428571492
61819  -40.925  -4.993  -22.390 0.1428571492
62635  -40.889  -3.879  -22.006 0.1428571492
63437  -39.814  -2.238  -23.799 0.1428571492
63445  -39.922  -2.419  -23.848 0.1428571492
64199  -34.987  -2.063  -19.601 0.5714285970
64228  -40.042  -2.447  -23.831 0.1428571492
64240  -39.959  -1.340  -24.751 0.1428571492
65004  -36.394  -0.156  -19.491 0.5714285970
65011  -34.888  -0.111  -19.983 0.7142857313
65031  -39.809  -1.574  -24.262 0.1428571492
65040  -39.967  -0.729  -25.259 0.1428571492
65820  -37.665  0.518  -19.549 0.4285714328
65834  -39.431  -0.452  -22.514 0.2857142985
65843  -39.657  -0.496  -24.579 0.1428571492
65856  -39.942  -0.105  -25.648 0.1428571492
67444  -37.695  2.143  -19.711 0.5714285970
67491  -32.931  1.919  -25.118 0.1428571492
68344  -38.902  3.611  -20.534 0.4285714328
68371  -33.435  3.221  -23.864 0.7142857313
70113  -35.768  5.114  -20.797 0.8571428657
71016  -38.833  6.981  -21.353 0.4285714328
71073  -30.694  6.758  -28.928 0.1428571492
71895  -39.026  8.050  -22.746 0.1428571492
72772  -30.919  8.587  -28.739 0.1428571492
73562  -38.812  9.052  -23.213 0.1428571492
73576  -34.050  9.806  -23.179 0.8571428657
74420  -34.427  10.458  -22.837 0.7142857313
74436  -33.556  10.629  -23.933 1.0000000000
74497  -29.356  10.937  -30.043 0.1428571492
75266  -33.727  11.173  -23.555 0.8571428657
75342  -28.968  11.506  -30.263 0.1428571492
76179  -29.464  12.924  -29.050 0.2857142985
76204  -28.191  12.437  -30.101 0.1428571492
77010  -31.083  13.072  -27.371 0.2857142985
77810  -34.690  13.694  -23.042 0.7142857313
77863  -30.583  14.138  -27.434 0.4285714328
77864  -31.022  14.294  -26.879 0.5714285970
77874  -29.422  14.161  -29.230 0.2857142985
77883  -29.085  14.603  -30.340 0.1428571492
78737  -29.531  15.744  -29.302 0.1428571492
79576  -33.802  16.006  -24.129 0.7142857313
81358  -34.560  18.596  -24.753 0.1428571492
82253  -35.255  19.705  -25.357 0.1428571492
84527  -33.440  22.496  -27.618 0.1428571492
85255  -31.675  23.063  -28.846 0.2857142985
85257  -33.256  23.371  -28.599 0.4285714328
86753  -29.593  25.748  -32.558 0.1428571492
86767  -32.884  26.108  -34.802 0.1428571492
86771  -33.604  25.963  -34.774 0.1428571492
87429  -28.069  26.311  -32.114 0.1428571492
88087  -28.435  27.103  -31.973 0.1428571492
88096  -31.784  27.352  -34.451 0.1428571492
111196  -39.652  3.371  -24.316 0.1428571492
112909  -34.774  18.019  -24.386 0.1428571492
112992  -27.578  24.972  -31.063 0.2857142985
115606  -29.646  27.430  -32.940 0.1428571492
115825  -32.710  2.885  -26.088 0.2857142985
117824  -31.550  11.187  -26.812 0.4285714328
118032  -38.349  1.981  -20.065 0.5714285970
120306  -32.406  0.427  -24.117 0.5714285970
121071  -39.364  0.706  -21.829 0.2857142985
121152  -33.469  6.523  -24.305 0.5714285970
121249  -31.620  7.490  -27.103 0.1428571492
122489  -39.730  -4.391  -22.177 0.1428571492
123022  -33.554  11.810  -23.699 0.8571428657
123249  -40.194  -7.595  -22.619 0.1428571492
123636  -32.283  0.782  -24.860 0.1428571492
124863  -33.527  16.589  -24.388 0.7142857313
125120  -34.762  11.012  -22.615 0.7142857313
129516  -31.985  23.558  -29.088 0.2857142985
131373  -32.286  26.717  -34.794 0.1428571492
131705  -39.915  -4.626  -22.256 0.1428571492
132736  -34.305  6.085  -22.602 0.8571428657
133332  -32.946  21.667  -27.150 0.2857142985
133472  -29.399  9.295  -29.341 0.1428571492
133498  -34.667  5.647  -21.934 0.8571428657
134587  -32.831  0.553  -22.995 0.4285714328
