#!ascii label  , from subject sub-v1s18x0051234_ses-1 vox2ras=TkReg
510
58025  -20.819  -2.749  -36.124 0.0000000000
52937  -21.658  -6.475  -32.530 0.0000000000
55081  -24.705  -5.765  -31.978 0.0000000000
51754  -22.547  -8.422  -27.737 0.0000000000
125471  -21.702  8.113  -33.883 0.0000000000
66013  -22.533  5.324  -32.764 0.0000000000
62903  -13.569  2.607  -31.884 0.0000000000
48813  -20.978  -11.637  -23.592 0.0000000000
49788  -22.410  -9.233  -30.725 0.0000000000
51732  -20.067  -8.530  -26.421 0.0000000000
66996  -22.640  6.976  -33.407 0.0000000000
64923  -18.020  5.301  -31.730 0.0000000000
58004  -18.750  -1.848  -29.908 0.0000000000
60879  -14.307  1.184  -29.355 0.0000000000
110518  -18.284  -0.415  -30.859 0.0000000000
60907  -19.123  0.948  -32.533 0.0000000000
60036  -21.421  0.968  -36.561 0.0000000000
115688  -23.552  -1.805  -34.183 0.0000000000
56148  -19.435  -3.157  -29.439 0.0000000000
111240  -20.436  -5.249  -33.842 0.0000000000
56192  -23.634  -4.663  -34.660 0.0000000000
52948  -23.934  -7.265  -33.365 0.0000000000
51805  -23.934  -8.117  -31.490 0.0000000000
108522  -23.947  -7.022  -27.206 0.0000000000
64893  -13.380  6.001  -30.729 0.0000000000
62934  -18.159  2.484  -31.546 0.0000000000
113964  -21.752  3.441  -33.132 0.0000000000
49741  -19.460  -10.062  -24.918 0.0000000000
49744  -21.787  -10.071  -25.326 0.0000000000
52877  -20.328  -7.334  -27.444 0.0000000000
51731  -19.388  -8.163  -25.990 0.0000000000
64924  -18.454  5.759  -31.975 0.0000000000
65977  -16.157  5.488  -30.384 0.0000000000
58016  -20.156  -2.893  -32.292 0.0000000000
59025  -18.313  -1.588  -30.319 0.0000000000
59048  -18.378  -1.540  -33.056 0.0000000000
60035  -18.121  -0.357  -32.824 0.0000000000
59054  -20.271  -0.897  -35.817 0.0000000000
60043  -22.175  0.024  -36.061 0.0000000000
58026  -22.479  -2.064  -36.026 0.0000000000
55080  -21.159  -4.662  -31.484 0.0000000000
55087  -19.896  -4.917  -31.674 0.0000000000
54061  -20.262  -6.273  -32.267 0.0000000000
109691  -22.188  -6.325  -33.349 0.0000000000
52939  -22.302  -7.720  -32.283 0.0000000000
51779  -23.004  -7.790  -30.181 0.0000000000
50729  -24.378  -10.325  -31.354 0.0000000000
52893  -23.114  -7.517  -29.323 0.0000000000
52895  -23.450  -7.059  -29.009 0.0000000000
51755  -23.018  -8.075  -27.863 0.0000000000
68836  -20.515  8.086  -33.554 0.0000000000
69629  -20.967  8.742  -33.402 0.0000000000
69637  -22.179  9.401  -33.930 0.0000000000
69646  -23.570  10.086  -34.426 0.0000000000
68840  -24.086  8.822  -33.744 0.0000000000
66984  -22.650  6.137  -33.040 0.0000000000
116194  -13.865  1.684  -31.484 0.0000000000
63847  -11.776  3.307  -29.672 0.0000000000
127683  -13.188  4.080  -31.292 0.0000000000
107333  -14.514  4.950  -31.170 0.0000000000
107413  -14.103  2.750  -31.912 0.0000000000
61914  -21.505  1.443  -34.133 0.0000000000
112085  -19.952  2.000  -33.563 0.0000000000
62943  -22.624  3.067  -32.101 0.0000000000
120590  -24.707  -4.809  -33.059 0.0000000000
57098  -24.253  -3.534  -33.565 0.0000000000
48812  -20.091  -11.682  -24.026 0.0000000000
113521  -19.866  -11.110  -24.587 0.0000000000
49742  -20.166  -10.237  -25.314 0.0000000000
49724  -21.278  -10.649  -24.818 0.0000000000
52905  -21.184  -5.848  -29.501 0.0000000000
125402  -21.377  -7.844  -30.857 0.0000000000
51777  -22.000  -7.087  -29.524 0.0000000000
51766  -21.131  -7.764  -27.944 0.0000000000
51753  -21.392  -8.439  -27.547 0.0000000000
67933  -20.649  7.458  -33.721 0.0000000000
108054  -22.477  7.828  -33.717 0.0000000000
66034  -20.284  6.464  -33.519 0.0000000000
66023  -20.479  5.647  -33.512 0.0000000000
64946  -20.307  4.707  -33.366 0.0000000000
57983  -16.965  -1.247  -29.648 0.0000000000
59994  -15.438  -0.556  -30.797 0.0000000000
59993  -14.843  -0.054  -31.800 0.0000000000
107146  -14.321  1.269  -32.337 0.0000000000
61869  -15.966  1.400  -31.529 0.0000000000
60905  -18.604  0.161  -31.241 0.0000000000
60924  -19.286  1.471  -34.844 0.0000000000
60916  -22.024  0.725  -34.073 0.0000000000
60015  -22.504  -0.069  -33.437 0.0000000000
48801  -21.790  -11.482  -22.907 0.0000000000
127611  -22.324  -10.874  -23.248 0.0000000000
57075  -18.180  -2.824  -30.300 0.0000000000
56188  -19.334  -4.352  -32.418 0.0000000000
119326  -20.222  -4.305  -34.975 0.0000000000
57114  -22.157  -3.767  -36.152 0.0000000000
55113  -22.117  -4.874  -35.022 0.0000000000
54071  -23.825  -6.254  -33.855 0.0000000000
54054  -24.464  -6.395  -32.451 0.0000000000
122024  -24.310  -9.261  -32.680 0.0000000000
51813  -26.128  -8.109  -32.907 0.0000000000
114408  -24.447  -6.760  -31.783 0.0000000000
54024  -23.778  -6.526  -29.314 0.0000000000
54006  -24.161  -6.241  -27.645 0.0000000000
67936  -24.213  8.154  -33.223 0.0000000000
64894  -14.699  5.737  -30.502 0.0000000000
63875  -17.940  3.195  -31.472 0.0000000000
63896  -20.750  3.842  -33.755 0.0000000000
61896  -18.478  1.650  -31.673 0.0000000000
62949  -20.414  2.899  -33.682 0.0000000000
64937  -22.532  4.588  -32.460 0.0000000000
58018  -23.058  -2.834  -35.149 0.0000000000
58005  -24.024  -2.483  -33.140 0.0000000000
50641  -18.419  -9.407  -24.476 0.0000000000
50667  -19.580  -8.885  -25.690 0.0000000000
50669  -20.926  -9.526  -26.446 0.0000000000
50670  -22.121  -9.373  -26.774 0.0000000000
49725  -22.122  -10.320  -24.438 0.0000000000
50658  -22.440  -9.547  -25.856 0.0000000000
50671  -23.055  -8.951  -26.487 0.0000000000
65976  -15.378  5.832  -30.234 0.0000000000
58017  -19.472  -3.100  -32.667 0.0000000000
120924  -19.428  -2.310  -32.644 0.0000000000
58023  -19.023  -2.481  -33.452 0.0000000000
59049  -18.816  -1.231  -34.361 0.0000000000
58024  -19.863  -2.020  -35.171 0.0000000000
59055  -21.514  -0.651  -36.415 0.0000000000
58033  -21.781  -2.528  -36.653 0.0000000000
55070  -21.237  -4.751  -30.866 0.0000000000
54045  -20.734  -6.116  -31.801 0.0000000000
54052  -20.217  -6.397  -31.975 0.0000000000
128918  -20.682  -6.716  -32.213 0.0000000000
52938  -21.490  -7.271  -32.203 0.0000000000
51812  -21.678  -7.867  -31.843 0.0000000000
52892  -22.864  -7.564  -29.380 0.0000000000
51768  -22.837  -7.877  -28.443 0.0000000000
110181  -21.069  7.998  -33.831 0.0000000000
68837  -21.393  8.730  -33.741 0.0000000000
68838  -22.289  8.625  -33.931 0.0000000000
69638  -23.101  9.253  -34.185 0.0000000000
69639  -24.049  9.431  -34.169 0.0000000000
68839  -23.265  8.373  -33.703 0.0000000000
66026  -21.887  5.597  -33.378 0.0000000000
66014  -23.333  5.832  -32.339 0.0000000000
118970  -13.503  2.906  -30.952 0.0000000000
116667  -12.292  2.815  -29.717 0.0000000000
62902  -13.169  3.393  -30.571 0.0000000000
63848  -12.676  4.051  -30.465 0.0000000000
107149  -13.536  3.540  -31.430 0.0000000000
107147  -14.186  3.690  -31.417 0.0000000000
113305  -22.200  1.895  -33.250 0.0000000000
62942  -22.128  2.675  -32.942 0.0000000000
55089  -24.623  -5.453  -32.722 0.0000000000
112087  -24.755  -4.757  -32.287 0.0000000000
47823  -20.342  -12.145  -23.313 0.0000000000
48828  -20.719  -11.203  -24.393 0.0000000000
48827  -20.466  -10.725  -24.960 0.0000000000
54014  -20.617  -6.116  -28.606 0.0000000000
52906  -21.318  -6.626  -29.035 0.0000000000
51751  -19.823  -7.728  -26.667 0.0000000000
51752  -20.569  -8.141  -27.169 0.0000000000
66993  -19.876  6.944  -33.521 0.0000000000
67003  -20.332  6.875  -33.764 0.0000000000
66992  -20.068  6.390  -33.320 0.0000000000
66012  -20.019  5.461  -33.167 0.0000000000
64936  -19.764  4.483  -33.065 0.0000000000
66024  -20.988  5.349  -33.798 0.0000000000
64935  -18.513  4.774  -32.181 0.0000000000
118429  -17.000  -2.377  -30.775 0.0000000000
59011  -16.773  -2.064  -31.143 0.0000000000
60014  -18.787  -0.994  -30.488 0.0000000000
60002  -15.676  -0.766  -31.639 0.0000000000
60001  -15.478  -0.325  -32.115 0.0000000000
61892  -14.601  0.777  -32.233 0.0000000000
60904  -16.736  -0.493  -31.923 0.0000000000
60897  -16.583  0.221  -31.779 0.0000000000
60934  -19.312  1.031  -35.235 0.0000000000
60933  -18.355  0.709  -33.975 0.0000000000
60925  -20.588  1.480  -35.915 0.0000000000
129349  -21.501  1.302  -34.749 0.0000000000
60926  -21.899  0.988  -35.751 0.0000000000
59043  -22.921  -1.035  -34.817 0.0000000000
124396  -22.666  -0.790  -33.808 0.0000000000
114110  -23.488  -1.584  -32.649 0.0000000000
47807  -21.435  -12.136  -22.153 0.0000000000
48791  -22.268  -11.642  -22.044 0.0000000000
123706  -18.206  -2.081  -28.885 0.0000000000
57063  -17.708  -2.369  -29.705 0.0000000000
110874  -19.310  -2.962  -29.956 0.0000000000
55096  -19.874  -5.571  -33.070 0.0000000000
126467  -19.443  -4.782  -32.173 0.0000000000
128201  -18.832  -5.152  -33.985 0.0000000000
56189  -18.813  -4.640  -33.666 0.0000000000
56191  -20.639  -4.770  -34.531 0.0000000000
56197  -21.493  -4.279  -35.393 0.0000000000
55105  -21.568  -5.251  -34.175 0.0000000000
54062  -23.085  -6.680  -33.400 0.0000000000
54070  -23.006  -6.132  -34.000 0.0000000000
54063  -23.979  -6.815  -33.406 0.0000000000
111960  -24.301  -5.911  -33.243 0.0000000000
54064  -24.277  -6.672  -32.858 0.0000000000
49798  -22.133  -9.254  -30.857 0.0000000000
50747  -22.846  -9.195  -31.581 0.0000000000
50740  -23.546  -9.751  -31.620 0.0000000000
51791  -24.086  -9.066  -31.173 0.0000000000
50742  -26.603  -10.559  -31.682 0.0000000000
51806  -25.070  -8.573  -31.668 0.0000000000
52930  -25.456  -7.991  -32.402 0.0000000000
52929  -24.347  -7.678  -31.825 0.0000000000
109893  -24.271  -6.953  -31.136 0.0000000000
52918  -23.991  -7.309  -31.013 0.0000000000
52878  -23.440  -7.682  -27.579 0.0000000000
122120  -23.702  -6.929  -28.230 0.0000000000
53997  -24.447  -6.296  -26.707 0.0000000000
67934  -21.593  7.360  -33.775 0.0000000000
67935  -23.428  7.574  -33.237 0.0000000000
59984  -14.764  0.219  -29.111 0.0000000000
66941  -12.946  7.145  -30.221 0.0000000000
65964  -13.559  7.107  -30.217 0.0000000000
65965  -14.102  6.412  -30.414 0.0000000000
107150  -13.935  5.500  -31.135 0.0000000000
63856  -16.254  3.205  -30.752 0.0000000000
107148  -15.308  4.371  -30.916 0.0000000000
63874  -17.247  2.842  -30.888 0.0000000000
63888  -19.384  3.412  -32.850 0.0000000000
63887  -18.677  2.924  -32.133 0.0000000000
61895  -18.139  0.926  -31.238 0.0000000000
107370  -17.203  0.972  -30.958 0.0000000000
60906  -18.748  0.892  -31.845 0.0000000000
62951  -21.434  3.195  -33.593 0.0000000000
62950  -21.055  3.011  -33.891 0.0000000000
63898  -21.457  3.966  -33.483 0.0000000000
63889  -21.926  3.995  -32.798 0.0000000000
64925  -23.357  4.536  -31.629 0.0000000000
127924  -23.204  -4.276  -35.323 0.0000000000
57115  -22.986  -3.769  -36.112 0.0000000000
109914  -23.435  -3.824  -35.013 0.0000000000
57097  -24.171  -2.835  -33.526 0.0000000000
48826  -19.216  -10.622  -24.486 0.0000000000
49723  -18.808  -10.036  -24.478 0.0000000000
50642  -19.118  -9.333  -24.979 0.0000000000
50657  -19.843  -9.607  -25.484 0.0000000000
118760  -20.979  -10.357  -25.536 0.0000000000
49753  -20.609  -9.839  -25.875 0.0000000000
49743  -21.482  -9.758  -26.121 0.0000000000
117507  -21.468  -9.373  -26.767 0.0000000000
123938  -22.406  -10.489  -23.732 0.0000000000
50659  -23.274  -9.161  -25.384 0.0000000000
52876  -19.645  -6.994  -26.950 0.0000000000
52858  -19.229  -7.433  -26.296 0.0000000000
109190  -18.961  6.008  -32.300 0.0000000000
65996  -18.087  5.602  -31.471 0.0000000000
122969  -17.036  4.965  -30.761 0.0000000000
58009  -19.699  -2.260  -30.681 0.0000000000
58003  -17.549  -2.168  -31.001 0.0000000000
58010  -20.307  -2.479  -31.609 0.0000000000
59035  -19.921  -1.762  -31.197 0.0000000000
59041  -19.849  -1.229  -31.758 0.0000000000
60034  -19.407  -0.616  -32.088 0.0000000000
129338  -18.113  -0.992  -32.845 0.0000000000
60041  -18.286  -0.302  -33.899 0.0000000000
60935  -20.573  0.948  -36.371 0.0000000000
59050  -21.495  0.310  -36.527 0.0000000000
112910  -22.519  -1.050  -35.572 0.0000000000
59044  -23.121  -1.753  -34.950 0.0000000000
56149  -20.027  -3.898  -29.471 0.0000000000
56161  -20.268  -3.624  -30.278 0.0000000000
116513  -20.657  -3.790  -31.215 0.0000000000
55088  -19.759  -5.517  -31.837 0.0000000000
54051  -19.797  -6.014  -31.861 0.0000000000
55097  -21.141  -5.765  -33.312 0.0000000000
54069  -22.142  -5.823  -33.942 0.0000000000
54053  -21.262  -6.589  -32.588 0.0000000000
52946  -22.169  -7.090  -32.758 0.0000000000
52947  -23.066  -7.360  -33.097 0.0000000000
50716  -22.916  -7.943  -30.517 0.0000000000
49800  -23.767  -10.475  -31.254 0.0000000000
50717  -22.970  -8.454  -30.740 0.0000000000
50718  -23.296  -8.968  -30.888 0.0000000000
51790  -23.373  -8.029  -31.071 0.0000000000
52907  -23.388  -7.452  -30.155 0.0000000000
52894  -23.223  -7.642  -28.402 0.0000000000
67920  -20.212  7.670  -33.560 0.0000000000
68847  -25.051  9.137  -33.908 0.0000000000
66995  -21.847  6.412  -33.598 0.0000000000
66985  -23.598  6.733  -32.647 0.0000000000
63846  -11.023  3.342  -29.261 0.0000000000
118597  -11.907  4.319  -29.971 0.0000000000
64892  -12.612  5.260  -30.680 0.0000000000
110867  -13.195  4.907  -31.192 0.0000000000
107151  -13.684  4.422  -31.337 0.0000000000
62915  -16.166  2.292  -30.994 0.0000000000
61906  -19.636  1.384  -34.002 0.0000000000
61905  -19.457  1.425  -33.181 0.0000000000
61907  -20.711  1.945  -34.012 0.0000000000
126155  -22.173  3.394  -32.631 0.0000000000
56182  -24.193  -4.491  -33.690 0.0000000000
57108  -23.804  -3.883  -34.134 0.0000000000
115360  -24.693  -4.049  -33.006 0.0000000000
48811  -19.126  -11.348  -24.094 0.0000000000
128206  -19.800  -10.571  -24.872 0.0000000000
54035  -21.071  -5.185  -29.936 0.0000000000
52916  -21.738  -5.741  -30.957 0.0000000000
52928  -21.571  -6.996  -31.592 0.0000000000
51802  -22.202  -6.815  -30.706 0.0000000000
51789  -22.270  -7.428  -30.352 0.0000000000
50715  -22.650  -7.436  -30.028 0.0000000000
52891  -20.798  -7.022  -28.283 0.0000000000
113987  -21.667  -7.372  -28.740 0.0000000000
51778  -22.631  -7.488  -29.554 0.0000000000
51767  -22.182  -8.041  -28.304 0.0000000000
50689  -21.871  -8.954  -27.405 0.0000000000
66983  -20.075  7.078  -33.619 0.0000000000
67932  -19.979  7.469  -33.569 0.0000000000
66994  -21.039  6.677  -33.803 0.0000000000
66035  -20.757  6.142  -33.788 0.0000000000
66025  -21.246  5.871  -33.775 0.0000000000
111416  -21.332  5.217  -33.610 0.0000000000
59985  -15.459  0.137  -29.872 0.0000000000
59023  -16.452  -1.451  -31.608 0.0000000000
129315  -14.779  0.085  -31.026 0.0000000000
60880  -14.660  0.809  -30.306 0.0000000000
107242  -13.711  1.735  -32.147 0.0000000000
107295  -13.733  1.796  -32.268 0.0000000000
107354  -14.701  1.407  -32.269 0.0000000000
61884  -15.509  0.795  -32.222 0.0000000000
60003  -17.049  0.456  -31.117 0.0000000000
60914  -18.951  0.245  -31.987 0.0000000000
60922  -19.334  -0.402  -31.869 0.0000000000
60915  -19.189  0.902  -33.031 0.0000000000
61913  -20.569  1.704  -34.629 0.0000000000
61908  -22.004  1.494  -33.635 0.0000000000
61898  -22.479  1.911  -32.773 0.0000000000
60908  -22.509  1.082  -33.015 0.0000000000
61899  -22.904  0.898  -31.946 0.0000000000
60026  -22.243  -0.168  -34.461 0.0000000000
122652  -24.242  -5.401  -30.535 0.0000000000
47824  -21.054  -11.983  -22.895 0.0000000000
49710  -21.671  -10.957  -23.864 0.0000000000
57984  -17.000  -2.076  -29.908 0.0000000000
57086  -19.081  -2.859  -29.761 0.0000000000
56160  -20.115  -3.255  -30.478 0.0000000000
56171  -20.241  -3.275  -30.807 0.0000000000
57095  -19.573  -2.677  -30.376 0.0000000000
57105  -19.810  -3.393  -31.610 0.0000000000
57111  -19.245  -3.547  -33.389 0.0000000000
57112  -19.537  -3.119  -34.774 0.0000000000
57118  -21.826  -3.135  -36.535 0.0000000000
57113  -20.804  -3.641  -35.633 0.0000000000
56198  -22.595  -4.242  -35.519 0.0000000000
55114  -23.100  -4.915  -35.137 0.0000000000
116505  -23.443  -5.691  -34.232 0.0000000000
55107  -23.486  -5.219  -34.549 0.0000000000
55108  -23.951  -5.404  -34.029 0.0000000000
51804  -22.238  -8.286  -32.028 0.0000000000
107141  -23.659  -8.594  -32.617 0.0000000000
107597  -24.320  -8.504  -33.227 0.0000000000
107205  -24.793  -10.543  -32.151 0.0000000000
107312  -25.718  -9.490  -33.343 0.0000000000
107411  -24.957  -8.186  -33.778 0.0000000000
52940  -25.168  -7.552  -32.998 0.0000000000
127539  -24.621  -7.422  -32.308 0.0000000000
55071  -24.397  -6.135  -31.030 0.0000000000
113069  -24.020  -5.916  -30.021 0.0000000000
52908  -23.768  -6.861  -29.967 0.0000000000
66943  -14.614  6.327  -30.120 0.0000000000
109330  -15.496  5.227  -30.525 0.0000000000
64902  -16.339  4.860  -30.569 0.0000000000
115588  -16.104  3.968  -30.591 0.0000000000
64922  -17.416  3.858  -31.087 0.0000000000
64947  -20.894  4.678  -33.737 0.0000000000
64948  -21.186  4.615  -33.662 0.0000000000
62914  -14.941  2.068  -31.805 0.0000000000
129294  -16.910  1.762  -30.740 0.0000000000
61885  -17.698  1.739  -31.135 0.0000000000
61897  -19.111  1.683  -32.377 0.0000000000
125222  -19.509  2.049  -33.053 0.0000000000
62941  -19.195  2.554  -32.641 0.0000000000
62948  -19.717  2.809  -33.228 0.0000000000
63897  -21.123  3.882  -33.781 0.0000000000
64949  -21.778  4.743  -33.200 0.0000000000
64938  -23.145  5.123  -32.197 0.0000000000
58034  -22.255  -2.750  -36.719 0.0000000000
121582  -23.571  -2.242  -34.333 0.0000000000
57107  -23.838  -3.004  -34.190 0.0000000000
58011  -23.993  -2.301  -33.848 0.0000000000
108107  -23.809  -1.970  -33.647 0.0000000000
51719  -19.018  -8.566  -25.338 0.0000000000
50668  -20.303  -9.254  -26.146 0.0000000000
50688  -20.932  -9.008  -26.918 0.0000000000
128902  -22.520  -8.914  -27.192 0.0000000000
50643  -22.642  -9.696  -24.878 0.0000000000
51733  -23.066  -8.370  -27.262 0.0000000000
47910  -24.904  -11.377  -31.570 0.0000000000
48892  -24.253  -10.957  -31.260 0.0000000000
48893  -24.771  -11.176  -31.538 0.0000000000
48894  -25.198  -11.410  -31.689 0.0000000000
48895  -25.363  -11.422  -31.972 0.0000000000
48901  -25.344  -11.178  -32.098 0.0000000000
49789  -22.992  -9.760  -30.920 0.0000000000
49799  -22.817  -10.024  -30.891 0.0000000000
49801  -24.692  -11.017  -31.473 0.0000000000
49802  -25.677  -11.489  -31.770 0.0000000000
49803  -25.561  -11.188  -32.164 0.0000000000
49810  -22.660  -9.891  -30.994 0.0000000000
49811  -26.335  -11.171  -32.482 0.0000000000
50727  -21.988  -8.535  -30.472 0.0000000000
50728  -23.745  -10.069  -30.697 0.0000000000
50730  -25.514  -10.794  -31.029 0.0000000000
50738  -21.535  -8.491  -30.842 0.0000000000
50739  -21.808  -9.054  -31.014 0.0000000000
50741  -25.534  -9.805  -31.234 0.0000000000
50743  -26.437  -10.495  -32.846 0.0000000000
50744  -26.425  -10.830  -33.064 0.0000000000
50748  -26.716  -9.886  -33.356 0.0000000000
50749  -26.398  -8.841  -33.723 0.0000000000
51776  -21.713  -6.290  -29.953 0.0000000000
51780  -23.055  -7.779  -30.443 0.0000000000
51788  -22.207  -6.900  -30.112 0.0000000000
51803  -21.392  -8.273  -31.175 0.0000000000
51807  -26.249  -8.941  -32.110 0.0000000000
51808  -27.015  -9.561  -32.931 0.0000000000
51814  -26.604  -8.899  -33.446 0.0000000000
51818  -26.513  -8.808  -33.551 0.0000000000
51820  -25.746  -7.936  -34.100 0.0000000000
51821  -25.749  -8.768  -33.747 0.0000000000
52917  -21.972  -6.385  -30.520 0.0000000000
52927  -21.980  -6.302  -31.397 0.0000000000
52941  -26.373  -8.329  -33.824 0.0000000000
52949  -25.030  -7.548  -33.627 0.0000000000
52950  -25.694  -8.356  -33.878 0.0000000000
52955  -26.157  -8.228  -34.082 0.0000000000
54023  -20.743  -5.443  -29.241 0.0000000000
54034  -21.433  -5.439  -30.566 0.0000000000
54036  -20.770  -5.111  -29.549 0.0000000000
54037  -24.036  -6.690  -30.344 0.0000000000
55079  -20.518  -4.231  -31.662 0.0000000000
55095  -19.532  -5.347  -32.317 0.0000000000
55098  -24.388  -5.242  -33.381 0.0000000000
55102  -18.871  -5.008  -33.271 0.0000000000
55103  -19.222  -5.305  -33.230 0.0000000000
55104  -19.297  -5.198  -34.039 0.0000000000
55106  -22.727  -5.363  -34.407 0.0000000000
56150  -20.762  -4.164  -30.554 0.0000000000
56172  -20.561  -3.907  -31.322 0.0000000000
56181  -20.323  -3.730  -31.524 0.0000000000
56190  -19.287  -4.806  -34.223 0.0000000000
56196  -19.317  -4.096  -34.511 0.0000000000
57051  -18.560  -2.981  -29.594 0.0000000000
57074  -17.474  -2.697  -30.839 0.0000000000
57096  -20.306  -2.882  -31.233 0.0000000000
57106  -19.403  -3.823  -32.603 0.0000000000
57994  -17.514  -2.549  -30.593 0.0000000000
58027  -22.724  -3.111  -36.391 0.0000000000
58032  -21.183  -1.727  -36.332 0.0000000000
59002  -16.555  -1.831  -30.721 0.0000000000
59010  -15.919  -1.464  -31.125 0.0000000000
59024  -17.196  -1.977  -31.386 0.0000000000
59034  -19.204  -1.582  -30.337 0.0000000000
59040  -19.497  -1.152  -31.075 0.0000000000
59042  -19.229  -1.313  -32.376 0.0000000000
59051  -22.060  -0.747  -36.262 0.0000000000
59056  -21.985  -1.788  -36.474 0.0000000000
60012  -16.236  -0.889  -32.172 0.0000000000
60013  -17.244  -1.338  -31.460 0.0000000000
60025  -19.193  -0.492  -31.217 0.0000000000
60033  -19.632  -0.790  -31.627 0.0000000000
60042  -19.521  0.076  -35.472 0.0000000000
60047  -20.765  0.188  -36.401 0.0000000000
60889  -16.509  0.738  -31.437 0.0000000000
60903  -15.693  -0.137  -32.246 0.0000000000
60923  -18.688  0.300  -32.905 0.0000000000
61860  -13.460  2.150  -32.004 0.0000000000
61893  -15.078  0.515  -32.405 0.0000000000
61894  -15.884  0.175  -32.225 0.0000000000
62940  -18.778  2.279  -32.062 0.0000000000
63895  -20.032  3.747  -33.298 0.0000000000
64903  -16.845  4.123  -30.761 0.0000000000
65963  -12.715  6.363  -30.417 0.0000000000
65995  -17.288  4.588  -30.958 0.0000000000
107140  -26.210  -10.149  -33.276 0.0000000000
107142  -24.904  -9.118  -33.279 0.0000000000
107143  -14.325  0.898  -31.709 0.0000000000
107144  -14.198  1.234  -32.334 0.0000000000
107145  -13.892  1.496  -32.256 0.0000000000
107289  -23.116  -8.001  -32.689 0.0000000000
107292  -24.439  -7.851  -33.476 0.0000000000
107304  -25.934  -11.150  -32.502 0.0000000000
107324  -15.161  3.493  -31.320 0.0000000000
107325  -23.765  -8.048  -33.210 0.0000000000
107326  -26.379  -9.304  -33.561 0.0000000000
108470  -23.570  -9.287  -32.174 0.0000000000
111022  -21.661  2.170  -33.697 0.0000000000
111221  -23.309  -10.250  -31.144 0.0000000000
111482  -21.409  -5.139  -31.261 0.0000000000
113502  -17.666  0.260  -31.065 0.0000000000
117606  -19.975  -6.115  -31.619 0.0000000000
119667  -20.125  -1.978  -32.120 0.0000000000
121957  -25.119  -9.979  -32.808 0.0000000000
121965  -24.330  -10.075  -32.166 0.0000000000
121973  -24.002  -10.761  -31.316 0.0000000000
121995  -25.693  -10.561  -32.700 0.0000000000
122588  -25.012  -11.284  -31.823 0.0000000000
122758  -22.897  -8.609  -32.182 0.0000000000
123317  -24.170  -6.362  -33.349 0.0000000000
124584  -14.965  0.085  -32.324 0.0000000000
124828  -18.590  1.063  -33.996 0.0000000000
126779  -22.722  1.579  -32.270 0.0000000000
126817  -15.351  2.775  -31.383 0.0000000000
127350  -22.456  -3.278  -36.442 0.0000000000
129452  -22.346  -8.646  -31.630 0.0000000000
