#!ascii label  , from subject sub-v1s18x0051250_ses-1 vox2ras=TkReg
735
9344  -48.589  -69.471  -12.910 0.0000000000
18383  -55.154  -58.076  -14.905 0.0000000000
16034  -47.661  -60.409  -9.825 0.0000000000
134832  -53.404  -64.079  -11.161 0.0000000000
19144  -51.776  -56.411  -12.547 0.0000000000
11494  -45.977  -66.038  -8.770 0.0000000000
15256  -40.473  -61.366  -7.989 0.0000000000
19036  -38.477  -56.471  -0.643 0.0000000000
18337  -45.505  -57.738  -9.876 0.0000000000
17548  -49.855  -58.684  -9.843 0.0000000000
137098  -47.888  -56.724  -12.597 0.0000000000
13790  -42.896  -63.486  -8.762 0.0000000000
15233  -42.697  -61.459  -4.600 0.0000000000
122747  -36.540  -51.967  -1.068 0.0000000000
19072  -36.878  -55.852  -4.003 0.0000000000
123576  -48.072  -70.719  -15.236 0.0000000000
16045  -53.940  -60.352  -13.316 0.0000000000
13087  -51.161  -64.323  -15.696 0.0000000000
13898  -53.197  -62.898  -17.883 0.0000000000
13837  -47.973  -64.017  -12.249 0.0000000000
11531  -51.547  -66.965  -12.344 0.0000000000
16779  -54.232  -59.636  -9.577 0.0000000000
19148  -56.794  -56.434  -11.902 0.0000000000
13050  -44.576  -64.446  -12.030 0.0000000000
15288  -43.162  -61.154  -10.762 0.0000000000
17525  -41.804  -58.079  -9.391 0.0000000000
16691  -41.413  -59.706  -1.455 0.0000000000
16717  -39.454  -59.423  -4.445 0.0000000000
18305  -38.803  -57.734  -7.609 0.0000000000
20776  -39.625  -54.635  -9.987 0.0000000000
130447  -48.748  -67.837  -14.710 0.0000000000
22538  -54.346  -52.291  -17.331 0.0000000000
128249  -52.173  -55.986  -14.464 0.0000000000
15347  -47.914  -61.304  -15.280 0.0000000000
19128  -44.193  -56.927  -11.058 0.0000000000
18355  -46.556  -57.587  -12.128 0.0000000000
8578  -49.797  -70.474  -14.120 0.0000000000
16794  -54.980  -59.200  -14.119 0.0000000000
15325  -53.466  -61.485  -15.539 0.0000000000
15353  -53.837  -60.352  -16.619 0.0000000000
15365  -52.688  -61.622  -17.309 0.0000000000
17617  -53.262  -58.900  -15.425 0.0000000000
15304  -48.075  -62.069  -11.267 0.0000000000
15294  -49.645  -61.489  -10.067 0.0000000000
17572  -50.650  -58.348  -12.004 0.0000000000
17550  -52.396  -59.079  -9.725 0.0000000000
18344  -53.495  -58.050  -11.409 0.0000000000
18346  -55.735  -57.876  -11.083 0.0000000000
19939  -54.108  -55.967  -12.373 0.0000000000
11526  -45.409  -65.939  -12.230 0.0000000000
12273  -44.433  -65.474  -10.971 0.0000000000
14539  -41.694  -62.471  -8.130 0.0000000000
14572  -42.340  -62.292  -10.404 0.0000000000
15286  -41.544  -61.211  -10.036 0.0000000000
16774  -42.279  -59.735  -10.145 0.0000000000
123019  -40.787  -59.648  -9.518 0.0000000000
17469  -39.942  -58.282  -1.126 0.0000000000
16702  -40.577  -59.610  -2.655 0.0000000000
18272  -39.000  -58.074  -2.275 0.0000000000
19881  -36.774  -54.822  -5.924 0.0000000000
18292  -37.794  -57.150  -5.482 0.0000000000
19887  -37.659  -55.560  -7.146 0.0000000000
19117  -39.505  -56.060  -8.808 0.0000000000
12286  -52.655  -65.695  -11.719 0.0000000000
141497  -51.225  -67.934  -13.897 0.0000000000
11550  -51.948  -66.321  -13.380 0.0000000000
11566  -47.170  -66.405  -16.397 0.0000000000
22583  -52.706  -52.875  -18.792 0.0000000000
21677  -53.428  -53.480  -15.151 0.0000000000
18377  -48.440  -57.976  -14.435 0.0000000000
16760  -46.863  -59.065  -8.877 0.0000000000
16762  -48.650  -59.193  -8.933 0.0000000000
17546  -47.938  -58.513  -9.599 0.0000000000
17570  -48.748  -58.322  -11.815 0.0000000000
19142  -49.734  -56.351  -12.584 0.0000000000
13008  -44.356  -64.469  -8.717 0.0000000000
14533  -42.627  -62.349  -6.490 0.0000000000
15251  -41.372  -61.697  -6.597 0.0000000000
138862  -37.068  -54.657  -0.756 0.0000000000
19054  -37.398  -56.422  -2.625 0.0000000000
20673  -36.233  -54.271  -2.581 0.0000000000
20711  -35.891  -53.837  -4.254 0.0000000000
21582  -36.009  -53.099  -5.413 0.0000000000
15307  -53.445  -61.424  -12.188 0.0000000000
13062  -52.383  -64.557  -13.314 0.0000000000
14608  -52.795  -62.434  -14.724 0.0000000000
13111  -52.249  -63.879  -17.109 0.0000000000
11585  -50.436  -65.988  -18.377 0.0000000000
13149  -52.173  -64.325  -18.931 0.0000000000
13921  -50.762  -63.906  -18.778 0.0000000000
13895  -49.308  -63.192  -17.202 0.0000000000
11530  -48.835  -66.555  -12.377 0.0000000000
10819  -50.699  -68.081  -12.734 0.0000000000
13827  -51.175  -64.104  -10.735 0.0000000000
14578  -53.364  -62.976  -9.797 0.0000000000
16018  -50.832  -60.211  -9.119 0.0000000000
16019  -53.321  -60.820  -8.925 0.0000000000
15305  -54.005  -61.823  -9.925 0.0000000000
16042  -55.027  -60.091  -10.676 0.0000000000
17575  -56.257  -58.265  -11.400 0.0000000000
18367  -56.844  -56.864  -13.616 0.0000000000
11528  -46.896  -66.490  -12.531 0.0000000000
13052  -46.307  -64.464  -12.443 0.0000000000
126901  -45.882  -62.410  -11.793 0.0000000000
13029  -43.617  -64.131  -10.755 0.0000000000
14582  -43.786  -62.877  -11.432 0.0000000000
15290  -45.110  -60.948  -11.014 0.0000000000
16758  -44.780  -58.965  -9.427 0.0000000000
18327  -43.924  -57.812  -9.605 0.0000000000
135740  -42.454  -56.583  -10.291 0.0000000000
15966  -42.348  -60.811  -3.301 0.0000000000
15970  -40.588  -60.506  -4.682 0.0000000000
15976  -39.575  -60.328  -5.954 0.0000000000
18279  -38.183  -57.622  -3.553 0.0000000000
17495  -38.383  -58.376  -5.563 0.0000000000
16736  -39.067  -59.665  -7.317 0.0000000000
18315  -40.025  -57.481  -8.743 0.0000000000
121664  -40.969  -56.753  -9.428 0.0000000000
10127  -50.695  -69.347  -14.233 0.0000000000
9361  -48.292  -69.720  -15.029 0.0000000000
11559  -48.703  -66.199  -15.189 0.0000000000
10837  -45.917  -67.745  -15.352 0.0000000000
20798  -54.625  -54.090  -12.519 0.0000000000
20814  -57.216  -54.431  -13.419 0.0000000000
129543  -56.424  -55.354  -14.577 0.0000000000
19965  -54.881  -54.830  -14.669 0.0000000000
19169  -54.137  -56.675  -14.615 0.0000000000
17596  -52.105  -58.228  -14.700 0.0000000000
16086  -49.456  -60.790  -15.198 0.0000000000
19137  -43.584  -56.188  -12.482 0.0000000000
141467  -44.891  -56.777  -12.284 0.0000000000
7844  -48.718  -71.578  -14.297 0.0000000000
9352  -49.479  -70.247  -13.604 0.0000000000
17599  -55.485  -58.252  -14.403 0.0000000000
16817  -54.636  -59.259  -15.194 0.0000000000
16832  -54.376  -59.217  -15.598 0.0000000000
16831  -54.051  -59.513  -15.986 0.0000000000
17618  -54.169  -58.840  -15.577 0.0000000000
15293  -48.082  -61.297  -10.566 0.0000000000
14574  -48.911  -62.044  -10.787 0.0000000000
16035  -48.518  -60.535  -9.695 0.0000000000
18360  -51.653  -57.348  -12.425 0.0000000000
17561  -52.431  -58.353  -11.397 0.0000000000
17574  -52.471  -57.802  -12.098 0.0000000000
133157  -54.013  -57.529  -11.650 0.0000000000
19145  -52.926  -56.322  -12.477 0.0000000000
11504  -46.437  -66.741  -8.853 0.0000000000
11503  -45.737  -66.551  -9.562 0.0000000000
12274  -45.206  -66.370  -10.405 0.0000000000
12265  -45.225  -65.787  -9.521 0.0000000000
15263  -41.020  -61.794  -8.539 0.0000000000
14546  -41.504  -62.272  -9.150 0.0000000000
138854  -40.555  -61.223  -8.755 0.0000000000
16013  -41.191  -60.579  -9.755 0.0000000000
15262  -40.506  -60.619  -9.176 0.0000000000
19811  -38.147  -55.695  -0.355 0.0000000000
19024  -38.855  -56.073  0.019 0.0000000000
19037  -39.229  -56.839  -0.299 0.0000000000
18246  -39.678  -57.629  -0.623 0.0000000000
18245  -38.862  -57.202  -1.000 0.0000000000
120643  -39.672  -58.469  -1.872 0.0000000000
18258  -38.554  -57.450  -1.800 0.0000000000
20739  -37.091  -54.833  -6.857 0.0000000000
19882  -37.283  -55.549  -6.359 0.0000000000
19888  -38.266  -55.491  -7.885 0.0000000000
20752  -37.454  -53.943  -7.997 0.0000000000
13056  -52.801  -65.389  -11.853 0.0000000000
11533  -52.380  -66.238  -12.725 0.0000000000
13063  -52.606  -65.521  -12.579 0.0000000000
20820  -50.693  -54.362  -14.806 0.0000000000
133949  -49.633  -56.625  -14.519 0.0000000000
19164  -48.787  -56.275  -14.560 0.0000000000
17544  -46.256  -58.249  -9.518 0.0000000000
17531  -47.457  -58.795  -9.010 0.0000000000
17555  -46.749  -57.978  -10.335 0.0000000000
18356  -47.399  -57.616  -12.295 0.0000000000
17569  -47.869  -58.239  -11.693 0.0000000000
125748  -48.296  -57.630  -12.357 0.0000000000
18357  -49.152  -57.632  -12.371 0.0000000000
19141  -48.824  -56.680  -12.586 0.0000000000
15252  -42.171  -61.906  -6.176 0.0000000000
15240  -41.595  -61.511  -5.689 0.0000000000
131687  -37.059  -53.751  -0.410 0.0000000000
20645  -36.759  -54.140  -0.877 0.0000000000
131905  -36.458  -54.260  -1.707 0.0000000000
21502  -36.368  -53.403  -1.444 0.0000000000
21555  -36.072  -53.850  -4.961 0.0000000000
8593  -46.992  -70.720  -14.949 0.0000000000
14603  -53.063  -62.297  -12.695 0.0000000000
15311  -53.338  -61.298  -13.870 0.0000000000
131462  -53.579  -61.341  -16.877 0.0000000000
14633  -53.337  -62.101  -16.276 0.0000000000
13876  -52.793  -63.330  -17.088 0.0000000000
13130  -52.286  -64.283  -18.261 0.0000000000
135286  -51.408  -65.564  -18.687 0.0000000000
15351  -51.869  -61.047  -16.399 0.0000000000
14650  -51.373  -62.538  -17.545 0.0000000000
124903  -49.785  -63.592  -18.059 0.0000000000
14649  -49.961  -62.644  -16.826 0.0000000000
12294  -48.502  -65.546  -12.383 0.0000000000
12295  -49.660  -66.015  -12.120 0.0000000000
13813  -52.254  -64.057  -10.404 0.0000000000
14577  -52.319  -63.138  -9.888 0.0000000000
17533  -49.374  -58.959  -9.185 0.0000000000
131115  -49.812  -60.005  -9.118 0.0000000000
17534  -50.632  -59.007  -9.460 0.0000000000
16765  -52.708  -60.043  -9.052 0.0000000000
128698  -53.749  -60.269  -9.145 0.0000000000
16020  -54.050  -60.979  -9.200 0.0000000000
16766  -54.478  -60.380  -9.581 0.0000000000
16041  -54.457  -60.953  -10.186 0.0000000000
19132  -56.317  -57.253  -11.520 0.0000000000
17564  -56.102  -58.456  -10.965 0.0000000000
18348  -56.804  -57.247  -11.813 0.0000000000
17576  -56.669  -57.703  -12.195 0.0000000000
19149  -57.139  -56.396  -12.383 0.0000000000
12290  -44.956  -65.258  -12.168 0.0000000000
12291  -45.736  -65.298  -12.414 0.0000000000
13834  -45.558  -63.819  -12.301 0.0000000000
14594  -46.147  -63.077  -12.111 0.0000000000
14584  -45.306  -63.078  -12.029 0.0000000000
13791  -43.836  -63.883  -8.283 0.0000000000
13021  -44.042  -64.574  -9.803 0.0000000000
125693  -43.449  -63.947  -10.035 0.0000000000
129149  -42.773  -61.961  -10.819 0.0000000000
14573  -43.053  -62.730  -10.897 0.0000000000
15299  -43.457  -62.029  -11.176 0.0000000000
15300  -44.457  -62.050  -11.461 0.0000000000
15289  -44.088  -61.147  -11.018 0.0000000000
16776  -45.185  -59.335  -9.565 0.0000000000
133211  -44.146  -59.633  -10.109 0.0000000000
16755  -41.814  -58.955  -9.725 0.0000000000
17527  -43.520  -58.352  -9.517 0.0000000000
18326  -43.163  -57.774  -9.529 0.0000000000
18335  -43.500  -57.346  -9.845 0.0000000000
19119  -42.220  -56.959  -9.687 0.0000000000
15934  -41.926  -60.262  -1.891 0.0000000000
16714  -39.981  -59.267  -3.076 0.0000000000
16715  -40.401  -59.821  -3.428 0.0000000000
16718  -40.148  -59.980  -4.181 0.0000000000
15977  -40.296  -60.724  -5.546 0.0000000000
15969  -39.863  -60.126  -5.027 0.0000000000
19846  -36.845  -55.713  -3.018 0.0000000000
18270  -37.775  -57.054  -3.068 0.0000000000
18278  -37.704  -57.059  -3.944 0.0000000000
19089  -38.111  -57.001  -6.768 0.0000000000
18293  -38.011  -57.730  -5.167 0.0000000000
17499  -38.456  -58.416  -6.452 0.0000000000
16735  -38.737  -59.095  -6.826 0.0000000000
17506  -38.667  -58.419  -7.259 0.0000000000
17514  -39.736  -58.426  -8.556 0.0000000000
18314  -39.351  -57.637  -8.193 0.0000000000
119630  -39.993  -55.919  -9.310 0.0000000000
19110  -40.228  -56.645  -9.060 0.0000000000
19910  -40.637  -56.121  -9.607 0.0000000000
138772  -41.409  -55.599  -10.621 0.0000000000
118412  -51.352  -67.583  -12.683 0.0000000000
10111  -50.887  -68.681  -13.419 0.0000000000
10820  -51.374  -68.015  -13.166 0.0000000000
11549  -50.516  -67.626  -14.295 0.0000000000
10126  -49.530  -68.851  -14.710 0.0000000000
10125  -48.483  -68.715  -14.797 0.0000000000
10124  -47.396  -68.553  -14.807 0.0000000000
10123  -46.294  -68.441  -14.841 0.0000000000
13068  -51.210  -64.728  -14.563 0.0000000000
13069  -51.790  -64.520  -14.050 0.0000000000
12318  -49.541  -65.501  -15.284 0.0000000000
10863  -45.345  -67.627  -16.350 0.0000000000
123008  -46.972  -66.660  -15.805 0.0000000000
20797  -53.498  -54.240  -12.481 0.0000000000
21655  -53.854  -53.439  -12.538 0.0000000000
21669  -57.075  -53.793  -13.790 0.0000000000
19968  -57.325  -54.803  -13.928 0.0000000000
20824  -56.637  -54.081  -14.860 0.0000000000
19963  -52.478  -55.068  -14.545 0.0000000000
20822  -54.047  -54.045  -14.743 0.0000000000
19964  -53.646  -54.937  -14.540 0.0000000000
127886  -54.541  -55.783  -14.572 0.0000000000
19168  -52.952  -56.717  -14.484 0.0000000000
125671  -52.627  -57.461  -14.586 0.0000000000
18381  -51.706  -57.416  -14.515 0.0000000000
16065  -49.023  -60.158  -14.713 0.0000000000
16814  -49.471  -59.524  -14.609 0.0000000000
15348  -48.881  -61.394  -15.456 0.0000000000
18340  -44.854  -57.386  -10.506 0.0000000000
18342  -46.297  -57.756  -11.235 0.0000000000
18354  -45.813  -57.446  -11.925 0.0000000000
125001  -46.146  -57.037  -12.444 0.0000000000
19139  -46.124  -56.347  -12.841 0.0000000000
22321  -36.249  -52.486  -1.656 0.0000000000
24116  -36.572  -50.797  -2.047 0.0000000000
132261  -48.542  -71.320  -15.156 0.0000000000
135332  -54.636  -59.651  -13.414 0.0000000000
16049  -54.511  -59.733  -14.828 0.0000000000
130197  -53.792  -60.828  -16.627 0.0000000000
15352  -53.642  -60.850  -16.922 0.0000000000
14652  -53.203  -62.216  -17.749 0.0000000000
16089  -53.722  -60.423  -16.674 0.0000000000
125347  -52.745  -60.200  -16.186 0.0000000000
16088  -51.738  -60.481  -15.810 0.0000000000
14587  -48.386  -62.747  -11.510 0.0000000000
14575  -49.966  -62.391  -10.493 0.0000000000
15295  -50.592  -61.788  -9.831 0.0000000000
17559  -50.251  -58.627  -11.046 0.0000000000
17549  -51.502  -58.818  -9.921 0.0000000000
17560  -51.372  -58.603  -11.098 0.0000000000
131878  -53.238  -58.490  -10.722 0.0000000000
17562  -54.265  -58.523  -10.519 0.0000000000
17563  -55.340  -58.575  -10.560 0.0000000000
18345  -54.652  -58.000  -11.051 0.0000000000
18362  -54.839  -57.340  -11.464 0.0000000000
19147  -55.982  -56.411  -11.713 0.0000000000
11514  -44.883  -66.009  -11.329 0.0000000000
12282  -44.492  -65.179  -11.641 0.0000000000
14540  -42.416  -63.038  -8.041 0.0000000000
13802  -42.453  -63.176  -9.494 0.0000000000
14561  -42.022  -62.651  -9.744 0.0000000000
14560  -41.674  -61.936  -9.959 0.0000000000
15287  -42.213  -61.416  -10.451 0.0000000000
16032  -43.389  -60.283  -10.485 0.0000000000
16030  -41.858  -60.563  -10.217 0.0000000000
129965  -41.542  -59.895  -9.956 0.0000000000
16754  -41.017  -58.579  -9.408 0.0000000000
132401  -41.034  -58.698  -0.407 0.0000000000
16680  -40.930  -59.103  -1.130 0.0000000000
16703  -41.235  -59.930  -2.263 0.0000000000
17470  -40.318  -58.810  -1.520 0.0000000000
17481  -39.516  -58.657  -2.735 0.0000000000
17488  -39.417  -58.968  -3.582 0.0000000000
19856  -36.664  -55.322  -4.438 0.0000000000
19073  -37.268  -56.479  -4.410 0.0000000000
19875  -37.070  -55.681  -5.575 0.0000000000
19096  -37.713  -56.246  -6.643 0.0000000000
19097  -38.287  -56.393  -7.411 0.0000000000
19098  -38.939  -56.988  -7.837 0.0000000000
19108  -38.889  -56.218  -8.189 0.0000000000
19898  -38.846  -55.409  -8.601 0.0000000000
19908  -38.768  -54.746  -9.004 0.0000000000
11522  -51.942  -66.375  -11.843 0.0000000000
10828  -51.439  -67.872  -13.421 0.0000000000
11540  -51.987  -67.059  -13.090 0.0000000000
10827  -51.385  -67.128  -13.699 0.0000000000
11548  -49.158  -67.090  -14.655 0.0000000000
12317  -48.634  -65.594  -15.936 0.0000000000
22536  -52.831  -53.040  -17.821 0.0000000000
22519  -52.926  -52.812  -17.021 0.0000000000
22520  -53.746  -52.724  -16.654 0.0000000000
21676  -52.389  -53.512  -15.161 0.0000000000
135924  -51.803  -54.197  -14.739 0.0000000000
129263  -51.211  -56.142  -14.491 0.0000000000
19166  -51.006  -56.944  -14.500 0.0000000000
18378  -49.314  -58.179  -14.439 0.0000000000
127078  -48.625  -59.458  -14.529 0.0000000000
16015  -47.306  -59.604  -9.189 0.0000000000
16016  -48.152  -59.718  -9.138 0.0000000000
16761  -47.785  -59.110  -8.875 0.0000000000
17532  -48.334  -58.856  -9.060 0.0000000000
17547  -48.861  -58.624  -9.655 0.0000000000
18343  -47.053  -58.017  -11.471 0.0000000000
17557  -48.365  -58.458  -10.708 0.0000000000
17558  -49.279  -58.565  -10.849 0.0000000000
17571  -49.671  -58.353  -11.945 0.0000000000
18359  -50.941  -57.659  -12.370 0.0000000000
19143  -50.786  -56.671  -12.565 0.0000000000
12251  -45.541  -65.415  -8.591 0.0000000000
13781  -43.267  -63.397  -7.732 0.0000000000
13773  -43.681  -63.176  -6.839 0.0000000000
14541  -42.780  -62.782  -7.157 0.0000000000
139030  -42.196  -62.654  -7.608 0.0000000000
15257  -41.171  -61.829  -7.570 0.0000000000
15250  -40.565  -61.380  -7.028 0.0000000000
20647  -37.894  -54.996  -0.106 0.0000000000
19035  -37.751  -56.080  -1.002 0.0000000000
19047  -38.153  -56.786  -1.380 0.0000000000
19825  -37.204  -55.595  -1.498 0.0000000000
19834  -36.665  -55.103  -2.148 0.0000000000
117415  -36.439  -54.888  -3.006 0.0000000000
21512  -35.906  -52.978  -2.282 0.0000000000
20696  -36.055  -54.221  -3.526 0.0000000000
20697  -36.546  -55.094  -3.751 0.0000000000
20712  -36.312  -54.577  -4.474 0.0000000000
20731  -36.347  -53.899  -5.752 0.0000000000
20738  -36.657  -54.041  -6.563 0.0000000000
14597  -53.462  -62.635  -11.322 0.0000000000
13845  -52.727  -64.057  -12.655 0.0000000000
124112  -52.377  -63.390  -13.963 0.0000000000
13851  -52.113  -63.681  -14.662 0.0000000000
12356  -49.361  -65.714  -17.629 0.0000000000
138647  -52.324  -63.021  -18.404 0.0000000000
13922  -51.890  -63.727  -18.792 0.0000000000
13169  -51.329  -65.033  -19.649 0.0000000000
13147  -50.544  -64.539  -19.339 0.0000000000
13920  -49.528  -64.118  -18.519 0.0000000000
124680  -48.798  -67.978  -12.508 0.0000000000
124216  -49.761  -68.255  -12.645 0.0000000000
121657  -49.530  -67.555  -12.452 0.0000000000
134313  -50.406  -67.085  -12.343 0.0000000000
12296  -50.983  -66.352  -11.867 0.0000000000
13040  -50.798  -64.741  -11.266 0.0000000000
12284  -51.491  -65.668  -11.452 0.0000000000
13041  -52.133  -64.970  -10.910 0.0000000000
13031  -52.886  -64.506  -10.661 0.0000000000
13815  -53.554  -63.412  -10.238 0.0000000000
127241  -48.978  -59.851  -9.140 0.0000000000
15276  -50.230  -60.869  -9.469 0.0000000000
17535  -51.611  -59.179  -9.517 0.0000000000
130196  -52.127  -60.637  -9.003 0.0000000000
14563  -53.514  -62.047  -9.495 0.0000000000
14579  -53.738  -62.511  -9.886 0.0000000000
14590  -53.739  -62.768  -10.303 0.0000000000
126463  -53.812  -61.739  -10.725 0.0000000000
121931  -54.112  -60.649  -11.439 0.0000000000
16046  -54.629  -59.823  -12.052 0.0000000000
16781  -55.566  -59.148  -10.499 0.0000000000
16786  -55.603  -59.433  -11.179 0.0000000000
16790  -55.234  -59.229  -12.643 0.0000000000
16795  -55.610  -58.638  -13.398 0.0000000000
17578  -56.233  -57.995  -13.358 0.0000000000
18366  -56.125  -57.486  -14.209 0.0000000000
10818  -47.627  -67.469  -12.471 0.0000000000
12293  -47.739  -65.958  -12.546 0.0000000000
137475  -47.702  -65.238  -12.504 0.0000000000
120115  -46.093  -65.967  -12.458 0.0000000000
12292  -46.810  -65.426  -12.530 0.0000000000
13053  -47.344  -64.613  -12.451 0.0000000000
14595  -46.965  -63.143  -12.103 0.0000000000
15303  -47.354  -61.836  -11.306 0.0000000000
15292  -47.100  -61.039  -10.684 0.0000000000
12250  -44.798  -65.096  -9.095 0.0000000000
13030  -44.032  -64.887  -10.889 0.0000000000
13037  -44.023  -64.322  -11.413 0.0000000000
13811  -43.169  -63.455  -10.548 0.0000000000
13822  -43.581  -63.532  -11.187 0.0000000000
14583  -44.535  -63.008  -11.785 0.0000000000
138351  -45.115  -62.465  -11.743 0.0000000000
15301  -45.525  -61.733  -11.441 0.0000000000
126955  -46.784  -60.206  -9.950 0.0000000000
138651  -45.812  -59.927  -10.077 0.0000000000
16777  -46.019  -59.158  -9.116 0.0000000000
17529  -45.344  -58.499  -9.414 0.0000000000
16757  -43.860  -58.950  -9.687 0.0000000000
17528  -44.384  -58.401  -9.482 0.0000000000
18328  -44.722  -57.772  -9.695 0.0000000000
18336  -44.121  -57.295  -10.146 0.0000000000
19127  -43.356  -56.810  -10.523 0.0000000000
15948  -41.041  -60.149  -3.068 0.0000000000
15965  -41.576  -60.564  -3.575 0.0000000000
15232  -41.855  -61.293  -4.865 0.0000000000
15978  -41.057  -61.061  -5.179 0.0000000000
15239  -40.765  -61.289  -6.056 0.0000000000
15994  -39.906  -60.908  -7.468 0.0000000000
19055  -37.876  -57.016  -2.186 0.0000000000
17480  -38.831  -58.235  -3.286 0.0000000000
17491  -38.883  -58.672  -4.179 0.0000000000
18282  -37.655  -57.094  -4.786 0.0000000000
125505  -38.402  -58.277  -4.718 0.0000000000
126883  -38.836  -58.925  -5.043 0.0000000000
16721  -39.232  -59.625  -5.461 0.0000000000
15993  -39.421  -60.379  -6.921 0.0000000000
16000  -39.481  -60.216  -7.902 0.0000000000
16001  -39.902  -59.847  -8.795 0.0000000000
16745  -40.265  -58.944  -9.031 0.0000000000
17524  -41.135  -57.845  -9.309 0.0000000000
19109  -39.513  -56.831  -8.460 0.0000000000
18323  -40.750  -57.334  -9.186 0.0000000000
18324  -41.590  -57.264  -9.417 0.0000000000
19118  -41.538  -56.345  -9.955 0.0000000000
19922  -42.012  -55.934  -10.834 0.0000000000
9353  -50.297  -69.969  -13.924 0.0000000000
9363  -50.223  -69.882  -14.429 0.0000000000
129394  -48.959  -70.592  -15.138 0.0000000000
10842  -51.091  -68.727  -14.085 0.0000000000
129690  -49.277  -69.742  -14.955 0.0000000000
9360  -47.115  -69.556  -14.858 0.0000000000
12302  -52.244  -65.554  -13.224 0.0000000000
12307  -50.379  -66.188  -14.365 0.0000000000
11560  -49.571  -66.435  -14.680 0.0000000000
11558  -47.755  -66.261  -15.720 0.0000000000
10854  -47.246  -66.973  -15.327 0.0000000000
10838  -46.775  -67.663  -15.084 0.0000000000
19951  -45.895  -55.641  -13.239 0.0000000000
129795  -49.015  -55.726  -12.644 0.0000000000
19937  -50.441  -55.738  -12.596 0.0000000000
122077  -51.165  -55.838  -12.590 0.0000000000
19938  -51.981  -55.360  -12.557 0.0000000000
125493  -53.184  -55.203  -12.512 0.0000000000
125492  -54.372  -54.987  -12.455 0.0000000000
19941  -56.451  -55.528  -12.171 0.0000000000
21656  -54.954  -53.323  -12.687 0.0000000000
125089  -56.338  -54.251  -12.633 0.0000000000
19942  -57.154  -55.701  -12.448 0.0000000000
19150  -57.337  -55.807  -12.846 0.0000000000
19172  -56.963  -56.239  -13.969 0.0000000000
120149  -55.723  -57.121  -14.587 0.0000000000
21692  -54.135  -52.936  -15.791 0.0000000000
21678  -54.576  -53.380  -15.318 0.0000000000
127276  -56.098  -53.857  -15.146 0.0000000000
127018  -55.680  -55.611  -14.632 0.0000000000
19170  -55.322  -56.555  -14.649 0.0000000000
121769  -54.899  -57.476  -14.858 0.0000000000
17597  -53.402  -58.180  -14.985 0.0000000000
16816  -52.204  -59.045  -15.111 0.0000000000
16067  -50.801  -60.165  -15.156 0.0000000000
16815  -50.412  -59.557  -14.771 0.0000000000
15349  -49.963  -61.470  -15.782 0.0000000000
14631  -49.352  -62.081  -16.009 0.0000000000
7845  -49.281  -70.976  -14.483 0.0000000000
8577  -49.162  -70.998  -13.886 0.0000000000
8579  -50.208  -70.058  -14.201 0.0000000000
8592  -45.824  -70.752  -14.697 0.0000000000
8595  -49.227  -70.910  -14.955 0.0000000000
8596  -49.759  -70.422  -14.518 0.0000000000
9345  -49.838  -69.450  -13.372 0.0000000000
9354  -50.643  -69.599  -14.130 0.0000000000
9362  -49.617  -70.253  -14.784 0.0000000000
10109  -49.243  -68.743  -12.798 0.0000000000
10110  -50.273  -68.756  -13.093 0.0000000000
10115  -50.728  -69.299  -13.771 0.0000000000
10116  -51.158  -69.000  -14.001 0.0000000000
10117  -51.222  -68.515  -13.797 0.0000000000
10821  -51.818  -67.416  -12.923 0.0000000000
10839  -47.736  -67.696  -14.882 0.0000000000
10840  -49.730  -68.053  -14.571 0.0000000000
10841  -50.433  -68.807  -14.475 0.0000000000
10853  -46.500  -67.166  -15.631 0.0000000000
10864  -46.023  -67.209  -16.477 0.0000000000
11520  -44.959  -65.797  -11.980 0.0000000000
11527  -45.938  -66.624  -12.291 0.0000000000
11529  -47.886  -66.712  -12.512 0.0000000000
11532  -52.132  -66.741  -12.501 0.0000000000
11547  -48.140  -66.912  -15.005 0.0000000000
11557  -46.474  -66.869  -16.075 0.0000000000
12264  -44.538  -65.280  -10.083 0.0000000000
12285  -52.354  -65.696  -11.523 0.0000000000
12297  -52.472  -66.196  -12.020 0.0000000000
12298  -52.624  -65.859  -12.170 0.0000000000
12308  -51.129  -65.772  -14.029 0.0000000000
12319  -50.462  -65.077  -14.893 0.0000000000
12357  -50.321  -65.322  -17.600 0.0000000000
12358  -51.574  -64.976  -18.071 0.0000000000
12359  -51.971  -64.998  -18.850 0.0000000000
13007  -43.576  -64.019  -9.206 0.0000000000
13038  -48.802  -64.228  -12.034 0.0000000000
13042  -52.867  -65.128  -11.167 0.0000000000
13051  -45.268  -64.596  -12.326 0.0000000000
13054  -48.228  -64.747  -12.355 0.0000000000
13088  -51.866  -63.842  -15.527 0.0000000000
13148  -51.590  -64.420  -19.214 0.0000000000
13803  -42.977  -63.557  -9.732 0.0000000000
13810  -42.593  -62.992  -10.218 0.0000000000
13814  -53.126  -63.809  -10.226 0.0000000000
13823  -44.173  -63.681  -11.661 0.0000000000
13824  -44.777  -63.718  -12.091 0.0000000000
13825  -48.588  -63.507  -11.812 0.0000000000
13828  -53.314  -64.251  -10.738 0.0000000000
13835  -46.423  -63.665  -12.307 0.0000000000
13836  -47.763  -63.302  -11.993 0.0000000000
13838  -53.068  -64.570  -11.582 0.0000000000
13877  -53.181  -62.650  -17.023 0.0000000000
13896  -50.805  -63.184  -18.020 0.0000000000
13897  -52.901  -63.452  -18.021 0.0000000000
14532  -41.960  -62.290  -7.085 0.0000000000
14547  -42.076  -62.941  -8.894 0.0000000000
14562  -52.720  -62.250  -9.437 0.0000000000
14585  -46.735  -62.453  -11.772 0.0000000000
14586  -47.550  -62.596  -11.685 0.0000000000
14589  -53.540  -63.591  -10.801 0.0000000000
14596  -53.035  -63.495  -11.810 0.0000000000
14602  -52.640  -62.919  -13.238 0.0000000000
14632  -50.527  -62.084  -16.510 0.0000000000
14651  -52.678  -62.394  -17.940 0.0000000000
15275  -41.094  -61.404  -9.387 0.0000000000
15278  -53.016  -61.464  -9.048 0.0000000000
15279  -53.662  -61.386  -9.184 0.0000000000
15291  -46.155  -60.870  -10.847 0.0000000000
15297  -53.913  -61.616  -9.563 0.0000000000
15302  -46.470  -61.708  -11.375 0.0000000000
15310  -52.951  -62.061  -13.987 0.0000000000
15326  -53.992  -60.479  -15.578 0.0000000000
15364  -51.715  -62.031  -17.158 0.0000000000
15366  -53.349  -61.435  -17.259 0.0000000000
15949  -41.764  -60.401  -2.751 0.0000000000
15964  -40.839  -60.318  -3.870 0.0000000000
15971  -41.351  -60.779  -4.374 0.0000000000
15987  -40.030  -60.892  -6.485 0.0000000000
16014  -46.575  -59.501  -9.292 0.0000000000
16017  -49.342  -60.662  -9.581 0.0000000000
16031  -42.646  -60.486  -10.430 0.0000000000
16033  -44.696  -60.203  -10.473 0.0000000000
16036  -54.341  -61.026  -9.694 0.0000000000
16037  -54.872  -60.270  -10.051 0.0000000000
16066  -49.943  -60.198  -14.883 0.0000000000
16068  -51.643  -59.709  -15.271 0.0000000000
16069  -54.213  -59.780  -16.000 0.0000000000
16085  -48.491  -60.718  -14.977 0.0000000000
16087  -50.650  -60.825  -15.572 0.0000000000
16102  -53.072  -60.833  -16.877 0.0000000000
16690  -40.739  -59.395  -1.855 0.0000000000
16692  -42.103  -60.065  -1.062 0.0000000000
16726  -38.694  -59.092  -5.947 0.0000000000
16727  -39.049  -59.755  -6.394 0.0000000000
16744  -39.334  -59.273  -8.167 0.0000000000
16756  -42.909  -58.904  -9.787 0.0000000000
16759  -45.525  -58.982  -9.151 0.0000000000
16763  -50.192  -59.430  -9.208 0.0000000000
16764  -51.458  -59.659  -9.213 0.0000000000
16775  -43.183  -59.628  -10.206 0.0000000000
16778  -53.154  -59.529  -9.391 0.0000000000
16787  -56.029  -59.013  -10.859 0.0000000000
16791  -55.845  -58.769  -11.870 0.0000000000
16818  -55.078  -58.808  -14.586 0.0000000000
16830  -53.211  -59.689  -15.965 0.0000000000
17461  -40.347  -58.195  -0.538 0.0000000000
17507  -39.091  -58.419  -7.928 0.0000000000
17515  -40.492  -58.084  -9.050 0.0000000000
17526  -42.641  -58.258  -9.502 0.0000000000
17530  -46.146  -58.894  -9.049 0.0000000000
17536  -52.248  -59.488  -9.358 0.0000000000
17545  -47.117  -58.373  -9.538 0.0000000000
17552  -54.824  -59.068  -10.010 0.0000000000
17556  -47.513  -58.266  -10.528 0.0000000000
17565  -56.440  -57.878  -11.443 0.0000000000
17573  -51.607  -58.165  -12.057 0.0000000000
17579  -56.708  -57.416  -13.214 0.0000000000
17592  -48.267  -58.786  -14.445 0.0000000000
17593  -48.991  -58.786  -14.463 0.0000000000
17598  -54.809  -58.757  -15.098 0.0000000000
17619  -54.578  -58.749  -15.301 0.0000000000
18259  -39.266  -57.864  -1.429 0.0000000000
18271  -38.360  -57.585  -2.684 0.0000000000
18283  -38.052  -57.649  -4.364 0.0000000000
18297  -38.127  -57.617  -6.080 0.0000000000
18304  -38.372  -57.754  -6.969 0.0000000000
18325  -42.404  -57.604  -9.500 0.0000000000
18334  -42.878  -57.155  -9.819 0.0000000000
18338  -46.093  -57.760  -10.250 0.0000000000
18341  -45.585  -57.539  -10.944 0.0000000000
18347  -56.366  -57.841  -11.349 0.0000000000
18353  -44.983  -57.159  -11.661 0.0000000000
18358  -50.031  -57.463  -12.445 0.0000000000
18361  -53.221  -57.350  -12.160 0.0000000000
18363  -57.094  -56.996  -12.647 0.0000000000
18380  -50.972  -57.758  -14.482 0.0000000000
18382  -54.464  -58.242  -15.200 0.0000000000
18384  -56.396  -56.778  -14.267 0.0000000000
19046  -37.561  -56.320  -1.799 0.0000000000
19063  -37.295  -56.449  -3.507 0.0000000000
19084  -36.920  -55.874  -4.818 0.0000000000
19085  -37.379  -56.475  -5.304 0.0000000000
19088  -37.772  -56.781  -6.050 0.0000000000
19131  -43.488  -56.469  -11.604 0.0000000000
19138  -44.287  -56.617  -12.193 0.0000000000
19140  -46.923  -56.681  -12.643 0.0000000000
19146  -54.963  -56.569  -11.862 0.0000000000
19154  -57.290  -56.313  -13.129 0.0000000000
19167  -51.916  -56.770  -14.481 0.0000000000
19171  -56.263  -56.194  -14.455 0.0000000000
19810  -37.437  -55.206  -0.718 0.0000000000
19835  -37.116  -55.852  -2.210 0.0000000000
19874  -36.648  -55.165  -5.086 0.0000000000
19909  -39.412  -55.243  -9.297 0.0000000000
19920  -40.135  -55.398  -9.797 0.0000000000
19921  -40.820  -55.568  -10.222 0.0000000000
19940  -55.270  -55.711  -12.175 0.0000000000
19953  -57.325  -55.628  -13.531 0.0000000000
19962  -51.442  -55.212  -14.557 0.0000000000
19966  -56.095  -54.654  -14.875 0.0000000000
19967  -56.952  -55.504  -14.258 0.0000000000
20646  -37.383  -54.398  -0.314 0.0000000000
20660  -36.863  -54.854  -1.237 0.0000000000
20672  -35.829  -53.514  -2.888 0.0000000000
20799  -55.639  -54.760  -12.397 0.0000000000
20800  -56.987  -54.822  -12.688 0.0000000000
20801  -57.341  -55.186  -13.090 0.0000000000
20821  -52.893  -54.123  -14.715 0.0000000000
20823  -55.268  -53.981  -15.059 0.0000000000
20825  -57.114  -54.190  -14.423 0.0000000000
20826  -57.288  -54.148  -13.975 0.0000000000
21554  -35.787  -53.154  -4.561 0.0000000000
21600  -36.336  -53.070  -6.345 0.0000000000
21658  -56.833  -53.947  -13.123 0.0000000000
21675  -51.378  -53.605  -15.280 0.0000000000
21679  -55.623  -53.228  -15.310 0.0000000000
21681  -57.087  -53.817  -14.236 0.0000000000
21709  -51.948  -53.127  -16.979 0.0000000000
22318  -36.602  -52.783  -0.888 0.0000000000
22506  -56.657  -53.387  -14.338 0.0000000000
22561  -53.058  -52.967  -18.135 0.0000000000
22562  -53.738  -52.308  -17.771 0.0000000000
23227  -36.317  -51.614  -1.862 0.0000000000
118560  -47.129  -63.854  -12.332 0.0000000000
119349  -36.129  -53.670  -2.185 0.0000000000
119616  -56.828  -54.749  -14.553 0.0000000000
119955  -52.798  -64.919  -12.359 0.0000000000
122017  -48.153  -60.065  -14.621 0.0000000000
122214  -52.407  -58.674  -10.465 0.0000000000
122411  -45.458  -56.809  -12.442 0.0000000000
122493  -39.861  -59.514  -3.737 0.0000000000
123365  -51.640  -65.379  -13.750 0.0000000000
125270  -38.504  -57.185  -7.327 0.0000000000
125428  -49.250  -57.335  -14.484 0.0000000000
126851  -54.005  -56.898  -12.118 0.0000000000
126899  -53.754  -57.449  -14.753 0.0000000000
127980  -55.536  -53.941  -12.592 0.0000000000
128248  -53.298  -55.885  -14.484 0.0000000000
128632  -49.423  -57.008  -12.552 0.0000000000
128733  -55.405  -59.568  -10.510 0.0000000000
128957  -54.000  -60.027  -16.547 0.0000000000
129267  -52.398  -57.092  -12.436 0.0000000000
130850  -36.411  -54.481  -5.244 0.0000000000
131680  -53.113  -53.140  -15.629 0.0000000000
131841  -52.288  -53.067  -15.933 0.0000000000
131956  -50.065  -69.596  -14.606 0.0000000000
132017  -38.905  -58.994  -7.546 0.0000000000
132762  -46.774  -58.738  -9.050 0.0000000000
132990  -56.204  -58.280  -12.400 0.0000000000
133229  -43.883  -60.485  -10.623 0.0000000000
134455  -51.261  -68.410  -13.662 0.0000000000
134629  -48.526  -67.253  -12.459 0.0000000000
134905  -48.903  -61.199  -10.171 0.0000000000
135070  -51.593  -65.478  -19.268 0.0000000000
135389  -40.123  -59.036  -2.278 0.0000000000
135805  -40.048  -60.749  -8.400 0.0000000000
136531  -53.423  -61.891  -17.228 0.0000000000
138514  -55.644  -57.146  -11.458 0.0000000000
138548  -49.368  -59.380  -9.058 0.0000000000
138635  -38.448  -58.102  -4.014 0.0000000000
138810  -40.509  -58.616  -0.934 0.0000000000
139062  -36.733  -53.453  -0.755 0.0000000000
139917  -56.445  -54.853  -12.448 0.0000000000
139921  -44.970  -64.156  -12.260 0.0000000000
140293  -50.712  -58.694  -10.092 0.0000000000
141394  -37.441  -56.143  -5.985 0.0000000000
141946  -39.795  -59.129  -8.654 0.0000000000
142033  -44.804  -65.803  -10.471 0.0000000000
