#!ascii label  , from subject sub-v1s18x0051250_ses-1 vox2ras=TkReg
886
18840  24.985  -57.010  -22.954 0.6000000238
16995  24.407  -58.632  -13.435 0.6999999881
17013  24.594  -58.678  -15.567 0.6999999881
15474  23.618  -60.190  -19.709 0.8999999762
140633  24.251  -59.190  -20.942 0.8000000119
128115  24.283  -58.660  -22.321 0.8000000119
18841  24.084  -56.860  -22.924 0.6000000238
19759  25.218  -55.638  -22.387 0.6999999881
19750  25.922  -55.462  -21.790 0.6999999881
17817  24.098  -57.812  -13.350 0.6999999881
16980  23.353  -57.846  -12.432 0.6999999881
130635  24.386  -57.849  -14.985 0.6999999881
17860  24.385  -57.712  -16.751 0.6000000238
17029  24.466  -58.481  -17.255 0.6999999881
17030  24.311  -59.135  -17.659 0.6999999881
17043  24.102  -58.889  -19.025 0.8000000119
139488  24.351  -57.840  -20.013 0.8000000119
136990  24.304  -58.340  -20.848 0.8000000119
17077  24.329  -58.055  -21.991 0.8000000119
17947  24.034  -57.413  -22.895 0.6000000238
138300  24.345  -55.707  -22.547 0.6000000238
20641  25.286  -54.831  -21.813 0.6999999881
20640  26.178  -55.101  -21.088 0.6999999881
17819  23.080  -57.084  -12.853 0.5000000000
17797  22.654  -57.333  -12.124 0.6000000238
18701  23.330  -56.720  -14.772 0.4000000060
17835  23.926  -57.227  -14.664 0.6000000238
17852  24.018  -57.048  -16.193 0.5000000000
17872  24.411  -57.198  -17.915 0.6000000238
17042  24.361  -58.141  -18.383 0.8000000119
17906  24.403  -57.059  -19.608 0.6999999881
136534  24.297  -57.139  -20.589 0.6999999881
18809  23.804  -56.356  -21.186 0.6999999881
19760  23.764  -55.412  -22.441 0.5000000000
20642  24.527  -54.468  -22.165 0.6000000238
21547  25.113  -53.537  -21.025 0.6000000238
20627  25.666  -54.268  -20.795 0.6000000238
20626  26.532  -54.657  -20.350 0.5000000000
18684  21.903  -55.786  -13.272 0.5000000000
17798  21.853  -56.772  -11.910 0.6000000238
17778  21.300  -57.294  -11.267 0.6000000238
18683  22.584  -56.408  -13.477 0.5000000000
17861  24.138  -56.829  -17.108 0.5000000000
19717  23.607  -55.597  -18.559 0.6000000238
19727  23.648  -55.531  -19.515 0.6000000238
19739  23.444  -55.579  -20.598 0.6000000238
19752  22.842  -54.912  -21.735 0.5000000000
21558  23.321  -54.209  -22.207 0.5000000000
21557  24.088  -53.938  -22.134 0.6000000238
21548  24.416  -53.242  -21.530 0.6000000238
21533  25.540  -53.419  -20.285 0.5000000000
21520  26.011  -53.201  -19.546 0.5000000000
21509  27.231  -53.048  -18.654 0.5000000000
21519  26.720  -53.543  -19.282 0.5000000000
18646  21.203  -56.254  -11.681 0.5000000000
18647  20.891  -56.653  -11.116 0.5000000000
18702  22.649  -56.340  -14.376 0.5000000000
18723  22.601  -56.281  -15.246 0.4000000060
19693  21.631  -55.347  -16.325 0.3000000119
18741  22.320  -55.801  -16.614 0.4000000060
135485  21.739  -55.220  -17.178 0.3000000119
20591  21.496  -54.543  -17.738 0.3000000119
141954  22.852  -55.325  -18.182 0.5000000000
19718  22.899  -55.093  -18.938 0.5000000000
20612  22.158  -54.452  -20.349 0.5000000000
20643  22.358  -54.225  -21.624 0.5000000000
21550  22.748  -53.836  -21.898 0.5000000000
21549  23.532  -53.332  -21.841 0.6000000238
143143  23.968  -52.818  -21.623 0.6000000238
22487  24.958  -52.692  -20.850 0.5000000000
22476  25.498  -52.570  -19.999 0.5000000000
22460  26.629  -52.350  -18.749 0.5000000000
19605  21.181  -55.443  -11.924 0.5000000000
143818  21.674  -55.292  -13.119 0.5000000000
19639  21.626  -55.273  -13.826 0.5000000000
130512  21.599  -54.736  -15.130 0.4000000060
19673  21.590  -55.349  -15.485 0.5000000000
20567  21.501  -54.732  -15.967 0.4000000060
21495  21.410  -54.072  -17.390 0.3000000119
21510  21.270  -53.803  -18.335 0.3000000119
20613  21.491  -53.995  -19.775 0.4000000060
20644  21.779  -54.023  -21.267 0.5000000000
123023  21.953  -53.539  -21.514 0.4000000060
135563  24.631  -51.886  -21.029 0.5000000000
23530  24.748  -51.105  -20.926 0.5000000000
23517  25.092  -51.795  -20.513 0.5000000000
23483  26.798  -51.559  -18.555 0.5000000000
24477  26.433  -50.862  -19.100 0.4000000060
23505  26.192  -51.637  -19.170 0.5000000000
143376  20.989  -55.113  -11.506 0.5000000000
19621  21.487  -55.090  -12.593 0.5000000000
20535  21.680  -54.802  -13.375 0.5000000000
130353  22.042  -54.295  -14.782 0.4000000060
21474  22.117  -53.575  -16.220 0.4000000060
21494  21.774  -53.537  -17.059 0.3000000119
22439  21.510  -53.282  -18.022 0.3000000119
21521  20.988  -53.522  -19.244 0.4000000060
21535  20.016  -52.520  -20.509 0.4000000060
22507  20.042  -52.285  -21.112 0.4000000060
20629  21.523  -54.002  -20.714 0.4000000060
135720  21.205  -53.100  -21.300 0.4000000060
23533  21.806  -51.821  -21.532 0.5000000000
129534  22.599  -51.199  -21.548 0.5000000000
22503  23.564  -52.355  -21.593 0.6000000238
24498  25.109  -50.163  -20.923 0.4000000060
24487  25.718  -50.145  -20.293 0.5000000000
20520  21.753  -54.516  -12.591 0.4000000060
21441  22.687  -53.915  -14.353 0.4000000060
20519  22.088  -54.313  -13.165 0.4000000060
22402  22.899  -53.097  -16.083 0.4000000060
22418  22.472  -52.963  -16.828 0.4000000060
22461  21.251  -52.505  -18.666 0.4000000060
21511  20.820  -53.110  -18.835 0.4000000060
22477  19.864  -52.148  -19.981 0.4000000060
22508  19.689  -52.000  -20.856 0.4000000060
23534  21.038  -51.587  -21.489 0.5000000000
129533  21.661  -51.021  -21.533 0.5000000000
25390  23.000  -49.662  -21.518 0.6000000238
24499  24.325  -50.515  -21.323 0.5000000000
25388  24.451  -48.969  -21.404 0.4000000060
141783  25.154  -49.525  -21.065 0.4000000060
21388  21.879  -54.070  -11.753 0.4000000060
21440  23.375  -53.454  -14.694 0.4000000060
21422  22.742  -53.840  -13.399 0.4000000060
123911  23.670  -52.779  -16.025 0.4000000060
23485  22.593  -51.721  -18.226 0.4000000060
23507  20.162  -51.541  -19.714 0.4000000060
23508  19.637  -51.263  -20.402 0.4000000060
23535  20.267  -51.682  -21.323 0.4000000060
24502  21.316  -50.254  -21.529 0.5000000000
25391  21.937  -49.572  -21.535 0.4000000060
25389  23.965  -49.713  -21.467 0.6000000238
22373  23.702  -53.341  -13.327 0.4000000060
21420  24.177  -53.221  -14.179 0.4000000060
134858  24.194  -52.739  -15.523 0.4000000060
22417  23.363  -52.538  -16.665 0.4000000060
23460  23.381  -51.465  -17.930 0.4000000060
24462  22.205  -51.112  -18.815 0.4000000060
24479  21.482  -50.743  -19.265 0.5000000000
24480  20.587  -50.811  -19.590 0.4000000060
137285  19.953  -50.106  -19.989 0.3000000119
24481  19.465  -50.300  -20.595 0.3000000119
24488  19.331  -50.585  -20.923 0.4000000060
26259  21.206  -48.780  -21.532 0.4000000060
119439  22.099  -48.015  -21.521 0.4000000060
120461  22.534  -48.849  -21.541 0.5000000000
21387  22.719  -53.423  -11.798 0.4000000060
23443  23.839  -51.867  -17.183 0.4000000060
24460  23.615  -50.609  -18.408 0.4000000060
25342  23.189  -49.959  -19.004 0.3000000119
25362  22.180  -50.152  -19.244 0.3000000119
25363  20.966  -50.044  -19.534 0.3000000119
25364  19.368  -49.448  -20.625 0.3000000119
25392  19.284  -49.150  -21.142 0.3000000119
27205  20.836  -47.811  -21.513 0.4000000060
131653  24.966  -52.565  -14.122 0.3000000119
22400  24.894  -52.262  -15.455 0.3000000119
23442  24.655  -51.384  -16.865 0.3000000119
23459  24.165  -51.044  -17.649 0.3000000119
24459  23.904  -49.813  -18.663 0.3000000119
25361  22.581  -49.258  -19.346 0.3000000119
122201  21.395  -49.270  -19.564 0.4000000060
27186  20.871  -47.606  -19.912 0.4000000060
26230  20.453  -48.488  -19.948 0.3000000119
26231  19.420  -48.616  -20.567 0.3000000119
26246  19.138  -48.164  -21.078 0.3000000119
28172  20.520  -46.971  -21.465 0.4000000060
119433  21.421  -46.355  -21.498 0.4000000060
29133  22.292  -45.725  -21.503 0.4000000060
26229  21.811  -48.462  -19.582 0.4000000060
28153  20.579  -46.805  -20.079 0.4000000060
128848  19.825  -47.110  -20.397 0.4000000060
121420  19.106  -47.105  -20.907 0.3000000119
28173  19.501  -46.789  -21.308 0.4000000060
29135  19.810  -45.354  -21.406 0.4000000060
30111  20.805  -44.674  -21.468 0.4000000060
29134  20.140  -46.191  -21.453 0.4000000060
30110  22.013  -44.869  -21.496 0.4000000060
28154  19.462  -46.253  -20.534 0.4000000060
28163  19.015  -45.630  -21.060 0.5000000000
29136  18.985  -45.101  -21.098 0.4000000060
30112  19.592  -44.462  -21.333 0.4000000060
119429  22.767  -44.202  -21.504 0.3000000119
119426  21.409  -43.172  -21.451 0.3000000119
17095  24.268  -58.229  -23.151 0.6999999881
16240  23.889  -59.425  -19.528 0.8000000119
18834  23.861  -56.164  -22.609 0.6000000238
17929  24.057  -57.226  -21.648 0.6999999881
17935  23.909  -57.271  -22.488 0.6999999881
20611  26.193  -53.965  -19.886 0.6000000238
18722  23.400  -56.644  -15.575 0.4000000060
18740  23.371  -56.346  -16.419 0.4000000060
18770  24.186  -56.215  -19.058 0.6999999881
133788  24.115  -56.246  -20.097 0.6999999881
19761  23.418  -55.775  -22.218 0.6999999881
18703  21.936  -55.834  -14.105 0.5000000000
19740  22.708  -54.995  -21.009 0.5000000000
20602  21.503  -54.211  -18.729 0.4000000060
22504  22.707  -52.982  -21.692 0.6000000238
23531  24.166  -51.517  -21.375 0.5000000000
24500  23.407  -50.552  -21.494 0.6000000238
124581  21.849  -51.874  -18.551 0.3000000119
24503  20.183  -50.085  -21.437 0.4000000060
22361  24.043  -52.856  -12.540 0.4000000060
26245  19.098  -48.818  -20.971 0.3000000119
27207  19.056  -47.125  -21.002 0.3000000119
28174  19.118  -46.109  -21.173 0.3000000119
119428  21.713  -44.011  -21.474 0.3000000119
134176  23.448  -63.951  -20.431 0.6000000238
11463  23.843  -64.572  -20.200 0.6000000238
14671  25.592  -61.905  -20.553 0.6000000238
15473  26.040  -60.256  -20.308 0.6000000238
133869  23.214  -65.733  -17.373 0.5000000000
12189  23.327  -65.087  -18.016 0.6000000238
13837  23.394  -62.773  -19.530 0.6999999881
13034  23.382  -63.662  -19.750 0.6999999881
124712  23.481  -64.824  -18.962 0.6000000238
13064  24.094  -63.606  -21.723 0.6000000238
13063  24.542  -63.541  -21.759 0.6000000238
13877  25.522  -63.137  -22.720 0.6000000238
14680  26.266  -61.552  -22.105 0.6000000238
14670  25.937  -61.070  -21.048 0.6000000238
15483  27.152  -60.068  -21.780 0.6000000238
123447  28.046  -58.406  -20.581 0.6999999881
12172  23.415  -64.776  -16.466 0.6000000238
13784  23.918  -62.850  -17.162 0.6999999881
139338  23.214  -65.181  -17.285 0.5000000000
121696  23.656  -63.684  -17.340 0.6999999881
125796  23.387  -64.148  -18.341 0.6999999881
13849  23.364  -62.600  -20.991 0.6999999881
13865  23.629  -63.173  -21.562 0.6999999881
13887  25.525  -62.890  -23.370 0.5000000000
15489  27.019  -61.006  -22.491 0.6000000238
16271  28.438  -59.787  -22.226 0.6000000238
17076  27.650  -59.191  -21.205 0.6999999881
16270  29.484  -59.333  -22.419 0.6999999881
17917  28.693  -57.722  -20.289 0.6999999881
17916  29.669  -57.575  -20.728 0.6999999881
22431  35.448  -51.934  -17.478 0.4000000060
21491  32.029  -52.803  -17.897 0.5000000000
20599  31.338  -54.373  -19.062 0.6000000238
127774  30.646  -55.331  -19.175 0.6000000238
18808  30.194  -56.981  -20.462 0.6999999881
12133  22.265  -64.355  -13.479 0.5000000000
12961  24.193  -63.859  -14.659 0.5000000000
12960  24.472  -63.213  -15.446 0.6000000238
140027  23.536  -64.493  -14.436 0.5000000000
14617  24.112  -62.011  -17.083 0.6999999881
12974  24.126  -63.422  -16.429 0.5000000000
137302  23.775  -64.087  -16.675 0.6000000238
14639  23.585  -61.699  -18.362 0.6999999881
13815  23.485  -62.511  -18.659 0.6999999881
121292  23.357  -62.079  -20.151 0.6999999881
13878  24.501  -62.942  -22.992 0.6999999881
14692  26.640  -61.853  -22.953 0.6000000238
15488  28.019  -60.636  -22.728 0.6000000238
139551  29.420  -60.139  -22.889 0.6999999881
17074  29.746  -58.552  -21.883 0.6999999881
17915  30.643  -57.438  -21.417 0.6999999881
19737  31.112  -56.016  -20.577 0.6000000238
18807  30.963  -56.672  -21.033 0.6000000238
14561  22.353  -61.752  -12.963 0.5000000000
134532  21.476  -63.133  -13.389 0.4000000060
13722  24.395  -62.467  -13.845 0.5000000000
13724  22.888  -62.592  -13.100 0.5000000000
12932  24.159  -63.246  -13.856 0.5000000000
14582  24.673  -61.805  -14.292 0.6000000238
13764  24.680  -62.265  -15.276 0.6000000238
15448  23.976  -60.347  -17.661 0.6999999881
14616  24.481  -61.675  -16.213 0.6000000238
14633  23.783  -61.012  -18.025 0.6999999881
124035  23.430  -61.071  -19.656 0.6999999881
14694  24.114  -62.213  -22.537 0.6999999881
14704  25.746  -61.834  -24.069 0.6999999881
14703  26.659  -61.757  -23.556 0.6999999881
15494  28.245  -60.722  -23.973 0.6999999881
15493  29.033  -60.476  -23.991 0.6999999881
16285  29.954  -59.664  -23.860 0.8000000119
17084  31.118  -58.210  -23.044 0.6999999881
20606  31.944  -54.123  -20.462 0.5000000000
19736  31.535  -55.493  -20.812 0.6000000238
141102  31.153  -57.674  -22.291 0.6000000238
124137  21.390  -61.742  -13.191 0.4000000060
14525  23.716  -61.083  -13.005 0.6000000238
14559  24.226  -61.635  -13.467 0.6000000238
14558  24.565  -60.908  -13.821 0.6000000238
15416  24.663  -60.300  -15.291 0.6000000238
16227  24.321  -59.685  -17.224 0.6000000238
15453  23.712  -60.374  -18.409 0.6999999881
125813  23.562  -61.059  -18.803 0.6999999881
137943  23.665  -60.857  -21.178 0.6999999881
119904  23.829  -61.461  -21.883 0.6999999881
126158  24.116  -60.435  -21.938 0.8000000119
15490  24.296  -61.075  -22.818 0.8000000119
15504  26.731  -60.570  -24.396 0.6000000238
16293  28.440  -59.911  -24.365 0.6000000238
142596  30.130  -58.200  -23.753 0.8000000119
17090  30.740  -58.337  -23.504 0.6999999881
21515  32.311  -53.362  -19.916 0.5000000000
20622  31.823  -54.903  -21.020 0.6000000238
18828  31.364  -57.038  -23.050 0.6999999881
21530  32.279  -53.434  -20.829 0.6000000238
130541  22.232  -60.502  -12.308 0.5000000000
119968  21.041  -60.880  -12.318 0.4000000060
15374  19.205  -60.814  -11.971 0.4000000060
15371  23.672  -60.386  -12.715 0.5000000000
14526  22.851  -60.954  -12.701 0.5000000000
15392  24.525  -60.114  -13.468 0.6000000238
16200  24.685  -59.461  -14.836 0.6000000238
16211  24.567  -59.206  -16.445 0.6000000238
16228  23.952  -59.731  -18.021 0.6999999881
15484  23.653  -60.405  -20.477 0.8000000119
16255  24.078  -59.856  -21.177 0.8000000119
15495  24.598  -60.302  -23.398 0.6000000238
17102  26.764  -59.153  -23.842 0.6000000238
17100  28.931  -58.986  -23.946 0.6999999881
17091  29.568  -58.127  -23.718 0.6999999881
19763  30.619  -56.357  -23.315 0.6999999881
20636  31.737  -54.924  -21.997 0.6000000238
19762  31.172  -55.589  -23.115 0.6000000238
21556  30.538  -53.761  -22.721 0.6000000238
20621  31.922  -54.132  -21.358 0.6000000238
21555  30.895  -53.949  -22.899 0.6000000238
16165  22.825  -59.243  -12.072 0.5000000000
16166  22.160  -59.866  -11.883 0.5000000000
15340  20.774  -60.459  -11.749 0.5000000000
15342  18.551  -60.448  -11.305 0.5000000000
16979  24.134  -59.108  -12.770 0.5000000000
16164  23.585  -59.573  -12.508 0.5000000000
17006  24.574  -58.628  -14.440 0.6000000238
16279  24.416  -59.886  -22.725 0.6999999881
133148  24.979  -58.498  -23.572 0.6000000238
17094  26.155  -58.420  -23.571 0.6000000238
17933  28.075  -57.552  -23.057 0.6000000238
18830  29.127  -57.058  -23.233 0.6999999881
18831  28.064  -56.890  -22.530 0.6000000238
129045  29.484  -55.915  -22.515 0.6000000238
20647  30.209  -54.554  -22.615 0.6999999881
21544  31.998  -53.350  -21.617 0.5000000000
121582  30.795  -53.043  -22.914 0.4000000060
16142  22.003  -58.934  -11.497 0.5000000000
135527  21.080  -59.082  -11.056 0.5000000000
16125  19.469  -59.595  -10.442 0.5000000000
16126  18.548  -59.689  -10.169 0.5000000000
16127  17.320  -59.759  -10.272 0.5000000000
142505  15.881  -59.993  -10.319 0.5000000000
119177  25.623  -56.474  -22.599 0.6000000238
19757  27.389  -56.267  -21.998 0.6000000238
19748  27.927  -55.683  -21.457 0.4000000060
19747  29.105  -55.475  -21.966 0.5000000000
20623  29.338  -54.327  -21.345 0.4000000060
22517  30.365  -53.038  -22.467 0.4000000060
21546  29.995  -53.897  -22.203 0.5000000000
16958  21.480  -58.294  -11.183 0.6000000238
16124  20.366  -59.009  -10.542 0.5000000000
16944  19.758  -58.708  -10.015 0.5000000000
16114  18.196  -59.291  -9.525 0.5000000000
134572  16.828  -59.538  -9.788 0.5000000000
16116  16.061  -59.535  -9.648 0.5000000000
15325  14.464  -60.380  -10.329 0.4000000060
15326  13.485  -60.723  -10.448 0.5000000000
15327  12.669  -60.735  -10.321 0.4000000060
14501  11.567  -61.717  -11.250 0.4000000060
13701  11.081  -62.573  -12.512 0.4000000060
19738  27.066  -55.286  -20.818 0.6000000238
20625  27.435  -54.772  -20.294 0.4000000060
21532  28.998  -54.056  -20.387 0.4000000060
22501  29.780  -53.368  -21.378 0.4000000060
16943  20.413  -58.134  -10.303 0.5000000000
16927  19.299  -58.332  -9.375 0.4000000060
16929  17.711  -58.857  -8.939 0.4000000060
16930  16.767  -59.017  -9.074 0.5000000000
133558  15.414  -58.232  -8.859 0.4000000060
16118  14.435  -59.666  -9.595 0.5000000000
16932  14.593  -58.340  -9.223 0.4000000060
16934  13.313  -58.880  -9.632 0.5000000000
15314  13.141  -60.210  -9.905 0.5000000000
16946  12.623  -58.674  -10.041 0.3000000119
15347  11.146  -60.461  -10.898 0.3000000119
15348  10.436  -60.396  -11.455 0.3000000119
21518  27.617  -53.720  -19.206 0.4000000060
17742  20.131  -57.111  -9.734 0.5000000000
17744  18.865  -57.893  -8.674 0.5000000000
16912  18.058  -58.112  -8.461 0.4000000060
18632  20.567  -56.637  -10.435 0.4000000060
18618  19.803  -56.797  -9.058 0.4000000060
17726  19.173  -57.105  -8.452 0.4000000060
18603  18.193  -56.166  -7.702 0.4000000060
19595  20.612  -55.735  -10.194 0.4000000060
19582  20.035  -56.210  -8.914 0.4000000060
18610  18.735  -56.459  -7.904 0.4000000060
20491  20.816  -54.941  -9.758 0.4000000060
19571  18.537  -55.677  -7.764 0.4000000060
19572  17.562  -55.806  -7.847 0.4000000060
128507  16.676  -55.423  -8.461 0.4000000060
19570  19.883  -55.816  -8.494 0.4000000060
20507  21.240  -54.537  -11.259 0.3000000119
141414  19.517  -54.430  -8.148 0.4000000060
20467  17.322  -54.780  -8.318 0.4000000060
20468  16.495  -54.621  -9.047 0.4000000060
20490  21.192  -54.358  -10.312 0.4000000060
20479  15.816  -54.953  -9.675 0.4000000060
20492  16.140  -54.214  -9.948 0.4000000060
21369  22.352  -53.368  -11.030 0.3000000119
130181  21.491  -53.595  -9.831 0.4000000060
131435  20.393  -53.417  -8.526 0.4000000060
21350  19.568  -53.661  -8.275 0.4000000060
21351  17.984  -53.963  -8.287 0.4000000060
21361  16.753  -53.807  -9.451 0.4000000060
22320  18.287  -53.030  -8.646 0.3000000119
17945  25.511  -57.725  -23.306 0.6000000238
16181  24.440  -59.469  -13.206 0.5000000000
131022  26.776  -56.720  -22.441 0.6000000238
20609  28.014  -54.300  -19.829 0.4000000060
13848  25.468  -62.895  -21.156 0.6000000238
17059  29.129  -58.163  -21.047 0.6999999881
17085  30.442  -58.900  -22.772 0.6999999881
22433  32.406  -52.203  -17.419 0.5000000000
22472  32.733  -52.545  -19.398 0.5000000000
21506  31.618  -53.610  -18.516 0.5000000000
21516  31.786  -53.902  -19.532 0.4000000060
19726  31.168  -55.434  -19.975 0.6000000238
12934  22.346  -63.444  -13.291 0.5000000000
14705  25.049  -61.999  -23.915 0.6999999881
19745  31.731  -55.898  -22.124 0.6000000238
15431  24.496  -60.762  -16.242 0.6000000238
14714  26.970  -61.140  -24.330 0.6999999881
16292  29.356  -59.789  -24.272 0.8000000119
17083  31.244  -57.640  -23.206 0.6999999881
14528  20.876  -61.353  -12.833 0.4000000060
16297  24.926  -60.200  -23.993 0.6000000238
16294  27.329  -59.923  -24.284 0.6000000238
123691  29.644  -57.488  -23.552 0.6999999881
17941  30.862  -57.845  -23.558 0.6999999881
134479  32.705  -52.714  -20.374 0.5000000000
22471  33.258  -51.986  -20.007 0.5000000000
124863  31.081  -56.487  -23.319 0.6999999881
19753  31.454  -55.393  -22.697 0.6000000238
17103  25.715  -59.169  -23.833 0.6999999881
17093  27.305  -58.445  -23.548 0.6999999881
17944  28.031  -57.971  -23.388 0.6999999881
19746  29.797  -55.207  -22.451 0.6000000238
20645  31.252  -54.474  -22.782 0.6000000238
22515  30.940  -52.467  -22.769 0.6000000238
16143  21.334  -59.809  -11.497 0.5000000000
16144  20.359  -59.868  -11.097 0.5000000000
15322  18.788  -60.136  -10.693 0.4000000060
18832  26.133  -57.229  -22.817 0.6000000238
19756  28.548  -56.177  -22.134 0.6000000238
13683  12.238  -62.181  -12.194 0.3000000119
20638  28.757  -55.037  -21.383 0.5000000000
21531  29.355  -53.338  -19.994 0.4000000060
16931  15.914  -58.856  -9.047 0.5000000000
143142  12.526  -60.082  -10.123 0.4000000060
14502  10.821  -61.320  -11.246 0.4000000060
20477  21.069  -54.137  -9.319 0.4000000060
20465  20.150  -54.193  -8.427 0.4000000060
12983  36.965  -63.350  -18.080 0.3000000119
13780  37.066  -62.963  -16.446 0.3000000119
17814  31.730  -57.407  -13.115 0.4000000060
17003  34.125  -57.846  -14.611 0.4000000060
17004  33.606  -58.171  -14.079 0.4000000060
130609  33.722  -58.588  -13.483 0.4000000060
19650  31.720  -55.268  -14.162 0.4000000060
18679  30.415  -56.260  -13.150 0.4000000060
19638  29.892  -55.705  -13.599 0.4000000060
19652  29.527  -55.401  -14.313 0.5000000000
18700  28.495  -56.650  -14.408 0.5000000000
138736  28.464  -56.304  -15.215 0.5000000000
19667  34.338  -56.093  -15.811 0.4000000060
18696  33.175  -56.502  -14.595 0.5000000000
18664  31.030  -56.916  -12.880 0.5000000000
18721  27.751  -57.088  -16.102 0.5000000000
18718  34.329  -57.020  -15.607 0.5000000000
17831  33.409  -57.479  -14.439 0.5000000000
137718  34.789  -57.451  -15.849 0.5000000000
16991  34.430  -58.304  -13.894 0.4000000060
16177  34.181  -58.997  -12.766 0.4000000060
16973  34.964  -58.611  -12.874 0.4000000060
16157  35.428  -59.124  -12.247 0.3000000119
14518  35.383  -61.249  -11.968 0.4000000060
21453  33.978  -53.673  -15.893 0.4000000060
21438  31.875  -53.808  -14.976 0.4000000060
139531  30.926  -53.693  -15.387 0.4000000060
20562  34.492  -54.439  -16.056 0.4000000060
19669  33.091  -54.908  -14.972 0.4000000060
20564  32.751  -54.014  -15.164 0.4000000060
20551  30.632  -54.440  -14.622 0.4000000060
20552  29.883  -54.708  -14.792 0.5000000000
120680  29.289  -55.233  -15.078 0.5000000000
130774  35.037  -55.127  -16.553 0.4000000060
19668  33.771  -55.418  -15.319 0.4000000060
18697  32.287  -56.184  -14.100 0.4000000060
19691  29.472  -54.869  -16.343 0.5000000000
19692  28.839  -55.611  -16.456 0.5000000000
18739  27.755  -56.900  -16.766 0.5000000000
17870  27.946  -56.833  -17.631 0.6000000238
17885  27.974  -57.224  -18.572 0.6000000238
122854  27.509  -57.412  -17.888 0.6000000238
17903  29.284  -57.178  -19.928 0.6000000238
18788  28.832  -56.832  -19.135 0.6000000238
17051  27.031  -58.208  -18.953 0.5000000000
124937  35.111  -57.985  -14.582 0.4000000060
16254  26.670  -59.507  -20.665 0.5000000000
136794  34.781  -59.691  -12.119 0.4000000060
16972  35.867  -58.331  -12.701 0.4000000060
15362  35.362  -60.288  -11.828 0.4000000060
22399  32.046  -52.790  -16.193 0.4000000060
21472  31.352  -53.237  -16.509 0.5000000000
20590  29.948  -54.581  -17.021 0.5000000000
19708  29.880  -54.971  -17.663 0.5000000000
18751  28.946  -55.819  -17.383 0.5000000000
19716  29.843  -55.783  -18.849 0.5000000000
18768  28.575  -56.576  -18.327 0.6000000238
18786  30.524  -55.892  -19.761 0.6000000238
124212  29.239  -56.341  -18.815 0.6000000238
12209  36.720  -63.887  -19.714 0.3000000119
13760  37.626  -62.612  -15.768 0.3000000119
120327  37.889  -60.842  -12.287 0.3000000119
21490  35.515  -53.544  -16.838 0.4000000060
22412  35.095  -52.546  -16.891 0.4000000060
22413  34.271  -52.366  -16.578 0.4000000060
21455  32.386  -53.305  -15.542 0.4000000060
22434  31.833  -52.547  -16.997 0.4000000060
20589  30.441  -54.577  -17.817 0.5000000000
21492  31.395  -53.315  -17.468 0.4000000060
20600  30.819  -54.757  -18.673 0.5000000000
17918  27.941  -57.904  -19.864 0.6000000238
17061  26.737  -58.996  -19.920 0.5000000000
22415  32.627  -52.121  -16.762 0.4000000060
126787  30.967  -54.905  -14.175 0.4000000060
17859  27.486  -57.703  -16.633 0.5000000000
15360  37.052  -60.716  -11.967 0.3000000119
21454  33.262  -53.436  -15.622 0.4000000060
21473  30.774  -53.667  -15.953 0.5000000000
19709  29.406  -55.201  -17.130 0.5000000000
123166  29.547  -55.477  -17.933 0.6000000238
26260  19.894  -48.445  -21.409 0.3000000119
11449  23.720  -64.839  -19.580 0.6000000238
12132  22.945  -64.027  -13.515 0.5000000000
12159  23.599  -64.640  -15.323 0.5000000000
12217  23.382  -63.902  -19.101 0.6000000238
12237  23.542  -64.321  -19.813 0.6000000238
12257  23.684  -64.206  -20.887 0.6000000238
12268  24.074  -64.065  -21.352 0.6000000238
12269  23.742  -63.742  -21.422 0.6000000238
12933  23.341  -63.345  -13.450 0.5000000000
12947  23.622  -64.007  -13.875 0.5000000000
12988  23.538  -63.143  -18.050 0.6999999881
13008  36.326  -63.651  -18.690 0.3000000119
13016  23.404  -63.408  -18.956 0.6999999881
13047  23.443  -63.568  -21.012 0.6999999881
13074  25.024  -63.272  -23.064 0.5000000000
13075  24.438  -63.305  -22.325 0.6000000238
13076  23.909  -63.329  -21.868 0.6000000238
13684  11.679  -62.223  -11.906 0.3000000119
13685  10.891  -62.118  -11.784 0.4000000060
13695  34.947  -62.060  -12.485 0.4000000060
13700  11.806  -62.396  -12.532 0.3000000119
13723  23.823  -62.543  -13.408 0.5000000000
13742  24.548  -62.854  -14.472 0.5000000000
13783  24.382  -62.585  -16.260 0.6999999881
13798  23.675  -62.284  -17.820 0.6999999881
13836  25.442  -62.640  -20.000 0.6000000238
13863  25.988  -62.488  -22.509 0.6000000238
13876  26.090  -62.526  -23.151 0.6000000238
13879  23.991  -62.972  -22.240 0.6999999881
13886  26.050  -62.288  -23.676 0.6999999881
13888  24.973  -62.821  -23.580 0.6999999881
14486  12.904  -61.308  -10.817 0.4000000060
14487  12.120  -61.334  -10.677 0.4000000060
14500  12.373  -61.799  -11.455 0.3000000119
14527  21.751  -61.108  -12.617 0.4000000060
14560  23.368  -61.785  -13.007 0.5000000000
14562  20.560  -61.766  -13.418 0.4000000060
14599  24.661  -61.291  -15.276 0.6000000238
14632  24.139  -61.089  -17.163 0.6999999881
14654  23.434  -61.846  -19.206 0.6999999881
14672  23.432  -61.251  -20.489 0.6999999881
14681  25.789  -62.160  -21.594 0.6000000238
14682  23.667  -62.384  -21.741 0.6999999881
14691  27.556  -61.142  -23.425 0.6999999881
14693  24.566  -62.116  -23.361 0.6999999881
14702  27.338  -61.223  -24.053 0.6999999881
14715  26.531  -61.640  -24.062 0.6999999881
15313  13.841  -60.214  -9.860 0.5000000000
15324  15.254  -59.964  -9.876 0.5000000000
15328  11.909  -60.450  -10.441 0.4000000060
15336  37.694  -60.159  -11.806 0.3000000119
15338  36.018  -59.706  -11.803 0.4000000060
15339  21.557  -60.458  -12.021 0.5000000000
15341  19.401  -60.302  -11.129 0.5000000000
15370  24.224  -59.906  -12.873 0.5000000000
15372  22.894  -60.089  -12.344 0.5000000000
15373  20.234  -61.005  -12.315 0.4000000060
15393  24.220  -60.665  -13.217 0.6000000238
15404  24.715  -60.207  -14.238 0.6000000238
15447  24.303  -60.346  -16.987 0.6000000238
15461  23.578  -60.472  -19.091 0.6999999881
15487  29.459  -60.278  -23.582 0.6999999881
15501  29.512  -60.099  -24.158 0.6999999881
15502  28.824  -60.275  -24.260 0.6000000238
15503  27.749  -60.567  -24.243 0.6999999881
15505  25.758  -60.455  -24.290 0.6000000238
15506  25.311  -61.156  -24.179 0.6999999881
16113  18.984  -59.107  -9.717 0.5000000000
16115  17.451  -59.395  -9.565 0.5000000000
16117  15.174  -59.095  -9.351 0.5000000000
16119  13.607  -59.604  -9.635 0.5000000000
16120  12.841  -59.499  -9.818 0.5000000000
16128  16.596  -59.885  -10.505 0.5000000000
16129  12.197  -59.521  -10.246 0.3000000119
16178  33.396  -58.979  -12.942 0.4000000060
16192  24.642  -59.434  -13.880 0.6000000238
16243  23.986  -59.482  -20.321 0.8999999762
16272  24.312  -59.445  -22.085 0.8000000119
16276  30.474  -59.010  -23.482 0.6999999881
16277  29.975  -59.635  -23.277 0.6999999881
16278  28.978  -60.537  -22.943 0.6999999881
16280  24.275  -58.862  -22.834 0.6999999881
16284  30.273  -59.039  -23.775 0.8000000119
16286  25.033  -59.382  -23.821 0.6999999881
16287  24.607  -59.298  -23.405 0.6000000238
16295  26.263  -59.844  -24.194 0.6000000238
16296  25.449  -59.793  -24.086 0.6000000238
16928  18.523  -58.632  -9.075 0.4000000060
16957  22.799  -58.285  -11.916 0.5000000000
16959  20.955  -58.239  -10.761 0.5000000000
16990  35.307  -58.183  -13.567 0.4000000060
16992  32.959  -58.398  -13.493 0.4000000060
16996  23.974  -58.256  -12.797 0.5000000000
17002  35.136  -57.732  -15.513 0.4000000060
17020  24.512  -58.468  -16.514 0.6999999881
17052  24.181  -58.705  -19.808 0.8000000119
17060  27.248  -58.395  -19.719 0.5000000000
17073  30.673  -58.156  -22.183 0.6999999881
17075  28.713  -58.882  -21.531 0.6999999881
17092  28.177  -58.483  -23.629 0.6999999881
17098  30.463  -58.373  -23.674 0.8000000119
17099  29.921  -58.953  -24.002 0.8000000119
17101  27.847  -59.161  -23.886 0.6999999881
17727  18.396  -57.317  -8.084 0.4000000060
17743  19.570  -57.554  -9.150 0.5000000000
17763  19.964  -57.894  -9.788 0.5000000000
17777  22.052  -57.793  -11.580 0.6000000238
17779  20.768  -57.392  -10.704 0.5000000000
17793  31.315  -57.638  -12.766 0.4000000060
17818  23.693  -57.573  -12.978 0.6999999881
17830  35.705  -57.710  -15.139 0.4000000060
17832  32.682  -57.086  -14.071 0.5000000000
17834  24.302  -57.794  -14.060 0.6999999881
17847  34.531  -57.567  -15.243 0.4000000060
17848  33.911  -57.155  -14.962 0.5000000000
17850  27.727  -57.654  -15.714 0.5000000000
17851  24.369  -57.802  -15.906 0.6999999881
17871  27.528  -57.357  -17.286 0.5000000000
17886  27.300  -57.820  -18.412 0.6000000238
17887  24.299  -57.986  -19.240 0.6999999881
17904  28.368  -57.430  -19.484 0.6000000238
17905  27.579  -57.787  -19.178 0.6000000238
17928  31.327  -57.432  -22.664 0.6000000238
17934  26.905  -57.831  -23.188 0.6000000238
17940  31.048  -57.897  -23.411 0.6999999881
17942  30.344  -57.754  -23.646 0.6999999881
17943  28.873  -57.660  -23.484 0.6999999881
17946  24.473  -57.597  -23.186 0.6000000238
18609  19.513  -56.373  -8.399 0.4000000060
18611  17.924  -56.675  -7.739 0.4000000060
18612  17.113  -56.713  -7.965 0.4000000060
18617  20.281  -56.350  -9.621 0.4000000060
18666  22.287  -56.506  -12.649 0.5000000000
18667  21.581  -55.820  -12.461 0.5000000000
18677  31.848  -56.768  -13.521 0.4000000060
18678  31.143  -56.268  -13.339 0.5000000000
18682  23.571  -57.035  -13.766 0.5000000000
18698  31.578  -55.988  -13.732 0.4000000060
18719  33.822  -56.333  -15.193 0.4000000060
18720  28.073  -56.926  -15.383 0.5000000000
18724  21.932  -55.880  -14.968 0.5000000000
18736  35.251  -57.034  -16.907 0.5000000000
18737  34.743  -56.996  -16.253 0.5000000000
18738  28.183  -56.376  -16.057 0.5000000000
18752  28.554  -56.306  -17.682 0.5000000000
18753  24.110  -56.247  -17.998 0.6000000238
18754  22.471  -55.476  -17.484 0.5000000000
18767  29.113  -56.048  -18.157 0.6000000238
18769  24.413  -57.124  -18.683 0.6999999881
18787  29.788  -56.480  -19.607 0.6000000238
18806  31.518  -56.213  -21.482 0.6000000238
18820  31.517  -56.700  -22.312 0.6000000238
18821  31.373  -57.069  -21.862 0.6000000238
18822  23.588  -56.472  -22.105 0.6999999881
18829  29.843  -56.396  -23.085 0.6000000238
18833  24.602  -56.314  -22.708 0.6999999881
18835  23.848  -56.649  -22.568 0.6000000238
18837  31.091  -57.422  -23.418 0.6999999881
18838  30.807  -57.173  -23.530 0.6999999881
18839  30.129  -57.026  -23.457 0.6999999881
19569  19.888  -55.066  -8.338 0.4000000060
19573  16.093  -55.990  -8.644 0.4000000060
19581  20.385  -55.572  -9.123 0.4000000060
19606  20.859  -55.809  -11.156 0.5000000000
19637  30.846  -55.575  -13.670 0.4000000060
19649  32.653  -55.506  -14.539 0.4000000060
19651  30.273  -55.099  -14.171 0.4000000060
19653  28.895  -55.855  -14.689 0.5000000000
19654  21.614  -55.312  -14.649 0.4000000060
19670  29.157  -55.183  -15.786 0.5000000000
19671  28.756  -55.734  -15.546 0.5000000000
19672  21.972  -55.882  -15.794 0.4000000060
19690  34.605  -55.373  -16.109 0.4000000060
19715  30.228  -55.161  -18.360 0.5000000000
19719  21.969  -54.978  -18.193 0.4000000060
19728  22.932  -54.932  -19.949 0.6000000238
19749  26.745  -55.694  -21.506 0.6000000238
19751  23.225  -55.666  -21.620 0.5000000000
19754  30.878  -55.544  -23.246 0.6000000238
19755  30.301  -55.486  -22.936 0.6999999881
19758  26.251  -56.026  -22.174 0.6000000238
20466  18.229  -54.893  -7.858 0.4000000060
20478  20.582  -54.657  -8.866 0.4000000060
20493  15.545  -54.535  -10.446 0.4000000060
20508  20.830  -55.066  -10.797 0.3000000119
20549  32.251  -54.582  -14.667 0.4000000060
20550  31.413  -54.418  -14.558 0.4000000060
20553  22.141  -54.379  -13.896 0.5000000000
20554  21.675  -54.788  -14.288 0.5000000000
20563  33.672  -54.405  -15.500 0.4000000060
20565  30.394  -54.082  -15.289 0.5000000000
20566  29.670  -54.661  -15.547 0.5000000000
20574  35.101  -54.191  -16.510 0.4000000060
20575  30.123  -54.252  -16.171 0.5000000000
20576  21.532  -54.716  -16.825 0.3000000119
20588  31.048  -54.100  -18.100 0.5000000000
20601  22.155  -54.550  -19.313 0.5000000000
20607  31.589  -54.781  -20.054 0.6000000238
20608  31.149  -54.955  -19.391 0.6000000238
20610  27.033  -54.241  -19.687 0.4000000060
20624  28.428  -54.685  -20.638 0.5000000000
20628  22.151  -54.463  -21.170 0.5000000000
20637  29.623  -54.759  -21.992 0.6000000238
20639  27.881  -55.176  -20.849 0.4000000060
20646  30.691  -54.642  -22.977 0.6000000238
20648  24.494  -55.086  -22.373 0.6000000238
20649  23.859  -54.664  -22.372 0.5000000000
20650  23.222  -54.954  -22.229 0.5000000000
20651  22.830  -54.465  -22.024 0.5000000000
20652  31.044  -54.867  -23.123 0.6000000238
21352  17.139  -54.075  -8.738 0.4000000060
21359  20.708  -53.928  -8.736 0.4000000060
21360  17.455  -53.421  -8.999 0.3000000119
21370  21.690  -53.859  -10.783 0.3000000119
21405  23.172  -53.392  -12.549 0.4000000060
21406  22.332  -53.907  -12.551 0.4000000060
21421  23.373  -53.628  -13.986 0.4000000060
21439  31.087  -53.838  -14.963 0.4000000060
21442  21.813  -54.147  -15.631 0.4000000060
21456  31.495  -53.434  -15.593 0.4000000060
21457  22.558  -53.638  -15.308 0.4000000060
21470  34.628  -53.342  -16.369 0.4000000060
21471  33.771  -52.909  -16.108 0.4000000060
21475  21.582  -54.117  -16.483 0.4000000060
21493  30.671  -53.896  -16.997 0.5000000000
21522  20.382  -52.866  -19.683 0.4000000060
21534  20.771  -53.371  -20.320 0.4000000060
21545  31.581  -53.801  -22.223 0.6000000238
21551  21.205  -53.573  -21.073 0.4000000060
21552  20.514  -52.980  -21.028 0.4000000060
21554  31.152  -53.172  -22.837 0.6000000238
22372  24.547  -52.775  -13.348 0.4000000060
22387  25.165  -52.274  -14.759 0.3000000119
22388  24.611  -52.730  -14.837 0.4000000060
22398  32.910  -52.713  -16.053 0.4000000060
22401  23.447  -53.152  -15.440 0.4000000060
22414  33.465  -52.220  -16.514 0.4000000060
22416  24.335  -52.238  -16.299 0.4000000060
22437  22.849  -52.265  -17.491 0.4000000060
22438  22.022  -52.422  -18.057 0.4000000060
22459  27.345  -52.218  -18.268 0.5000000000
22462  20.531  -52.356  -19.353 0.4000000060
22475  26.033  -52.431  -19.332 0.5000000000
22486  29.905  -52.720  -20.693 0.4000000060
22488  19.665  -51.885  -20.516 0.4000000060
22500  32.393  -52.579  -21.405 0.5000000000
22502  24.318  -52.404  -21.390 0.6000000238
22505  21.847  -52.681  -21.540 0.5000000000
22506  20.873  -52.374  -21.377 0.5000000000
22516  30.744  -52.369  -22.606 0.4000000060
23484  22.979  -51.117  -18.460 0.4000000060
23486  21.154  -51.588  -19.145 0.4000000060
23506  25.617  -51.711  -19.803 0.5000000000
23518  19.514  -51.421  -20.863 0.4000000060
23532  22.682  -52.068  -21.598 0.5000000000
23536  19.771  -51.704  -21.128 0.4000000060
24458  27.008  -50.789  -18.490 0.5000000000
24461  22.881  -50.596  -18.811 0.3000000119
24478  25.866  -50.882  -19.705 0.5000000000
24501  22.363  -50.367  -21.524 0.6000000238
24504  19.373  -49.994  -21.155 0.4000000060
25365  19.130  -49.687  -20.975 0.3000000119
27187  19.569  -47.803  -20.491 0.3000000119
27197  19.102  -47.933  -20.943 0.3000000119
27206  19.635  -47.539  -21.334 0.3000000119
31125  20.544  -43.816  -21.419 0.3000000119
119035  23.421  -64.521  -17.405 0.6000000238
119431  21.098  -45.531  -21.488 0.4000000060
119434  22.549  -46.557  -21.522 0.4000000060
119436  21.747  -47.172  -21.513 0.4000000060
121200  19.304  -55.737  -8.006 0.4000000060
121337  19.086  -55.001  -7.868 0.4000000060
122155  20.115  -49.269  -21.443 0.4000000060
122299  24.479  -59.013  -17.064 0.6000000238
122329  23.364  -63.135  -20.345 0.6999999881
122695  28.624  -60.680  -23.468 0.6000000238
122699  23.481  -58.711  -12.390 0.5000000000
122868  23.365  -55.965  -17.191 0.5000000000
122942  24.315  -58.936  -21.556 0.8000000119
123180  23.030  -65.503  -16.808 0.5000000000
123686  21.322  -54.790  -11.987 0.4000000060
124213  24.840  -54.051  -21.580 0.6000000238
124504  26.490  -60.726  -21.714 0.6000000238
125561  19.750  -50.936  -21.237 0.4000000060
126578  27.236  -58.020  -17.580 0.6000000238
126589  24.501  -59.948  -16.352 0.6000000238
127381  17.896  -59.695  -10.018 0.5000000000
127485  24.665  -60.915  -14.534 0.6000000238
128245  27.194  -57.352  -22.735 0.6000000238
128675  24.096  -58.044  -22.775 0.6000000238
128778  26.358  -60.241  -21.125 0.6000000238
128929  20.006  -60.527  -11.606 0.5000000000
129201  22.673  -56.177  -15.936 0.4000000060
129508  24.457  -57.822  -17.540 0.6999999881
129578  18.871  -54.245  -8.041 0.4000000060
129729  20.661  -50.940  -21.473 0.5000000000
130218  14.041  -58.962  -9.432 0.4000000060
130466  14.563  -59.002  -9.388 0.5000000000
130488  34.218  -55.124  -15.712 0.4000000060
130646  25.326  -50.934  -20.373 0.5000000000
130999  24.004  -57.225  -15.412 0.6000000238
131014  11.462  -61.141  -10.749 0.4000000060
131034  28.326  -56.298  -16.982 0.5000000000
131333  20.398  -57.434  -10.205 0.5000000000
131482  25.010  -63.407  -22.437 0.6000000238
131487  24.722  -61.149  -23.729 0.8000000119
131724  23.780  -59.741  -18.864 0.8000000119
132072  32.234  -53.120  -18.930 0.5000000000
132129  27.217  -58.860  -20.417 0.5000000000
132235  24.074  -64.044  -15.811 0.6000000238
132827  20.184  -49.304  -19.977 0.3000000119
133265  23.476  -61.747  -21.163 0.6999999881
133894  26.194  -61.191  -24.329 0.6000000238
134343  31.416  -56.214  -22.795 0.6999999881
134857  25.187  -51.611  -16.033 0.3000000119
135071  31.702  -55.531  -21.490 0.6000000238
135734  19.814  -50.816  -19.981 0.3000000119
135797  24.733  -49.640  -21.263 0.4000000060
136286  22.063  -52.870  -17.474 0.3000000119
136454  23.356  -55.635  -17.842 0.5000000000
136636  23.422  -51.437  -21.525 0.6000000238
136906  33.334  -55.718  -14.889 0.4000000060
137421  23.598  -64.271  -20.362 0.6000000238
137570  24.168  -59.080  -18.321 0.8000000119
138006  31.241  -55.091  -23.033 0.6000000238
138206  24.628  -59.501  -15.724 0.6000000238
138370  29.823  -59.596  -24.053 0.8000000119
138609  30.533  -56.393  -20.291 0.6000000238
138920  18.777  -53.559  -8.265 0.4000000060
139158  25.453  -62.439  -23.786 0.6999999881
139666  28.728  -58.166  -23.619 0.6999999881
139722  29.996  -57.973  -21.422 0.6999999881
140318  23.813  -61.599  -17.696 0.6999999881
140426  19.025  -46.432  -21.024 0.3000000119
141139  23.383  -61.916  -20.705 0.6999999881
141741  23.472  -60.722  -20.083 0.8000000119
141803  23.875  -51.000  -21.448 0.6000000238
141972  19.625  -49.617  -21.314 0.4000000060
142591  34.701  -57.879  -14.790 0.4000000060
142628  13.409  -61.138  -10.960 0.5000000000
142893  26.474  -52.964  -19.025 0.5000000000
142945  29.046  -56.535  -22.658 0.6000000238
143050  24.378  -58.584  -17.855 0.6999999881
143100  35.395  -59.722  -11.944 0.3000000119
143252  20.963  -49.581  -21.529 0.4000000060
143568  26.693  -50.285  -19.081 0.4000000060
143571  24.007  -53.119  -14.948 0.4000000060
143625  23.669  -56.941  -15.099 0.6000000238
