#!ascii label  , from subject sub-v1s18x0051250_ses-1 vox2ras=TkReg
363
16813  33.429  -58.852  0.605 0.0000000000
132167  39.958  -58.778  -3.698 0.0000000000
11224  39.023  -65.503  1.862 0.0000000000
14404  33.303  -61.651  -3.694 0.0000000000
9673  34.285  -67.506  -2.437 0.0000000000
9631  35.975  -67.227  0.847 0.0000000000
7271  35.612  -70.706  0.646 0.0000000000
15262  36.175  -60.509  -4.599 0.0000000000
18577  33.848  -56.727  -5.800 0.0000000000
14354  36.519  -61.831  1.445 0.0000000000
12002  33.906  -64.038  0.250 0.0000000000
12037  34.112  -64.280  -3.014 0.0000000000
12846  37.492  -63.440  -4.290 0.0000000000
10486  38.051  -67.455  -3.399 0.0000000000
17597  34.288  -56.786  2.003 0.0000000000
15180  38.429  -60.589  2.719 0.0000000000
12761  40.353  -63.495  3.541 0.0000000000
17685  31.041  -57.935  -4.663 0.0000000000
8742  36.897  -69.207  2.306 0.0000000000
16051  37.902  -59.446  -4.373 0.0000000000
17679  36.619  -57.907  -4.948 0.0000000000
12785  37.762  -63.778  1.545 0.0000000000
11991  36.879  -64.593  1.407 0.0000000000
9667  33.848  -67.637  -0.849 0.0000000000
10468  33.586  -66.036  -0.975 0.0000000000
11254  34.081  -66.010  -2.503 0.0000000000
12050  36.123  -64.061  -3.997 0.0000000000
12034  36.575  -64.990  -3.655 0.0000000000
140399  39.787  -64.797  -3.435 0.0000000000
15177  39.610  -60.697  4.059 0.0000000000
14340  39.636  -61.879  2.800 0.0000000000
13521  41.264  -62.144  5.204 0.0000000000
14389  31.873  -61.799  -2.108 0.0000000000
15266  32.117  -59.823  -4.203 0.0000000000
20437  33.895  -54.807  -7.266 0.0000000000
131672  32.883  -55.448  -6.285 0.0000000000
10417  39.297  -67.272  2.376 0.0000000000
10433  37.585  -66.751  1.400 0.0000000000
9629  38.172  -68.454  1.727 0.0000000000
8776  36.460  -69.164  0.667 0.0000000000
122283  34.320  -69.204  -1.172 0.0000000000
15264  34.486  -60.932  -4.459 0.0000000000
143830  33.817  -58.822  -5.154 0.0000000000
16874  35.315  -58.587  -5.018 0.0000000000
18575  35.731  -56.792  -5.978 0.0000000000
129881  41.842  -57.830  -3.223 0.0000000000
15202  35.041  -60.809  1.112 0.0000000000
12790  33.370  -63.018  0.295 0.0000000000
12818  32.819  -62.900  -2.186 0.0000000000
11241  34.950  -65.476  0.642 0.0000000000
130725  33.503  -64.567  -1.555 0.0000000000
13607  34.022  -62.865  -3.554 0.0000000000
13625  35.422  -62.589  -4.193 0.0000000000
14425  37.424  -61.888  -4.458 0.0000000000
131026  38.735  -60.950  -4.087 0.0000000000
137839  36.530  -66.929  -2.969 0.0000000000
132966  38.762  -64.642  -3.696 0.0000000000
13605  39.831  -62.645  -3.704 0.0000000000
127734  40.647  -60.794  -3.329 0.0000000000
18494  32.749  -56.658  1.015 0.0000000000
17600  34.203  -57.683  1.354 0.0000000000
16795  36.077  -58.639  2.019 0.0000000000
127060  35.595  -59.328  1.461 0.0000000000
14353  37.389  -61.340  1.694 0.0000000000
13552  39.258  -63.072  2.232 0.0000000000
11972  39.968  -64.781  2.912 0.0000000000
12753  39.116  -63.685  4.884 0.0000000000
143747  39.424  -65.855  3.243 0.0000000000
17703  32.474  -57.301  -5.339 0.0000000000
16814  32.815  -58.327  0.496 0.0000000000
16816  31.590  -57.825  0.269 0.0000000000
16815  31.997  -58.565  0.302 0.0000000000
16050  38.741  -59.433  -4.106 0.0000000000
16871  38.358  -58.744  -4.339 0.0000000000
123427  38.349  -64.416  1.635 0.0000000000
121331  37.510  -64.281  1.493 0.0000000000
11990  37.824  -65.054  1.506 0.0000000000
8816  33.876  -67.615  -2.051 0.0000000000
9668  33.660  -67.263  -1.579 0.0000000000
10475  34.476  -66.633  -2.612 0.0000000000
11269  35.547  -65.397  -3.242 0.0000000000
119117  35.493  -66.479  -2.897 0.0000000000
10483  40.246  -66.127  -3.745 0.0000000000
14332  41.149  -61.774  4.825 0.0000000000
14406  32.133  -61.463  -2.997 0.0000000000
15244  32.258  -60.694  -3.663 0.0000000000
21340  33.324  -53.598  -7.763 0.0000000000
9596  39.072  -67.843  2.247 0.0000000000
9597  38.591  -68.214  2.425 0.0000000000
7974  36.396  -70.032  1.555 0.0000000000
7958  37.348  -69.305  1.650 0.0000000000
7996  36.137  -70.123  0.544 0.0000000000
8790  35.064  -69.672  -0.146 0.0000000000
8014  35.236  -70.532  -0.079 0.0000000000
15263  35.267  -60.722  -4.604 0.0000000000
130840  34.621  -60.138  -4.726 0.0000000000
16053  35.797  -59.164  -4.832 0.0000000000
17699  36.194  -57.397  -5.435 0.0000000000
18592  36.239  -56.165  -6.391 0.0000000000
19541  35.945  -55.594  -6.835 0.0000000000
14355  35.804  -61.209  1.296 0.0000000000
14363  34.290  -61.380  0.899 0.0000000000
14362  35.038  -61.659  1.171 0.0000000000
12804  32.660  -62.912  -1.236 0.0000000000
125412  33.396  -63.814  -0.322 0.0000000000
125823  37.006  -67.483  1.235 0.0000000000
10452  36.438  -66.454  1.178 0.0000000000
10453  35.444  -66.307  0.733 0.0000000000
11255  33.745  -65.785  -2.206 0.0000000000
11247  33.596  -65.350  -1.430 0.0000000000
120663  33.671  -64.870  -2.160 0.0000000000
12012  33.387  -64.126  -2.056 0.0000000000
12833  33.771  -63.586  -3.061 0.0000000000
13626  34.684  -62.367  -3.996 0.0000000000
12849  34.920  -63.128  -3.848 0.0000000000
13623  37.030  -62.677  -4.438 0.0000000000
12845  37.938  -62.678  -4.325 0.0000000000
14424  38.338  -61.827  -4.250 0.0000000000
8073  35.158  -69.896  -5.235 0.0000000000
8857  38.146  -68.174  -3.961 0.0000000000
8869  37.020  -68.952  -4.430 0.0000000000
8858  37.546  -68.479  -3.846 0.0000000000
9687  37.133  -67.922  -3.221 0.0000000000
120313  37.350  -66.800  -3.191 0.0000000000
11267  38.203  -66.568  -3.359 0.0000000000
141029  40.636  -64.299  -3.330 0.0000000000
12828  40.413  -63.377  -3.449 0.0000000000
13604  40.867  -62.574  -3.296 0.0000000000
14402  40.169  -61.708  -3.557 0.0000000000
14401  41.008  -61.657  -3.219 0.0000000000
136177  32.944  -55.953  1.586 0.0000000000
18488  33.498  -56.343  1.739 0.0000000000
17601  33.523  -57.163  1.213 0.0000000000
17599  34.903  -57.447  2.010 0.0000000000
15969  38.036  -59.826  3.268 0.0000000000
15967  37.224  -58.524  3.457 0.0000000000
15971  36.796  -59.033  2.435 0.0000000000
15977  36.388  -59.523  1.755 0.0000000000
15976  37.065  -59.802  2.072 0.0000000000
142252  36.655  -60.194  1.672 0.0000000000
15189  38.028  -60.910  2.027 0.0000000000
13530  40.761  -62.871  3.777 0.0000000000
13540  39.862  -62.776  2.676 0.0000000000
13539  40.336  -63.436  3.130 0.0000000000
12783  39.610  -63.913  2.326 0.0000000000
12771  40.189  -64.086  3.093 0.0000000000
11937  37.787  -64.652  5.639 0.0000000000
11936  38.316  -64.198  5.013 0.0000000000
11948  38.844  -64.390  4.160 0.0000000000
17682  33.802  -58.208  -5.319 0.0000000000
17683  32.844  -58.050  -5.251 0.0000000000
17702  33.369  -57.399  -5.476 0.0000000000
19544  32.265  -55.441  -5.966 0.0000000000
15261  37.219  -60.177  -4.464 0.0000000000
143463  36.492  -59.033  -4.716 0.0000000000
123426  37.581  -63.125  1.563 0.0000000000
13556  35.838  -62.539  1.334 0.0000000000
12786  36.900  -63.706  1.451 0.0000000000
12000  35.348  -64.651  1.018 0.0000000000
128259  35.582  -68.056  0.504 0.0000000000
9632  34.985  -67.091  0.351 0.0000000000
9652  33.625  -66.776  -0.930 0.0000000000
10471  33.578  -66.360  -1.621 0.0000000000
11271  34.093  -65.090  -2.650 0.0000000000
12831  35.258  -63.906  -3.727 0.0000000000
12035  35.641  -64.586  -3.610 0.0000000000
12049  37.062  -64.177  -4.114 0.0000000000
11266  39.039  -66.350  -3.475 0.0000000000
11265  39.729  -66.097  -3.580 0.0000000000
11264  40.356  -65.353  -3.482 0.0000000000
15178  38.751  -60.258  3.685 0.0000000000
15179  39.246  -61.027  3.106 0.0000000000
14339  40.092  -61.572  3.533 0.0000000000
14338  40.797  -62.136  3.998 0.0000000000
13522  40.854  -62.720  4.521 0.0000000000
16056  31.325  -59.487  -3.884 0.0000000000
16057  31.020  -58.805  -4.269 0.0000000000
18594  34.255  -56.107  -6.310 0.0000000000
18595  33.398  -56.002  -5.966 0.0000000000
19543  33.671  -55.487  -6.641 0.0000000000
21341  32.511  -53.675  -7.500 0.0000000000
11207  39.536  -66.390  2.347 0.0000000000
11225  38.259  -66.093  1.561 0.0000000000
10431  39.254  -67.183  2.112 0.0000000000
9617  38.099  -67.797  1.521 0.0000000000
9630  37.418  -68.503  1.302 0.0000000000
8775  37.487  -69.054  1.413 0.0000000000
131806  36.497  -68.123  0.978 0.0000000000
139657  35.121  -68.748  0.107 0.0000000000
8791  34.333  -68.573  -0.659 0.0000000000
14429  33.824  -61.276  -4.103 0.0000000000
14430  33.084  -60.966  -3.969 0.0000000000
136696  33.664  -60.402  -4.476 0.0000000000
16875  34.442  -58.729  -5.136 0.0000000000
17681  34.803  -58.028  -5.208 0.0000000000
16873  36.161  -58.492  -4.868 0.0000000000
17700  35.246  -57.405  -5.512 0.0000000000
18576  34.773  -56.763  -5.946 0.0000000000
19542  34.524  -55.469  -6.904 0.0000000000
19560  34.721  -54.856  -7.270 0.0000000000
142411  40.249  -58.344  -3.671 0.0000000000
15993  34.081  -59.520  0.752 0.0000000000
15994  33.257  -59.617  0.517 0.0000000000
15204  33.465  -60.331  0.577 0.0000000000
132774  32.268  -62.395  -1.683 0.0000000000
13609  32.860  -61.982  -3.261 0.0000000000
12001  34.459  -64.738  0.505 0.0000000000
10454  34.560  -66.233  0.238 0.0000000000
11244  34.196  -65.476  0.136 0.0000000000
12006  33.901  -64.850  0.022 0.0000000000
119095  33.337  -63.974  -1.210 0.0000000000
13589  33.203  -62.799  -3.038 0.0000000000
13608  33.459  -62.265  -3.474 0.0000000000
13627  33.953  -62.024  -3.843 0.0000000000
129832  35.069  -61.334  -4.437 0.0000000000
14426  35.835  -61.403  -4.519 0.0000000000
12848  35.728  -63.296  -4.120 0.0000000000
121854  36.500  -61.997  -4.513 0.0000000000
124682  36.847  -61.158  -4.549 0.0000000000
128284  37.819  -61.024  -4.394 0.0000000000
15260  38.262  -60.184  -4.226 0.0000000000
15243  39.115  -60.135  -3.855 0.0000000000
8030  34.358  -69.417  -2.061 0.0000000000
8072  35.752  -69.916  -5.037 0.0000000000
9688  35.944  -68.322  -3.056 0.0000000000
9689  35.059  -67.447  -2.764 0.0000000000
11268  36.500  -66.039  -3.164 0.0000000000
12033  37.706  -64.915  -3.766 0.0000000000
12830  37.899  -64.156  -4.084 0.0000000000
12032  39.392  -65.546  -3.464 0.0000000000
130336  39.529  -63.732  -3.687 0.0000000000
13606  38.879  -62.704  -4.065 0.0000000000
14403  39.237  -61.772  -3.911 0.0000000000
130098  39.609  -60.882  -3.699 0.0000000000
16031  40.343  -59.374  -3.451 0.0000000000
16030  41.292  -59.445  -3.107 0.0000000000
19440  31.379  -55.906  1.042 0.0000000000
18489  32.263  -55.965  1.242 0.0000000000
123761  31.764  -56.648  0.707 0.0000000000
17617  32.884  -57.532  0.696 0.0000000000
16812  34.179  -58.524  0.942 0.0000000000
16787  37.135  -57.596  4.175 0.0000000000
16797  34.825  -58.216  1.491 0.0000000000
15978  34.826  -59.030  1.216 0.0000000000
15192  35.882  -60.259  1.362 0.0000000000
15191  36.599  -60.881  1.524 0.0000000000
14341  38.777  -61.378  2.418 0.0000000000
14352  38.243  -61.751  1.911 0.0000000000
13554  37.570  -62.293  1.629 0.0000000000
12784  38.571  -63.504  1.784 0.0000000000
11989  39.063  -64.450  1.908 0.0000000000
11988  39.705  -65.340  2.531 0.0000000000
11947  39.744  -64.187  3.689 0.0000000000
11958  39.999  -64.942  3.171 0.0000000000
11192  39.785  -65.737  2.688 0.0000000000
132727  32.966  -59.692  -4.680 0.0000000000
16876  32.351  -58.538  -5.030 0.0000000000
136430  31.549  -57.234  -5.178 0.0000000000
18596  32.588  -55.952  -5.747 0.0000000000
127619  32.099  -56.556  -5.462 0.0000000000
7258  36.421  -70.194  1.090 0.0000000000
7959  36.981  -69.580  1.843 0.0000000000
7973  36.856  -69.680  1.480 0.0000000000
7995  36.963  -69.448  1.015 0.0000000000
8063  36.303  -69.528  -4.841 0.0000000000
8777  34.542  -67.857  -0.098 0.0000000000
8840  34.231  -68.340  -2.242 0.0000000000
8859  36.734  -68.907  -3.660 0.0000000000
8868  37.690  -68.447  -4.267 0.0000000000
9615  39.174  -67.628  2.137 0.0000000000
9616  38.898  -67.848  1.864 0.0000000000
9651  34.164  -66.956  -0.271 0.0000000000
9686  37.969  -68.037  -3.594 0.0000000000
10400  39.594  -66.577  2.513 0.0000000000
10430  39.367  -67.054  2.292 0.0000000000
10432  38.682  -67.112  1.704 0.0000000000
10467  33.938  -66.143  -0.381 0.0000000000
10476  33.866  -66.764  -2.197 0.0000000000
10484  39.454  -66.715  -3.685 0.0000000000
10487  36.028  -67.442  -2.879 0.0000000000
10501  39.729  -66.842  -3.964 0.0000000000
11179  38.667  -65.112  3.736 0.0000000000
11193  39.756  -65.925  2.834 0.0000000000
11245  33.769  -65.393  -0.522 0.0000000000
11270  34.649  -65.708  -2.876 0.0000000000
11959  39.597  -65.115  3.325 0.0000000000
11971  40.148  -64.238  3.082 0.0000000000
11999  36.200  -64.890  1.259 0.0000000000
12007  33.577  -64.560  -0.663 0.0000000000
12023  33.753  -64.238  -2.601 0.0000000000
12036  34.756  -64.681  -3.240 0.0000000000
12751  40.551  -63.200  4.184 0.0000000000
12772  40.085  -64.130  2.841 0.0000000000
12794  33.007  -63.394  -0.712 0.0000000000
12803  33.065  -63.468  -1.707 0.0000000000
12817  33.337  -63.509  -2.502 0.0000000000
12827  41.229  -63.505  -3.235 0.0000000000
12829  38.425  -63.564  -4.103 0.0000000000
12832  34.429  -63.747  -3.407 0.0000000000
12847  36.573  -63.393  -4.277 0.0000000000
13509  41.129  -62.277  5.695 0.0000000000
13531  40.392  -62.500  3.282 0.0000000000
13541  39.066  -62.222  2.266 0.0000000000
13553  38.466  -62.581  1.866 0.0000000000
13555  36.717  -62.790  1.458 0.0000000000
13562  35.170  -62.318  1.215 0.0000000000
13590  32.512  -62.240  -2.614 0.0000000000
13624  36.161  -62.685  -4.377 0.0000000000
14333  40.471  -61.246  4.447 0.0000000000
14405  32.710  -61.365  -3.525 0.0000000000
14427  35.231  -61.917  -4.308 0.0000000000
14428  34.545  -61.645  -4.182 0.0000000000
15181  37.708  -60.184  2.382 0.0000000000
15190  37.265  -60.533  1.834 0.0000000000
15203  34.264  -60.488  0.820 0.0000000000
15242  39.948  -60.067  -3.513 0.0000000000
15265  32.813  -60.318  -4.227 0.0000000000
15970  37.407  -59.413  2.854 0.0000000000
15992  34.961  -59.905  1.075 0.0000000000
15995  32.536  -59.269  0.380 0.0000000000
16032  39.528  -59.409  -3.757 0.0000000000
16052  37.118  -59.288  -4.555 0.0000000000
16054  34.943  -59.321  -4.935 0.0000000000
16055  33.935  -59.429  -4.927 0.0000000000
16796  35.452  -58.020  2.069 0.0000000000
16855  40.874  -58.616  -3.389 0.0000000000
16857  39.187  -58.719  -4.062 0.0000000000
16877  31.674  -58.614  -4.756 0.0000000000
17616  33.544  -57.985  0.786 0.0000000000
17680  35.713  -57.937  -5.076 0.0000000000
17684  31.999  -57.926  -5.016 0.0000000000
17701  34.301  -57.433  -5.550 0.0000000000
18578  32.970  -56.644  -5.600 0.0000000000
18593  35.256  -56.072  -6.556 0.0000000000
19517  31.797  -55.821  -5.637 0.0000000000
19559  35.329  -55.241  -7.071 0.0000000000
20438  33.022  -54.957  -6.982 0.0000000000
20439  32.299  -54.958  -6.498 0.0000000000
20455  35.311  -54.467  -7.434 0.0000000000
20457  33.129  -54.291  -7.431 0.0000000000
118931  38.733  -68.264  2.013 0.0000000000
121300  38.448  -65.653  -3.482 0.0000000000
122088  39.914  -63.500  2.634 0.0000000000
123145  39.828  -64.597  2.635 0.0000000000
123857  35.819  -62.124  -4.405 0.0000000000
125479  32.265  -59.163  -4.786 0.0000000000
126584  37.468  -65.802  -3.375 0.0000000000
127011  39.127  -66.534  1.889 0.0000000000
128159  35.364  -58.633  1.621 0.0000000000
130276  35.525  -59.919  -4.717 0.0000000000
131019  40.702  -59.968  -3.242 0.0000000000
131415  38.370  -58.004  -4.462 0.0000000000
135560  31.636  -60.115  -3.598 0.0000000000
136563  31.637  -59.208  -4.439 0.0000000000
136787  33.919  -68.277  -1.571 0.0000000000
137536  32.749  -62.794  -0.328 0.0000000000
139281  41.001  -62.402  4.445 0.0000000000
139411  36.376  -59.682  -4.630 0.0000000000
140417  38.048  -62.842  1.673 0.0000000000
141993  33.117  -58.869  -5.099 0.0000000000
142316  38.775  -58.382  -4.274 0.0000000000
143059  35.675  -61.898  1.298 0.0000000000
143223  33.784  -54.131  -7.636 0.0000000000
