#!ascii label  , from subject sub-v1s18x0051282_ses-1 vox2ras=TkReg
784
37445  -11.455  -15.572  74.354 0.0000000000
44516  -32.674  -9.023  59.304 0.0000000000
48939  -31.685  -2.908  57.774 0.0000000000
46322  -27.993  -6.067  65.395 0.0000000000
57342  -39.077  6.696  49.341 0.0000000000
53127  -35.118  1.962  52.720 0.0000000000
43468  -35.591  -9.840  63.729 0.0000000000
44462  -30.580  -8.330  62.135 0.0000000000
58909  -43.600  7.834  52.109 0.0000000000
60590  -45.937  10.882  51.305 0.0000000000
62292  -47.972  12.272  49.132 0.0000000000
50631  -36.272  -1.138  58.052 0.0000000000
51478  -33.187  -0.082  54.559 0.0000000000
52275  -38.318  0.849  55.608 0.0000000000
54687  -39.604  3.488  54.389 0.0000000000
43434  -21.226  -9.490  65.573 0.0000000000
35450  -9.219  -17.413  78.461 0.0000000000
47233  -33.474  -5.918  58.564 0.0000000000
48916  -35.501  -3.219  61.048 0.0000000000
45416  -23.139  -7.116  62.531 0.0000000000
47220  -26.279  -5.857  59.764 0.0000000000
61449  -48.956  10.941  44.736 0.0000000000
63979  -50.524  14.524  47.421 0.0000000000
55589  -37.327  5.079  51.213 0.0000000000
57292  -41.553  6.331  53.240 0.0000000000
39481  -13.454  -13.633  70.289 0.0000000000
32242  -5.935  -21.662  75.745 0.0000000000
103373  -44.725  8.990  51.125 0.0000000000
51455  -37.076  -0.158  56.948 0.0000000000
43462  -18.906  -9.749  63.867 0.0000000000
37421  -11.025  -16.154  76.685 0.0000000000
45511  -33.346  -6.974  56.354 0.0000000000
45465  -34.322  -7.956  58.962 0.0000000000
46350  -25.204  -5.983  64.007 0.0000000000
47189  -24.440  -5.776  61.605 0.0000000000
47179  -26.426  -5.510  62.281 0.0000000000
44498  -31.397  -8.970  60.486 0.0000000000
45463  -29.471  -7.287  59.363 0.0000000000
45479  -30.901  -8.312  58.280 0.0000000000
45353  -26.847  -6.850  67.513 0.0000000000
45359  -24.465  -7.563  65.954 0.0000000000
59790  -43.829  9.545  46.096 0.0000000000
60631  -47.423  10.533  45.208 0.0000000000
63114  -49.460  13.380  48.162 0.0000000000
52297  -34.140  0.851  53.667 0.0000000000
54707  -35.943  3.146  51.890 0.0000000000
56403  -41.043  5.119  54.247 0.0000000000
43386  -17.008  -10.019  67.597 0.0000000000
42386  -16.291  -10.942  69.665 0.0000000000
40555  -15.312  -11.885  71.185 0.0000000000
39510  -14.010  -13.285  68.949 0.0000000000
32249  -7.478  -21.975  74.303 0.0000000000
43502  -33.777  -10.189  61.145 0.0000000000
45432  -34.922  -8.357  60.582 0.0000000000
45405  -35.629  -7.874  63.134 0.0000000000
44409  -30.798  -7.666  66.647 0.0000000000
100468  -29.630  -7.130  63.732 0.0000000000
44440  -31.527  -8.713  64.646 0.0000000000
43465  -33.011  -10.113  62.689 0.0000000000
95229  -41.137  7.518  50.846 0.0000000000
95641  -43.021  8.565  49.874 0.0000000000
106375  -44.350  9.530  49.326 0.0000000000
60604  -45.854  10.759  48.529 0.0000000000
61430  -46.821  11.232  47.810 0.0000000000
61413  -47.242  11.856  50.561 0.0000000000
50628  -33.477  -1.687  57.579 0.0000000000
98613  -32.070  -1.689  56.110 0.0000000000
51452  -34.607  -0.624  56.407 0.0000000000
52272  -35.602  0.467  55.347 0.0000000000
53115  -36.386  1.995  54.001 0.0000000000
53922  -37.314  3.079  53.832 0.0000000000
53901  -39.210  1.835  54.889 0.0000000000
101437  -20.096  -9.454  66.800 0.0000000000
43430  -17.725  -9.657  65.779 0.0000000000
63139  -52.067  14.158  44.144 0.0000000000
35438  -6.968  -17.654  79.715 0.0000000000
46450  -33.598  -6.306  55.885 0.0000000000
47232  -32.888  -5.096  58.260 0.0000000000
46398  -34.599  -6.600  60.541 0.0000000000
48038  -33.653  -4.265  60.588 0.0000000000
112699  -33.106  -2.925  59.702 0.0000000000
49808  -35.638  -2.074  58.987 0.0000000000
101869  -28.534  -6.287  61.191 0.0000000000
44393  -23.949  -9.018  66.338 0.0000000000
44437  -22.746  -8.701  64.343 0.0000000000
61432  -48.279  11.984  47.083 0.0000000000
62304  -49.641  12.459  45.790 0.0000000000
63129  -50.927  13.652  45.500 0.0000000000
63993  -51.402  14.648  46.357 0.0000000000
35543  -10.935  -16.943  71.349 0.0000000000
35503  -10.097  -18.128  73.757 0.0000000000
57330  -38.433  6.115  50.346 0.0000000000
55559  -38.845  4.285  53.300 0.0000000000
107631  -39.558  5.522  52.446 0.0000000000
57322  -40.447  6.663  51.806 0.0000000000
97871  -42.693  7.241  53.122 0.0000000000
38465  -12.315  -14.692  72.309 0.0000000000
34687  -9.498  -18.465  75.246 0.0000000000
33111  -7.448  -20.080  76.962 0.0000000000
33103  -5.812  -20.318  77.270 0.0000000000
37435  -11.438  -15.516  75.272 0.0000000000
44546  -32.577  -8.207  57.815 0.0000000000
45481  -33.488  -7.877  57.992 0.0000000000
44533  -33.114  -8.486  58.589 0.0000000000
46335  -26.618  -6.062  64.792 0.0000000000
47164  -25.784  -5.626  63.203 0.0000000000
46352  -27.551  -6.135  63.768 0.0000000000
44499  -32.241  -9.369  60.058 0.0000000000
44531  -30.887  -8.465  59.198 0.0000000000
44532  -31.925  -8.664  58.645 0.0000000000
45494  -30.898  -8.132  57.336 0.0000000000
45363  -29.362  -6.666  66.632 0.0000000000
101890  -29.254  -7.071  68.194 0.0000000000
45376  -27.215  -6.176  66.170 0.0000000000
45375  -26.349  -6.392  66.063 0.0000000000
60630  -46.617  10.372  45.436 0.0000000000
48070  -31.702  -3.854  56.818 0.0000000000
48957  -31.527  -3.254  56.542 0.0000000000
53113  -34.652  1.430  53.189 0.0000000000
53126  -34.456  1.516  52.360 0.0000000000
53933  -35.506  2.563  52.276 0.0000000000
100815  -15.877  -11.394  67.048 0.0000000000
42387  -16.669  -10.435  69.018 0.0000000000
41502  -15.790  -11.567  68.517 0.0000000000
40565  -15.061  -12.263  69.483 0.0000000000
40580  -14.578  -13.102  67.601 0.0000000000
43485  -34.851  -10.308  62.355 0.0000000000
111078  -35.302  -9.726  62.101 0.0000000000
44452  -35.558  -8.810  63.616 0.0000000000
44410  -31.544  -8.313  66.489 0.0000000000
44424  -30.995  -8.093  65.181 0.0000000000
105554  -32.240  -8.959  66.346 0.0000000000
98636  -34.991  -10.221  64.093 0.0000000000
43452  -33.816  -10.064  64.471 0.0000000000
43466  -34.015  -10.408  62.863 0.0000000000
43483  -32.858  -10.054  61.831 0.0000000000
58916  -42.836  7.719  51.571 0.0000000000
58096  -41.720  7.948  50.253 0.0000000000
58917  -43.622  8.093  51.297 0.0000000000
60594  -45.412  10.285  50.962 0.0000000000
59763  -44.324  9.363  49.824 0.0000000000
59764  -44.810  9.914  49.427 0.0000000000
60602  -44.921  10.078  48.427 0.0000000000
60603  -45.437  10.487  49.050 0.0000000000
60599  -46.112  11.038  49.459 0.0000000000
61412  -46.615  11.449  50.888 0.0000000000
50630  -35.474  -1.262  57.847 0.0000000000
50640  -34.117  -1.141  56.946 0.0000000000
51438  -35.847  -0.754  57.365 0.0000000000
52274  -37.472  0.642  55.746 0.0000000000
52256  -35.936  0.141  56.118 0.0000000000
52273  -36.501  0.565  55.553 0.0000000000
52287  -36.143  0.933  54.885 0.0000000000
53089  -37.004  1.037  55.019 0.0000000000
53101  -37.311  1.786  54.565 0.0000000000
53091  -38.786  1.254  55.219 0.0000000000
43412  -21.760  -9.523  66.269 0.0000000000
107167  -21.138  -9.505  67.519 0.0000000000
104844  -20.973  -9.508  66.686 0.0000000000
43446  -17.901  -9.788  64.900 0.0000000000
64007  -52.338  15.079  45.183 0.0000000000
111304  -52.844  15.285  44.061 0.0000000000
35439  -8.085  -17.491  79.719 0.0000000000
45497  -33.567  -7.168  57.483 0.0000000000
46449  -33.144  -7.009  55.289 0.0000000000
46440  -33.566  -6.519  56.884 0.0000000000
47243  -33.380  -5.978  57.489 0.0000000000
98015  -35.318  -7.032  61.793 0.0000000000
45450  -34.960  -7.231  61.003 0.0000000000
46381  -34.723  -6.170  61.622 0.0000000000
48902  -35.960  -3.780  61.523 0.0000000000
47194  -34.836  -5.089  61.449 0.0000000000
48023  -34.783  -3.958  61.513 0.0000000000
107232  -33.562  -3.471  60.269 0.0000000000
49774  -35.250  -2.775  60.262 0.0000000000
103869  -35.168  -2.395  59.594 0.0000000000
49792  -36.138  -2.333  59.773 0.0000000000
47190  -25.663  -5.518  60.968 0.0000000000
45404  -30.190  -7.780  63.440 0.0000000000
46366  -29.160  -6.835  62.330 0.0000000000
45417  -29.784  -7.553  62.010 0.0000000000
46427  -28.825  -6.848  59.086 0.0000000000
44394  -24.674  -8.441  67.313 0.0000000000
103083  -23.631  -7.176  63.842 0.0000000000
97214  -23.459  -7.886  64.445 0.0000000000
45389  -23.104  -7.857  63.723 0.0000000000
44460  -21.800  -8.917  62.225 0.0000000000
61424  -47.278  11.695  48.670 0.0000000000
61431  -47.519  11.633  47.555 0.0000000000
61425  -48.084  12.080  48.160 0.0000000000
63115  -49.836  14.025  47.820 0.0000000000
62298  -49.261  12.874  47.587 0.0000000000
62302  -49.960  13.225  46.363 0.0000000000
62305  -50.410  12.985  45.447 0.0000000000
63122  -50.533  13.771  46.086 0.0000000000
63123  -51.165  14.180  45.905 0.0000000000
63992  -50.848  14.346  46.621 0.0000000000
51464  -32.414  -1.019  55.321 0.0000000000
111584  -31.755  -1.382  54.833 0.0000000000
56468  -37.260  5.223  49.756 0.0000000000
56455  -37.417  5.347  50.559 0.0000000000
54686  -38.759  3.229  54.260 0.0000000000
54710  -38.071  3.964  53.309 0.0000000000
54699  -39.207  3.934  53.918 0.0000000000
56410  -41.234  5.740  53.735 0.0000000000
56408  -39.843  5.166  53.005 0.0000000000
57291  -40.895  5.911  53.021 0.0000000000
57303  -39.978  6.056  52.151 0.0000000000
57305  -41.121  6.537  52.507 0.0000000000
58079  -41.976  6.937  52.631 0.0000000000
57293  -42.236  6.706  53.508 0.0000000000
39455  -14.097  -13.031  70.720 0.0000000000
40553  -13.871  -13.227  72.331 0.0000000000
39433  -13.504  -13.535  72.929 0.0000000000
38477  -12.798  -14.259  71.687 0.0000000000
37475  -11.825  -15.312  71.070 0.0000000000
38486  -12.349  -14.738  70.109 0.0000000000
113757  -9.552  -19.173  72.866 0.0000000000
35487  -10.111  -18.036  74.662 0.0000000000
33910  -8.958  -19.571  74.090 0.0000000000
98172  -7.194  -21.594  75.114 0.0000000000
33119  -7.691  -20.315  76.174 0.0000000000
33110  -6.898  -20.693  76.603 0.0000000000
96116  -6.509  -20.297  77.239 0.0000000000
32235  -5.662  -21.185  76.358 0.0000000000
43414  -33.107  -9.482  66.063 0.0000000000
59737  -45.125  9.081  53.482 0.0000000000
106463  -44.211  8.217  51.697 0.0000000000
59738  -45.473  9.560  52.927 0.0000000000
51439  -36.639  -0.605  57.550 0.0000000000
43450  -21.098  -9.367  64.524 0.0000000000
43433  -20.312  -9.444  65.039 0.0000000000
37409  -10.776  -15.913  77.554 0.0000000000
36428  -9.734  -17.133  77.725 0.0000000000
45510  -32.496  -7.598  55.839 0.0000000000
45482  -33.996  -7.480  58.422 0.0000000000
114145  -37.202  -2.783  60.468 0.0000000000
46348  -23.812  -6.466  63.373 0.0000000000
46377  -23.484  -6.585  62.004 0.0000000000
47163  -24.808  -5.592  63.094 0.0000000000
97451  -25.786  -5.414  61.680 0.0000000000
47191  -26.394  -5.455  61.226 0.0000000000
44479  -31.161  -8.851  61.382 0.0000000000
45430  -29.655  -7.426  61.090 0.0000000000
44497  -30.769  -8.478  60.802 0.0000000000
98366  -30.108  -7.847  58.820 0.0000000000
102600  -30.118  -7.879  57.096 0.0000000000
44396  -26.257  -7.527  68.232 0.0000000000
45351  -25.040  -7.451  66.878 0.0000000000
103557  -25.841  -6.794  66.590 0.0000000000
99412  -25.130  -6.514  64.827 0.0000000000
59782  -43.092  9.193  47.284 0.0000000000
60632  -48.212  10.709  44.963 0.0000000000
63109  -48.574  13.141  50.135 0.0000000000
62293  -48.626  12.603  48.631 0.0000000000
99608  -33.431  0.291  53.800 0.0000000000
54726  -35.669  3.402  51.006 0.0000000000
55571  -36.688  4.438  51.196 0.0000000000
54689  -41.008  4.331  54.693 0.0000000000
55552  -40.374  4.568  54.128 0.0000000000
55548  -41.705  5.015  54.936 0.0000000000
101234  -18.037  -9.287  68.080 0.0000000000
43369  -17.244  -9.882  69.041 0.0000000000
42382  -16.254  -10.841  71.118 0.0000000000
41499  -15.807  -11.443  70.432 0.0000000000
40559  -14.571  -12.614  70.129 0.0000000000
39482  -13.963  -13.125  69.803 0.0000000000
38502  -13.030  -14.608  68.759 0.0000000000
39538  -13.654  -14.022  68.473 0.0000000000
44500  -33.255  -9.397  59.843 0.0000000000
44501  -34.212  -9.137  59.987 0.0000000000
44482  -34.559  -9.530  60.736 0.0000000000
44483  -35.228  -8.851  61.537 0.0000000000
45378  -29.591  -6.906  65.637 0.0000000000
45391  -28.972  -6.397  64.983 0.0000000000
45393  -30.311  -7.493  64.918 0.0000000000
44439  -30.744  -8.209  64.163 0.0000000000
44449  -30.833  -8.509  63.073 0.0000000000
43436  -32.954  -9.605  65.144 0.0000000000
106803  -31.987  -9.270  64.235 0.0000000000
106483  -31.544  -9.185  63.007 0.0000000000
44480  -31.991  -9.500  61.659 0.0000000000
43501  -32.767  -9.894  61.033 0.0000000000
44400  -30.685  -7.681  67.577 0.0000000000
58095  -40.420  7.327  50.449 0.0000000000
97302  -40.114  7.447  48.785 0.0000000000
58102  -41.188  7.877  49.488 0.0000000000
58925  -41.846  8.180  49.525 0.0000000000
58936  -42.357  8.679  48.419 0.0000000000
58918  -44.281  8.537  51.180 0.0000000000
59762  -43.726  8.908  49.845 0.0000000000
59769  -43.016  9.092  48.124 0.0000000000
59784  -44.212  9.631  48.040 0.0000000000
60613  -44.705  9.962  47.478 0.0000000000
60622  -45.778  10.513  46.763 0.0000000000
60623  -46.474  10.958  46.947 0.0000000000
60615  -46.143  10.848  47.771 0.0000000000
101625  -46.794  11.505  49.361 0.0000000000
61417  -47.389  11.929  49.778 0.0000000000
61407  -47.149  11.825  51.318 0.0000000000
62282  -48.042  12.648  50.672 0.0000000000
49817  -32.612  -2.134  57.615 0.0000000000
49826  -31.784  -2.186  56.464 0.0000000000
112828  -32.931  -1.728  57.184 0.0000000000
51451  -33.703  -0.877  56.191 0.0000000000
51466  -34.149  -0.270  55.679 0.0000000000
51454  -36.275  -0.247  56.840 0.0000000000
51467  -35.046  0.003  55.915 0.0000000000
52271  -34.617  0.323  55.039 0.0000000000
52285  -34.573  0.735  54.320 0.0000000000
53099  -34.965  1.194  53.942 0.0000000000
53114  -35.481  1.730  53.553 0.0000000000
53921  -36.644  2.706  53.539 0.0000000000
53908  -37.099  2.470  54.097 0.0000000000
53909  -37.917  2.630  54.294 0.0000000000
53911  -39.431  2.627  54.647 0.0000000000
53903  -40.739  2.477  55.283 0.0000000000
54680  -40.932  3.412  54.987 0.0000000000
43389  -19.501  -9.351  67.419 0.0000000000
43432  -19.455  -9.494  65.378 0.0000000000
43410  -19.298  -9.459  66.393 0.0000000000
43388  -18.129  -9.325  67.290 0.0000000000
43408  -17.507  -9.682  66.724 0.0000000000
47242  -32.555  -5.110  57.204 0.0000000000
48940  -31.830  -3.303  58.274 0.0000000000
44518  -34.510  -8.273  59.644 0.0000000000
46413  -34.530  -7.046  59.522 0.0000000000
47223  -34.232  -6.186  59.918 0.0000000000
47209  -34.349  -5.649  60.868 0.0000000000
47222  -33.686  -5.661  59.510 0.0000000000
48049  -33.149  -4.033  59.847 0.0000000000
48931  -32.702  -3.166  59.574 0.0000000000
49790  -32.485  -2.834  59.206 0.0000000000
94255  -33.471  -2.486  59.174 0.0000000000
50613  -35.097  -1.732  58.370 0.0000000000
50614  -36.008  -1.703  58.432 0.0000000000
103782  -37.089  -2.335  59.689 0.0000000000
50599  -37.354  -1.959  59.241 0.0000000000
46353  -28.329  -6.332  63.439 0.0000000000
47193  -28.064  -6.022  61.772 0.0000000000
47207  -27.801  -5.796  60.890 0.0000000000
46397  -29.051  -6.738  60.713 0.0000000000
46396  -28.324  -6.211  60.312 0.0000000000
43392  -22.876  -9.447  67.088 0.0000000000
44406  -22.950  -9.306  65.692 0.0000000000
44423  -23.892  -8.406  65.850 0.0000000000
44438  -23.318  -8.667  65.179 0.0000000000
44422  -21.987  -9.298  64.820 0.0000000000
105196  -20.897  -9.311  63.468 0.0000000000
60624  -47.059  10.873  46.174 0.0000000000
61442  -47.884  11.046  45.776 0.0000000000
61443  -48.590  11.314  45.507 0.0000000000
62297  -48.740  12.459  47.815 0.0000000000
61438  -48.944  11.966  46.237 0.0000000000
61444  -49.277  11.681  45.238 0.0000000000
62311  -50.008  12.049  44.934 0.0000000000
62312  -50.668  12.485  44.528 0.0000000000
62313  -51.348  12.891  44.167 0.0000000000
63138  -51.626  13.698  44.536 0.0000000000
64006  -51.787  14.666  45.700 0.0000000000
37454  -11.526  -15.646  73.419 0.0000000000
36481  -11.094  -16.263  73.977 0.0000000000
36493  -10.688  -17.114  72.783 0.0000000000
106890  -31.429  -2.579  55.998 0.0000000000
57331  -38.969  6.556  49.984 0.0000000000
54696  -36.941  3.306  53.143 0.0000000000
54709  -37.314  4.001  52.727 0.0000000000
55572  -37.305  4.639  51.975 0.0000000000
55560  -39.688  4.585  53.528 0.0000000000
55574  -39.173  4.896  52.785 0.0000000000
55590  -37.858  5.147  51.806 0.0000000000
56440  -38.852  6.080  51.276 0.0000000000
97535  -39.231  6.566  50.689 0.0000000000
58091  -39.955  6.945  50.974 0.0000000000
109098  -40.624  7.166  51.189 0.0000000000
94909  -42.180  7.364  51.890 0.0000000000
110995  -43.231  7.621  52.790 0.0000000000
38436  -12.391  -14.203  75.094 0.0000000000
39420  -13.023  -13.879  73.541 0.0000000000
112138  -11.885  -15.078  73.311 0.0000000000
37465  -11.806  -15.306  71.932 0.0000000000
36520  -11.132  -16.881  70.488 0.0000000000
35477  -10.495  -17.403  74.982 0.0000000000
35469  -10.061  -17.515  76.282 0.0000000000
34670  -9.042  -18.294  77.158 0.0000000000
100027  -8.361  -19.954  74.759 0.0000000000
33898  -8.109  -19.586  76.509 0.0000000000
34669  -8.462  -18.726  77.656 0.0000000000
34660  -7.119  -18.693  78.693 0.0000000000
34659  -6.271  -18.769  78.800 0.0000000000
31416  -5.580  -22.278  75.221 0.0000000000
33117  -5.253  -21.067  76.170 0.0000000000
38446  -11.841  -14.861  74.744 0.0000000000
46336  -27.417  -6.090  64.670 0.0000000000
44515  -31.621  -8.943  59.629 0.0000000000
95059  -28.895  -6.398  66.192 0.0000000000
45362  -28.421  -6.473  66.809 0.0000000000
102285  -28.125  -6.163  66.222 0.0000000000
46321  -26.955  -6.076  65.464 0.0000000000
60629  -45.867  10.249  45.708 0.0000000000
48948  -31.625  -3.333  57.342 0.0000000000
49825  -31.628  -2.796  56.919 0.0000000000
53932  -34.769  2.127  51.812 0.0000000000
96790  -15.362  -12.216  66.893 0.0000000000
41507  -15.548  -11.787  67.804 0.0000000000
40572  -15.321  -12.085  68.590 0.0000000000
43486  -35.497  -9.836  62.874 0.0000000000
98086  -32.848  -9.296  67.033 0.0000000000
99542  -34.211  -10.313  63.624 0.0000000000
43467  -34.966  -10.317  63.199 0.0000000000
44402  -31.991  -8.663  67.268 0.0000000000
60598  -45.452  10.427  49.983 0.0000000000
60595  -46.038  10.989  50.452 0.0000000000
53090  -37.891  1.189  55.095 0.0000000000
64020  -52.414  14.857  44.484 0.0000000000
94727  -52.789  15.576  44.732 0.0000000000
36420  -9.581  -16.795  78.614 0.0000000000
35440  -9.001  -17.232  79.198 0.0000000000
36412  -8.771  -16.978  80.068 0.0000000000
35449  -8.607  -17.887  78.873 0.0000000000
46428  -33.727  -6.719  57.922 0.0000000000
46382  -35.165  -6.197  62.358 0.0000000000
48915  -34.471  -3.380  60.798 0.0000000000
110610  -36.102  -2.727  60.489 0.0000000000
45415  -22.702  -7.833  62.189 0.0000000000
45418  -30.171  -7.923  62.704 0.0000000000
45403  -29.676  -7.301  62.887 0.0000000000
45402  -23.320  -7.072  63.236 0.0000000000
45401  -22.819  -7.766  63.022 0.0000000000
44461  -22.293  -8.381  62.681 0.0000000000
63121  -49.655  13.393  47.285 0.0000000000
63118  -50.152  13.945  46.914 0.0000000000
51477  -32.451  -0.639  54.673 0.0000000000
55601  -36.288  4.305  50.163 0.0000000000
55602  -36.941  4.871  50.424 0.0000000000
54698  -38.586  3.782  53.753 0.0000000000
57304  -40.547  6.172  52.467 0.0000000000
96404  -14.274  -12.852  71.679 0.0000000000
39454  -13.545  -13.545  71.386 0.0000000000
38487  -12.896  -14.196  70.700 0.0000000000
33919  -9.357  -19.320  73.373 0.0000000000
31417  -6.558  -22.268  75.112 0.0000000000
32243  -6.681  -21.526  75.572 0.0000000000
32236  -6.389  -21.241  76.281 0.0000000000
51440  -37.427  -0.456  57.684 0.0000000000
43464  -19.969  -9.598  63.314 0.0000000000
37422  -11.332  -15.430  77.092 0.0000000000
36421  -10.173  -16.368  78.057 0.0000000000
36429  -10.436  -16.615  77.193 0.0000000000
45509  -31.647  -8.027  56.046 0.0000000000
46349  -24.380  -6.118  63.586 0.0000000000
47162  -24.072  -5.797  62.945 0.0000000000
47165  -26.770  -5.873  63.350 0.0000000000
47178  -25.389  -5.436  62.366 0.0000000000
95446  -30.008  -7.838  57.867 0.0000000000
45508  -30.887  -8.105  56.564 0.0000000000
45354  -27.822  -6.717  67.528 0.0000000000
44398  -28.225  -7.099  68.249 0.0000000000
44397  -27.236  -7.264  68.263 0.0000000000
45352  -25.907  -7.095  67.381 0.0000000000
45360  -26.584  -6.581  66.767 0.0000000000
46334  -25.824  -6.200  64.852 0.0000000000
46333  -24.546  -6.578  64.307 0.0000000000
59789  -43.267  9.310  46.513 0.0000000000
101330  -33.655  0.587  53.197 0.0000000000
52296  -33.113  0.050  53.065 0.0000000000
54745  -36.160  3.895  50.799 0.0000000000
54727  -36.284  3.788  51.581 0.0000000000
55549  -42.221  4.671  55.683 0.0000000000
56399  -42.246  5.890  54.726 0.0000000000
102986  -17.453  -9.675  68.275 0.0000000000
97651  -17.895  -9.479  68.853 0.0000000000
110966  -16.958  -10.089  68.442 0.0000000000
40571  -14.610  -12.727  68.557 0.0000000000
40564  -14.424  -12.773  69.385 0.0000000000
39509  -13.502  -13.818  69.348 0.0000000000
44481  -33.595  -9.779  60.440 0.0000000000
44465  -35.473  -8.824  62.566 0.0000000000
45364  -30.120  -7.059  66.409 0.0000000000
45379  -30.549  -7.496  65.776 0.0000000000
44425  -31.733  -8.610  65.601 0.0000000000
97171  -34.095  -9.793  66.046 0.0000000000
105550  -33.277  -10.071  63.558 0.0000000000
43451  -32.715  -9.647  64.304 0.0000000000
44451  -32.273  -9.561  63.427 0.0000000000
44464  -32.134  -9.582  62.486 0.0000000000
111201  -32.746  -9.671  60.417 0.0000000000
102359  -31.248  -8.142  67.148 0.0000000000
108096  -40.951  7.638  50.107 0.0000000000
101934  -42.347  8.296  49.911 0.0000000000
58926  -42.411  8.462  49.241 0.0000000000
59753  -44.845  8.712  51.749 0.0000000000
96609  -43.907  9.249  49.230 0.0000000000
58927  -43.166  8.867  49.041 0.0000000000
59770  -43.685  9.306  48.524 0.0000000000
96144  -43.566  9.372  47.839 0.0000000000
59771  -44.326  9.612  48.821 0.0000000000
113526  -45.439  10.446  48.441 0.0000000000
60614  -45.443  10.409  47.763 0.0000000000
60621  -45.116  10.216  46.911 0.0000000000
61416  -46.736  11.493  50.085 0.0000000000
52286  -35.298  0.818  54.615 0.0000000000
108356  -36.542  1.416  54.554 0.0000000000
53100  -35.807  1.355  54.263 0.0000000000
53102  -38.330  1.803  54.740 0.0000000000
53910  -38.755  2.360  54.543 0.0000000000
53912  -40.178  3.005  54.794 0.0000000000
43390  -20.407  -9.447  67.471 0.0000000000
100599  -19.964  -9.377  68.183 0.0000000000
43448  -19.535  -9.508  64.494 0.0000000000
43447  -18.701  -9.610  64.671 0.0000000000
43431  -18.548  -9.519  65.590 0.0000000000
43409  -18.304  -9.432  66.464 0.0000000000
108888  -18.785  -9.337  67.073 0.0000000000
42399  -17.185  -9.941  65.962 0.0000000000
35437  -6.112  -17.956  79.706 0.0000000000
47253  -33.393  -5.845  56.504 0.0000000000
98885  -32.252  -4.333  58.060 0.0000000000
45449  -34.761  -7.517  60.107 0.0000000000
48039  -34.251  -4.634  61.042 0.0000000000
47208  -33.888  -5.232  60.346 0.0000000000
103013  -33.436  -4.835  59.970 0.0000000000
48930  -32.064  -3.006  59.077 0.0000000000
49807  -34.585  -2.189  59.072 0.0000000000
49793  -36.542  -2.055  59.041 0.0000000000
49776  -37.535  -2.628  60.153 0.0000000000
46378  -23.912  -6.267  61.595 0.0000000000
46392  -23.660  -6.930  61.264 0.0000000000
45392  -29.596  -7.050  64.600 0.0000000000
46338  -29.008  -6.581  64.078 0.0000000000
46379  -28.680  -6.459  61.871 0.0000000000
46365  -28.491  -6.364  62.527 0.0000000000
45447  -29.569  -7.322  60.236 0.0000000000
43393  -23.695  -9.281  66.981 0.0000000000
105216  -23.274  -9.324  66.359 0.0000000000
107493  -22.662  -9.165  65.083 0.0000000000
44436  -21.858  -9.078  63.965 0.0000000000
61436  -47.033  11.323  46.993 0.0000000000
61437  -47.658  11.430  46.607 0.0000000000
108449  -48.275  11.545  46.223 0.0000000000
62286  -49.130  13.208  48.938 0.0000000000
62294  -49.105  12.887  48.251 0.0000000000
62301  -49.390  12.755  46.722 0.0000000000
62300  -48.904  12.448  47.084 0.0000000000
63137  -51.092  13.282  44.915 0.0000000000
63130  -51.444  13.978  45.240 0.0000000000
64894  -51.918  15.274  46.522 0.0000000000
36507  -11.026  -16.677  72.181 0.0000000000
36494  -11.119  -16.452  73.098 0.0000000000
35542  -10.591  -17.484  71.839 0.0000000000
50650  -31.561  -1.913  55.653 0.0000000000
56456  -37.752  5.678  50.271 0.0000000000
56469  -37.890  5.754  49.553 0.0000000000
57341  -38.506  6.243  49.461 0.0000000000
53934  -36.265  2.924  52.742 0.0000000000
55573  -38.192  4.625  52.568 0.0000000000
56422  -38.684  5.455  52.015 0.0000000000
96139  -39.355  5.904  51.874 0.0000000000
57321  -39.626  6.413  51.473 0.0000000000
58092  -41.335  7.131  51.744 0.0000000000
58080  -42.740  7.450  52.357 0.0000000000
38466  -12.923  -14.102  72.667 0.0000000000
38458  -12.359  -14.608  73.230 0.0000000000
37455  -11.863  -15.180  72.778 0.0000000000
110937  -11.936  -15.177  70.385 0.0000000000
37485  -11.472  -15.911  70.198 0.0000000000
36480  -10.719  -16.921  73.631 0.0000000000
36463  -10.781  -16.836  74.482 0.0000000000
35488  -10.448  -17.470  74.136 0.0000000000
35476  -10.047  -17.824  75.525 0.0000000000
34679  -9.375  -18.197  76.273 0.0000000000
35460  -9.591  -17.723  77.043 0.0000000000
32250  -8.100  -21.226  74.028 0.0000000000
33126  -8.481  -20.384  73.992 0.0000000000
113221  -8.098  -20.644  74.626 0.0000000000
33893  -7.915  -19.376  77.305 0.0000000000
34661  -8.151  -18.477  78.421 0.0000000000
33885  -7.603  -19.130  78.072 0.0000000000
33891  -6.182  -19.798  77.803 0.0000000000
33883  -5.901  -19.230  78.317 0.0000000000
34658  -5.803  -18.576  78.761 0.0000000000
106347  -5.247  -22.155  75.123 0.0000000000
32241  -5.403  -21.515  75.617 0.0000000000
36450  -11.137  -16.232  75.781 0.0000000000
45495  -31.920  -7.931  56.892 0.0000000000
44534  -33.859  -8.147  58.593 0.0000000000
46351  -26.214  -5.952  64.065 0.0000000000
104575  -26.935  -6.056  64.122 0.0000000000
45480  -31.661  -8.308  57.800 0.0000000000
44399  -30.054  -7.337  68.102 0.0000000000
45355  -28.877  -6.689  67.476 0.0000000000
45361  -27.483  -6.452  66.842 0.0000000000
46320  -26.235  -6.249  65.440 0.0000000000
59791  -44.536  9.873  46.529 0.0000000000
48082  -32.082  -4.552  56.578 0.0000000000
53112  -34.036  1.041  52.862 0.0000000000
53125  -34.024  0.918  52.099 0.0000000000
53951  -35.215  2.762  51.355 0.0000000000
41508  -16.398  -10.680  67.293 0.0000000000
42390  -16.526  -10.557  68.203 0.0000000000
42393  -16.046  -11.164  67.963 0.0000000000
42389  -16.189  -11.063  68.800 0.0000000000
111277  -15.737  -11.642  69.360 0.0000000000
39539  -14.141  -13.523  68.097 0.0000000000
43503  -34.764  -10.059  61.492 0.0000000000
97480  -31.099  -8.080  65.938 0.0000000000
44426  -32.406  -9.215  65.624 0.0000000000
43484  -33.886  -10.390  61.998 0.0000000000
58093  -41.984  7.670  51.179 0.0000000000
58920  -42.739  8.164  50.679 0.0000000000
58921  -43.644  8.542  50.585 0.0000000000
59754  -45.100  9.429  51.454 0.0000000000
59758  -44.831  9.640  50.525 0.0000000000
50629  -34.542  -1.414  57.699 0.0000000000
51437  -35.014  -0.922  57.137 0.0000000000
52258  -37.485  0.257  56.463 0.0000000000
52257  -36.787  0.210  56.272 0.0000000000
43370  -22.523  -9.553  67.914 0.0000000000
43391  -21.908  -9.506  67.137 0.0000000000
42410  -17.278  -10.080  65.246 0.0000000000
64019  -51.981  14.385  44.911 0.0000000000
64032  -52.587  14.611  43.724 0.0000000000
35448  -7.619  -18.157  79.182 0.0000000000
45433  -35.249  -7.826  61.391 0.0000000000
48024  -35.566  -4.558  61.829 0.0000000000
48914  -34.023  -3.841  61.090 0.0000000000
49791  -34.179  -2.803  59.880 0.0000000000
49794  -37.892  -2.334  59.840 0.0000000000
47203  -25.020  -5.740  60.937 0.0000000000
46354  -29.083  -6.692  63.161 0.0000000000
46380  -29.151  -6.849  61.543 0.0000000000
107328  -24.267  -8.916  66.909 0.0000000000
45390  -23.993  -7.160  64.470 0.0000000000
45373  -23.893  -7.742  65.198 0.0000000000
44448  -22.442  -8.464  63.493 0.0000000000
63980  -51.252  14.886  47.046 0.0000000000
35562  -10.770  -17.647  70.776 0.0000000000
50651  -32.070  -1.431  55.593 0.0000000000
54685  -38.008  3.411  53.888 0.0000000000
54697  -37.524  3.565  53.418 0.0000000000
56409  -40.468  5.261  53.513 0.0000000000
56423  -40.247  5.651  52.760 0.0000000000
40554  -14.744  -12.469  71.009 0.0000000000
107163  -13.350  -13.717  72.218 0.0000000000
38476  -12.199  -14.838  71.584 0.0000000000
106849  -12.317  -14.732  70.923 0.0000000000
37486  -11.952  -15.372  69.689 0.0000000000
34703  -9.726  -18.718  73.246 0.0000000000
33911  -9.571  -18.757  74.203 0.0000000000
34695  -8.905  -19.188  74.957 0.0000000000
33125  -7.665  -21.129  74.881 0.0000000000
33118  -7.322  -21.073  75.799 0.0000000000
33892  -7.023  -19.670  77.630 0.0000000000
33109  -6.028  -20.889  76.901 0.0000000000
43415  -33.740  -9.659  66.814 0.0000000000
43439  -35.670  -9.611  65.218 0.0000000000
58910  -44.404  8.314  52.352 0.0000000000
59751  -45.051  8.872  52.611 0.0000000000
59752  -45.334  9.376  52.161 0.0000000000
60589  -45.491  10.111  51.796 0.0000000000
50632  -37.037  -0.942  58.246 0.0000000000
52243  -37.852  0.033  57.083 0.0000000000
52259  -38.284  0.489  56.333 0.0000000000
43449  -20.240  -9.444  64.136 0.0000000000
96453  -19.576  -9.586  63.810 0.0000000000
45496  -32.975  -7.549  57.073 0.0000000000
46412  -34.072  -6.735  58.939 0.0000000000
48917  -36.646  -3.025  60.944 0.0000000000
46363  -23.588  -6.377  62.769 0.0000000000
47176  -23.940  -5.912  62.255 0.0000000000
47177  -24.583  -5.564  62.333 0.0000000000
99544  -25.109  -5.489  61.617 0.0000000000
47205  -26.239  -5.583  60.366 0.0000000000
45431  -30.324  -8.118  61.349 0.0000000000
45448  -30.201  -7.963  60.578 0.0000000000
44514  -30.821  -8.482  60.096 0.0000000000
45464  -30.175  -7.880  59.731 0.0000000000
45478  -29.262  -7.314  58.420 0.0000000000
44395  -25.342  -8.053  67.936 0.0000000000
45374  -25.429  -6.762  65.756 0.0000000000
46319  -24.548  -7.020  65.131 0.0000000000
46332  -24.063  -6.693  63.894 0.0000000000
62285  -48.553  12.805  49.413 0.0000000000
112320  -48.883  13.221  49.548 0.0000000000
52283  -32.717  -0.276  53.898 0.0000000000
54688  -40.301  3.859  54.535 0.0000000000
55551  -39.809  4.123  54.143 0.0000000000
56404  -41.611  5.600  54.330 0.0000000000
57282  -41.883  6.154  53.971 0.0000000000
57283  -42.477  6.593  54.245 0.0000000000
103376  -16.970  -10.272  69.891 0.0000000000
110658  -15.465  -11.885  69.926 0.0000000000
40560  -15.182  -12.111  70.373 0.0000000000
38495  -12.917  -14.291  69.749 0.0000000000
31427  -6.090  -23.140  74.813 0.0000000000
44517  -33.788  -8.689  59.239 0.0000000000
45377  -28.785  -6.267  65.696 0.0000000000
105991  -30.115  -7.520  64.174 0.0000000000
44441  -32.184  -9.227  64.940 0.0000000000
44450  -31.445  -8.953  63.764 0.0000000000
44463  -31.321  -9.036  62.294 0.0000000000
97396  -31.999  -9.434  60.848 0.0000000000
44408  -30.011  -6.932  67.329 0.0000000000
58094  -39.629  7.022  50.031 0.0000000000
58100  -39.620  7.153  49.104 0.0000000000
58101  -40.360  7.487  49.533 0.0000000000
58935  -41.567  8.234  48.760 0.0000000000
59757  -44.270  8.968  50.539 0.0000000000
59783  -43.876  9.572  47.121 0.0000000000
107551  -46.363  10.582  46.214 0.0000000000
61423  -46.492  11.193  48.628 0.0000000000
62284  -48.012  12.465  49.961 0.0000000000
61414  -47.657  12.207  50.395 0.0000000000
49805  -32.015  -2.773  58.420 0.0000000000
49816  -32.005  -2.464  57.335 0.0000000000
50627  -32.461  -1.819  56.783 0.0000000000
50639  -33.222  -1.377  56.789 0.0000000000
51450  -32.728  -1.239  56.026 0.0000000000
51465  -33.148  -0.524  55.391 0.0000000000
51453  -35.447  -0.392  56.651 0.0000000000
52270  -33.754  0.012  55.034 0.0000000000
52284  -33.909  0.411  54.410 0.0000000000
53920  -35.900  2.339  53.159 0.0000000000
53093  -40.495  1.714  55.577 0.0000000000
53902  -39.998  2.086  55.050 0.0000000000
54681  -41.625  3.962  55.428 0.0000000000
43411  -20.247  -9.534  65.995 0.0000000000
100600  -18.703  -9.246  67.792 0.0000000000
43387  -17.621  -9.542  67.599 0.0000000000
43407  -16.832  -10.238  66.568 0.0000000000
47252  -32.732  -5.188  56.185 0.0000000000
48071  -31.871  -4.091  57.425 0.0000000000
109151  -34.556  -7.625  59.364 0.0000000000
46429  -34.385  -7.401  58.992 0.0000000000
48060  -33.161  -4.931  59.203 0.0000000000
48059  -32.605  -3.914  58.923 0.0000000000
49806  -32.926  -2.313  58.443 0.0000000000
50612  -34.012  -1.938  58.395 0.0000000000
49775  -36.854  -2.627  60.212 0.0000000000
50615  -36.780  -1.600  58.638 0.0000000000
46337  -28.244  -6.255  64.403 0.0000000000
46364  -27.561  -5.978  62.648 0.0000000000
47192  -27.234  -5.621  61.559 0.0000000000
47206  -26.983  -5.572  60.611 0.0000000000
47221  -26.738  -5.735  59.898 0.0000000000
46411  -28.901  -6.718  59.830 0.0000000000
46395  -27.465  -5.848  59.972 0.0000000000
43371  -23.405  -9.482  67.745 0.0000000000
43413  -22.489  -9.474  66.359 0.0000000000
43435  -22.185  -9.436  65.624 0.0000000000
44407  -24.312  -8.229  66.604 0.0000000000
107435  -23.541  -9.073  65.830 0.0000000000
44447  -21.709  -8.874  63.090 0.0000000000
61450  -49.643  11.276  44.426 0.0000000000
61451  -50.341  11.620  44.113 0.0000000000
64905  -52.236  15.349  45.805 0.0000000000
35504  -10.397  -17.566  73.301 0.0000000000
34712  -10.200  -18.222  72.033 0.0000000000
34704  -10.047  -18.166  72.875 0.0000000000
51476  -32.013  -0.825  53.995 0.0000000000
54708  -36.578  3.561  52.389 0.0000000000
110250  -36.758  4.171  52.049 0.0000000000
56439  -37.983  5.648  51.105 0.0000000000
38447  -12.470  -14.367  74.166 0.0000000000
38457  -11.902  -15.002  73.859 0.0000000000
37464  -11.443  -15.907  72.488 0.0000000000
37474  -11.330  -16.101  71.393 0.0000000000
38494  -12.430  -14.949  69.303 0.0000000000
36464  -11.117  -16.209  74.863 0.0000000000
36449  -10.791  -16.813  75.340 0.0000000000
35470  -10.430  -17.286  75.681 0.0000000000
36439  -10.595  -16.842  76.264 0.0000000000
36438  -10.126  -17.184  76.903 0.0000000000
35459  -9.039  -18.000  77.932 0.0000000000
99868  -7.894  -20.500  75.363 0.0000000000
33904  -8.257  -19.756  75.640 0.0000000000
34686  -8.720  -18.910  75.882 0.0000000000
34678  -8.614  -18.833  76.824 0.0000000000
34653  -6.616  -18.279  79.244 0.0000000000
33884  -6.614  -19.260  78.282 0.0000000000
34652  -6.042  -18.367  79.224 0.0000000000
31426  -5.324  -22.891  74.729 0.0000000000
33108  -5.527  -20.740  76.740 0.0000000000
35522  -10.375  -17.689  72.576 0.0000000000
