#!ascii label  , from subject sub-v1s18x0051277_ses-1 vox2ras=TkReg
1239
102725  -38.281  43.076  -3.891 0.0000000000
110552  -27.900  56.471  4.123 0.0000000000
104054  -35.039  45.110  6.928 0.0000000000
105505  -39.212  48.347  -1.482 0.0000000000
110606  -32.391  57.126  1.377 0.0000000000
108000  -35.447  51.351  2.620 0.0000000000
108017  -36.521  52.297  0.500 0.0000000000
121015  -32.802  46.555  -1.758 0.0000000000
99635  -33.148  39.460  1.237 0.0000000000
120919  -40.735  41.424  3.967 0.0000000000
112219  -26.658  59.211  4.843 0.0000000000
113342  -29.240  61.837  2.175 0.0000000000
111764  -29.501  58.859  -3.827 0.0000000000
123423  -43.447  43.495  3.669 0.0000000000
106158  -30.571  47.904  3.088 0.0000000000
104109  -37.955  45.262  0.229 0.0000000000
126903  -41.272  46.850  -6.402 0.0000000000
106276  -33.746  48.677  -7.759 0.0000000000
103458  -29.398  44.785  -5.435 0.0000000000
103474  -36.911  44.849  -6.858 0.0000000000
111213  -33.892  57.246  -1.445 0.0000000000
110095  -36.034  55.760  1.163 0.0000000000
109186  -35.770  54.247  -2.241 0.0000000000
136166  -33.494  51.556  -0.892 0.0000000000
101150  -37.445  41.423  2.572 0.0000000000
101896  -38.960  42.336  6.143 0.0000000000
111144  -23.298  57.467  1.935 0.0000000000
112273  -27.237  59.976  -1.040 0.0000000000
135259  -42.344  44.482  8.007 0.0000000000
103379  -39.936  44.232  5.988 0.0000000000
110051  -25.252  55.043  4.458 0.0000000000
108007  -28.748  51.667  1.865 0.0000000000
107420  -39.918  50.349  3.019 0.0000000000
105445  -36.631  48.224  2.438 0.0000000000
140836  -40.881  48.237  -0.290 0.0000000000
104121  -40.726  46.070  -2.091 0.0000000000
125023  -40.857  47.824  -4.043 0.0000000000
105599  -38.122  48.456  -7.670 0.0000000000
104831  -37.524  46.687  -4.448 0.0000000000
106251  -30.101  48.784  -5.560 0.0000000000
110555  -31.965  57.606  4.145 0.0000000000
109149  -31.077  53.736  1.606 0.0000000000
109622  -34.398  55.198  2.320 0.0000000000
108603  -37.920  52.906  2.849 0.0000000000
106839  -37.538  50.388  0.963 0.0000000000
104779  -36.084  46.525  -1.644 0.0000000000
106861  -34.921  49.105  -0.354 0.0000000000
106858  -31.820  49.156  -0.452 0.0000000000
129096  -34.913  38.860  -0.004 0.0000000000
100388  -38.132  40.758  -0.030 0.0000000000
135265  -40.579  41.562  0.166 0.0000000000
109136  -21.072  53.868  3.666 0.0000000000
110536  -23.914  56.342  5.062 0.0000000000
111089  -26.957  57.474  8.860 0.0000000000
111678  -30.519  58.991  6.106 0.0000000000
111715  -28.377  58.189  1.922 0.0000000000
111209  -29.691  57.415  -1.479 0.0000000000
111754  -32.295  58.719  -3.245 0.0000000000
112323  -32.239  59.741  -5.174 0.0000000000
125821  -43.258  41.959  8.574 0.0000000000
101121  -44.331  41.651  4.747 0.0000000000
101963  -44.307  42.601  -1.348 0.0000000000
104062  -32.103  45.171  5.294 0.0000000000
130028  -32.982  49.982  2.313 0.0000000000
104731  -34.485  46.520  2.436 0.0000000000
103394  -36.468  43.879  3.156 0.0000000000
128084  -40.054  43.392  1.766 0.0000000000
102703  -44.020  43.595  -1.363 0.0000000000
103463  -41.537  44.246  -6.141 0.0000000000
104191  -39.168  46.111  -10.329 0.0000000000
104881  -35.325  46.498  -10.369 0.0000000000
121095  -33.059  45.458  -8.375 0.0000000000
137069  -33.883  47.022  -4.794 0.0000000000
104853  -31.263  47.723  -6.862 0.0000000000
102032  -30.110  43.051  -7.185 0.0000000000
102000  -37.512  42.661  -3.279 0.0000000000
102737  -36.830  43.609  -4.759 0.0000000000
125327  -37.436  43.971  -5.435 0.0000000000
111223  -34.465  57.576  -2.684 0.0000000000
110624  -35.592  56.198  -1.625 0.0000000000
109661  -34.743  54.887  -2.974 0.0000000000
109174  -34.124  53.405  -2.261 0.0000000000
103365  -37.381  44.602  6.332 0.0000000000
110551  -26.601  56.027  4.528 0.0000000000
106193  -40.525  49.463  1.124 0.0000000000
106194  -40.749  49.237  1.132 0.0000000000
143990  -41.111  49.194  -1.077 0.0000000000
137721  -41.254  48.715  -2.036 0.0000000000
105535  -39.875  47.827  -3.120 0.0000000000
104832  -38.616  46.948  -4.334 0.0000000000
104795  -38.643  47.139  -2.869 0.0000000000
111167  -31.884  57.704  3.309 0.0000000000
110073  -32.226  56.530  3.139 0.0000000000
122296  -33.282  56.699  2.625 0.0000000000
109156  -37.117  54.179  0.748 0.0000000000
109625  -37.278  54.309  2.373 0.0000000000
108615  -37.365  53.008  1.523 0.0000000000
107428  -38.326  52.015  2.550 0.0000000000
107433  -36.356  51.298  0.457 0.0000000000
106862  -35.692  49.256  -0.087 0.0000000000
107452  -35.243  50.619  -0.298 0.0000000000
138491  -32.764  50.390  -0.584 0.0000000000
138506  -39.373  41.433  3.315 0.0000000000
136900  -38.351  41.160  1.604 0.0000000000
138399  -39.608  41.381  2.283 0.0000000000
121253  -39.727  41.388  0.289 0.0000000000
120916  -41.301  41.426  2.447 0.0000000000
111686  -24.839  58.341  2.727 0.0000000000
111131  -23.877  57.048  2.849 0.0000000000
111677  -25.870  58.097  5.153 0.0000000000
111110  -24.703  56.491  7.707 0.0000000000
111666  -27.096  58.673  7.323 0.0000000000
125055  -29.845  62.195  5.876 0.0000000000
112732  -30.269  60.894  7.746 0.0000000000
112749  -29.023  60.560  4.139 0.0000000000
131279  -29.521  58.703  4.037 0.0000000000
112240  -28.092  59.499  2.183 0.0000000000
142156  -27.572  58.975  -2.722 0.0000000000
111745  -28.056  58.043  -1.614 0.0000000000
120446  -29.259  58.272  -2.956 0.0000000000
111219  -31.452  57.980  -2.545 0.0000000000
111753  -30.471  58.528  -3.391 0.0000000000
111765  -31.899  59.107  -3.751 0.0000000000
111777  -30.384  59.331  -4.477 0.0000000000
101829  -40.586  42.112  13.221 0.0000000000
101035  -41.297  41.054  14.091 0.0000000000
101037  -42.334  41.200  13.004 0.0000000000
101849  -42.328  41.703  10.412 0.0000000000
101839  -43.321  42.171  10.615 0.0000000000
102642  -43.747  43.596  6.105 0.0000000000
102633  -44.464  42.766  6.606 0.0000000000
102652  -44.930  42.713  4.520 0.0000000000
101940  -44.800  41.890  2.119 0.0000000000
139873  -44.964  43.121  1.946 0.0000000000
105433  -28.921  47.212  3.945 0.0000000000
104706  -29.965  45.991  5.462 0.0000000000
123510  -31.069  46.720  3.674 0.0000000000
108611  -33.125  52.534  1.699 0.0000000000
108010  -31.967  51.402  1.746 0.0000000000
107415  -33.616  50.778  2.121 0.0000000000
131371  -37.206  46.878  1.438 0.0000000000
105444  -35.414  47.151  2.194 0.0000000000
104100  -35.945  45.427  1.644 0.0000000000
103401  -35.294  44.753  2.605 0.0000000000
103410  -36.585  44.355  1.762 0.0000000000
102668  -38.547  43.403  2.502 0.0000000000
129880  -38.846  43.736  0.504 0.0000000000
104816  -41.845  47.025  -3.899 0.0000000000
102710  -42.034  44.264  -1.840 0.0000000000
104133  -42.859  44.917  -4.343 0.0000000000
102743  -43.376  44.006  -4.584 0.0000000000
140499  -41.786  45.066  -7.217 0.0000000000
139673  -40.473  45.241  -8.250 0.0000000000
104872  -40.367  46.133  -9.359 0.0000000000
106279  -36.366  48.944  -8.406 0.0000000000
106296  -36.619  48.558  -9.779 0.0000000000
105614  -34.820  48.153  -8.884 0.0000000000
104178  -33.674  45.693  -9.071 0.0000000000
104868  -33.653  47.278  -8.364 0.0000000000
104777  -34.262  46.365  -1.733 0.0000000000
104792  -34.735  46.062  -2.640 0.0000000000
104809  -33.193  46.366  -3.260 0.0000000000
104838  -29.425  47.332  -5.585 0.0000000000
106258  -30.581  48.695  -6.132 0.0000000000
104839  -30.168  47.201  -6.113 0.0000000000
132049  -31.378  45.528  -6.504 0.0000000000
102750  -29.507  43.831  -5.887 0.0000000000
102030  -28.552  42.154  -7.052 0.0000000000
101202  -34.873  41.075  -1.909 0.0000000000
103487  -36.176  45.305  -8.713 0.0000000000
110616  -32.683  56.882  0.236 0.0000000000
110608  -34.057  56.795  1.186 0.0000000000
110618  -35.093  56.508  -0.863 0.0000000000
109639  -36.611  54.929  -0.752 0.0000000000
109161  -36.251  53.611  -0.701 0.0000000000
108624  -34.906  52.105  -0.979 0.0000000000
108636  -34.570  52.779  -1.620 0.0000000000
101165  -35.635  41.312  1.719 0.0000000000
101130  -36.414  41.958  3.669 0.0000000000
101106  -40.329  41.759  5.276 0.0000000000
112758  -26.313  60.457  3.168 0.0000000000
135294  -27.957  60.610  0.221 0.0000000000
112319  -27.722  60.135  -4.129 0.0000000000
112327  -29.419  60.399  -5.532 0.0000000000
103342  -42.648  43.967  9.812 0.0000000000
103368  -40.645  44.528  6.682 0.0000000000
102649  -41.828  43.674  4.758 0.0000000000
107411  -29.016  50.206  2.244 0.0000000000
128552  -38.378  51.192  3.335 0.0000000000
106822  -36.148  49.736  2.882 0.0000000000
106170  -39.116  49.253  2.925 0.0000000000
105462  -39.157  48.144  1.603 0.0000000000
104756  -38.622  46.450  0.204 0.0000000000
104116  -39.322  45.584  -0.816 0.0000000000
104781  -40.626  46.809  -1.480 0.0000000000
105522  -41.448  47.759  -3.319 0.0000000000
120594  -40.801  47.495  -5.510 0.0000000000
105601  -39.894  47.655  -8.371 0.0000000000
105586  -38.990  47.868  -6.803 0.0000000000
105568  -37.892  47.679  -6.267 0.0000000000
126985  -35.904  47.639  -6.035 0.0000000000
105534  -31.078  47.313  -3.659 0.0000000000
104040  -32.986  45.570  7.359 0.0000000000
110570  -29.864  56.521  3.595 0.0000000000
109619  -29.420  54.990  2.270 0.0000000000
109620  -30.418  55.068  2.175 0.0000000000
109632  -32.664  54.436  1.916 0.0000000000
109153  -34.657  53.323  2.212 0.0000000000
110076  -35.078  55.635  2.229 0.0000000000
109144  -35.782  53.833  2.540 0.0000000000
108002  -37.235  52.478  3.125 0.0000000000
107429  -38.976  51.454  3.043 0.0000000000
106840  -38.895  50.374  1.486 0.0000000000
106213  -38.358  48.928  0.022 0.0000000000
105504  -37.818  47.605  -1.334 0.0000000000
105490  -36.208  47.867  -0.530 0.0000000000
105489  -35.183  47.568  -0.663 0.0000000000
105487  -33.389  47.202  -0.836 0.0000000000
107451  -34.311  50.673  -0.577 0.0000000000
106859  -33.222  48.935  -0.489 0.0000000000
100362  -36.266  40.682  1.150 0.0000000000
99645  -36.075  39.837  0.038 0.0000000000
100398  -35.659  40.561  -1.296 0.0000000000
101205  -37.108  41.357  -1.529 0.0000000000
101971  -38.873  41.982  -1.845 0.0000000000
101985  -39.301  42.470  -2.583 0.0000000000
109125  -21.699  53.532  4.770 0.0000000000
110049  -22.677  55.243  4.011 0.0000000000
110026  -22.956  54.889  6.562 0.0000000000
110028  -24.242  55.721  7.580 0.0000000000
110526  -24.976  55.895  8.047 0.0000000000
134416  -26.707  56.773  8.135 0.0000000000
112730  -27.974  60.924  6.480 0.0000000000
112190  -28.359  59.248  9.133 0.0000000000
111667  -29.165  58.361  8.232 0.0000000000
111123  -30.106  57.850  5.679 0.0000000000
111124  -31.250  58.105  5.208 0.0000000000
111147  -30.860  58.281  3.985 0.0000000000
123570  -29.622  57.444  1.603 0.0000000000
111724  -27.559  58.808  0.598 0.0000000000
111195  -28.466  57.558  -0.241 0.0000000000
110614  -30.862  56.819  -0.160 0.0000000000
111199  -32.331  57.023  -0.989 0.0000000000
111221  -33.442  58.352  -2.773 0.0000000000
111780  -32.961  58.930  -3.965 0.0000000000
111233  -32.575  58.964  -4.546 0.0000000000
112328  -30.478  60.357  -5.843 0.0000000000
144587  -41.010  42.365  7.707 0.0000000000
101098  -42.180  41.817  6.429 0.0000000000
102618  -43.896  43.043  9.005 0.0000000000
101099  -43.453  41.728  6.626 0.0000000000
143474  -42.438  41.456  4.573 0.0000000000
120881  -42.491  41.456  2.274 0.0000000000
101194  -43.088  42.173  -0.379 0.0000000000
101987  -42.002  42.603  -2.399 0.0000000000
137821  -33.376  44.844  6.142 0.0000000000
108608  -30.095  52.539  1.589 0.0000000000
107425  -30.615  50.671  1.956 0.0000000000
133140  -31.098  49.351  2.446 0.0000000000
130846  -35.354  49.032  2.684 0.0000000000
125312  -33.353  48.472  2.649 0.0000000000
123226  -31.815  47.161  3.279 0.0000000000
104080  -33.145  45.810  3.365 0.0000000000
103387  -34.246  44.597  4.675 0.0000000000
121191  -35.998  44.328  4.953 0.0000000000
102638  -38.254  43.844  4.925 0.0000000000
102656  -39.784  43.446  3.613 0.0000000000
102671  -41.762  43.445  2.561 0.0000000000
141731  -40.655  43.751  -0.510 0.0000000000
102686  -41.741  43.528  0.789 0.0000000000
102687  -44.119  43.469  0.848 0.0000000000
101965  -45.281  43.030  -1.388 0.0000000000
102004  -43.229  43.014  -3.356 0.0000000000
102740  -39.923  43.463  -4.670 0.0000000000
103476  -38.948  44.659  -6.877 0.0000000000
130548  -37.538  45.514  -8.569 0.0000000000
104169  -36.765  45.601  -10.307 0.0000000000
105617  -38.829  48.278  -9.791 0.0000000000
104883  -37.144  46.738  -11.064 0.0000000000
104200  -36.119  45.352  -11.341 0.0000000000
104198  -34.826  45.116  -11.381 0.0000000000
103502  -33.008  44.369  -10.177 0.0000000000
104793  -36.443  46.298  -2.492 0.0000000000
104840  -34.963  46.992  -5.059 0.0000000000
105582  -33.939  48.129  -6.198 0.0000000000
137227  -31.805  48.242  -5.372 0.0000000000
106260  -32.219  48.710  -6.710 0.0000000000
105597  -32.402  48.347  -7.385 0.0000000000
134463  -32.587  46.142  -7.543 0.0000000000
102768  -31.459  43.947  -7.551 0.0000000000
102724  -37.170  43.173  -3.973 0.0000000000
102738  -37.808  43.522  -4.685 0.0000000000
110125  -34.589  56.640  -3.116 0.0000000000
110626  -34.928  56.909  -2.669 0.0000000000
110111  -34.347  55.634  -3.242 0.0000000000
103351  -37.223  45.082  7.118 0.0000000000
136825  -36.524  44.752  6.497 0.0000000000
110053  -27.152  55.724  3.505 0.0000000000
110068  -26.634  55.141  3.156 0.0000000000
110069  -27.428  55.170  2.859 0.0000000000
106214  -40.055  49.404  0.165 0.0000000000
106215  -41.087  49.169  0.214 0.0000000000
106224  -40.582  49.222  -0.706 0.0000000000
105506  -40.721  49.045  -1.592 0.0000000000
105519  -39.638  48.098  -2.280 0.0000000000
105518  -38.243  47.302  -2.084 0.0000000000
110592  -32.065  57.439  2.444 0.0000000000
111149  -32.290  57.415  3.575 0.0000000000
110593  -32.906  57.206  2.758 0.0000000000
108626  -36.738  53.394  0.461 0.0000000000
124234  -37.423  53.790  1.559 0.0000000000
108018  -37.409  52.153  1.485 0.0000000000
108029  -35.543  51.643  -0.298 0.0000000000
99637  -34.118  39.692  0.763 0.0000000000
121168  -40.060  41.414  3.475 0.0000000000
101152  -39.655  41.397  2.874 0.0000000000
121627  -40.284  41.400  2.601 0.0000000000
144512  -40.034  41.390  2.071 0.0000000000
120918  -40.969  41.409  3.298 0.0000000000
111687  -26.188  58.909  4.060 0.0000000000
134996  -25.529  58.471  3.600 0.0000000000
112208  -26.555  58.461  6.306 0.0000000000
142881  -26.998  59.261  5.528 0.0000000000
113343  -30.099  62.877  2.649 0.0000000000
113330  -30.051  62.879  4.003 0.0000000000
113319  -29.499  61.711  4.557 0.0000000000
112740  -29.501  60.943  5.379 0.0000000000
112759  -28.453  60.311  2.804 0.0000000000
111763  -28.278  58.804  -3.261 0.0000000000
111752  -28.183  58.379  -2.433 0.0000000000
125165  -30.831  59.040  -3.994 0.0000000000
102603  -39.100  43.155  11.861 0.0000000000
102604  -40.627  42.841  11.922 0.0000000000
101830  -41.796  41.683  12.954 0.0000000000
102605  -41.642  42.598  11.871 0.0000000000
101831  -42.385  41.825  12.197 0.0000000000
122794  -43.007  43.702  5.146 0.0000000000
131417  -43.990  43.418  5.334 0.0000000000
102659  -44.437  43.227  4.077 0.0000000000
102660  -44.898  42.725  3.575 0.0000000000
102673  -44.406  43.219  2.918 0.0000000000
106161  -28.558  48.716  2.919 0.0000000000
106157  -29.635  47.614  3.418 0.0000000000
141739  -29.630  47.130  3.766 0.0000000000
125618  -30.300  47.108  3.613 0.0000000000
108012  -33.807  51.735  1.948 0.0000000000
108011  -32.858  51.527  1.796 0.0000000000
142612  -34.449  51.237  2.249 0.0000000000
104746  -37.129  45.996  0.951 0.0000000000
104745  -36.432  46.099  1.417 0.0000000000
104101  -36.534  45.136  1.254 0.0000000000
103409  -35.901  44.798  1.890 0.0000000000
103411  -37.116  44.454  1.166 0.0000000000
140689  -37.625  43.956  1.164 0.0000000000
103417  -37.686  44.480  0.637 0.0000000000
131480  -41.870  46.467  -5.142 0.0000000000
104132  -42.274  45.806  -3.889 0.0000000000
104151  -42.344  45.295  -5.484 0.0000000000
104856  -41.649  45.726  -6.992 0.0000000000
104862  -41.356  45.467  -7.705 0.0000000000
104855  -41.082  46.482  -7.564 0.0000000000
106277  -34.571  48.814  -8.137 0.0000000000
106287  -35.108  48.700  -8.598 0.0000000000
106286  -34.410  48.634  -8.278 0.0000000000
105598  -33.181  48.267  -7.829 0.0000000000
125006  -33.447  46.380  -1.928 0.0000000000
104791  -33.782  46.199  -2.533 0.0000000000
104790  -32.986  46.370  -2.427 0.0000000000
103453  -29.127  45.849  -5.137 0.0000000000
104150  -29.892  45.887  -5.601 0.0000000000
103459  -30.196  44.731  -5.814 0.0000000000
103457  -28.802  43.852  -5.481 0.0000000000
101218  -35.712  41.947  -2.599 0.0000000000
103473  -35.926  44.881  -7.267 0.0000000000
111200  -33.241  56.945  -0.631 0.0000000000
110617  -34.138  56.813  -0.367 0.0000000000
110622  -34.539  57.022  -1.504 0.0000000000
110113  -35.795  55.617  -2.126 0.0000000000
110102  -36.141  55.456  -1.288 0.0000000000
109648  -36.212  54.789  -1.757 0.0000000000
109162  -36.487  54.378  -0.906 0.0000000000
109176  -36.067  53.934  -1.640 0.0000000000
108637  -35.510  53.066  -1.292 0.0000000000
109175  -35.249  53.534  -2.045 0.0000000000
101921  -36.059  42.329  4.511 0.0000000000
101105  -39.478  41.976  5.458 0.0000000000
112238  -25.150  59.787  2.221 0.0000000000
112841  -27.429  60.519  -3.368 0.0000000000
112850  -28.096  60.948  -4.964 0.0000000000
113444  -28.066  61.928  -4.910 0.0000000000
103367  -39.702  44.626  6.752 0.0000000000
120566  -40.329  44.903  7.420 0.0000000000
103380  -40.944  44.113  5.924 0.0000000000
102640  -40.203  43.802  5.199 0.0000000000
109588  -24.406  54.627  5.551 0.0000000000
107423  -28.886  50.968  2.024 0.0000000000
107419  -39.402  50.625  3.192 0.0000000000
106824  -38.459  50.244  3.375 0.0000000000
106825  -39.792  49.989  3.137 0.0000000000
105474  -40.634  48.539  0.636 0.0000000000
105463  -40.294  48.746  1.611 0.0000000000
105473  -39.534  47.782  0.865 0.0000000000
104757  -39.832  47.395  0.058 0.0000000000
104767  -40.108  46.897  -0.797 0.0000000000
104768  -41.152  47.951  -1.087 0.0000000000
105536  -40.862  48.148  -3.301 0.0000000000
105521  -41.418  48.054  -2.496 0.0000000000
105537  -41.212  47.905  -3.568 0.0000000000
105538  -41.468  47.614  -3.899 0.0000000000
105554  -40.420  47.589  -4.868 0.0000000000
105570  -39.882  47.578  -5.995 0.0000000000
104844  -38.209  47.109  -5.213 0.0000000000
104843  -37.211  47.083  -5.339 0.0000000000
129313  -36.790  47.636  -6.131 0.0000000000
104842  -36.410  47.179  -5.466 0.0000000000
110554  -31.234  57.462  4.493 0.0000000000
110071  -30.151  55.709  2.684 0.0000000000
110072  -31.041  56.193  2.886 0.0000000000
109621  -33.397  55.581  2.369 0.0000000000
110090  -32.499  55.228  2.216 0.0000000000
109633  -33.605  54.379  2.039 0.0000000000
109152  -33.793  53.391  1.901 0.0000000000
109143  -34.590  54.164  2.235 0.0000000000
110596  -35.237  56.238  1.024 0.0000000000
110595  -35.099  56.102  1.848 0.0000000000
110091  -36.011  55.500  2.051 0.0000000000
109146  -37.535  53.526  2.601 0.0000000000
109624  -36.527  54.544  2.500 0.0000000000
109145  -37.077  53.805  2.785 0.0000000000
108601  -36.610  53.077  2.841 0.0000000000
108602  -37.622  53.102  2.951 0.0000000000
132828  -38.481  52.070  3.207 0.0000000000
108004  -38.326  52.304  3.108 0.0000000000
107435  -38.756  51.219  2.232 0.0000000000
106191  -37.861  49.548  0.538 0.0000000000
106192  -39.425  49.698  0.883 0.0000000000
105491  -37.426  48.041  -0.631 0.0000000000
106212  -37.006  48.661  -0.072 0.0000000000
106211  -35.445  48.443  -0.361 0.0000000000
106210  -34.633  48.235  -0.493 0.0000000000
105488  -34.286  47.359  -0.743 0.0000000000
127866  -34.173  51.452  -0.819 0.0000000000
124147  -34.801  51.295  -0.633 0.0000000000
133571  -32.097  49.922  -0.495 0.0000000000
131536  -32.662  49.521  -0.505 0.0000000000
101149  -36.554  41.636  2.824 0.0000000000
100361  -35.335  40.604  1.105 0.0000000000
101166  -36.660  41.324  1.896 0.0000000000
100376  -38.262  40.837  0.578 0.0000000000
100374  -36.726  40.346  0.436 0.0000000000
100387  -37.346  40.513  -0.192 0.0000000000
100385  -35.978  40.035  -0.495 0.0000000000
100400  -36.942  40.794  -0.870 0.0000000000
101204  -36.373  41.082  -1.463 0.0000000000
101190  -37.754  41.110  -0.856 0.0000000000
101207  -39.174  41.692  -1.103 0.0000000000
101208  -39.993  41.861  -0.921 0.0000000000
101972  -39.744  42.151  -1.707 0.0000000000
101961  -40.940  41.903  -0.668 0.0000000000
109123  -19.472  53.175  3.613 0.0000000000
107990  -19.491  51.839  4.582 0.0000000000
109124  -20.611  53.217  3.977 0.0000000000
108587  -21.251  52.773  4.803 0.0000000000
111162  -22.400  57.627  1.465 0.0000000000
111143  -22.627  56.951  1.871 0.0000000000
110550  -24.195  56.774  3.851 0.0000000000
110549  -23.562  56.294  3.713 0.0000000000
110050  -23.205  55.645  4.139 0.0000000000
110037  -23.051  55.298  5.299 0.0000000000
110027  -23.395  55.347  6.548 0.0000000000
140605  -23.806  55.450  7.194 0.0000000000
110524  -23.693  55.804  6.606 0.0000000000
111098  -25.919  56.848  8.565 0.0000000000
110519  -25.090  56.299  8.169 0.0000000000
110520  -25.748  56.561  8.395 0.0000000000
110527  -26.224  56.363  7.455 0.0000000000
112200  -28.000  59.731  7.714 0.0000000000
131249  -29.412  61.132  8.625 0.0000000000
112210  -30.391  59.698  7.266 0.0000000000
111656  -29.934  59.253  8.833 0.0000000000
111668  -30.342  58.942  7.345 0.0000000000
111113  -29.544  58.100  6.793 0.0000000000
111114  -30.470  58.500  5.836 0.0000000000
133496  -30.911  58.406  5.322 0.0000000000
111701  -28.842  58.416  2.930 0.0000000000
111146  -29.251  57.953  2.606 0.0000000000
111166  -30.105  57.760  2.705 0.0000000000
111165  -28.864  57.723  1.724 0.0000000000
112799  -27.781  60.798  -0.657 0.0000000000
112259  -27.639  59.728  0.617 0.0000000000
135567  -27.391  59.624  -0.224 0.0000000000
111208  -28.721  57.565  -1.163 0.0000000000
111207  -28.032  57.806  -0.947 0.0000000000
111196  -29.414  57.204  -0.506 0.0000000000
111183  -30.230  56.896  0.219 0.0000000000
111197  -30.295  56.979  -0.784 0.0000000000
111198  -31.234  56.966  -0.945 0.0000000000
111210  -30.748  57.420  -1.706 0.0000000000
111220  -32.558  58.292  -2.645 0.0000000000
111756  -33.635  58.402  -3.226 0.0000000000
111755  -33.099  58.670  -3.337 0.0000000000
111766  -32.870  58.995  -3.780 0.0000000000
111778  -31.723  59.430  -4.479 0.0000000000
111779  -32.473  59.109  -4.420 0.0000000000
123581  -32.292  59.715  -5.271 0.0000000000
112321  -29.807  59.760  -5.075 0.0000000000
101836  -40.020  41.673  10.604 0.0000000000
101865  -42.641  41.892  9.699 0.0000000000
120915  -41.086  42.415  9.026 0.0000000000
121566  -42.304  42.111  8.751 0.0000000000
120516  -41.664  42.078  7.021 0.0000000000
101884  -42.266  42.067  7.885 0.0000000000
103346  -42.470  44.410  8.887 0.0000000000
103343  -43.306  43.614  9.276 0.0000000000
103347  -43.313  43.865  8.528 0.0000000000
101913  -44.748  42.232  5.846 0.0000000000
101900  -44.418  42.254  6.786 0.0000000000
101109  -44.481  41.793  5.662 0.0000000000
101120  -43.232  41.537  5.140 0.0000000000
101134  -43.064  41.425  4.073 0.0000000000
101153  -43.336  41.473  3.009 0.0000000000
101953  -44.985  42.545  0.431 0.0000000000
101182  -43.815  42.044  0.480 0.0000000000
128630  -41.844  42.345  -1.417 0.0000000000
101974  -42.869  42.542  -2.066 0.0000000000
104069  -30.696  45.701  5.137 0.0000000000
125615  -32.774  45.157  6.551 0.0000000000
109629  -29.725  54.231  1.840 0.0000000000
137424  -29.291  53.600  1.738 0.0000000000
131520  -30.710  52.953  1.525 0.0000000000
107427  -32.496  50.706  1.983 0.0000000000
108009  -31.129  51.424  1.706 0.0000000000
107414  -31.971  49.926  2.244 0.0000000000
107413  -30.575  49.891  2.255 0.0000000000
106818  -31.885  49.133  2.520 0.0000000000
106168  -36.460  49.139  2.798 0.0000000000
106821  -35.166  49.785  2.662 0.0000000000
105443  -34.591  47.582  2.497 0.0000000000
104730  -33.757  47.018  2.685 0.0000000000
105434  -32.870  47.555  2.899 0.0000000000
104724  -33.188  46.584  3.020 0.0000000000
104723  -32.504  46.537  3.327 0.0000000000
104088  -33.800  46.050  2.777 0.0000000000
131477  -35.732  44.277  3.182 0.0000000000
103392  -34.186  44.759  3.745 0.0000000000
143851  -35.578  44.314  3.722 0.0000000000
103376  -35.098  44.492  5.084 0.0000000000
121098  -36.125  44.086  4.011 0.0000000000
120500  -36.825  44.097  4.799 0.0000000000
102645  -37.007  43.747  3.960 0.0000000000
126278  -39.068  43.415  1.767 0.0000000000
123653  -38.888  43.431  3.521 0.0000000000
102669  -39.591  43.342  2.713 0.0000000000
122001  -41.158  43.456  3.331 0.0000000000
128083  -41.170  43.451  1.715 0.0000000000
103431  -40.385  45.076  -1.607 0.0000000000
139924  -39.766  43.892  -0.481 0.0000000000
103425  -40.764  44.181  -1.224 0.0000000000
102711  -43.450  43.905  -2.201 0.0000000000
127603  -42.017  43.766  -1.039 0.0000000000
102697  -42.555  43.646  -0.232 0.0000000000
137675  -42.961  43.590  0.590 0.0000000000
128081  -44.091  43.541  -0.210 0.0000000000
102704  -45.139  43.241  -1.005 0.0000000000
102712  -44.424  43.252  -2.354 0.0000000000
102759  -42.119  43.898  -5.419 0.0000000000
102729  -43.549  43.673  -3.983 0.0000000000
102741  -41.315  43.465  -4.575 0.0000000000
102758  -40.818  43.769  -5.414 0.0000000000
103462  -39.160  44.203  -6.007 0.0000000000
103477  -40.023  44.496  -6.908 0.0000000000
104182  -39.285  45.727  -9.557 0.0000000000
104171  -38.609  45.454  -8.626 0.0000000000
104181  -38.419  45.813  -9.743 0.0000000000
104170  -36.840  45.553  -8.991 0.0000000000
104180  -37.545  45.866  -10.098 0.0000000000
124743  -39.195  48.159  -7.665 0.0000000000
121881  -39.533  47.730  -9.342 0.0000000000
106281  -38.269  48.813  -8.889 0.0000000000
105629  -36.567  47.665  -10.373 0.0000000000
105630  -37.289  47.805  -10.594 0.0000000000
104882  -36.111  46.856  -10.599 0.0000000000
104896  -36.695  45.870  -11.288 0.0000000000
104895  -36.005  45.858  -11.244 0.0000000000
104199  -35.680  45.249  -11.510 0.0000000000
144504  -35.442  45.889  -10.990 0.0000000000
142883  -33.325  45.206  -9.063 0.0000000000
103497  -32.846  44.721  -8.947 0.0000000000
102783  -32.294  43.929  -9.184 0.0000000000
103496  -32.038  44.172  -8.261 0.0000000000
105503  -36.715  47.164  -1.092 0.0000000000
104780  -37.115  46.766  -1.837 0.0000000000
104810  -34.090  46.252  -3.450 0.0000000000
104811  -35.028  46.197  -3.626 0.0000000000
104828  -34.430  46.645  -4.414 0.0000000000
105552  -34.266  47.309  -5.250 0.0000000000
105551  -33.378  47.592  -5.335 0.0000000000
105548  -30.562  48.300  -4.689 0.0000000000
106252  -30.954  48.568  -5.520 0.0000000000
105580  -30.891  48.447  -6.525 0.0000000000
106259  -31.471  48.693  -6.279 0.0000000000
105581  -31.624  48.481  -6.977 0.0000000000
106268  -32.221  48.701  -7.072 0.0000000000
104854  -32.054  47.543  -7.278 0.0000000000
104161  -31.758  46.462  -6.901 0.0000000000
102767  -30.933  43.787  -6.912 0.0000000000
103471  -31.491  44.582  -6.893 0.0000000000
102774  -30.817  43.215  -7.738 0.0000000000
101984  -36.989  42.268  -2.709 0.0000000000
101999  -36.470  42.660  -3.374 0.0000000000
133447  -35.180  43.306  -4.427 0.0000000000
111214  -34.320  57.589  -2.212 0.0000000000
110623  -35.003  57.034  -2.016 0.0000000000
110112  -35.163  55.875  -2.772 0.0000000000
109662  -35.596  54.921  -2.511 0.0000000000
109185  -35.016  54.134  -2.630 0.0000000000
103352  -38.128  44.942  7.047 0.0000000000
103366  -38.230  44.477  6.217 0.0000000000
110040  -25.580  55.529  5.203 0.0000000000
109605  -25.879  54.675  3.355 0.0000000000
128412  -27.577  53.250  2.229 0.0000000000
106841  -39.985  50.126  1.857 0.0000000000
106826  -40.133  49.939  2.737 0.0000000000
105475  -41.201  49.041  0.067 0.0000000000
106216  -41.294  48.876  -0.794 0.0000000000
106225  -41.219  49.016  -1.392 0.0000000000
105520  -40.990  48.727  -2.377 0.0000000000
104815  -39.878  47.534  -4.073 0.0000000000
104814  -38.944  47.138  -3.584 0.0000000000
104813  -37.996  46.669  -3.566 0.0000000000
111148  -32.136  57.570  3.963 0.0000000000
140837  -31.866  56.602  3.373 0.0000000000
110573  -32.254  57.228  3.791 0.0000000000
110574  -32.690  57.118  3.345 0.0000000000
110075  -34.113  56.094  2.421 0.0000000000
109637  -37.125  54.660  0.904 0.0000000000
110092  -36.680  55.285  1.728 0.0000000000
122900  -37.394  54.292  1.648 0.0000000000
109154  -37.577  53.884  2.172 0.0000000000
108613  -37.663  53.386  2.340 0.0000000000
108014  -37.946  52.746  2.524 0.0000000000
107434  -37.461  51.283  1.307 0.0000000000
106863  -36.606  49.422  0.249 0.0000000000
106838  -36.224  50.238  0.309 0.0000000000
137662  -35.277  49.783  -0.203 0.0000000000
107450  -33.518  50.893  -0.672 0.0000000000
99643  -34.805  38.975  0.200 0.0000000000
123479  -38.134  41.439  3.115 0.0000000000
101167  -37.677  41.173  1.777 0.0000000000
133286  -38.285  41.311  2.276 0.0000000000
121674  -39.006  41.279  1.792 0.0000000000
130836  -38.655  41.074  1.058 0.0000000000
101178  -38.885  41.127  0.287 0.0000000000
101179  -39.359  41.264  0.999 0.0000000000
101180  -40.155  41.398  0.948 0.0000000000
120721  -41.141  41.528  0.818 0.0000000000
109600  -20.547  54.355  2.893 0.0000000000
111145  -24.112  57.846  2.376 0.0000000000
111132  -24.591  57.504  3.404 0.0000000000
136899  -25.173  57.672  4.309 0.0000000000
111122  -24.530  56.878  5.018 0.0000000000
111109  -24.358  56.395  6.995 0.0000000000
111676  -24.968  57.153  6.098 0.0000000000
111111  -25.339  57.134  7.653 0.0000000000
111665  -26.389  57.605  8.164 0.0000000000
113320  -30.121  63.317  6.006 0.0000000000
112722  -30.065  60.797  8.754 0.0000000000
112741  -29.988  61.521  6.791 0.0000000000
133785  -29.991  60.251  6.389 0.0000000000
112220  -29.575  59.783  5.168 0.0000000000
111688  -30.402  58.782  5.122 0.0000000000
112231  -28.917  59.454  4.011 0.0000000000
111700  -28.105  58.811  2.116 0.0000000000
112283  -27.146  59.784  -1.752 0.0000000000
128979  -27.182  59.152  -1.060 0.0000000000
111751  -27.328  58.842  -1.911 0.0000000000
111217  -28.983  57.776  -2.076 0.0000000000
111218  -30.224  57.840  -2.530 0.0000000000
135615  -31.260  58.436  -3.109 0.0000000000
112322  -31.163  59.754  -5.132 0.0000000000
103330  -37.861  43.928  11.417 0.0000000000
102602  -38.001  43.197  12.488 0.0000000000
102589  -39.235  42.487  13.307 0.0000000000
101815  -41.277  41.262  13.969 0.0000000000
101837  -41.763  41.351  11.208 0.0000000000
101069  -42.319  41.073  12.507 0.0000000000
101838  -42.777  41.711  11.581 0.0000000000
101850  -43.278  41.945  10.453 0.0000000000
102631  -42.906  44.095  6.747 0.0000000000
102632  -43.955  43.442  7.178 0.0000000000
102643  -44.592  42.938  5.739 0.0000000000
101914  -45.102  42.166  4.951 0.0000000000
128363  -44.432  41.643  3.684 0.0000000000
101931  -45.203  42.188  3.183 0.0000000000
101941  -45.167  42.287  2.264 0.0000000000
101954  -45.417  42.935  0.419 0.0000000000
105428  -28.990  46.759  4.575 0.0000000000
104713  -30.203  46.182  4.674 0.0000000000
104078  -31.775  45.807  4.190 0.0000000000
134512  -32.327  52.927  1.546 0.0000000000
140328  -31.531  51.992  1.606 0.0000000000
108610  -32.207  52.179  1.626 0.0000000000
105461  -37.388  47.777  1.985 0.0000000000
105460  -36.386  47.056  1.797 0.0000000000
104744  -35.722  46.175  1.822 0.0000000000
104732  -35.073  46.081  2.186 0.0000000000
104089  -34.615  45.450  2.601 0.0000000000
104099  -35.378  45.340  2.094 0.0000000000
103402  -36.118  44.320  2.450 0.0000000000
102666  -36.846  43.852  2.380 0.0000000000
102654  -37.299  43.618  3.122 0.0000000000
102667  -37.653  43.585  2.366 0.0000000000
123393  -38.117  43.600  1.618 0.0000000000
102684  -39.516  43.510  0.922 0.0000000000
104126  -41.565  45.761  -2.855 0.0000000000
103432  -41.255  44.917  -2.129 0.0000000000
104127  -42.408  45.269  -3.511 0.0000000000
103437  -42.708  44.595  -2.810 0.0000000000
103438  -43.399  44.269  -3.541 0.0000000000
127986  -43.721  43.650  -3.438 0.0000000000
103446  -43.506  44.135  -4.144 0.0000000000
103464  -42.286  44.458  -5.839 0.0000000000
103479  -41.857  44.767  -6.790 0.0000000000
103478  -41.086  44.533  -6.929 0.0000000000
104174  -41.439  44.942  -7.517 0.0000000000
104184  -40.512  45.740  -8.828 0.0000000000
104886  -39.511  46.363  -10.276 0.0000000000
106271  -37.095  48.721  -7.817 0.0000000000
106289  -36.909  49.056  -9.281 0.0000000000
106288  -35.964  48.956  -9.002 0.0000000000
105615  -35.741  48.194  -9.548 0.0000000000
104870  -35.264  47.360  -9.677 0.0000000000
104179  -34.635  45.923  -10.267 0.0000000000
104869  -34.547  47.062  -9.156 0.0000000000
125532  -33.962  46.382  -8.934 0.0000000000
104168  -33.344  46.302  -8.252 0.0000000000
104778  -35.172  46.436  -1.574 0.0000000000
134277  -35.475  46.167  -2.231 0.0000000000
104827  -33.428  46.775  -4.288 0.0000000000
105563  -29.643  48.439  -5.736 0.0000000000
106257  -29.983  48.728  -5.797 0.0000000000
142350  -29.765  48.006  -6.002 0.0000000000
104160  -31.000  46.719  -6.460 0.0000000000
104159  -30.669  45.734  -6.022 0.0000000000
103470  -30.921  44.618  -6.299 0.0000000000
102751  -30.235  43.774  -6.384 0.0000000000
102766  -29.287  42.965  -6.612 0.0000000000
102765  -28.470  42.610  -6.411 0.0000000000
100409  -34.097  40.793  -2.065 0.0000000000
110607  -33.297  57.035  1.540 0.0000000000
120604  -33.460  56.873  0.385 0.0000000000
110609  -34.775  56.495  0.413 0.0000000000
110610  -35.559  56.106  0.137 0.0000000000
110619  -35.805  55.991  -0.786 0.0000000000
110099  -36.365  55.515  -0.110 0.0000000000
109640  -36.816  54.545  -0.007 0.0000000000
137890  -36.723  54.076  -0.121 0.0000000000
108625  -35.872  52.633  -0.428 0.0000000000
108028  -33.972  52.075  -1.227 0.0000000000
108635  -33.556  52.678  -1.627 0.0000000000
101164  -34.681  41.282  1.632 0.0000000000
101148  -35.048  41.781  2.380 0.0000000000
101129  -35.752  41.924  3.012 0.0000000000
101131  -37.275  41.632  3.446 0.0000000000
141584  -36.583  42.323  4.894 0.0000000000
101115  -37.061  41.997  4.350 0.0000000000
120541  -37.975  41.644  3.952 0.0000000000
101116  -38.691  41.673  4.376 0.0000000000
101133  -39.398  41.503  3.987 0.0000000000
101118  -40.134  41.522  4.363 0.0000000000
111714  -24.019  58.961  1.650 0.0000000000
112237  -24.701  59.049  2.084 0.0000000000
112229  -25.911  59.219  3.366 0.0000000000
112230  -26.457  59.778  3.753 0.0000000000
112775  -28.508  61.022  1.623 0.0000000000
112824  -27.345  60.606  -2.391 0.0000000000
112310  -27.582  59.525  -3.344 0.0000000000
112311  -28.340  59.403  -3.979 0.0000000000
112312  -29.269  59.408  -4.433 0.0000000000
112320  -28.626  60.071  -4.829 0.0000000000
112857  -28.860  61.067  -5.693 0.0000000000
103354  -40.781  45.142  8.022 0.0000000000
141779  -42.276  44.407  7.263 0.0000000000
138739  -41.706  44.377  6.624 0.0000000000
102641  -42.187  43.983  5.778 0.0000000000
102658  -42.596  43.588  4.260 0.0000000000
106815  -28.188  49.572  2.596 0.0000000000
106816  -29.236  49.366  2.533 0.0000000000
107417  -36.482  50.774  3.042 0.0000000000
106823  -37.330  50.068  3.251 0.0000000000
106169  -37.869  49.381  3.057 0.0000000000
105446  -37.871  48.595  2.565 0.0000000000
106171  -39.983  49.564  2.769 0.0000000000
106180  -39.805  48.920  2.392 0.0000000000
106179  -38.581  48.379  2.197 0.0000000000
135316  -38.056  47.623  1.611 0.0000000000
104747  -38.156  46.988  0.956 0.0000000000
104115  -38.616  45.388  -0.300 0.0000000000
104766  -39.188  46.348  -0.383 0.0000000000
104120  -39.971  45.805  -1.408 0.0000000000
104782  -41.266  47.553  -1.883 0.0000000000
104796  -41.368  46.911  -2.567 0.0000000000
104797  -41.691  46.754  -3.270 0.0000000000
134121  -41.665  47.173  -4.505 0.0000000000
104845  -41.367  47.214  -5.386 0.0000000000
105588  -40.437  47.272  -7.662 0.0000000000
105571  -40.623  47.364  -6.580 0.0000000000
105587  -39.849  47.770  -7.166 0.0000000000
105553  -39.303  47.333  -5.065 0.0000000000
105569  -38.856  47.489  -5.867 0.0000000000
105585  -37.100  48.255  -6.981 0.0000000000
106269  -35.696  48.688  -7.572 0.0000000000
134026  -34.648  48.750  -7.571 0.0000000000
104789  -32.250  46.531  -2.260 0.0000000000
104806  -30.819  47.029  -2.718 0.0000000000
105533  -30.062  47.952  -3.728 0.0000000000
106243  -29.773  48.726  -4.902 0.0000000000
106250  -29.527  48.674  -5.291 0.0000000000
105547  -29.023  48.358  -5.283 0.0000000000
110553  -29.536  56.821  4.186 0.0000000000
110054  -28.448  55.976  3.227 0.0000000000
110070  -29.429  55.827  2.858 0.0000000000
126025  -30.455  54.211  1.753 0.0000000000
110088  -31.401  55.749  2.550 0.0000000000
109631  -31.844  54.491  1.859 0.0000000000
109150  -32.015  53.630  1.629 0.0000000000
109151  -32.880  53.526  1.704 0.0000000000
108612  -34.192  52.586  2.006 0.0000000000
108013  -34.793  51.932  2.273 0.0000000000
110594  -33.628  56.835  2.229 0.0000000000
109634  -36.750  55.001  2.271 0.0000000000
109623  -35.450  54.820  2.388 0.0000000000
108600  -35.262  52.786  2.451 0.0000000000
108001  -35.929  52.176  2.734 0.0000000000
107418  -37.696  51.905  3.297 0.0000000000
107430  -39.659  50.649  2.977 0.0000000000
106829  -39.524  50.738  2.514 0.0000000000
105492  -38.797  48.616  -0.703 0.0000000000
132091  -36.123  48.694  -0.131 0.0000000000
105502  -35.691  46.948  -0.973 0.0000000000
104765  -34.754  46.817  -1.033 0.0000000000
104764  -34.007  46.792  -1.071 0.0000000000
129334  -34.544  49.855  -0.424 0.0000000000
131194  -33.593  49.923  -0.537 0.0000000000
106860  -34.051  48.966  -0.475 0.0000000000
100360  -34.389  40.537  1.137 0.0000000000
100372  -35.040  39.810  0.564 0.0000000000
100373  -35.870  40.060  0.466 0.0000000000
100363  -37.163  40.743  1.182 0.0000000000
99644  -35.402  39.349  0.039 0.0000000000
99660  -35.369  39.761  -0.736 0.0000000000
100397  -34.795  40.245  -1.435 0.0000000000
101203  -35.669  41.378  -1.985 0.0000000000
101219  -36.507  41.733  -2.188 0.0000000000
101191  -38.639  41.257  -0.539 0.0000000000
101206  -38.374  41.556  -1.323 0.0000000000
101221  -38.116  41.847  -2.018 0.0000000000
138400  -38.479  42.249  -2.423 0.0000000000
102001  -38.397  42.591  -3.055 0.0000000000
128677  -39.195  42.864  -3.472 0.0000000000
109601  -21.466  54.546  3.272 0.0000000000
110569  -23.115  56.620  2.510 0.0000000000
120461  -22.031  55.286  2.877 0.0000000000
109586  -22.013  54.207  4.440 0.0000000000
109126  -22.594  54.148  6.105 0.0000000000
109115  -23.234  54.184  6.929 0.0000000000
109576  -23.423  54.915  6.969 0.0000000000
110038  -23.856  55.435  6.975 0.0000000000
110039  -24.671  55.189  6.219 0.0000000000
110525  -24.511  55.964  7.889 0.0000000000
110029  -24.938  55.522  7.014 0.0000000000
110537  -25.849  55.898  6.371 0.0000000000
110538  -27.228  56.589  5.421 0.0000000000
126159  -27.263  59.944  5.314 0.0000000000
112209  -27.324  59.493  6.264 0.0000000000
111654  -27.335  58.321  8.709 0.0000000000
111644  -27.885  58.282  9.471 0.0000000000
112716  -29.738  60.332  9.183 0.0000000000
111634  -28.465  58.915  9.824 0.0000000000
111100  -27.864  57.792  9.191 0.0000000000
122488  -27.949  57.491  7.939 0.0000000000
111112  -28.026  57.299  6.378 0.0000000000
110539  -28.900  57.229  4.943 0.0000000000
110540  -30.767  57.583  4.969 0.0000000000
126067  -31.663  57.954  4.974 0.0000000000
111689  -31.425  58.222  4.909 0.0000000000
111133  -31.759  57.908  4.550 0.0000000000
122809  -31.865  57.997  3.896 0.0000000000
130933  -30.827  57.658  2.659 0.0000000000
141053  -30.688  57.283  1.631 0.0000000000
112785  -28.032  60.374  1.056 0.0000000000
112250  -27.803  59.399  1.387 0.0000000000
143814  -27.901  58.633  1.383 0.0000000000
111735  -27.428  58.608  -0.333 0.0000000000
111180  -27.830  58.018  0.227 0.0000000000
111164  -28.058  58.077  1.074 0.0000000000
111182  -29.413  57.211  0.551 0.0000000000
110605  -31.255  56.996  0.852 0.0000000000
110615  -31.709  56.814  0.008 0.0000000000
140670  -33.199  57.342  -1.453 0.0000000000
111211  -31.826  57.518  -1.833 0.0000000000
111212  -32.876  57.767  -2.025 0.0000000000
133767  -33.720  57.852  -2.211 0.0000000000
111222  -34.048  58.133  -2.773 0.0000000000
111227  -34.168  57.992  -3.092 0.0000000000
101882  -38.873  42.657  7.167 0.0000000000
101848  -40.584  42.215  9.892 0.0000000000
101883  -39.788  42.709  7.930 0.0000000000
101897  -39.841  42.451  6.901 0.0000000000
101911  -40.027  42.155  6.059 0.0000000000
136720  -41.009  41.965  6.140 0.0000000000
101119  -41.010  41.524  4.704 0.0000000000
102613  -43.118  42.910  10.461 0.0000000000
102614  -43.505  42.760  9.852 0.0000000000
101867  -43.679  42.369  9.194 0.0000000000
102624  -44.016  43.262  8.152 0.0000000000
101885  -43.910  42.181  8.178 0.0000000000
101898  -43.126  41.839  7.471 0.0000000000
136998  -42.007  41.515  4.981 0.0000000000
121169  -41.701  41.409  4.111 0.0000000000
120917  -42.082  41.402  3.204 0.0000000000
101170  -41.780  41.487  1.532 0.0000000000
121045  -43.759  41.621  2.115 0.0000000000
101171  -43.100  41.626  1.366 0.0000000000
101193  -41.644  41.765  -0.036 0.0000000000
101973  -40.776  42.271  -1.549 0.0000000000
101986  -40.544  42.526  -2.425 0.0000000000
102002  -40.236  42.821  -3.212 0.0000000000
104039  -31.997  45.659  7.111 0.0000000000
104053  -33.581  45.130  6.805 0.0000000000
144647  -34.645  44.896  6.565 0.0000000000
109618  -28.377  54.975  2.511 0.0000000000
108607  -29.406  52.098  1.688 0.0000000000
108609  -30.856  52.220  1.571 0.0000000000
108008  -30.186  51.609  1.718 0.0000000000
132402  -29.403  51.447  1.814 0.0000000000
107412  -29.880  50.040  2.230 0.0000000000
106817  -30.158  49.284  2.486 0.0000000000
106163  -30.570  48.676  2.707 0.0000000000
107416  -34.822  50.586  2.500 0.0000000000
106820  -34.006  49.861  2.470 0.0000000000
106166  -34.249  48.960  2.600 0.0000000000
123947  -35.495  48.277  2.534 0.0000000000
130480  -33.269  49.207  2.532 0.0000000000
106165  -32.470  48.586  2.693 0.0000000000
105441  -32.003  47.918  2.972 0.0000000000
105440  -31.380  47.758  3.092 0.0000000000
104722  -31.756  46.316  3.730 0.0000000000
104072  -32.922  45.270  4.075 0.0000000000
104081  -33.965  45.334  3.174 0.0000000000
103391  -33.522  45.144  3.712 0.0000000000
103385  -32.843  44.917  4.884 0.0000000000
103374  -33.610  44.702  5.353 0.0000000000
103375  -34.424  44.616  5.495 0.0000000000
120476  -35.829  44.566  5.850 0.0000000000
123948  -36.687  44.416  5.650 0.0000000000
103377  -37.622  44.210  5.460 0.0000000000
102639  -39.160  43.896  5.260 0.0000000000
102646  -37.971  43.607  3.960 0.0000000000
137558  -38.763  43.642  4.415 0.0000000000
102647  -39.558  43.595  4.375 0.0000000000
102648  -40.662  43.552  4.221 0.0000000000
102657  -41.643  43.526  3.991 0.0000000000
122000  -42.231  43.488  3.418 0.0000000000
102695  -39.056  43.929  -0.080 0.0000000000
102696  -39.420  43.702  0.187 0.0000000000
127259  -40.122  43.603  0.155 0.0000000000
137627  -41.158  43.577  0.003 0.0000000000
102685  -40.568  43.469  0.904 0.0000000000
128082  -42.657  43.523  1.607 0.0000000000
102672  -43.108  43.477  2.691 0.0000000000
130727  -44.181  43.394  1.877 0.0000000000
102705  -45.441  42.976  -0.695 0.0000000000
101964  -45.257  42.871  -1.252 0.0000000000
102718  -44.104  43.230  -2.830 0.0000000000
101989  -44.104  43.081  -2.885 0.0000000000
130017  -44.150  42.759  -2.257 0.0000000000
102003  -41.562  42.848  -3.204 0.0000000000
102727  -41.062  43.106  -3.757 0.0000000000
125761  -39.209  43.202  -4.129 0.0000000000
102756  -38.972  43.811  -5.370 0.0000000000
103461  -38.042  44.366  -6.164 0.0000000000
103475  -37.932  44.838  -6.998 0.0000000000
103491  -39.833  44.887  -7.717 0.0000000000
103489  -38.032  45.249  -7.790 0.0000000000
141435  -37.370  45.201  -7.522 0.0000000000
103488  -36.671  45.321  -7.877 0.0000000000
143740  -36.260  45.260  -9.949 0.0000000000
105602  -40.576  46.639  -8.616 0.0000000000
104871  -40.061  46.855  -9.469 0.0000000000
104885  -38.891  46.696  -10.763 0.0000000000
106297  -37.327  48.635  -10.009 0.0000000000
104884  -38.026  46.998  -11.156 0.0000000000
104190  -38.255  46.360  -10.721 0.0000000000
104189  -37.335  46.159  -11.147 0.0000000000
104188  -36.591  45.717  -11.200 0.0000000000
103509  -35.808  44.846  -11.687 0.0000000000
135909  -35.372  44.499  -11.953 0.0000000000
103498  -33.715  45.134  -10.100 0.0000000000
104794  -37.538  46.607  -2.687 0.0000000000
104812  -36.786  46.327  -3.553 0.0000000000
125712  -35.704  46.042  -3.057 0.0000000000
137092  -35.878  46.265  -3.858 0.0000000000
104830  -36.427  46.633  -4.631 0.0000000000
104841  -35.684  47.062  -5.257 0.0000000000
144291  -34.548  48.404  -6.689 0.0000000000
134111  -33.825  48.694  -7.120 0.0000000000
104808  -32.394  46.493  -3.039 0.0000000000
105565  -32.413  48.327  -5.799 0.0000000000
105566  -33.048  48.444  -6.332 0.0000000000
106261  -32.970  48.781  -7.131 0.0000000000
106275  -32.862  48.610  -7.354 0.0000000000
104860  -32.861  47.371  -7.782 0.0000000000
103485  -32.480  45.007  -7.839 0.0000000000
104167  -31.992  45.340  -7.098 0.0000000000
98959  -34.456  38.451  0.033 0.0000000000
99659  -34.706  39.371  -0.948 0.0000000000
100276  -40.715  40.919  14.642 0.0000000000
100359  -33.495  40.447  1.351 0.0000000000
100364  -37.976  40.838  1.135 0.0000000000
100375  -37.597  40.597  0.523 0.0000000000
100386  -36.627  40.267  -0.279 0.0000000000
100399  -36.350  40.505  -0.893 0.0000000000
101018  -40.699  41.119  14.721 0.0000000000
101056  -42.355  41.003  13.101 0.0000000000
101070  -42.291  41.203  12.685 0.0000000000
101100  -44.399  41.919  6.460 0.0000000000
101107  -41.466  41.692  5.545 0.0000000000
101108  -43.745  41.640  6.003 0.0000000000
101110  -44.955  41.944  5.195 0.0000000000
101117  -39.439  41.697  4.772 0.0000000000
101122  -45.016  41.883  4.453 0.0000000000
101132  -38.758  41.491  3.582 0.0000000000
101135  -45.089  41.891  3.690 0.0000000000
101151  -38.982  41.373  2.744 0.0000000000
101154  -44.348  41.673  2.758 0.0000000000
101155  -45.008  41.876  2.941 0.0000000000
101168  -39.768  41.362  1.638 0.0000000000
101169  -40.608  41.428  1.726 0.0000000000
101172  -44.403  41.947  1.297 0.0000000000
101181  -42.396  41.686  0.612 0.0000000000
101192  -39.417  41.456  -0.372 0.0000000000
101220  -37.379  41.827  -2.124 0.0000000000
101851  -43.508  42.168  10.032 0.0000000000
101866  -43.328  41.984  9.584 0.0000000000
101868  -44.102  42.621  8.496 0.0000000000
101886  -44.295  42.556  7.592 0.0000000000
101899  -44.117  42.016  7.260 0.0000000000
101912  -40.657  42.238  6.705 0.0000000000
101924  -45.174  42.232  4.090 0.0000000000
101946  -45.112  42.493  1.359 0.0000000000
101952  -44.597  42.520  -0.445 0.0000000000
101962  -43.005  42.419  -1.356 0.0000000000
101975  -44.945  42.864  -1.883 0.0000000000
101976  -45.132  42.983  -1.745 0.0000000000
101988  -43.432  42.766  -2.739 0.0000000000
101990  -44.721  43.030  -2.224 0.0000000000
102611  -42.884  42.434  11.141 0.0000000000
102644  -44.900  42.570  5.239 0.0000000000
102650  -43.708  43.499  4.588 0.0000000000
102651  -44.573  43.123  4.961 0.0000000000
102655  -38.057  43.459  3.080 0.0000000000
102670  -40.632  43.402  2.561 0.0000000000
102674  -45.035  42.697  2.522 0.0000000000
102681  -37.276  43.877  1.710 0.0000000000
102682  -38.173  43.841  0.823 0.0000000000
102683  -38.725  43.586  1.131 0.0000000000
102688  -45.122  43.196  1.104 0.0000000000
102698  -45.193  43.205  0.028 0.0000000000
102713  -45.080  43.069  -1.811 0.0000000000
102726  -40.082  43.155  -3.946 0.0000000000
102728  -42.358  43.308  -3.973 0.0000000000
102739  -38.848  43.522  -4.761 0.0000000000
102742  -42.892  43.766  -4.754 0.0000000000
102757  -39.639  43.781  -5.372 0.0000000000
102760  -42.970  44.038  -5.139 0.0000000000
103355  -41.348  44.736  7.473 0.0000000000
103356  -43.192  44.018  7.635 0.0000000000
103362  -34.149  44.784  6.226 0.0000000000
103363  -34.990  44.706  6.136 0.0000000000
103364  -35.733  44.927  6.710 0.0000000000
103378  -38.451  44.165  5.595 0.0000000000
103386  -33.531  44.815  4.383 0.0000000000
103388  -35.429  44.360  4.244 0.0000000000
103389  -37.548  43.871  4.651 0.0000000000
103393  -35.040  44.552  3.463 0.0000000000
103400  -34.577  44.897  3.054 0.0000000000
103418  -38.398  44.397  0.118 0.0000000000
103423  -39.081  44.530  -0.487 0.0000000000
103424  -39.766  44.725  -1.082 0.0000000000
103439  -43.784  43.673  -2.942 0.0000000000
103454  -43.204  44.289  -4.734 0.0000000000
103484  -31.908  44.589  -7.480 0.0000000000
103490  -38.826  45.112  -7.714 0.0000000000
103492  -40.758  44.813  -7.677 0.0000000000
104070  -31.496  45.531  4.810 0.0000000000
104071  -32.243  45.410  4.489 0.0000000000
104079  -32.360  45.821  3.802 0.0000000000
104108  -37.277  45.185  0.706 0.0000000000
104142  -42.199  45.977  -4.539 0.0000000000
104143  -42.745  44.953  -4.846 0.0000000000
104152  -42.770  44.486  -5.188 0.0000000000
104162  -42.125  45.043  -6.553 0.0000000000
104172  -39.709  45.432  -8.672 0.0000000000
104173  -41.001  45.350  -8.126 0.0000000000
104183  -39.967  45.928  -9.801 0.0000000000
104698  -33.421  46.160  8.003 0.0000000000
104712  -29.447  46.370  4.960 0.0000000000
104714  -31.051  46.059  4.285 0.0000000000
104720  -29.694  46.704  4.189 0.0000000000
104721  -30.461  46.524  4.049 0.0000000000
104755  -37.741  45.925  0.529 0.0000000000
104776  -33.411  46.674  -1.385 0.0000000000
104807  -31.628  46.688  -2.865 0.0000000000
104825  -31.843  46.872  -3.581 0.0000000000
104829  -35.392  46.565  -4.459 0.0000000000
104846  -41.714  46.116  -5.956 0.0000000000
104852  -30.628  47.822  -6.512 0.0000000000
104861  -40.912  45.899  -8.492 0.0000000000
105442  -33.901  48.017  2.632 0.0000000000
105507  -41.317  48.597  -1.573 0.0000000000
105555  -41.186  47.655  -4.489 0.0000000000
105564  -30.163  48.409  -6.158 0.0000000000
105567  -34.955  47.694  -5.849 0.0000000000
105583  -35.334  48.303  -6.721 0.0000000000
105584  -36.220  48.216  -6.786 0.0000000000
105600  -39.012  48.347  -8.586 0.0000000000
105613  -33.992  48.209  -8.365 0.0000000000
105616  -38.342  48.298  -10.269 0.0000000000
105631  -37.957  48.094  -10.571 0.0000000000
105632  -39.476  47.090  -10.275 0.0000000000
106162  -29.631  48.469  2.874 0.0000000000
106164  -31.421  48.464  2.773 0.0000000000
106167  -34.702  48.383  2.592 0.0000000000
106181  -40.296  49.415  2.221 0.0000000000
106266  -31.247  48.607  -6.564 0.0000000000
106267  -31.712  48.675  -6.803 0.0000000000
106270  -36.486  48.592  -7.489 0.0000000000
106278  -35.316  48.883  -8.283 0.0000000000
106280  -37.427  48.993  -8.668 0.0000000000
106290  -37.877  48.833  -9.686 0.0000000000
106819  -32.527  49.383  2.457 0.0000000000
106830  -39.998  50.293  2.647 0.0000000000
106842  -40.290  49.699  2.072 0.0000000000
107424  -29.688  50.842  1.970 0.0000000000
107426  -31.570  50.708  1.928 0.0000000000
108003  -38.098  52.542  3.155 0.0000000000
108606  -28.605  52.408  1.808 0.0000000000
109113  -22.255  53.267  5.969 0.0000000000
109135  -20.050  53.744  3.256 0.0000000000
109577  -23.476  54.865  6.979 0.0000000000
109587  -22.616  54.773  5.140 0.0000000000
109602  -22.191  54.766  3.873 0.0000000000
109628  -28.835  54.195  2.009 0.0000000000
109630  -31.141  54.737  1.948 0.0000000000
109635  -37.197  54.851  1.747 0.0000000000
110052  -26.134  55.431  3.854 0.0000000000
110067  -22.884  55.821  3.111 0.0000000000
110074  -32.725  56.274  2.741 0.0000000000
110077  -36.038  55.128  2.307 0.0000000000
110089  -31.958  55.484  2.355 0.0000000000
110096  -36.862  55.193  0.948 0.0000000000
110100  -36.859  54.941  0.148 0.0000000000
110535  -23.497  55.797  5.193 0.0000000000
110571  -30.889  56.657  3.569 0.0000000000
110572  -32.002  57.049  3.938 0.0000000000
110575  -33.896  56.497  2.339 0.0000000000
110576  -34.422  56.241  2.233 0.0000000000
110591  -22.001  56.878  1.625 0.0000000000
110627  -35.363  56.387  -2.274 0.0000000000
110635  -34.549  57.406  -3.005 0.0000000000
111078  -27.936  58.270  9.487 0.0000000000
111090  -27.442  57.803  9.123 0.0000000000
111099  -26.712  57.236  8.755 0.0000000000
111181  -28.612  57.582  0.781 0.0000000000
111194  -27.769  57.992  -0.488 0.0000000000
111633  -28.728  59.056  9.680 0.0000000000
111645  -29.319  59.499  9.493 0.0000000000
111655  -28.750  58.672  9.330 0.0000000000
111697  -23.667  58.285  1.753 0.0000000000
111698  -24.273  58.496  2.029 0.0000000000
111699  -25.388  59.087  2.714 0.0000000000
111744  -27.543  58.359  -1.064 0.0000000000
112181  -29.501  59.888  9.409 0.0000000000
112191  -29.276  59.949  9.415 0.0000000000
112192  -29.939  60.046  9.205 0.0000000000
112201  -28.827  60.430  8.785 0.0000000000
112202  -30.338  59.961  8.339 0.0000000000
112239  -25.860  59.805  2.863 0.0000000000
112241  -28.430  59.100  2.983 0.0000000000
112298  -27.248  59.670  -2.571 0.0000000000
112774  -28.095  60.097  1.788 0.0000000000
113304  -29.880  61.728  7.825 0.0000000000
113329  -29.257  61.632  3.343 0.0000000000
120317  -41.126  43.777  5.203 0.0000000000
120429  -23.986  55.798  7.444 0.0000000000
122769  -39.038  44.354  6.097 0.0000000000
123351  -34.772  44.503  4.209 0.0000000000
123703  -35.553  42.245  3.727 0.0000000000
124638  -28.827  43.227  -6.013 0.0000000000
125989  -41.201  48.311  -2.751 0.0000000000
126029  -38.352  43.873  -5.416 0.0000000000
126329  -40.364  44.162  -6.135 0.0000000000
126838  -20.011  52.568  4.234 0.0000000000
127267  -34.285  56.576  1.999 0.0000000000
127420  -43.802  43.395  -3.250 0.0000000000
127989  -36.561  51.706  3.007 0.0000000000
128500  -37.742  41.528  -1.580 0.0000000000
128908  -38.627  47.562  -10.683 0.0000000000
131465  -31.514  52.804  1.521 0.0000000000
131703  -38.864  44.719  6.815 0.0000000000
131896  -45.399  42.866  -0.402 0.0000000000
132136  -30.320  63.512  5.071 0.0000000000
132273  -35.896  41.622  2.333 0.0000000000
134109  -31.036  47.330  3.349 0.0000000000
134409  -29.330  52.892  1.654 0.0000000000
135012  -34.351  45.148  6.972 0.0000000000
135279  -42.622  41.632  5.798 0.0000000000
135660  -24.010  56.274  6.338 0.0000000000
135933  -40.105  41.598  -0.303 0.0000000000
136782  -42.959  44.786  -3.914 0.0000000000
136920  -42.029  42.135  -0.724 0.0000000000
137435  -40.329  43.417  3.282 0.0000000000
137517  -34.672  56.484  1.365 0.0000000000
138461  -39.033  49.908  3.282 0.0000000000
138875  -37.799  42.264  -2.603 0.0000000000
138888  -39.938  46.340  -9.982 0.0000000000
139400  -30.086  53.445  1.616 0.0000000000
139794  -45.297  42.862  1.561 0.0000000000
140188  -41.243  49.063  -0.606 0.0000000000
140317  -29.977  62.704  5.095 0.0000000000
140806  -31.178  50.129  2.150 0.0000000000
140883  -33.433  48.632  -6.752 0.0000000000
143055  -29.074  59.502  9.574 0.0000000000
143487  -41.018  47.342  -5.940 0.0000000000
144272  -25.063  58.002  3.428 0.0000000000
144282  -34.891  46.174  -2.027 0.0000000000
144374  -27.936  52.653  2.027 0.0000000000
144870  -37.481  44.601  -6.483 0.0000000000
