#!ascii label  , from subject sub-v1s18x0051277_ses-1 vox2ras=TkReg
1961
35040  27.539  -35.449  -21.486 0.8999999762
34045  27.232  -36.187  -21.788 0.8000000119
137619  27.824  -36.041  -23.035 0.8000000119
33045  27.500  -37.449  -23.507 0.6999999881
33058  27.820  -37.282  -24.180 0.8000000119
128069  26.314  -36.168  -20.479 0.8999999762
35056  27.731  -35.763  -22.340 1.0000000000
140074  28.270  -35.393  -23.000 1.0000000000
35069  28.098  -35.944  -23.699 0.8999999762
34083  28.075  -36.482  -24.366 0.8000000119
34103  28.390  -35.918  -25.990 0.8000000119
35093  28.469  -35.380  -25.329 0.8999999762
34104  28.345  -36.730  -25.896 0.8000000119
35119  28.425  -35.715  -26.813 0.6999999881
34115  28.378  -36.412  -27.379 0.6999999881
35027  26.035  -35.512  -19.867 0.8000000119
134260  26.633  -35.456  -20.344 0.8999999762
36070  26.572  -34.735  -19.913 0.8999999762
36071  25.622  -34.868  -19.562 0.8999999762
129165  23.698  -34.838  -19.421 0.8999999762
36106  28.124  -35.069  -22.052 0.8999999762
36105  28.670  -34.639  -22.619 1.0000000000
129527  28.683  -34.843  -24.519 0.8999999762
37249  28.968  -33.922  -24.893 1.0000000000
36142  28.650  -34.513  -25.530 0.8999999762
35105  28.480  -35.119  -26.175 0.8999999762
34124  28.141  -36.383  -28.353 0.6999999881
36069  27.390  -34.305  -20.417 0.8999999762
37171  26.843  -33.800  -19.817 0.8999999762
37172  25.984  -34.046  -19.522 0.8999999762
36056  25.068  -34.205  -19.425 0.8999999762
138582  23.733  -34.085  -19.484 0.8999999762
37196  28.101  -33.945  -20.919 0.8999999762
36088  28.452  -34.332  -21.741 0.8999999762
138620  29.094  -34.158  -24.002 1.0000000000
36153  28.534  -34.289  -26.422 0.8000000119
35118  28.455  -34.926  -27.042 0.8000000119
36179  28.116  -34.875  -28.494 0.8000000119
37295  27.702  -33.623  -28.981 0.8000000119
36180  26.984  -34.147  -29.393 0.8000000119
38444  26.560  -32.561  -29.479 0.8000000119
37158  26.263  -33.132  -19.521 0.8999999762
38314  24.768  -32.800  -19.442 0.8999999762
37173  23.176  -32.889  -20.087 0.8999999762
141227  27.751  -32.872  -20.108 0.8999999762
38328  24.379  -32.060  -19.620 0.8999999762
38329  23.556  -32.045  -20.176 0.8000000119
145151  22.773  -32.997  -20.499 0.8000000119
37195  28.767  -33.599  -21.464 0.8999999762
39471  24.156  -31.294  -20.013 0.6999999881
38330  22.880  -32.421  -20.832 0.6999999881
129267  22.568  -32.478  -21.769 0.6999999881
37194  29.539  -33.223  -21.993 0.8999999762
39499  22.702  -31.445  -21.992 0.6999999881
39517  22.255  -31.541  -22.262 0.6999999881
38368  29.953  -33.002  -22.722 1.0000000000
40526  21.578  -31.069  -22.206 0.6000000238
37230  29.543  -33.548  -22.869 1.0000000000
38403  29.607  -32.594  -24.453 1.0000000000
37248  29.359  -33.389  -24.280 1.0000000000
37265  28.740  -33.504  -25.845 1.0000000000
38404  29.185  -33.025  -25.080 1.0000000000
38422  28.885  -32.407  -25.805 0.8999999762
123630  28.623  -32.839  -26.480 0.8000000119
38439  28.450  -32.729  -27.428 0.8000000119
37291  28.182  -33.156  -28.358 0.8000000119
38443  27.293  -31.763  -29.162 0.8000000119
138633  27.048  -33.307  -29.386 0.8000000119
132523  26.309  -31.681  -29.460 0.8000000119
39578  26.612  -30.966  -29.299 0.8000000119
40585  25.039  -30.100  -29.432 0.8000000119
38327  27.146  -33.033  -19.770 0.8999999762
141858  25.526  -32.769  -19.416 0.8999999762
38326  27.496  -32.364  -19.792 0.8999999762
38312  26.799  -32.415  -19.553 0.8999999762
130209  25.206  -32.120  -19.410 0.8999999762
39456  24.898  -31.348  -19.565 0.8999999762
38351  29.033  -32.980  -21.235 0.8999999762
39472  23.564  -31.243  -20.717 0.6999999881
38350  29.564  -32.497  -21.376 0.8999999762
40490  23.380  -30.635  -21.169 0.6000000238
40512  22.903  -30.793  -21.683 0.6000000238
134630  30.151  -32.477  -22.175 1.0000000000
41413  20.930  -30.170  -21.874 0.5000000000
39533  30.142  -32.173  -23.888 1.0000000000
41399  20.834  -28.802  -21.679 0.5000000000
38421  29.350  -32.281  -25.117 1.0000000000
38434  28.572  -32.072  -26.667 0.8999999762
38440  28.063  -32.240  -28.399 0.8000000119
138427  28.472  -30.521  -27.003 0.8999999762
40581  28.262  -30.882  -27.594 0.8000000119
39574  27.948  -31.334  -28.359 0.8000000119
41465  28.138  -29.967  -27.513 0.8999999762
41472  27.498  -29.694  -28.193 0.8000000119
42450  27.368  -28.202  -27.628 0.8999999762
41473  26.619  -29.481  -28.731 0.8000000119
42462  24.775  -28.701  -28.795 0.8000000119
136871  24.782  -27.291  -28.210 0.8000000119
42453  24.099  -27.965  -28.531 0.8000000119
39455  25.728  -31.478  -19.387 0.8999999762
129038  28.188  -32.345  -20.186 0.8999999762
39470  27.879  -31.588  -19.726 0.8999999762
40476  24.645  -30.547  -19.934 0.6999999881
40489  23.970  -30.546  -20.550 0.8000000119
142871  30.016  -31.984  -21.501 0.8999999762
130769  29.202  -31.116  -20.336 0.8999999762
41380  23.636  -29.809  -20.930 0.6999999881
131771  22.566  -30.166  -21.587 0.6000000238
40514  21.812  -30.203  -21.756 0.6000000238
42364  23.547  -29.069  -20.957 0.6999999881
41397  22.135  -29.388  -21.552 0.6000000238
41398  21.289  -29.425  -21.654 0.5000000000
39532  30.666  -31.660  -23.304 1.0000000000
42380  21.574  -28.550  -21.545 0.5000000000
42381  20.816  -28.140  -21.726 0.5000000000
39548  30.422  -31.369  -24.108 1.0000000000
40552  30.126  -30.974  -24.695 1.0000000000
40563  29.594  -30.935  -25.224 1.0000000000
40564  29.000  -30.861  -25.775 1.0000000000
41458  28.541  -29.849  -26.673 0.8999999762
40562  30.187  -30.210  -25.077 1.0000000000
41447  29.667  -29.370  -25.589 0.8999999762
141534  28.788  -30.192  -26.013 0.8999999762
41459  28.237  -29.105  -27.153 0.8999999762
42444  28.549  -28.541  -26.592 0.8999999762
42445  27.982  -28.308  -27.189 0.8999999762
43475  27.003  -27.673  -27.614 0.8999999762
42451  26.622  -28.079  -28.030 0.8999999762
43467  28.182  -27.699  -26.808 0.8999999762
43468  27.571  -27.642  -27.262 0.8999999762
43477  25.523  -27.001  -27.880 0.8999999762
132403  26.686  -25.875  -26.986 0.8999999762
38311  27.193  -31.863  -19.556 0.8999999762
39454  26.545  -31.680  -19.407 0.8999999762
40475  25.432  -30.641  -19.542 0.8999999762
40474  26.300  -30.805  -19.361 0.8999999762
127497  25.981  -29.887  -19.478 1.0000000000
41369  25.135  -29.809  -19.871 0.8000000119
40488  28.528  -30.780  -19.821 0.8999999762
41379  24.397  -29.799  -20.415 0.6999999881
39496  30.477  -31.744  -21.976 0.8999999762
39497  30.227  -31.366  -21.293 0.8999999762
127464  24.115  -29.083  -20.652 0.6999999881
42378  23.279  -28.514  -21.114 0.6999999881
42379  22.519  -28.585  -21.381 0.5000000000
39515  31.137  -31.112  -23.052 1.0000000000
43397  21.357  -27.688  -21.568 0.5000000000
43398  20.765  -27.514  -21.776 0.5000000000
40539  30.969  -30.920  -23.663 1.0000000000
40550  31.417  -30.266  -24.011 1.0000000000
41445  31.441  -29.064  -24.911 1.0000000000
41439  31.108  -29.873  -24.673 1.0000000000
42431  30.022  -28.524  -25.579 1.0000000000
41446  30.609  -29.298  -25.231 1.0000000000
43453  29.529  -27.556  -25.811 0.8999999762
43454  28.780  -27.701  -26.301 0.8999999762
44583  28.231  -26.378  -26.373 0.8999999762
47805  26.947  -23.740  -28.317 0.6999999881
132013  26.690  -22.912  -28.233 0.8000000119
46753  25.360  -24.177  -28.847 0.8000000119
47807  24.998  -23.407  -28.679 0.8000000119
40487  29.329  -30.399  -20.204 0.8999999762
41377  28.737  -29.815  -19.769 1.0000000000
41366  28.104  -29.165  -19.570 1.0000000000
41367  26.581  -29.029  -19.549 1.0000000000
41368  25.604  -29.051  -19.834 0.6999999881
41378  24.839  -29.059  -20.311 0.6999999881
40525  30.828  -31.089  -21.825 0.8999999762
40511  29.847  -30.920  -20.684 0.8999999762
143300  23.844  -28.532  -20.830 0.6999999881
130822  22.562  -27.245  -21.276 0.6000000238
40538  31.469  -30.524  -23.224 1.0000000000
40524  31.261  -30.780  -22.472 0.8999999762
40509  31.190  -30.364  -21.717 0.8999999762
44531  20.832  -26.211  -21.889 0.4000000060
41438  31.783  -29.506  -24.266 1.0000000000
141819  31.106  -27.551  -25.429 1.0000000000
134436  29.523  -26.484  -25.743 1.0000000000
44581  30.246  -26.129  -25.530 1.0000000000
46742  23.483  -23.946  -27.886 0.8999999762
46749  29.282  -24.260  -27.782 0.6000000238
142160  27.716  -23.910  -28.112 0.6000000238
133453  27.715  -23.094  -28.032 0.8000000119
48853  25.668  -22.578  -28.451 0.8000000119
47808  23.989  -23.787  -28.753 0.8999999762
46755  23.444  -24.266  -28.245 0.8999999762
41375  30.250  -29.300  -20.544 0.8999999762
41376  29.487  -29.543  -20.167 0.8999999762
42351  25.953  -28.174  -19.822 0.8000000119
43382  25.236  -27.752  -20.238 0.6999999881
133409  23.771  -27.768  -20.867 0.6999999881
44528  23.200  -27.059  -21.029 0.6000000238
45590  21.272  -25.536  -21.620 0.4000000060
41411  32.193  -29.365  -22.951 1.0000000000
41412  31.696  -29.963  -22.509 0.8999999762
41427  32.382  -29.059  -23.723 1.0000000000
42420  32.136  -28.778  -24.548 1.0000000000
43450  32.008  -27.451  -25.232 1.0000000000
145916  31.462  -26.836  -25.408 1.0000000000
44580  31.150  -25.973  -25.429 1.0000000000
45646  30.332  -25.123  -25.396 1.0000000000
141068  24.541  -23.542  -26.922 0.8999999762
48837  24.535  -22.375  -26.744 0.8999999762
48838  23.961  -22.261  -27.409 0.8999999762
48866  23.797  -21.676  -28.361 0.8999999762
48855  23.725  -22.561  -28.148 0.8999999762
48862  31.285  -22.633  -29.836 0.6000000238
47804  30.191  -23.525  -28.102 0.6000000238
142714  29.291  -23.237  -27.996 0.6000000238
48851  28.286  -22.240  -28.302 0.8000000119
48852  26.527  -22.182  -28.337 0.8000000119
48854  24.540  -22.632  -28.556 0.8999999762
42361  28.837  -28.907  -19.839 0.8999999762
42348  28.179  -28.347  -19.648 0.8999999762
42350  26.847  -28.108  -19.617 0.6999999881
42347  28.896  -28.059  -19.877 0.8999999762
43367  27.570  -27.880  -19.597 0.8999999762
43383  24.569  -27.355  -20.506 0.6000000238
41395  30.797  -29.863  -21.049 1.0000000000
42377  30.999  -29.031  -20.954 1.0000000000
42359  30.403  -28.454  -20.474 1.0000000000
44513  24.593  -26.623  -20.364 0.6000000238
44514  23.943  -26.832  -20.666 0.6000000238
44515  23.338  -26.234  -20.806 0.5000000000
42395  32.039  -29.120  -22.205 1.0000000000
42375  32.327  -28.289  -21.928 1.0000000000
42410  32.764  -28.388  -23.611 1.0000000000
135105  32.587  -28.451  -24.174 1.0000000000
43438  32.711  -27.267  -24.746 1.0000000000
44579  32.211  -26.504  -25.247 1.0000000000
45644  31.957  -25.534  -25.343 1.0000000000
45645  31.173  -25.138  -25.372 1.0000000000
135837  30.030  -24.168  -25.296 1.0000000000
46721  29.440  -24.695  -25.443 1.0000000000
144726  29.031  -24.304  -25.449 1.0000000000
131180  28.680  -23.906  -25.453 1.0000000000
47776  28.042  -23.299  -25.480 1.0000000000
47777  27.322  -23.893  -25.925 0.8999999762
46723  27.677  -24.642  -26.036 0.8999999762
46726  25.178  -23.789  -26.663 0.8999999762
145139  23.645  -21.771  -27.813 0.8999999762
50852  24.375  -20.799  -28.762 0.8999999762
47845  32.023  -23.194  -31.265 0.6000000238
47829  31.835  -23.239  -30.578 0.6000000238
48863  30.516  -22.246  -29.363 0.6000000238
48849  30.012  -22.664  -28.536 0.6000000238
49843  27.918  -21.329  -28.705 0.8000000119
49845  26.004  -21.584  -28.478 0.8000000119
43381  29.709  -27.837  -20.101 0.8999999762
137819  27.629  -27.206  -19.561 0.6999999881
43369  25.840  -27.415  -19.889 0.6000000238
44498  26.205  -26.754  -19.669 0.6000000238
42358  31.190  -28.169  -20.811 0.8999999762
44499  24.981  -26.108  -20.016 0.6000000238
45573  24.157  -25.943  -20.374 0.5000000000
42376  31.677  -28.690  -21.442 1.0000000000
43411  33.074  -27.819  -23.145 1.0000000000
43393  32.571  -27.374  -21.687 0.8999999762
43425  33.268  -27.331  -23.645 1.0000000000
43437  33.195  -27.141  -24.191 1.0000000000
141857  32.692  -25.840  -25.059 1.0000000000
133339  31.764  -24.712  -25.427 1.0000000000
136968  31.590  -23.863  -25.642 1.0000000000
47773  30.561  -23.627  -25.502 1.0000000000
47774  29.741  -23.418  -25.383 1.0000000000
48818  28.497  -22.623  -25.509 1.0000000000
49802  27.238  -21.826  -25.742 1.0000000000
49804  25.731  -21.838  -26.141 0.8999999762
48822  25.340  -22.417  -26.313 0.8999999762
49823  23.844  -21.476  -27.490 0.8999999762
50853  23.580  -20.118  -28.614 0.8999999762
48895  31.810  -22.347  -31.380 0.6000000238
49854  30.157  -21.578  -29.846 0.6000000238
49855  29.374  -21.274  -29.531 0.6999999881
49857  27.829  -20.565  -29.391 0.6999999881
50849  27.247  -20.817  -28.895 0.6999999881
50851  25.458  -20.792  -28.712 0.8000000119
50865  24.948  -20.092  -29.165 0.8999999762
48893  33.031  -22.682  -31.346 0.6000000238
50884  27.677  -19.895  -30.056 0.6999999881
50863  26.984  -20.285  -29.397 0.8000000119
51988  25.515  -19.502  -29.608 0.8999999762
44497  26.916  -26.275  -19.373 0.6999999881
138509  25.630  -26.262  -19.747 0.6000000238
137400  30.642  -26.988  -20.215 0.8999999762
43364  29.918  -27.086  -19.971 0.8000000119
44495  28.605  -26.425  -19.322 0.6999999881
43394  31.910  -27.838  -21.224 0.8999999762
43379  31.369  -27.269  -20.614 0.8000000119
44543  33.108  -27.230  -22.425 1.0000000000
44527  33.102  -26.621  -21.800 0.8000000119
44542  33.579  -26.486  -22.592 0.8999999762
44554  33.568  -26.676  -23.639 1.0000000000
45630  33.380  -25.626  -24.672 1.0000000000
46704  32.764  -25.026  -25.178 1.0000000000
144600  32.431  -24.338  -25.498 1.0000000000
47791  31.084  -23.086  -25.936 1.0000000000
48836  29.826  -22.284  -26.056 1.0000000000
48817  29.349  -22.689  -25.575 1.0000000000
49801  28.071  -21.946  -25.696 1.0000000000
50803  26.823  -21.288  -26.218 0.8999999762
50820  25.341  -20.711  -26.900 0.8999999762
49822  24.337  -21.284  -27.063 0.8999999762
51974  23.599  -19.683  -28.502 0.8999999762
48879  30.851  -22.029  -30.438 0.6000000238
50882  29.204  -20.369  -30.537 0.6999999881
51990  23.736  -19.379  -29.256 0.8999999762
49871  34.662  -21.207  -30.498 0.6000000238
49885  32.894  -21.813  -31.360 0.6000000238
50883  28.486  -19.959  -30.439 0.6999999881
52009  27.145  -19.184  -30.455 0.6999999881
44496  27.696  -26.494  -19.370 0.6999999881
130496  26.240  -25.972  -19.451 0.6000000238
44493  30.349  -26.515  -19.781 0.8000000119
44494  29.502  -26.466  -19.463 0.8000000119
45555  28.161  -25.794  -18.996 0.6999999881
45556  27.447  -25.865  -19.140 0.6999999881
44510  31.898  -26.539  -20.576 0.6999999881
44511  31.131  -26.525  -20.141 0.8000000119
138928  33.511  -26.014  -21.878 0.6999999881
45603  33.922  -25.651  -22.370 0.6999999881
45628  34.411  -24.887  -24.137 0.8000000119
46703  33.820  -24.839  -24.749 0.8000000119
46718  34.128  -24.103  -25.145 0.8000000119
46719  33.277  -24.310  -25.383 0.8999999762
47772  32.691  -23.781  -25.789 0.8999999762
48834  31.608  -22.522  -26.557 1.0000000000
48835  30.660  -22.392  -26.294 1.0000000000
49820  28.499  -21.527  -26.223 1.0000000000
50817  28.119  -20.907  -26.701 1.0000000000
49818  30.192  -21.674  -26.708 1.0000000000
49819  29.311  -21.729  -26.312 1.0000000000
49821  27.670  -21.387  -26.180 1.0000000000
51940  26.806  -20.165  -27.376 1.0000000000
50819  26.326  -20.704  -26.744 0.8999999762
51960  25.088  -19.432  -27.898 0.8999999762
51942  24.731  -20.093  -27.519 0.8999999762
53013  23.792  -18.701  -28.574 0.8999999762
129561  32.763  -21.083  -31.513 0.6000000238
49887  31.451  -21.539  -31.540 0.6000000238
49873  30.458  -21.391  -30.785 0.6000000238
49889  30.049  -20.742  -30.987 0.6999999881
52013  23.587  -18.935  -29.298 0.8999999762
52011  24.941  -18.905  -29.819 0.8999999762
132081  28.763  -19.157  -31.199 0.6999999881
52028  28.156  -19.473  -30.634 0.6999999881
52010  26.040  -19.026  -30.128 0.8999999762
53068  25.483  -18.457  -30.270 0.8999999762
45553  30.164  -25.902  -19.236 0.6999999881
45554  29.219  -25.678  -18.905 0.6000000238
46624  28.516  -25.006  -18.674 0.6000000238
133548  26.242  -25.386  -19.206 0.6000000238
45571  31.649  -25.808  -19.979 0.6999999881
131288  30.193  -25.098  -18.843 0.6000000238
45570  32.446  -25.880  -20.612 0.6999999881
46673  34.250  -24.933  -22.194 0.6999999881
45602  34.321  -25.250  -22.857 0.6999999881
124019  34.736  -23.781  -24.856 0.8000000119
47771  33.667  -23.672  -25.694 0.8000000119
47789  33.143  -23.216  -26.264 0.8000000119
47790  32.082  -23.229  -26.217 0.8000000119
49817  31.176  -21.820  -26.919 1.0000000000
49816  32.171  -21.958  -27.162 0.8000000119
49836  29.585  -21.236  -26.889 1.0000000000
50816  28.931  -21.056  -26.778 1.0000000000
50838  27.724  -20.354  -27.269 1.0000000000
51956  28.949  -19.919  -27.980 1.0000000000
50837  28.562  -20.455  -27.319 1.0000000000
127748  26.905  -19.570  -27.878 1.0000000000
53010  26.584  -19.044  -28.353 1.0000000000
53011  25.604  -18.825  -28.360 1.0000000000
53012  24.516  -18.688  -28.401 0.8999999762
50899  31.484  -20.748  -31.867 0.6000000238
54188  23.639  -18.144  -29.121 0.8999999762
49872  33.554  -21.126  -31.005 0.6000000238
50898  32.286  -20.614  -31.790 0.6000000238
50900  30.815  -20.309  -31.874 0.6999999881
54225  24.212  -17.619  -29.869 0.8999999762
139196  30.752  -19.668  -32.087 0.6999999881
53086  28.429  -18.360  -31.297 0.6999999881
54223  26.855  -18.036  -30.873 0.8999999762
46600  27.998  -24.318  -18.519 0.5000000000
45552  30.929  -25.405  -19.366 0.6000000238
46622  30.213  -24.193  -18.689 0.5000000000
132670  32.337  -25.150  -20.056 0.6999999881
45569  32.966  -25.200  -20.760 0.6999999881
46660  34.521  -24.280  -22.134 0.6999999881
46661  34.025  -24.393  -21.552 0.6999999881
47756  35.116  -23.768  -24.219 0.6999999881
47755  35.261  -23.159  -24.949 0.6999999881
47770  34.484  -23.464  -25.441 0.8000000119
48832  33.674  -22.583  -26.665 0.8000000119
49815  33.236  -22.023  -27.244 0.8000000119
48833  32.637  -22.616  -26.734 0.8000000119
49833  32.705  -21.339  -27.658 0.8000000119
49835  30.791  -21.175  -27.338 0.8999999762
143324  30.071  -21.071  -27.231 1.0000000000
50833  32.212  -20.693  -28.041 0.8000000119
50835  30.390  -20.560  -27.732 0.8999999762
51955  29.873  -19.990  -28.221 1.0000000000
51972  28.378  -19.283  -28.448 1.0000000000
51957  28.103  -19.835  -27.779 1.0000000000
54185  25.498  -17.191  -29.006 1.0000000000
54165  24.982  -17.922  -28.634 0.8999999762
54166  24.033  -17.915  -28.731 0.8999999762
55341  24.237  -16.704  -29.747 0.8999999762
55323  24.435  -16.519  -29.526 0.8999999762
55376  24.398  -16.129  -30.142 0.8999999762
50897  33.131  -20.288  -31.409 0.6000000238
50906  31.929  -19.973  -32.081 0.6000000238
52042  30.364  -19.081  -32.006 0.6999999881
53087  27.619  -18.163  -31.084 0.8000000119
54243  26.489  -17.280  -30.873 0.8999999762
52007  34.538  -19.586  -30.513 0.6000000238
52041  31.058  -19.118  -32.332 0.6999999881
53101  29.849  -18.408  -31.807 0.6999999881
54242  27.297  -17.420  -31.159 0.8000000119
55374  26.048  -16.395  -30.854 0.8999999762
134816  29.129  -17.751  -31.596 0.6999999881
55373  26.907  -16.578  -31.189 0.8999999762
46621  31.108  -24.471  -19.167 0.5000000000
135237  29.542  -23.946  -18.562 0.5000000000
46644  32.770  -24.457  -20.262 0.6999999881
47670  30.859  -23.500  -18.954 0.5000000000
46643  33.422  -24.474  -20.893 0.6999999881
47713  34.431  -23.658  -21.645 0.6999999881
47724  34.910  -23.740  -22.438 0.6999999881
47737  35.446  -23.235  -23.726 0.6999999881
125272  35.751  -22.498  -24.933 0.6999999881
47787  34.843  -22.848  -25.768 0.6999999881
49814  34.240  -21.960  -27.073 0.8000000119
49832  33.763  -21.325  -27.642 0.8000000119
50848  30.874  -19.940  -28.402 0.8000000119
51970  30.290  -19.378  -28.773 0.8999999762
51971  29.342  -19.244  -28.735 1.0000000000
53031  27.786  -18.651  -28.785 1.0000000000
53009  27.067  -18.649  -28.655 1.0000000000
50847  31.796  -20.070  -28.415 0.8000000119
135334  30.987  -19.325  -28.865 0.8000000119
53030  28.596  -18.596  -29.043 0.8999999762
55320  27.519  -17.230  -29.338 1.0000000000
124149  26.557  -17.276  -29.165 1.0000000000
54183  28.009  -17.943  -29.253 0.8999999762
55321  26.042  -16.520  -29.277 1.0000000000
55322  25.124  -16.364  -29.358 1.0000000000
56364  24.750  -15.768  -29.667 1.0000000000
56415  25.545  -15.369  -30.770 0.8999999762
50907  31.288  -19.868  -32.159 0.6999999881
57412  24.982  -14.961  -30.219 0.8999999762
52024  32.987  -19.433  -31.606 0.6000000238
52025  32.393  -19.300  -32.045 0.6000000238
56414  26.440  -15.670  -31.200 0.8999999762
53098  32.345  -18.399  -32.220 0.6999999881
53100  30.686  -18.263  -32.251 0.6999999881
134143  30.057  -17.596  -31.965 0.6999999881
55371  28.705  -16.813  -31.545 0.6999999881
55372  27.802  -16.674  -31.381 0.8000000119
55392  30.321  -16.806  -32.142 0.6999999881
56413  27.332  -15.787  -31.413 0.8000000119
56412  27.581  -14.781  -31.587 0.8999999762
144728  29.153  -16.211  -31.729 0.6999999881
46645  32.093  -24.424  -19.651 0.6000000238
47669  31.734  -23.645  -19.434 0.5000000000
47695  33.814  -23.710  -20.978 0.6999999881
47696  33.148  -23.760  -20.417 0.5000000000
140731  35.327  -23.094  -22.868 0.6999999881
140678  34.914  -22.823  -21.906 0.6999999881
48777  35.686  -22.562  -23.405 0.6999999881
48767  35.461  -22.237  -22.621 0.6999999881
49784  36.091  -22.087  -24.529 0.6999999881
49799  35.984  -21.907  -25.346 0.6999999881
48830  35.545  -22.024  -25.970 0.6999999881
50802  35.865  -21.474  -26.147 0.6999999881
49813  35.156  -21.829  -26.634 0.6999999881
49831  34.768  -21.218  -27.394 0.8000000119
50832  33.159  -20.676  -28.068 0.8000000119
50831  34.179  -20.446  -28.023 0.8000000119
51967  33.069  -19.506  -28.483 0.8000000119
51969  31.496  -19.509  -28.676 0.8000000119
135670  33.441  -18.890  -28.524 0.8000000119
53026  32.408  -18.552  -28.830 0.8000000119
53028  30.686  -18.829  -29.194 0.8000000119
54182  28.817  -17.786  -29.421 0.8999999762
141873  28.059  -16.398  -29.571 0.8999999762
127130  27.009  -16.476  -29.375 1.0000000000
54181  31.968  -17.884  -29.193 0.8000000119
53047  31.041  -18.127  -29.401 0.8000000119
56363  25.400  -15.466  -29.583 1.0000000000
56362  26.344  -15.733  -29.463 1.0000000000
133727  33.409  -18.780  -31.351 0.6000000238
57396  25.408  -14.342  -30.020 1.0000000000
53099  31.527  -18.369  -32.405 0.6999999881
54259  31.236  -17.679  -32.426 0.6999999881
57424  26.049  -14.713  -31.229 0.8999999762
58516  25.527  -13.530  -31.049 1.0000000000
55391  31.203  -16.820  -32.453 0.6999999881
126534  30.580  -15.986  -32.310 0.8000000119
56411  29.215  -15.475  -31.872 0.8000000119
49765  35.871  -21.839  -23.294 0.6999999881
130515  35.978  -21.166  -23.344 0.6999999881
129285  36.023  -22.190  -23.885 0.6999999881
138681  36.318  -21.417  -24.745 0.6999999881
50801  36.346  -21.123  -25.499 0.6999999881
131696  36.265  -20.774  -26.323 0.6999999881
50830  35.237  -20.386  -27.583 0.6999999881
50815  36.085  -20.290  -27.044 0.6999999881
51953  34.771  -19.616  -28.084 0.8000000119
51954  33.862  -19.579  -28.341 0.8000000119
140784  33.022  -18.453  -28.703 0.8000000119
133163  33.614  -18.034  -28.604 0.8000000119
54180  32.535  -17.342  -29.133 0.8000000119
55340  29.942  -16.957  -29.704 0.8999999762
55319  29.070  -16.852  -29.658 0.8999999762
55339  30.675  -16.727  -29.688 0.8000000119
56359  28.930  -15.897  -29.845 0.8999999762
56361  27.345  -15.650  -29.580 0.8999999762
53083  33.786  -18.043  -31.083 0.6000000238
56380  28.967  -15.053  -30.093 0.8999999762
57373  28.249  -14.726  -30.046 0.8999999762
57395  26.085  -14.090  -30.006 1.0000000000
54222  35.069  -17.314  -30.388 0.6000000238
141954  25.879  -12.925  -30.884 0.8999999762
55370  32.525  -16.651  -32.394 0.6999999881
58515  25.910  -13.079  -31.192 0.8999999762
56435  29.906  -15.306  -32.224 0.8000000119
56436  28.562  -14.721  -31.831 0.8999999762
123780  27.880  -13.787  -31.831 0.8000000119
49764  36.218  -21.525  -23.991 0.6999999881
147027  36.369  -21.065  -24.327 0.6999999881
131259  36.677  -20.375  -25.647 0.6999999881
51952  35.694  -19.558  -27.604 0.6999999881
53006  36.100  -18.690  -27.550 0.6999999881
53007  35.186  -18.790  -28.057 0.6999999881
55338  31.603  -16.463  -29.562 0.8000000119
141223  29.906  -16.080  -29.905 0.8000000119
125416  30.864  -16.041  -29.805 0.8000000119
56379  30.611  -15.400  -30.012 0.8000000119
57374  27.547  -14.824  -29.846 0.8999999762
54238  33.444  -17.337  -31.491 0.6000000238
122297  29.796  -15.173  -30.145 0.8000000119
57393  29.513  -14.381  -30.309 0.8999999762
122775  27.735  -14.029  -30.239 0.8999999762
57394  26.836  -14.021  -30.101 0.8999999762
54237  34.201  -17.287  -30.878 0.6000000238
54239  32.729  -17.432  -32.090 0.6999999881
59540  26.467  -12.573  -30.886 0.8999999762
56433  32.355  -15.902  -32.618 0.6999999881
58538  27.196  -13.062  -31.740 0.8000000119
122893  30.664  -15.061  -32.547 0.6999999881
57440  28.795  -13.737  -32.275 0.8000000119
51925  36.934  -19.818  -25.035 0.6999999881
132398  37.177  -18.899  -26.256 0.6999999881
141024  36.783  -18.727  -26.973 0.6999999881
55318  32.597  -16.605  -29.263 0.8000000119
123187  32.226  -15.909  -29.502 0.8000000119
56378  31.522  -15.524  -29.760 0.8000000119
57392  30.404  -14.632  -30.248 0.8000000119
124684  28.619  -14.173  -30.292 0.8999999762
58481  28.017  -13.180  -30.494 0.8999999762
55368  33.878  -16.573  -31.340 0.6000000238
59539  27.351  -12.411  -30.867 0.8999999762
56410  33.628  -15.893  -31.824 0.6999999881
55390  33.010  -15.932  -32.382 0.6999999881
59561  27.067  -12.225  -31.271 0.8999999762
143966  32.120  -15.258  -32.786 0.6999999881
122093  30.654  -13.972  -32.750 0.8000000119
123073  28.705  -12.544  -32.442 0.8000000119
57437  32.266  -14.559  -32.977 0.6999999881
58536  29.642  -13.371  -32.574 0.8000000119
58537  27.833  -12.672  -32.136 0.8000000119
58534  31.614  -13.915  -33.068 0.8000000119
52994  37.228  -18.935  -25.234 0.6999999881
55355  34.680  -16.544  -30.768 0.6000000238
58479  30.171  -13.722  -30.497 0.8000000119
59559  29.405  -12.304  -31.139 0.8999999762
129785  28.591  -11.945  -31.377 0.8999999762
56409  34.369  -15.847  -31.267 0.6000000238
60592  28.358  -11.548  -31.817 0.8999999762
134541  32.844  -15.142  -32.742 0.8000000119
59592  28.013  -11.869  -32.123 0.8999999762
59591  29.560  -12.373  -32.689 0.8000000119
123504  32.977  -14.290  -33.041 0.6999999881
58559  30.973  -13.070  -33.061 0.8000000119
133035  30.259  -12.088  -33.076 0.8000000119
138301  34.128  -15.243  -31.807 0.6999999881
59558  30.257  -12.902  -30.833 0.8000000119
57423  35.404  -14.364  -31.422 0.5000000000
147055  33.968  -14.784  -32.254 0.6000000238
58514  34.901  -13.909  -32.080 0.6000000238
57436  33.510  -14.584  -32.653 0.6999999881
141279  29.620  -11.141  -32.625 0.8000000119
58531  34.462  -13.496  -32.686 0.6000000238
58532  33.665  -13.786  -32.992 0.6000000238
58557  32.655  -13.097  -33.492 0.6999999881
59607  32.106  -12.252  -33.582 0.8000000119
128020  28.889  -11.800  -32.484 0.8000000119
58556  33.415  -13.119  -33.449 0.6000000238
60590  29.782  -11.803  -31.410 0.8000000119
61665  30.261  -10.731  -32.448 0.8000000119
61666  29.620  -10.998  -32.322 0.8999999762
58512  36.319  -13.337  -31.463 0.6000000238
60628  31.399  -11.198  -33.591 0.8000000119
60629  30.445  -11.267  -33.305 0.8000000119
61688  30.566  -10.641  -33.219 0.8000000119
59606  33.027  -12.370  -33.684 0.6000000238
61648  30.768  -11.074  -31.835 0.8000000119
132865  30.698  -10.337  -32.892 0.8000000119
59577  35.917  -12.934  -32.033 0.6000000238
58530  35.210  -13.223  -32.367 0.6000000238
61686  31.949  -10.637  -33.777 0.8000000119
59590  34.768  -12.780  -32.923 0.6000000238
60635  33.140  -10.821  -34.242 0.6999999881
61678  30.977  -10.256  -33.089 0.8000000119
60624  35.798  -11.288  -33.492 0.6000000238
60634  34.082  -11.166  -34.283 0.6000000238
134305  33.653  -10.338  -34.533 0.6999999881
59588  36.186  -12.252  -32.305 0.6000000238
60619  35.778  -11.919  -32.857 0.6000000238
61662  33.177  -10.525  -31.743 0.8000000119
61664  31.265  -10.446  -32.418 0.8000000119
59575  37.372  -12.315  -31.419 0.6000000238
61663  32.262  -10.497  -32.039 0.8000000119
60583  38.830  -11.903  -30.698 0.5000000000
62703  32.568  -9.313  -34.095 0.8000000119
62688  31.550  -9.899  -33.120 0.8000000119
59576  36.606  -12.622  -31.693 0.6000000238
62702  33.675  -9.371  -34.811 0.6000000238
60601  38.814  -11.296  -31.007 0.5000000000
60602  37.600  -11.551  -31.715 0.6000000238
60617  37.122  -11.202  -32.322 0.6000000238
61692  35.504  -10.656  -34.334 0.6000000238
146310  38.345  -10.584  -31.829 0.6000000238
61677  36.668  -10.859  -33.036 0.6000000238
61685  36.284  -10.480  -33.858 0.6000000238
62694  36.714  -9.800  -34.217 0.6000000238
62686  33.164  -9.294  -32.899 0.8000000119
62687  32.445  -9.474  -32.995 0.8000000119
62670  33.669  -9.902  -32.108 0.8000000119
62685  34.112  -9.230  -32.586 0.6999999881
63717  32.836  -9.004  -33.669 0.6999999881
135870  38.260  -11.135  -31.511 0.6000000238
62701  34.645  -9.425  -35.121 0.6000000238
62706  33.919  -8.459  -35.222 0.6000000238
62707  33.434  -8.398  -34.889 0.6999999881
62664  39.465  -9.923  -31.422 0.5000000000
62699  36.332  -9.368  -35.051 0.6000000238
62665  38.727  -10.056  -31.936 0.5000000000
61675  37.763  -9.873  -32.949 0.6000000238
62693  37.478  -9.527  -33.727 0.6000000238
62663  40.281  -9.471  -31.091 0.5000000000
62684  35.043  -9.168  -32.235 0.6999999881
134129  34.158  -8.138  -33.880 0.6000000238
64769  34.105  -7.740  -35.318 0.6000000238
63734  33.493  -8.314  -34.673 0.6000000238
132369  35.024  -7.677  -35.757 0.6000000238
64758  34.099  -7.554  -35.068 0.6000000238
63697  39.789  -9.058  -31.757 0.5000000000
62692  38.108  -9.333  -33.266 0.6000000238
63724  38.017  -8.803  -34.020 0.6000000238
62698  37.153  -9.150  -34.618 0.6000000238
62704  35.725  -8.647  -35.622 0.6000000238
64768  34.883  -7.122  -35.526 0.6000000238
63711  39.391  -8.741  -32.532 0.6000000238
127741  39.277  -8.376  -33.241 0.6000000238
63696  40.580  -8.688  -31.470 0.5000000000
63710  40.166  -8.358  -32.202 0.5000000000
64710  41.748  -7.534  -31.715 0.4000000060
64724  41.228  -7.283  -32.442 0.5000000000
64731  34.903  -8.014  -33.561 0.6000000238
64745  34.296  -7.619  -34.519 0.6000000238
63731  37.569  -8.490  -35.079 0.6000000238
63732  36.678  -8.659  -35.456 0.6000000238
64757  34.719  -7.113  -35.056 0.6000000238
63723  38.853  -8.293  -33.901 0.6000000238
63730  38.383  -8.166  -34.764 0.6000000238
64726  39.836  -8.037  -32.952 0.5000000000
64741  39.523  -7.835  -33.732 0.6000000238
64739  40.879  -7.085  -33.077 0.5000000000
147084  41.862  -6.948  -32.375 0.4000000060
63737  37.071  -7.973  -35.873 0.6000000238
64774  35.908  -6.500  -36.268 0.5000000000
65728  35.506  -6.869  -34.717 0.5000000000
64744  35.220  -7.459  -34.125 0.5000000000
64773  36.469  -7.100  -36.351 0.5000000000
64754  39.825  -7.357  -34.289 0.6000000238
64740  40.266  -7.357  -33.551 0.5000000000
65713  41.556  -6.668  -33.125 0.4000000060
129135  36.376  -6.751  -34.345 0.4000000060
63736  37.949  -7.880  -35.605 0.6000000238
64767  37.510  -7.345  -36.306 0.5000000000
65725  40.376  -6.837  -34.491 0.4000000060
65734  39.788  -7.058  -35.125 0.6000000238
64765  39.123  -7.254  -35.695 0.6000000238
64772  37.012  -6.545  -36.656 0.4000000060
65724  40.936  -6.665  -33.804 0.4000000060
65733  41.054  -6.248  -34.769 0.4000000060
66747  36.653  -5.657  -36.657 0.4000000060
130574  40.413  -6.469  -35.486 0.4000000060
64770  38.866  -6.836  -36.610 0.4000000060
139021  42.109  -6.232  -33.493 0.4000000060
65746  39.715  -6.714  -36.127 0.4000000060
65716  37.782  -6.747  -33.226 0.4000000060
66728  36.844  -5.611  -35.786 0.4000000060
65750  38.135  -5.939  -37.254 0.4000000060
65732  41.765  -5.622  -34.934 0.4000000060
65744  41.036  -5.809  -35.735 0.4000000060
65745  40.331  -6.112  -36.563 0.4000000060
140532  39.451  -6.301  -37.024 0.4000000060
66718  37.663  -6.124  -34.444 0.4000000060
66727  37.890  -5.474  -35.410 0.4000000060
66739  36.660  -5.507  -36.490 0.4000000060
66737  40.901  -5.524  -36.503 0.3000000119
66746  37.779  -4.803  -37.460 0.4000000060
124095  37.092  -5.089  -36.912 0.4000000060
66726  38.910  -5.220  -35.030 0.4000000060
66738  37.112  -5.123  -36.612 0.4000000060
46761  24.782  -24.690  -29.281 0.8000000119
46763  23.633  -24.395  -28.727 0.8999999762
45669  23.218  -24.940  -28.164 0.8999999762
45670  22.860  -25.782  -28.717 0.8999999762
127812  23.165  -25.710  -28.248 0.8999999762
45647  29.562  -25.569  -25.576 1.0000000000
43476  26.343  -27.374  -27.774 0.8999999762
44595  27.723  -26.928  -26.876 0.8999999762
45649  28.014  -25.490  -26.185 0.8999999762
144899  29.096  -25.212  -25.602 1.0000000000
142318  25.417  -26.358  -27.589 0.8999999762
45659  27.496  -26.077  -26.657 0.8999999762
45662  24.546  -24.904  -27.351 0.8999999762
47778  26.643  -23.737  -26.176 0.8999999762
65736  35.924  -6.107  -35.914 0.4000000060
65752  36.395  -6.291  -36.501 0.4000000060
65735  36.545  -6.161  -35.173 0.4000000060
64742  36.980  -7.131  -33.425 0.4000000060
36089  27.836  -34.712  -21.187 0.8999999762
133979  28.471  -35.364  -23.824 1.0000000000
35131  28.391  -35.533  -27.858 0.8000000119
140527  24.697  -34.942  -19.451 0.8999999762
37213  29.043  -33.937  -22.304 1.0000000000
37290  28.425  -33.527  -27.648 0.8000000119
38325  28.927  -32.413  -20.705 0.8999999762
39559  28.755  -31.482  -26.104 0.8999999762
39573  28.352  -31.752  -27.556 0.8000000119
141440  27.067  -30.259  -28.835 0.8000000119
40584  26.055  -30.188  -29.320 0.8000000119
40551  30.726  -30.627  -24.380 1.0000000000
41467  27.172  -28.841  -28.108 0.8999999762
41468  26.080  -28.692  -28.575 0.8000000119
44606  24.655  -26.639  -27.857 0.8999999762
43478  23.888  -27.125  -28.209 0.8000000119
42432  29.177  -28.504  -25.948 0.8999999762
44597  25.804  -25.799  -27.306 0.8999999762
139000  27.724  -30.757  -19.485 0.8999999762
138528  27.405  -29.371  -19.478 1.0000000000
43395  22.951  -27.828  -21.226 0.6000000238
44530  21.603  -26.297  -21.536 0.4000000060
44529  22.492  -26.447  -21.219 0.4000000060
129608  30.364  -27.852  -25.558 1.0000000000
45648  28.836  -25.821  -25.880 0.8999999762
45689  25.233  -25.505  -29.571 0.6999999881
49846  24.936  -21.686  -28.543 0.8000000119
42360  29.602  -28.678  -20.166 0.8999999762
46737  23.778  -24.442  -27.635 0.8999999762
46750  28.180  -24.513  -28.132 0.6000000238
48865  23.997  -22.787  -28.480 0.8999999762
43368  26.490  -27.484  -19.687 0.6999999881
45589  22.013  -25.637  -21.275 0.4000000060
46735  25.300  -24.547  -26.920 0.8999999762
49847  23.540  -20.927  -28.272 0.8999999762
50866  24.045  -20.004  -29.070 0.8999999762
48850  29.156  -22.408  -28.388 0.6999999881
49842  28.879  -21.611  -28.793 0.6999999881
43365  28.979  -27.187  -19.689 0.8000000119
43380  30.548  -27.631  -20.363 0.8999999762
48816  30.200  -22.893  -25.659 1.0000000000
45650  27.166  -25.270  -26.495 0.8999999762
48820  26.781  -22.284  -25.684 0.8999999762
47779  25.907  -23.224  -26.259 0.8999999762
46725  26.021  -24.137  -26.523 0.8999999762
50839  23.496  -20.404  -28.137 0.8999999762
43378  32.094  -27.135  -21.024 0.8000000119
45558  25.521  -25.549  -19.529 0.5000000000
43410  33.387  -27.138  -23.077 1.0000000000
51943  23.904  -20.035  -27.784 0.8999999762
45588  33.057  -25.933  -21.279 0.6999999881
45617  34.003  -25.846  -23.309 0.8999999762
45629  34.057  -25.453  -24.117 0.8999999762
50901  29.674  -20.142  -31.147 0.6999999881
53069  24.473  -18.324  -29.868 0.8999999762
52029  27.890  -18.831  -30.865 0.8000000119
45544  27.548  -25.162  -18.768 0.6000000238
45587  33.626  -25.246  -21.540 0.6999999881
46687  34.789  -24.461  -23.779 0.6999999881
46702  34.545  -24.333  -24.483 0.6999999881
51959  26.136  -19.522  -27.846 1.0000000000
126592  25.017  -17.750  -30.273 0.8999999762
46623  29.413  -24.705  -18.644 0.6000000238
46602  26.675  -24.921  -18.831 0.5000000000
46672  34.700  -24.561  -22.900 0.6999999881
49834  31.709  -21.272  -27.524 0.8999999762
133214  28.830  -24.129  -18.522 0.5000000000
145465  35.409  -23.244  -24.300 0.6999999881
48831  34.550  -22.458  -26.412 0.8000000119
56395  24.548  -15.574  -30.120 0.8999999762
47697  32.518  -23.737  -19.845 0.6000000238
48705  31.355  -22.765  -19.312 0.5000000000
53029  29.412  -18.419  -29.278 0.8999999762
145053  32.838  -18.957  -28.640 0.8000000119
58539  26.500  -13.379  -31.460 0.8999999762
48733  32.247  -22.986  -19.643 0.5000000000
47694  34.218  -22.950  -21.094 0.6999999881
49830  35.644  -21.046  -26.949 0.6999999881
53008  34.259  -18.808  -28.348 0.8000000119
54207  29.637  -17.625  -29.542 0.8999999762
56360  28.203  -15.438  -29.789 0.8999999762
56434  31.506  -15.781  -32.607 0.8000000119
123859  29.280  -14.738  -32.134 0.8000000119
51939  36.574  -19.462  -26.898 0.6999999881
130156  33.502  -16.454  -28.935 0.8000000119
59579  27.204  -12.320  -31.554 0.8999999762
58480  29.065  -13.493  -30.498 0.8999999762
51908  36.635  -19.889  -24.202 0.6000000238
145036  33.039  -13.652  -33.288 0.6999999881
60591  29.098  -11.573  -31.601 0.8999999762
60626  33.495  -11.696  -33.903 0.6999999881
59603  35.060  -12.022  -33.303 0.6000000238
137852  34.937  -11.335  -34.108 0.6000000238
61694  32.812  -9.793  -34.381 0.8000000119
61693  34.599  -10.416  -34.656 0.6000000238
63727  32.812  -8.941  -34.071 0.6999999881
61658  38.109  -10.257  -32.330 0.6000000238
62683  38.498  -9.562  -32.592 0.6000000238
63738  36.027  -7.847  -35.970 0.6000000238
65727  37.128  -6.608  -34.074 0.4000000060
66729  36.367  -5.733  -35.928 0.4000000060
66717  38.618  -5.780  -34.094 0.4000000060
66745  40.282  -5.516  -37.242 0.4000000060
45663  23.677  -25.323  -27.755 0.8999999762
26634  25.199  -43.504  -21.221 0.4000000060
27641  24.497  -42.471  -20.282 0.4000000060
26599  23.108  -42.951  -19.610 0.4000000060
28799  25.756  -41.819  -22.182 0.4000000060
143364  24.402  -41.782  -20.178 0.4000000060
27624  22.834  -42.107  -19.519 0.4000000060
28798  26.521  -41.195  -22.799 0.3000000119
143272  24.929  -41.870  -20.676 0.4000000060
29941  27.577  -40.797  -24.413 0.4000000060
134219  27.834  -40.749  -25.240 0.4000000060
131938  28.176  -40.077  -26.520 0.4000000060
31064  27.871  -39.369  -28.250 0.4000000060
28767  23.999  -41.210  -19.853 0.5000000000
28748  22.581  -41.367  -19.525 0.4000000060
29916  26.054  -41.039  -21.972 0.4000000060
136771  24.739  -41.173  -20.454 0.4000000060
136165  27.565  -40.206  -24.027 0.5000000000
136862  27.848  -40.069  -24.707 0.4000000060
31046  28.241  -39.271  -25.978 0.4000000060
32124  28.103  -38.395  -28.009 0.5000000000
129351  27.783  -37.752  -28.703 0.5000000000
33111  27.380  -37.168  -29.227 0.6000000238
33112  26.640  -37.353  -29.478 0.5000000000
34143  26.035  -36.752  -29.550 0.6000000238
34125  25.377  -36.138  -29.519 0.4000000060
29890  24.451  -40.484  -20.227 0.5000000000
29875  22.412  -40.613  -19.542 0.5000000000
28750  20.926  -40.860  -19.759 0.5000000000
29892  20.109  -40.435  -20.008 0.5000000000
29905  25.985  -40.333  -21.612 0.6000000238
29889  25.261  -40.376  -20.862 0.6000000238
31015  26.833  -39.707  -22.725 0.5000000000
30996  26.409  -39.656  -21.949 0.6000000238
31030  27.266  -39.907  -23.437 0.5000000000
127409  28.031  -39.310  -25.025 0.5000000000
32116  28.314  -38.545  -26.268 0.4000000060
123577  28.349  -38.040  -27.000 0.6000000238
33087  28.251  -37.309  -27.881 0.6000000238
34141  27.621  -36.405  -29.086 0.6000000238
35149  27.165  -35.738  -29.347 0.6000000238
36193  26.575  -35.048  -29.465 0.6000000238
38445  25.621  -32.896  -29.591 0.6000000238
34142  26.904  -36.540  -29.460 0.6000000238
36181  25.961  -34.357  -29.573 0.6000000238
37297  25.340  -33.686  -29.568 0.6000000238
37298  24.365  -33.737  -29.490 0.6000000238
30981  24.202  -39.918  -20.044 0.5000000000
126780  23.074  -40.117  -19.583 0.5000000000
144684  20.843  -40.143  -19.696 0.5000000000
30997  25.813  -39.522  -21.314 0.6000000238
123244  24.697  -39.878  -20.392 0.6000000238
143246  27.252  -38.892  -23.259 0.6000000238
145573  26.260  -38.993  -21.693 0.6000000238
32097  27.849  -38.656  -24.524 0.5000000000
33046  27.121  -37.936  -23.129 0.6000000238
33076  28.292  -37.707  -25.874 0.6000000238
124075  28.372  -37.101  -26.752 0.6000000238
138462  27.773  -34.331  -28.917 0.6000000238
146564  24.982  -32.499  -29.563 0.6000000238
39579  23.598  -31.169  -29.511 0.6999999881
30970  22.984  -39.316  -19.550 0.6000000238
30972  21.312  -39.429  -19.571 0.5000000000
30983  19.396  -39.498  -20.231 0.5000000000
30979  25.201  -39.357  -20.667 0.6000000238
30980  24.420  -39.226  -20.088 0.6000000238
30969  23.696  -39.632  -19.745 0.6000000238
136866  19.867  -38.671  -19.900 0.5000000000
32055  19.074  -38.432  -20.439 0.5000000000
32066  25.772  -38.474  -21.061 0.6000000238
136644  27.972  -37.892  -24.823 0.6000000238
40586  23.948  -30.364  -29.454 0.6999999881
32040  23.684  -38.798  -19.682 0.6000000238
30971  22.179  -38.924  -19.491 0.6000000238
32043  21.333  -38.300  -19.530 0.6000000238
32052  25.017  -38.643  -20.396 0.6000000238
32042  22.201  -38.166  -19.498 0.6000000238
32997  20.917  -37.347  -19.611 0.6000000238
32054  19.638  -37.795  -20.182 0.6000000238
33009  19.052  -37.650  -20.779 0.6000000238
32053  24.394  -38.226  -19.921 0.6000000238
33020  18.717  -37.541  -21.576 0.5000000000
32065  26.463  -38.336  -21.919 0.6000000238
33019  19.253  -37.072  -22.189 0.6000000238
133332  23.601  -37.914  -19.612 0.6000000238
130045  21.420  -36.679  -19.567 0.6000000238
32994  24.686  -37.337  -19.810 0.6000000238
145291  23.337  -37.401  -19.516 0.6000000238
127865  22.255  -36.777  -19.453 0.6000000238
33008  19.640  -37.096  -20.534 0.6000000238
142382  19.315  -37.083  -21.276 0.6000000238
33005  25.788  -37.484  -20.705 0.6000000238
145723  19.628  -36.617  -21.817 0.6000000238
33018  26.377  -37.520  -21.458 0.6000000238
34075  27.715  -36.697  -23.466 0.6000000238
42463  23.462  -28.797  -28.892 0.6999999881
42465  22.504  -27.807  -28.937 0.6999999881
127911  25.768  -36.749  -20.325 0.6000000238
125056  22.714  -36.039  -19.459 0.6999999881
140205  21.222  -36.018  -19.743 0.6999999881
34046  26.669  -36.598  -21.270 0.6000000238
43480  22.465  -27.049  -28.835 0.6999999881
34020  23.637  -36.324  -19.477 0.6999999881
34031  25.720  -36.142  -19.971 0.6999999881
34019  24.505  -36.495  -19.592 0.6999999881
143844  22.226  -35.606  -19.557 0.6999999881
35014  21.814  -35.356  -19.771 0.6999999881
34032  20.712  -36.099  -20.094 0.6000000238
35029  20.484  -35.858  -20.842 0.6999999881
35041  21.078  -35.156  -21.065 0.6000000238
35042  20.752  -35.478  -21.769 0.5000000000
146569  23.492  -24.913  -29.066 0.8000000119
126212  24.197  -35.666  -19.462 0.6999999881
35012  23.377  -35.597  -19.445 0.6999999881
36058  23.022  -34.236  -19.594 0.6999999881
36073  21.609  -34.812  -20.421 0.6999999881
35070  21.248  -35.045  -23.106 0.5000000000
36072  22.016  -33.986  -20.739 0.6999999881
36090  21.525  -34.439  -21.449 0.6000000238
36107  21.513  -34.312  -22.569 0.6000000238
123227  31.149  -14.226  -30.276 0.6999999881
53025  34.662  -17.893  -28.320 0.6999999881
54179  33.180  -17.237  -28.909 0.6999999881
55337  32.998  -15.707  -29.309 0.6999999881
54163  35.446  -17.329  -28.092 0.6000000238
56377  32.357  -15.254  -29.591 0.6999999881
135126  32.666  -14.570  -29.682 0.6999999881
141676  31.249  -13.318  -30.558 0.6999999881
53005  36.640  -18.219  -27.200 0.6000000238
55308  35.087  -16.511  -28.332 0.6000000238
55317  34.309  -16.426  -28.620 0.6999999881
57390  33.420  -14.942  -29.348 0.6999999881
54158  37.344  -17.666  -26.390 0.6000000238
58478  32.019  -13.974  -30.139 0.6999999881
58497  32.324  -13.208  -30.385 0.6999999881
61647  31.769  -11.087  -31.646 0.6999999881
54162  36.201  -17.236  -27.692 0.6000000238
55307  35.895  -16.626  -28.007 0.6000000238
56356  35.215  -15.184  -28.611 0.6000000238
57372  34.137  -14.944  -29.113 0.6999999881
134598  33.322  -14.250  -29.602 0.6999999881
58496  33.235  -13.082  -30.239 0.6999999881
59556  32.750  -12.474  -30.670 0.6999999881
60605  32.703  -11.144  -31.448 0.6999999881
54159  36.863  -17.578  -27.119 0.6000000238
55306  36.688  -16.753  -27.438 0.6000000238
57360  36.144  -15.170  -28.245 0.5000000000
58475  34.587  -13.620  -29.498 0.5000000000
59536  34.088  -12.943  -30.034 0.6999999881
61646  34.827  -10.930  -30.841 0.6999999881
61661  34.122  -10.612  -31.394 0.6999999881
66712  44.383  -5.660  -33.562 0.3000000119
66713  43.646  -5.540  -33.691 0.3000000119
65723  42.261  -5.789  -34.086 0.3000000119
135033  24.677  -43.271  -20.498 0.4000000060
26609  23.284  -43.942  -19.800 0.3000000119
26610  22.347  -43.485  -19.689 0.4000000060
27675  25.565  -42.603  -22.639 0.3000000119
135487  21.490  -43.034  -19.824 0.4000000060
28821  27.419  -41.450  -24.911 0.4000000060
27643  21.500  -42.339  -19.732 0.4000000060
28832  27.685  -41.473  -25.901 0.4000000060
141201  27.942  -40.312  -27.600 0.4000000060
29981  27.443  -40.180  -28.567 0.4000000060
32135  27.601  -38.628  -28.822 0.5000000000
33113  25.810  -37.568  -29.538 0.4000000060
28769  20.330  -41.312  -20.144 0.4000000060
36182  24.831  -34.583  -29.526 0.5000000000
29893  19.238  -40.447  -20.455 0.5000000000
39580  23.306  -31.911  -29.488 0.6000000238
137710  18.679  -39.849  -20.595 0.5000000000
30984  18.468  -39.058  -20.698 0.5000000000
30998  17.727  -38.885  -21.358 0.5000000000
40587  23.050  -30.551  -29.612 0.6000000238
32056  18.419  -38.204  -21.057 0.5000000000
32080  18.113  -37.950  -23.006 0.4000000060
41475  23.114  -29.291  -29.281 0.6999999881
34064  19.906  -36.658  -22.761 0.5000000000
43500  22.194  -27.114  -29.046 0.6999999881
35058  20.903  -35.608  -22.809 0.5000000000
44640  23.128  -26.867  -29.577 0.8000000119
45690  24.124  -25.307  -29.418 0.6999999881
36120  20.894  -35.066  -23.570 0.5000000000
36119  21.396  -34.293  -23.122 0.6000000238
49748  35.538  -21.276  -22.639 0.6000000238
52993  37.445  -18.109  -25.754 0.6000000238
55305  37.325  -16.085  -27.153 0.5000000000
57359  37.015  -14.814  -27.944 0.5000000000
58459  36.675  -13.698  -28.561 0.5000000000
59523  36.133  -12.918  -29.177 0.5000000000
60569  35.964  -11.723  -29.892 0.5000000000
60585  35.534  -11.192  -30.419 0.5000000000
62668  35.506  -9.737  -31.415 0.5000000000
67721  45.793  -4.899  -33.320 0.3000000119
66723  43.938  -5.093  -33.726 0.3000000119
139898  42.376  -5.333  -34.603 0.3000000119
34062  26.934  -36.964  -22.088 0.6000000238
33033  26.782  -37.720  -22.389 0.6000000238
32089  27.606  -38.111  -23.888 0.6000000238
37161  23.436  -33.517  -19.666 0.8000000119
130590  25.586  -32.090  -29.558 0.6999999881
122789  24.086  -29.512  -29.234 0.6999999881
42454  23.175  -27.627  -28.566 0.6999999881
54178  33.982  -17.168  -28.623 0.6999999881
60589  31.359  -11.839  -31.306 0.6999999881
62669  34.573  -9.821  -31.784 0.6000000238
66714  42.912  -5.474  -33.998 0.3000000119
45683  22.612  -26.020  -28.933 0.8000000119
44627  24.691  -26.195  -29.786 0.6999999881
56358  33.945  -15.642  -28.941 0.6999999881
27663  25.088  -42.606  -20.915 0.4000000060
28784  25.621  -41.397  -21.595 0.4000000060
28809  26.707  -41.633  -23.640 0.3000000119
29928  26.881  -40.426  -22.977 0.5000000000
28768  21.078  -41.704  -19.828 0.5000000000
31076  26.950  -38.750  -29.320 0.3000000119
35133  24.707  -35.555  -29.499 0.4000000060
28771  19.086  -41.193  -20.732 0.5000000000
35057  21.202  -34.958  -22.227 0.6000000238
58477  32.867  -13.775  -29.926 0.6999999881
60588  32.277  -11.849  -31.160 0.6999999881
56347  35.562  -15.884  -28.285 0.6000000238
56357  34.755  -15.806  -28.583 0.6999999881
57389  33.987  -14.330  -29.394 0.6999999881
56346  36.400  -16.002  -27.832 0.6000000238
57369  36.439  -14.316  -28.441 0.5000000000
58461  35.280  -13.917  -29.119 0.6000000238
58476  33.674  -13.654  -29.752 0.6999999881
59555  33.637  -12.330  -30.510 0.6999999881
60586  34.087  -11.517  -30.835 0.6999999881
143267  36.892  -15.476  -27.715 0.5000000000
58450  37.215  -14.060  -28.177 0.5000000000
58460  35.999  -13.676  -28.871 0.5000000000
59535  34.899  -12.729  -29.807 0.5000000000
59554  34.469  -12.188  -30.317 0.5000000000
61645  35.489  -10.457  -30.847 0.5000000000
61660  34.920  -10.327  -31.251 0.6999999881
56338  37.970  -15.621  -26.440 0.5000000000
128925  36.556  -13.237  -28.805 0.5000000000
59533  36.392  -12.207  -29.412 0.5000000000
127204  36.026  -10.619  -30.520 0.5000000000
42487  22.797  -28.078  -29.496 0.6000000238
44639  24.058  -26.890  -29.927 0.6000000238
45687  26.965  -25.899  -29.198 0.5000000000
44637  25.782  -27.175  -30.208 0.6000000238
45688  26.160  -25.705  -29.415 0.6000000238
135495  29.229  -26.002  -28.194 0.5000000000
44615  27.586  -26.172  -29.002 0.5000000000
45681  26.662  -25.175  -28.872 0.6000000238
39519  20.855  -31.691  -22.480 0.5000000000
46752  26.318  -24.373  -28.670 0.6000000238
45678  30.756  -25.238  -27.810 0.5000000000
45680  28.712  -25.263  -28.148 0.5000000000
46747  31.369  -24.557  -28.106 0.5000000000
40527  20.452  -30.831  -22.194 0.4000000060
144371  20.136  -30.049  -22.038 0.4000000060
45679  29.765  -25.192  -27.821 0.5000000000
46746  32.511  -24.517  -29.131 0.5000000000
47803  31.124  -23.758  -28.363 0.5000000000
41415  19.703  -29.401  -22.352 0.4000000060
47816  32.243  -23.843  -29.752 0.5000000000
46759  31.960  -24.037  -28.712 0.5000000000
43412  20.370  -27.777  -22.005 0.4000000060
131522  24.690  -25.368  -19.790 0.4000000060
45574  23.406  -25.470  -20.508 0.4000000060
143390  22.870  -25.110  -20.590 0.4000000060
46662  22.295  -25.029  -20.913 0.3000000119
47672  29.213  -23.300  -18.514 0.4000000060
47646  28.334  -23.370  -18.418 0.4000000060
46625  25.846  -24.818  -19.079 0.4000000060
126762  25.130  -24.880  -19.383 0.4000000060
48708  28.853  -22.533  -18.518 0.4000000060
132110  26.250  -24.020  -18.612 0.4000000060
46626  24.475  -24.601  -19.484 0.4000000060
47649  25.566  -23.387  -18.497 0.4000000060
46603  25.155  -24.107  -18.894 0.4000000060
46646  23.272  -24.789  -20.197 0.4000000060
46647  22.580  -24.554  -20.432 0.4000000060
145965  27.622  -23.710  -18.424 0.4000000060
47647  27.633  -22.995  -18.314 0.4000000060
48706  30.517  -22.618  -18.889 0.4000000060
48688  28.177  -22.588  -18.429 0.4000000060
48690  26.980  -22.628  -18.332 0.4000000060
129553  26.272  -23.069  -18.325 0.4000000060
128628  26.313  -22.228  -18.359 0.4000000060
48691  25.545  -22.630  -18.324 0.4000000060
46604  24.227  -23.834  -19.095 0.4000000060
131629  24.796  -22.132  -18.266 0.4000000060
48709  23.117  -22.986  -18.765 0.4000000060
46628  22.971  -24.159  -19.836 0.4000000060
136767  32.847  -23.186  -20.064 0.4000000060
127740  30.106  -21.906  -18.891 0.4000000060
135160  28.390  -21.879  -18.577 0.4000000060
48689  27.661  -22.196  -18.447 0.4000000060
48731  33.474  -22.936  -20.492 0.5000000000
48732  32.760  -22.463  -20.019 0.4000000060
49717  31.944  -22.114  -19.595 0.4000000060
49703  30.909  -21.780  -19.310 0.4000000060
49706  28.558  -21.090  -18.910 0.4000000060
49689  27.757  -21.356  -18.695 0.4000000060
49690  27.010  -21.787  -18.502 0.4000000060
49691  25.672  -21.752  -18.400 0.4000000060
50704  24.996  -21.112  -18.505 0.4000000060
48692  23.830  -22.397  -18.403 0.4000000060
48754  35.017  -21.789  -21.957 0.5000000000
48756  33.900  -22.346  -20.826 0.5000000000
127329  33.321  -22.006  -20.458 0.5000000000
127835  32.481  -21.443  -20.082 0.4000000060
50715  30.870  -20.795  -19.646 0.4000000060
49704  30.014  -21.112  -19.303 0.4000000060
145628  29.217  -20.928  -19.191 0.4000000060
146774  26.388  -21.509  -18.542 0.4000000060
49737  33.888  -21.618  -20.925 0.5000000000
129681  31.596  -21.301  -19.682 0.4000000060
50716  30.196  -20.395  -19.725 0.4000000060
50718  28.716  -20.414  -19.416 0.4000000060
50745  33.764  -20.755  -21.144 0.4000000060
50730  32.517  -20.611  -20.483 0.4000000060
50731  31.687  -20.508  -20.185 0.4000000060
50733  29.852  -19.842  -20.042 0.4000000060
129697  33.523  -19.834  -21.432 0.4000000060
52946  33.251  -18.925  -21.810 0.4000000060
51881  31.776  -19.233  -21.201 0.4000000060
51863  30.803  -19.176  -21.004 0.4000000060
50756  34.796  -20.047  -22.178 0.5000000000
51879  34.085  -19.503  -21.874 0.4000000060
52947  32.289  -18.695  -21.711 0.4000000060
52948  31.327  -18.494  -21.704 0.4000000060
51882  30.383  -18.417  -21.517 0.3000000119
50771  36.302  -20.659  -23.834 0.5000000000
50746  33.011  -20.201  -20.870 0.4000000060
51862  32.203  -19.880  -20.704 0.4000000060
50732  30.713  -19.957  -20.239 0.4000000060
51864  29.444  -19.299  -20.432 0.4000000060
51880  32.672  -19.442  -21.305 0.4000000060
51889  35.382  -19.685  -22.714 0.5000000000
51890  34.593  -19.239  -22.300 0.5000000000
133261  32.713  -18.305  -22.171 0.4000000060
143771  31.289  -18.004  -22.177 0.3000000119
136229  36.509  -19.103  -23.854 0.5000000000
52957  35.021  -18.878  -22.611 0.5000000000
52958  34.328  -18.515  -22.436 0.4000000060
52959  33.464  -18.227  -22.367 0.4000000060
54119  32.695  -17.709  -22.584 0.4000000060
52960  31.902  -18.005  -22.300 0.3000000119
52962  30.774  -17.955  -22.056 0.3000000119
52963  29.961  -17.719  -21.959 0.3000000119
52979  36.396  -18.386  -23.641 0.5000000000
52991  36.966  -18.459  -24.325 0.4000000060
52990  37.385  -18.110  -24.938 0.5000000000
54142  34.796  -17.317  -22.943 0.3000000119
54118  34.108  -17.780  -22.656 0.4000000060
138021  33.367  -17.551  -22.738 0.4000000060
54120  31.938  -17.187  -22.935 0.3000000119
52961  31.141  -17.519  -22.545 0.3000000119
55258  30.492  -17.069  -22.756 0.3000000119
54122  29.398  -17.206  -22.378 0.3000000119
135269  35.819  -17.757  -23.237 0.3000000119
54152  37.214  -17.573  -24.401 0.4000000060
54151  37.578  -17.341  -25.086 0.4000000060
54154  37.584  -17.385  -25.871 0.4000000060
55301  37.423  -16.951  -26.589 0.4000000060
54143  33.784  -17.022  -23.074 0.3000000119
54144  32.860  -17.095  -23.075 0.3000000119
126388  31.617  -16.557  -23.370 0.3000000119
55289  31.081  -16.852  -23.123 0.3000000119
55260  29.033  -16.607  -22.778 0.3000000119
128134  28.163  -16.388  -22.701 0.3000000119
55290  30.329  -16.498  -23.230 0.3000000119
55259  29.812  -16.791  -22.790 0.3000000119
55292  28.690  -16.011  -23.259 0.3000000119
54141  36.673  -17.714  -23.808 0.3000000119
55284  36.991  -16.859  -23.887 0.3000000119
130477  37.723  -16.449  -24.845 0.3000000119
55297  37.756  -16.732  -25.635 0.4000000060
56345  37.586  -15.259  -27.289 0.4000000060
57358  37.773  -14.513  -27.501 0.4000000060
59534  35.659  -12.457  -29.616 0.4000000060
55285  35.578  -16.757  -23.256 0.3000000119
124494  36.352  -17.142  -23.520 0.3000000119
139468  37.863  -15.623  -24.601 0.3000000119
56333  38.350  -15.100  -25.712 0.3000000119
57350  38.221  -14.883  -26.673 0.4000000060
57349  38.677  -14.267  -25.981 0.3000000119
57357  38.415  -14.266  -27.008 0.4000000060
58458  37.264  -13.257  -28.477 0.4000000060
60552  37.120  -11.973  -29.153 0.4000000060
60567  37.410  -11.228  -29.338 0.4000000060
60568  36.683  -11.475  -29.614 0.4000000060
60584  36.312  -11.036  -30.132 0.4000000060
55283  37.437  -16.164  -24.168 0.3000000119
58448  38.787  -13.668  -26.840 0.3000000119
59513  38.717  -12.934  -27.543 0.3000000119
131956  37.868  -11.731  -28.787 0.4000000060
61627  36.988  -10.769  -29.831 0.4000000060
62654  37.579  -9.387  -30.430 0.4000000060
62655  36.850  -9.702  -30.633 0.4000000060
128804  36.751  -8.704  -31.663 0.4000000060
63700  35.917  -8.962  -31.904 0.5000000000
58439  39.060  -13.431  -25.856 0.3000000119
59512  39.444  -12.439  -26.888 0.3000000119
60551  38.817  -11.505  -28.338 0.3000000119
60550  38.900  -10.554  -28.706 0.4000000060
61609  38.337  -10.286  -29.259 0.4000000060
61625  38.083  -9.736  -29.784 0.4000000060
62640  38.641  -9.207  -29.715 0.3000000119
63685  37.818  -8.711  -30.787 0.4000000060
63713  37.135  -8.060  -32.098 0.3000000119
63714  36.309  -8.309  -32.372 0.3000000119
63715  35.432  -8.482  -32.680 0.4000000060
64728  37.466  -7.404  -32.571 0.3000000119
64729  36.655  -7.676  -32.840 0.3000000119
59504  39.427  -12.586  -25.757 0.3000000119
139106  40.199  -10.996  -26.961 0.3000000119
143268  39.664  -10.883  -27.950 0.3000000119
62628  39.645  -10.038  -28.432 0.3000000119
62629  38.896  -9.726  -29.169 0.3000000119
62639  39.246  -8.994  -29.417 0.3000000119
63668  38.861  -8.628  -30.019 0.3000000119
63684  38.444  -8.353  -30.616 0.3000000119
63699  37.487  -8.404  -31.404 0.3000000119
64714  37.918  -7.689  -31.736 0.3000000119
139370  38.508  -7.230  -31.744 0.3000000119
60532  39.890  -11.701  -26.197 0.3000000119
62618  40.284  -10.220  -27.550 0.3000000119
139242  39.623  -9.390  -28.858 0.3000000119
63655  40.011  -8.804  -28.986 0.3000000119
63667  39.627  -8.261  -29.727 0.3000000119
63683  39.095  -7.976  -30.441 0.3000000119
141039  39.351  -7.360  -30.878 0.3000000119
65703  38.794  -6.730  -32.144 0.3000000119
65702  39.449  -6.435  -31.904 0.3000000119
65715  38.486  -6.608  -32.763 0.3000000119
66716  39.417  -5.407  -33.796 0.3000000119
49736  34.428  -21.282  -21.485 0.5000000000
49735  34.952  -20.888  -22.035 0.5000000000
42475  22.731  -28.443  -29.129 0.6000000238
42486  23.522  -28.279  -30.170 0.5000000000
43510  24.324  -27.613  -30.303 0.5000000000
43499  26.548  -27.091  -29.921 0.5000000000
43508  26.188  -27.807  -30.393 0.5000000000
44613  31.111  -25.976  -27.915 0.5000000000
43488  28.877  -26.849  -28.682 0.5000000000
44624  27.949  -26.743  -29.196 0.5000000000
37197  22.406  -33.126  -21.149 0.6000000238
37215  21.707  -33.628  -22.695 0.6000000238
38369  22.386  -32.191  -22.256 0.6000000238
38371  21.115  -32.528  -22.800 0.5000000000
38387  20.317  -32.926  -23.151 0.5000000000
38372  20.275  -32.153  -22.705 0.5000000000
39534  19.025  -31.189  -23.119 0.5000000000
40528  19.477  -30.383  -22.635 0.4000000060
41429  18.882  -29.406  -23.286 0.4000000060
42397  19.352  -28.544  -22.779 0.4000000060
46663  21.619  -24.897  -21.276 0.3000000119
46648  21.877  -24.368  -20.772 0.4000000060
48710  22.229  -22.767  -18.978 0.4000000060
47698  22.210  -23.901  -20.176 0.4000000060
48693  22.819  -22.214  -18.485 0.4000000060
49707  27.870  -20.592  -19.170 0.4000000060
49692  24.192  -21.632  -18.303 0.4000000060
50706  23.414  -20.476  -18.505 0.4000000060
50702  26.941  -20.904  -18.807 0.4000000060
50703  25.975  -20.939  -18.672 0.4000000060
51847  28.096  -19.753  -19.666 0.4000000060
50720  25.470  -20.257  -18.893 0.4000000060
52929  29.907  -18.844  -20.924 0.4000000060
52949  29.499  -18.263  -21.400 0.4000000060
51865  28.613  -19.198  -20.302 0.4000000060
52930  29.078  -18.696  -20.809 0.4000000060
54100  29.051  -17.627  -21.793 0.3000000119
54123  28.579  -17.060  -22.276 0.3000000119
54101  28.178  -17.505  -21.635 0.3000000119
44612  32.066  -25.998  -28.240 0.5000000000
44544  20.161  -26.094  -22.393 0.4000000060
48694  22.005  -22.078  -18.626 0.4000000060
49694  22.395  -21.470  -18.398 0.4000000060
122151  27.182  -20.107  -19.400 0.4000000060
50719  26.331  -20.241  -19.160 0.4000000060
43413  19.773  -27.725  -22.454 0.4000000060
142316  27.645  -25.411  -28.594 0.5000000000
51909  36.111  -19.776  -23.428 0.5000000000
62667  36.400  -9.379  -31.240 0.4000000060
61643  37.306  -10.085  -30.113 0.4000000060
130645  26.524  -26.347  -29.577 0.6000000238
44614  28.295  -26.107  -28.589 0.5000000000
134546  29.698  -26.535  -28.253 0.5000000000
47650  24.702  -23.096  -18.488 0.4000000060
47651  23.860  -23.198  -18.747 0.4000000060
47674  22.608  -23.479  -19.447 0.4000000060
49693  23.352  -21.445  -18.318 0.4000000060
49716  33.205  -21.119  -20.625 0.4000000060
50744  34.290  -20.387  -21.676 0.5000000000
50772  35.795  -20.499  -23.040 0.5000000000
50755  35.318  -20.482  -22.497 0.5000000000
52980  35.755  -18.824  -23.174 0.5000000000
54117  34.980  -18.153  -22.733 0.4000000060
55294  37.409  -16.875  -24.455 0.3000000119
56334  38.010  -15.882  -25.434 0.3000000119
58449  38.043  -13.680  -27.755 0.4000000060
59514  37.997  -12.949  -28.199 0.4000000060
56306  36.898  -15.974  -23.653 0.3000000119
61626  37.693  -10.493  -29.555 0.4000000060
59505  39.187  -13.068  -26.597 0.3000000119
60544  38.995  -12.200  -27.741 0.3000000119
62653  38.242  -9.012  -30.234 0.3000000119
62666  37.164  -9.066  -31.036 0.4000000060
60543  39.620  -11.690  -27.401 0.3000000119
62627  40.395  -9.390  -28.153 0.3000000119
65714  39.174  -6.106  -32.905 0.3000000119
50705  24.132  -20.813  -18.455 0.4000000060
33034  19.539  -37.191  -23.278 0.4000000060
34077  20.203  -36.838  -23.758 0.4000000060
33047  20.173  -36.877  -24.175 0.4000000060
34084  20.364  -36.401  -24.155 0.3000000119
34076  20.525  -36.392  -23.915 0.4000000060
36130  20.399  -35.361  -24.067 0.3000000119
37300  22.743  -33.206  -29.674 0.5000000000
37233  20.874  -33.932  -23.360 0.5000000000
36121  20.118  -34.581  -23.822 0.3000000119
141877  22.738  -31.289  -29.812 0.5000000000
40592  22.997  -30.158  -29.730 0.5000000000
39599  22.528  -31.953  -29.924 0.5000000000
37232  21.484  -33.617  -23.017 0.5000000000
125803  23.085  -30.582  -30.211 0.5000000000
40612  23.801  -30.241  -30.668 0.3000000119
41494  22.962  -28.733  -29.744 0.5000000000
40600  23.338  -29.786  -30.237 0.4000000060
41503  23.826  -29.042  -30.471 0.4000000060
133689  24.887  -30.991  -31.264 0.3000000119
42492  24.925  -29.140  -30.790 0.3000000119
41500  26.263  -29.852  -31.234 0.3000000119
41493  25.872  -29.128  -30.910 0.3000000119
42474  27.817  -28.068  -29.961 0.3000000119
41491  27.230  -29.295  -30.872 0.3000000119
42483  26.602  -28.648  -30.677 0.4000000060
145338  25.363  -28.779  -30.736 0.4000000060
40540  18.746  -30.335  -23.430 0.3000000119
43496  29.178  -27.686  -29.043 0.4000000060
42473  28.639  -28.217  -29.635 0.4000000060
43507  27.012  -27.920  -30.244 0.4000000060
40541  18.261  -29.814  -24.242 0.3000000119
128414  19.539  -26.836  -22.704 0.3000000119
47699  21.408  -23.682  -20.558 0.3000000119
47675  21.730  -23.252  -19.729 0.3000000119
48734  20.862  -23.006  -20.175 0.3000000119
48711  21.244  -22.423  -19.229 0.3000000119
137452  22.772  -20.835  -18.364 0.3000000119
50721  24.725  -20.310  -18.719 0.3000000119
51837  24.099  -19.976  -18.763 0.3000000119
137171  23.439  -19.739  -18.778 0.3000000119
51838  22.676  -20.021  -18.574 0.3000000119
51840  21.013  -19.873  -18.543 0.3000000119
134361  27.341  -19.453  -19.724 0.3000000119
52913  25.829  -19.583  -19.401 0.3000000119
51849  24.876  -19.564  -19.216 0.3000000119
51850  23.915  -19.172  -19.238 0.3000000119
52931  28.289  -18.586  -20.681 0.3000000119
51866  27.773  -18.997  -20.210 0.3000000119
138693  26.228  -18.925  -19.767 0.3000000119
52914  25.448  -18.871  -19.657 0.3000000119
52915  24.662  -18.688  -19.610 0.3000000119
52933  26.518  -18.413  -20.312 0.3000000119
135627  25.857  -18.432  -20.100 0.3000000119
52934  25.216  -18.210  -20.088 0.3000000119
52950  28.634  -18.155  -21.260 0.3000000119
144133  27.785  -18.516  -20.589 0.3000000119
140126  27.286  -18.458  -20.485 0.3000000119
54083  25.906  -17.792  -20.572 0.3000000119
37299  23.451  -33.506  -29.495 0.5000000000
43497  28.307  -27.470  -29.414 0.4000000060
42411  18.723  -28.514  -23.542 0.3000000119
51848  26.647  -19.541  -19.565 0.3000000119
51839  21.758  -19.910  -18.527 0.3000000119
51867  26.985  -18.935  -19.965 0.3000000119
37234  19.650  -33.613  -23.557 0.3000000119
37235  19.136  -32.743  -23.437 0.3000000119
38389  18.654  -31.872  -23.631 0.3000000119
28770  19.746  -41.790  -20.582 0.4000000060
135757  18.381  -42.030  -21.384 0.4000000060
28787  18.376  -41.321  -21.144 0.4000000060
28801  15.574  -41.600  -22.547 0.4000000060
29917  16.317  -40.558  -22.180 0.3000000119
29906  17.630  -40.570  -21.293 0.4000000060
31000  16.875  -40.121  -21.706 0.4000000060
32150  26.422  -38.137  -29.479 0.3000000119
136689  17.992  -39.741  -20.949 0.4000000060
31016  16.911  -38.969  -22.822 0.3000000119
32091  17.563  -38.466  -23.421 0.3000000119
30999  17.069  -39.283  -21.927 0.4000000060
32098  18.556  -38.309  -24.972 0.3000000119
32099  17.739  -38.697  -24.547 0.3000000119
33067  18.805  -37.588  -25.218 0.3000000119
32068  17.488  -38.536  -22.357 0.4000000060
32090  18.459  -38.162  -24.149 0.3000000119
33060  19.118  -37.728  -24.521 0.3000000119
27667  17.349  -42.285  -21.875 0.4000000060
29907  16.871  -41.030  -21.695 0.4000000060
34095  19.165  -36.718  -25.025 0.3000000119
135554  20.422  -41.950  -20.256 0.3000000119
26600  22.200  -42.638  -19.584 0.4000000060
26608  24.229  -43.974  -20.200 0.4000000060
26611  21.566  -43.917  -19.985 0.4000000060
26643  25.374  -43.362  -22.213 0.3000000119
27623  23.779  -42.184  -19.751 0.4000000060
27625  21.972  -41.885  -19.552 0.4000000060
27642  23.988  -43.147  -19.882 0.4000000060
27662  25.381  -42.627  -21.754 0.4000000060
27666  18.023  -42.509  -21.743 0.4000000060
27678  16.721  -42.363  -22.162 0.4000000060
28747  23.311  -41.558  -19.587 0.4000000060
28749  21.740  -41.131  -19.602 0.5000000000
28766  25.286  -41.277  -21.027 0.4000000060
28785  25.355  -41.923  -21.345 0.4000000060
28786  19.003  -41.923  -21.078 0.4000000060
28788  17.634  -41.651  -21.535 0.4000000060
28789  16.933  -41.775  -21.840 0.4000000060
28800  16.255  -41.519  -22.147 0.4000000060
28808  27.220  -41.370  -24.176 0.4000000060
28810  26.056  -42.042  -23.074 0.3000000119
28822  26.831  -41.943  -24.463 0.4000000060
29874  23.225  -40.881  -19.579 0.5000000000
29876  21.577  -40.346  -19.595 0.5000000000
29891  23.792  -40.373  -19.789 0.5000000000
29894  18.472  -40.521  -20.825 0.5000000000
29915  26.494  -40.416  -22.320 0.5000000000
29918  15.688  -40.859  -22.634 0.3000000119
29927  27.206  -40.835  -23.597 0.3000000119
30982  20.343  -39.517  -19.757 0.5000000000
31031  17.030  -38.883  -23.703 0.3000000119
31032  16.402  -39.426  -23.436 0.3000000119
31055  28.266  -39.159  -27.139 0.4000000060
31075  27.316  -39.423  -28.994 0.3000000119
32041  22.912  -38.463  -19.520 0.6000000238
32044  20.366  -37.982  -19.712 0.6000000238
32067  18.082  -38.020  -21.933 0.5000000000
32079  26.814  -38.336  -22.639 0.6000000238
32106  28.152  -38.554  -25.401 0.6000000238
32149  27.176  -37.969  -29.263 0.5000000000
32993  25.339  -37.230  -20.166 0.6000000238
32995  23.882  -37.163  -19.558 0.6000000238
32996  21.795  -37.477  -19.489 0.6000000238
33006  25.170  -37.915  -20.344 0.6000000238
33007  20.179  -37.188  -19.948 0.6000000238
33032  27.264  -37.220  -22.865 0.6000000238
33035  18.706  -37.504  -22.593 0.4000000060
33048  19.765  -37.307  -24.114 0.3000000119
33049  19.006  -37.642  -23.693 0.4000000060
33059  19.577  -37.200  -24.583 0.4000000060
33096  27.879  -37.002  -28.705 0.5000000000
34018  25.222  -36.613  -19.834 0.6999999881
34021  20.735  -36.616  -19.826 0.6999999881
34030  26.219  -36.919  -20.821 0.6000000238
34033  20.225  -36.546  -20.342 0.6000000238
34034  19.824  -36.487  -21.070 0.6000000238
34047  20.271  -36.070  -22.050 0.5000000000
34061  27.461  -36.484  -22.599 0.8000000119
34063  20.533  -36.253  -23.303 0.5000000000
34085  19.864  -36.578  -24.485 0.3000000119
34093  28.293  -36.208  -25.201 0.8000000119
34094  28.134  -37.053  -25.063 0.6000000238
34126  24.497  -36.404  -29.488 0.4000000060
34144  25.155  -36.984  -29.504 0.4000000060
35011  25.178  -35.749  -19.618 0.8000000119
35013  22.669  -35.119  -19.534 0.6999999881
35025  27.217  -35.105  -20.653 0.8999999762
35026  26.961  -35.827  -20.979 0.8999999762
35028  21.118  -35.550  -20.215 0.6999999881
35071  20.806  -35.741  -23.542 0.4000000060
35081  28.359  -35.711  -24.501 0.8999999762
35082  20.656  -35.875  -24.008 0.5000000000
35083  20.136  -35.902  -24.337 0.3000000119
35132  25.630  -35.255  -29.548 0.6000000238
35148  27.895  -35.643  -28.796 0.6000000238
35150  26.286  -35.899  -29.517 0.6000000238
36057  24.304  -34.322  -19.429 0.8999999762
36059  22.247  -34.479  -19.911 0.6999999881
36118  28.750  -34.788  -23.506 1.0000000000
36169  28.451  -34.172  -27.302 0.8000000119
36178  28.417  -34.718  -27.814 0.8000000119
36183  23.596  -34.375  -29.497 0.5000000000
36192  27.453  -34.956  -29.160 0.6000000238
37159  25.339  -33.435  -19.425 0.8999999762
37160  24.350  -33.590  -19.447 0.8999999762
37169  28.347  -33.103  -20.673 0.8999999762
37170  27.600  -33.508  -20.254 0.8999999762
37174  22.669  -33.577  -20.124 0.6999999881
37198  21.895  -33.699  -21.892 0.6000000238
37214  22.196  -32.991  -22.238 0.6000000238
37231  29.141  -34.161  -23.157 1.0000000000
37279  28.526  -33.509  -26.819 0.8000000119
37294  28.251  -34.060  -28.257 0.8000000119
37296  26.274  -33.484  -29.548 0.8000000119
38313  26.024  -32.282  -19.380 0.8999999762
38315  23.893  -32.798  -19.643 0.8999999762
38352  23.157  -31.738  -20.950 0.6999999881
38353  22.837  -31.896  -21.678 0.6999999881
38367  30.316  -32.453  -23.071 1.0000000000
38370  21.783  -32.930  -22.699 0.6000000238
38385  29.785  -32.996  -23.568 1.0000000000
38386  21.253  -33.224  -23.069 0.4000000060
38388  19.490  -32.078  -23.008 0.3000000119
38446  24.145  -32.528  -29.469 0.6000000238
38447  23.177  -32.662  -29.503 0.6000000238
38448  22.594  -32.609  -29.759 0.5000000000
38452  22.452  -32.439  -29.918 0.5000000000
39468  29.537  -31.737  -20.819 0.8999999762
39469  28.717  -31.677  -20.247 0.8999999762
39498  23.108  -31.279  -21.463 0.6999999881
39516  30.870  -31.426  -22.547 1.0000000000
39518  21.777  -32.018  -22.512 0.6999999881
39520  19.861  -31.434  -22.544 0.5000000000
39535  18.268  -30.857  -24.123 0.3000000119
39549  29.778  -31.714  -24.722 1.0000000000
39558  29.223  -31.627  -25.470 1.0000000000
39567  28.521  -31.235  -26.854 0.8999999762
39577  27.401  -30.948  -28.861 0.8000000119
39581  22.669  -32.014  -29.717 0.5000000000
39587  22.904  -31.390  -29.599 0.6000000238
39598  22.658  -31.270  -29.924 0.5000000000
40472  27.945  -29.998  -19.456 1.0000000000
40473  27.135  -31.161  -19.397 0.8999999762
40486  30.076  -30.135  -20.588 0.8999999762
40510  30.523  -30.637  -21.155 0.8999999762
40513  22.390  -30.899  -22.013 0.6000000238
40573  28.673  -30.685  -26.350 0.8999999762
40583  27.776  -30.493  -28.233 0.8000000119
40611  24.676  -30.344  -31.077 0.3000000119
41394  31.452  -29.540  -21.612 1.0000000000
41396  22.992  -29.381  -21.334 0.6999999881
41414  20.469  -29.396  -21.838 0.5000000000
41428  31.862  -29.806  -23.476 1.0000000000
41448  28.856  -29.400  -26.069 0.8999999762
41466  27.780  -29.263  -27.687 0.8999999762
41474  25.480  -29.421  -29.128 0.8000000119
41484  22.967  -29.185  -29.394 0.6000000238
41492  26.621  -29.358  -30.997 0.3000000119
41501  25.318  -29.777  -31.084 0.3000000119
41502  24.259  -29.709  -30.782 0.3000000119
42349  27.444  -28.631  -19.558 1.0000000000
42362  25.224  -28.447  -20.202 0.6999999881
42363  24.520  -28.277  -20.554 0.6999999881
42394  32.588  -28.620  -22.842 1.0000000000
42396  20.150  -28.536  -22.049 0.4000000060
42428  32.414  -28.042  -24.725 1.0000000000
42429  31.746  -28.270  -25.129 1.0000000000
42430  30.925  -28.467  -25.351 1.0000000000
42452  25.506  -27.844  -28.320 0.8999999762
42455  22.690  -27.380  -28.727 0.6999999881
42464  22.801  -28.685  -29.076 0.6999999881
42476  22.449  -27.605  -29.035 0.6999999881
42482  27.461  -28.658  -30.475 0.3000000119
42484  25.713  -28.409  -30.639 0.5000000000
42485  24.712  -28.417  -30.577 0.4000000060
43366  28.234  -27.581  -19.645 0.8000000119
43396  22.127  -27.836  -21.392 0.6000000238
43426  32.979  -27.837  -24.088 1.0000000000
43451  30.815  -26.693  -25.481 1.0000000000
43452  30.236  -27.036  -25.593 1.0000000000
43469  27.024  -27.100  -27.368 0.8999999762
43479  23.091  -26.971  -28.478 0.6999999881
43487  29.817  -27.198  -28.473 0.5000000000
43489  22.303  -27.101  -29.067 0.6999999881
43498  27.450  -27.328  -29.696 0.5000000000
43509  25.326  -27.713  -30.428 0.4000000060
43511  23.326  -27.532  -29.898 0.6000000238
43512  22.671  -27.361  -29.376 0.6999999881
44509  32.549  -26.586  -21.149 0.6999999881
44512  25.301  -26.891  -20.116 0.6000000238
44565  33.125  -26.466  -24.615 1.0000000000
44582  28.875  -26.839  -26.106 0.8999999762
44594  28.370  -27.108  -26.499 0.8999999762
44596  27.068  -26.500  -27.090 0.8999999762
44598  24.715  -25.791  -27.527 0.8999999762
44605  26.283  -26.567  -27.442 0.8999999762
44607  23.626  -26.275  -27.984 0.8999999762
44608  22.868  -26.364  -28.560 0.8999999762
44616  22.400  -26.507  -28.987 0.6999999881
44625  27.173  -26.599  -29.459 0.5000000000
44626  25.732  -26.411  -29.848 0.6000000238
44628  23.664  -26.182  -29.518 0.8000000119
44629  22.323  -26.682  -29.024 0.6999999881
44638  25.026  -26.964  -30.179 0.5000000000
44641  22.537  -26.879  -29.198 0.6999999881
45557  26.857  -25.610  -19.124 0.6000000238
45559  23.963  -25.084  -20.024 0.4000000060
45572  30.852  -26.051  -19.658 0.8000000119
45575  22.736  -25.659  -20.917 0.4000000060
45616  34.409  -25.093  -23.522 0.8000000119
45660  26.174  -25.050  -26.804 0.8999999762
45661  25.341  -25.221  -27.211 0.8999999762
45677  31.681  -25.273  -28.086 0.5000000000
45682  23.130  -25.176  -28.697 0.8999999762
45691  23.119  -25.576  -29.102 0.8000000119
45692  22.759  -26.346  -29.157 0.8000000119
46601  27.181  -24.316  -18.566 0.5000000000
46627  23.720  -24.367  -19.649 0.4000000060
46720  30.867  -24.434  -25.402 1.0000000000
46722  28.594  -24.764  -25.657 1.0000000000
46724  26.855  -24.449  -26.351 0.8999999762
46736  24.531  -24.151  -27.121 0.8999999762
46748  30.413  -24.432  -27.838 0.5000000000
46751  27.241  -24.541  -28.450 0.6999999881
46754  24.489  -24.005  -28.880 0.8000000119
46760  25.747  -24.924  -29.168 0.6000000238
46762  23.999  -24.467  -29.127 0.8999999762
47648  26.992  -23.469  -18.364 0.4000000060
47671  30.026  -23.348  -18.644 0.5000000000
47673  23.430  -23.670  -19.268 0.4000000060
47738  35.131  -23.856  -23.328 0.6999999881
47775  28.961  -23.296  -25.382 1.0000000000
47788  34.083  -23.075  -26.080 0.8000000119
47792  24.918  -23.060  -26.599 0.8999999762
47793  24.212  -22.996  -27.085 0.8999999762
47797  23.766  -23.090  -27.694 0.8999999762
47806  25.994  -23.543  -28.514 0.8000000119
47809  23.576  -23.315  -28.023 0.8999999762
47817  31.644  -23.327  -29.267 0.5000000000
47818  30.876  -22.952  -28.827 0.6000000238
47819  23.744  -23.554  -28.378 0.8999999762
48707  29.688  -22.533  -18.646 0.4000000060
48755  34.435  -22.155  -21.321 0.5000000000
48797  35.723  -22.745  -24.254 0.6999999881
48815  35.446  -22.482  -25.528 0.6999999881
48819  27.598  -22.511  -25.544 1.0000000000
48821  26.192  -22.456  -25.938 0.8999999762
48864  29.721  -21.906  -29.004 0.6999999881
48877  33.847  -22.021  -30.814 0.6000000238
48878  31.487  -22.591  -31.010 0.6000000238
48894  32.389  -23.062  -31.354 0.6000000238
48896  31.149  -21.861  -31.250 0.6000000238
49705  29.281  -21.676  -18.783 0.4000000060
49800  28.844  -22.113  -25.795 1.0000000000
49803  26.465  -21.762  -25.916 0.8999999762
49805  24.848  -21.796  -26.557 0.8999999762
49837  23.483  -21.148  -27.919 0.8999999762
49844  26.939  -21.471  -28.536 0.8000000119
49856  28.602  -20.933  -29.379 0.6999999881
49858  24.093  -21.724  -28.569 0.8999999762
49859  23.818  -20.693  -28.687 0.8999999762
49874  29.732  -20.999  -30.299 0.6999999881
49886  32.077  -21.534  -31.648 0.6000000238
49888  30.814  -21.067  -31.509 0.6000000238
50709  20.436  -20.406  -18.665 0.3000000119
50717  29.513  -20.391  -19.568 0.4000000060
50789  36.573  -20.638  -24.744 0.6999999881
50804  25.953  -21.256  -26.343 0.8999999762
50805  25.071  -21.262  -26.614 0.8999999762
50814  36.579  -20.137  -26.391 0.6999999881
50818  27.253  -20.779  -26.680 1.0000000000
50821  23.738  -20.699  -27.658 0.8999999762
50834  31.287  -20.615  -27.903 0.8999999762
50836  29.478  -20.608  -27.433 1.0000000000
50846  32.645  -20.088  -28.370 0.8000000119
50850  26.458  -20.787  -28.783 0.8000000119
50861  29.099  -20.720  -29.929 0.6999999881
50862  28.488  -20.363  -29.973 0.6999999881
50864  26.009  -20.169  -29.281 0.8000000119
50867  23.714  -20.005  -29.226 0.8999999762
50881  34.075  -20.347  -30.763 0.6000000238
50902  28.939  -19.793  -30.887 0.6999999881
51846  29.056  -19.766  -19.833 0.4000000060
51891  33.937  -18.850  -22.135 0.4000000060
51932  37.015  -19.660  -25.920 0.6999999881
51941  25.750  -20.141  -27.391 0.8999999762
51958  27.428  -19.832  -27.683 1.0000000000
51961  24.167  -19.393  -28.100 0.8999999762
51968  32.253  -19.371  -28.636 0.8000000119
51973  27.475  -19.294  -28.256 1.0000000000
51987  26.602  -19.622  -29.830 0.6999999881
51989  24.447  -19.448  -29.464 0.8999999762
51991  23.465  -19.330  -29.012 0.8999999762
52012  24.011  -18.886  -29.565 0.8999999762
52026  30.153  -19.779  -31.637 0.6999999881
52027  29.426  -19.611  -31.300 0.6999999881
52040  31.760  -19.204  -32.328 0.6999999881
52043  29.613  -19.123  -31.595 0.6999999881
52932  27.772  -18.052  -20.984 0.3000000119
52998  37.113  -18.218  -26.631 0.6000000238
53027  31.553  -18.814  -29.009 0.8000000119
53032  23.512  -18.840  -28.838 0.8999999762
53048  30.206  -18.242  -29.408 0.8000000119
53049  23.489  -18.726  -29.168 0.8999999762
53066  27.206  -18.584  -30.756 0.8000000119
53067  26.470  -18.578  -30.549 0.8999999762
53070  23.798  -18.317  -29.445 0.8999999762
53084  33.085  -18.132  -31.710 0.6000000238
53085  29.142  -18.581  -31.512 0.6999999881
54121  30.487  -17.516  -22.367 0.3000000119
54164  26.219  -18.159  -28.764 1.0000000000
54167  23.700  -18.164  -28.869 0.8999999762
54184  27.178  -18.030  -29.097 1.0000000000
54186  24.545  -17.129  -28.990 0.8999999762
54187  23.981  -17.426  -29.177 0.8999999762
54204  32.015  -17.121  -29.347 0.8000000119
54205  31.299  -17.312  -29.494 0.8000000119
54206  30.467  -17.500  -29.570 0.8000000119
54208  23.957  -17.482  -29.511 0.8999999762
54224  26.001  -17.920  -30.621 0.8999999762
54240  29.549  -16.878  -31.791 0.6999999881
54241  28.157  -17.550  -31.351 0.6999999881
54244  25.573  -17.108  -30.581 0.8999999762
54245  24.614  -16.901  -30.212 0.8999999762
54258  31.974  -17.436  -32.487 0.6999999881
55356  24.195  -16.777  -29.882 0.8999999762
55369  33.162  -16.628  -31.938 0.6999999881
55375  25.150  -16.243  -30.482 0.8999999762
55393  29.808  -16.109  -31.981 0.6999999881
56381  24.459  -15.755  -29.918 0.8999999762
56394  35.192  -15.794  -30.726 0.6000000238
56408  34.868  -15.128  -31.282 0.6999999881
56416  24.848  -15.606  -30.336 0.8999999762
56432  33.500  -15.266  -32.318 0.6000000238
57370  35.620  -14.463  -28.708 0.5000000000
57371  34.767  -14.539  -29.056 0.6000000238
57375  26.684  -14.902  -29.700 1.0000000000
57376  25.456  -14.715  -29.815 1.0000000000
57391  31.812  -14.735  -29.886 0.8000000119
57397  24.999  -14.970  -29.909 1.0000000000
57411  25.377  -14.052  -30.733 1.0000000000
57422  36.037  -13.913  -31.291 0.6000000238
57425  25.482  -14.265  -31.033 0.8999999762
57426  25.063  -15.097  -30.421 0.8999999762
57435  34.170  -14.193  -32.430 0.6999999881
57438  31.487  -14.782  -32.809 0.6999999881
57439  29.831  -14.391  -32.423 0.8000000119
57441  26.632  -14.272  -31.479 0.8999999762
57442  25.847  -13.776  -31.258 0.8999999762
58474  35.421  -13.224  -29.356 0.5000000000
58482  27.005  -13.064  -30.464 0.8999999762
58483  26.171  -13.278  -30.502 0.8999999762
58484  25.580  -13.676  -30.581 0.8999999762
58498  25.648  -13.221  -31.013 0.8999999762
58513  35.633  -13.608  -31.764 0.6000000238
58533  32.411  -13.799  -33.224 0.6999999881
58535  30.235  -13.002  -32.797 0.8000000119
58555  34.120  -13.070  -33.272 0.6000000238
58558  31.823  -13.094  -33.357 0.6999999881
59520  38.333  -12.315  -28.263 0.4000000060
59521  37.544  -12.472  -28.639 0.4000000060
59522  36.822  -12.678  -28.951 0.5000000000
59537  29.492  -13.000  -30.726 0.8999999762
59538  28.494  -12.532  -30.878 0.8999999762
59553  35.233  -11.985  -30.117 0.5000000000
59557  31.822  -12.559  -30.827 0.6999999881
59560  28.059  -11.897  -31.265 0.8999999762
59562  26.315  -12.670  -31.116 0.8999999762
59574  38.200  -11.940  -31.128 0.6000000238
59578  27.802  -11.925  -31.769 0.8999999762
59580  26.670  -12.690  -31.428 0.8999999762
59589  35.481  -12.514  -32.614 0.6000000238
59593  27.102  -12.515  -31.945 0.8999999762
59604  34.414  -12.444  -33.391 0.6000000238
59605  33.826  -12.457  -33.603 0.6000000238
59608  29.736  -11.527  -32.850 0.8000000119
60587  33.165  -11.756  -30.978 0.6999999881
60603  36.859  -11.892  -31.970 0.6000000238
60604  33.480  -11.139  -31.286 0.6999999881
60606  28.960  -11.247  -31.906 0.8999999762
60607  28.525  -11.430  -32.051 0.8999999762
60618  36.398  -11.560  -32.648 0.6000000238
60620  29.319  -11.192  -32.314 0.8000000119
60621  28.988  -11.416  -32.349 0.8000000119
60625  34.308  -11.868  -33.764 0.6000000238
60627  32.512  -11.367  -33.837 0.8000000119
60636  32.439  -10.464  -34.079 0.6999999881
61578  40.253  -10.830  -25.995 0.3000000119
61610  38.168  -10.968  -29.023 0.4000000060
61644  36.604  -10.370  -30.341 0.5000000000
61649  29.759  -11.174  -31.869 0.8000000119
61657  38.842  -10.616  -31.411 0.5000000000
61659  37.796  -10.860  -32.025 0.6000000238
61676  37.422  -10.535  -32.657 0.6000000238
61679  30.079  -10.795  -32.799 0.8000000119
61684  37.072  -10.195  -33.406 0.6000000238
61687  31.421  -10.312  -33.469 0.8000000119
61689  29.943  -10.950  -33.039 0.8000000119
61691  35.978  -10.047  -34.680 0.6000000238
61695  32.107  -10.074  -33.963 0.8000000119
62656  36.139  -10.028  -30.808 0.4000000060
62671  32.753  -9.917  -32.403 0.8000000119
62672  31.950  -9.962  -32.682 0.8000000119
62682  39.126  -9.410  -32.118 0.6000000238
62695  32.381  -9.453  -33.623 0.6999999881
62696  31.880  -9.878  -33.485 0.8000000119
62700  35.522  -9.437  -35.227 0.6000000238
62705  34.771  -8.553  -35.497 0.6000000238
63698  38.062  -8.160  -31.130 0.3000000119
63712  38.719  -8.879  -33.129 0.6000000238
63716  33.604  -8.628  -33.573 0.6999999881
63725  33.690  -7.987  -34.538 0.6000000238
63726  33.225  -8.566  -34.231 0.6000000238
63733  33.641  -7.924  -35.023 0.6000000238
63735  33.170  -8.742  -34.441 0.6999999881
63739  33.653  -8.002  -35.156 0.6000000238
64711  40.884  -7.915  -31.896 0.5000000000
64713  38.616  -7.668  -31.132 0.3000000119
64723  42.580  -6.978  -32.007 0.4000000060
64725  40.516  -7.642  -32.642 0.5000000000
64727  38.174  -7.071  -32.327 0.3000000119
64730  35.789  -7.869  -33.169 0.4000000060
64743  36.122  -7.314  -33.730 0.4000000060
64755  39.161  -7.660  -34.665 0.6000000238
64756  38.617  -7.671  -35.350 0.6000000238
64766  38.379  -7.352  -36.103 0.5000000000
64771  37.868  -6.697  -36.744 0.4000000060
65726  38.391  -6.305  -33.447 0.3000000119
65737  35.343  -6.668  -35.534 0.4000000060
65747  35.998  -6.100  -36.179 0.4000000060
65748  35.575  -6.507  -35.966 0.5000000000
65749  39.176  -5.587  -37.620 0.4000000060
65751  37.071  -5.888  -36.953 0.4000000060
66740  36.392  -5.784  -36.327 0.4000000060
66748  36.745  -6.029  -36.785 0.4000000060
66749  39.635  -5.063  -37.786 0.4000000060
67722  44.633  -4.874  -33.548 0.3000000119
122620  31.120  -14.912  -30.060 0.8000000119
123508  32.755  -27.876  -22.391 1.0000000000
123870  27.670  -39.387  -24.111 0.5000000000
124125  23.999  -30.861  -30.846 0.3000000119
124184  31.138  -12.180  -33.420 0.8000000119
124260  27.731  -28.735  -27.550 0.8999999762
124368  37.783  -16.281  -26.266 0.5000000000
124804  21.873  -36.028  -19.522 0.6999999881
124972  35.442  -6.955  -36.124 0.5000000000
125498  29.980  -18.866  -29.155 0.8999999762
126639  29.317  -30.177  -25.621 0.8999999762
126793  34.528  -8.578  -33.064 0.6000000238
127098  39.061  -7.035  -31.497 0.3000000119
127234  24.786  -33.084  -29.535 0.6000000238
128082  30.151  -19.411  -20.532 0.4000000060
128280  33.025  -9.021  -34.560 0.8000000119
128547  30.918  -12.496  -30.991 0.6999999881
128993  41.639  -6.208  -34.042 0.4000000060
129096  23.551  -21.708  -28.076 0.8999999762
129508  33.699  -26.056  -24.114 0.8999999762
129537  32.521  -19.919  -31.785 0.6000000238
129552  28.286  -17.236  -29.466 0.8999999762
129609  21.868  -27.078  -21.441 0.5000000000
129690  27.564  -32.763  -29.084 0.8000000119
129877  36.134  -17.865  -27.640 0.6000000238
130008  35.496  -18.110  -27.964 0.6000000238
130229  28.367  -15.787  -31.590 0.8000000119
130482  27.976  -40.976  -26.744 0.4000000060
130589  24.507  -31.872  -29.525 0.6999999881
130667  24.003  -33.118  -29.443 0.6000000238
131178  30.179  -25.937  -27.887 0.5000000000
131441  17.419  -39.695  -21.422 0.4000000060
131807  21.082  -26.963  -21.664 0.4000000060
131953  26.993  -23.103  -25.687 0.8999999762
132038  24.253  -16.140  -30.002 0.8999999762
132195  25.636  -40.890  -21.423 0.4000000060
132241  30.326  -20.425  -31.437 0.6999999881
133000  36.901  -19.251  -24.521 0.6000000238
133305  23.567  -20.013  -27.994 0.8999999762
133335  27.002  -30.129  -19.378 0.8999999762
133465  19.718  -41.060  -20.381 0.5000000000
133521  23.701  -19.255  -28.044 0.8999999762
133584  22.991  -28.269  -28.765 0.6999999881
133774  23.649  -22.423  -27.916 0.8999999762
133881  27.004  -26.949  -19.544 0.6999999881
134162  22.266  -39.811  -19.538 0.5000000000
134295  26.672  -38.973  -22.359 0.6000000238
134435  31.952  -16.542  -32.596 0.6999999881
134456  25.296  -14.363  -30.318 1.0000000000
134567  34.553  -15.231  -28.841 0.6999999881
134662  31.672  -25.054  -19.585 0.6000000238
135162  20.349  -27.011  -22.098 0.4000000060
135236  32.361  -22.313  -31.436 0.6000000238
135390  23.108  -30.166  -21.384 0.6999999881
135545  27.987  -24.013  -25.607 0.8999999762
135829  29.347  -23.921  -25.361 1.0000000000
136001  27.350  -22.211  -28.281 0.8000000119
136623  32.828  -18.809  -31.817 0.6000000238
136731  24.017  -23.674  -27.423 0.8999999762
136780  32.801  -17.899  -28.893 0.8000000119
136798  24.466  -20.710  -27.250 0.8999999762
137015  20.626  -38.771  -19.642 0.6000000238
137052  25.944  -14.974  -29.647 1.0000000000
137661  28.469  -23.654  -27.913 0.6000000238
137693  30.474  -11.768  -31.407 0.8000000119
138274  30.705  -17.442  -32.277 0.6999999881
138737  23.105  -29.723  -29.612 0.6999999881
138899  36.394  -5.841  -36.505 0.4000000060
138941  34.679  -17.052  -28.394 0.6999999881
139178  34.553  -14.588  -31.861 0.6000000238
139211  26.804  -15.074  -31.420 0.8999999762
139424  22.745  -37.596  -19.481 0.6000000238
139629  28.101  -40.021  -25.565 0.4000000060
140340  32.086  -24.685  -28.461 0.5000000000
140478  28.399  -36.379  -26.548 0.8000000119
140677  23.099  -36.893  -19.460 0.6000000238
140855  28.208  -26.954  -19.547 0.6999999881
140895  31.454  -19.719  -20.625 0.4000000060
141540  34.833  -11.564  -30.510 0.6999999881
141739  30.502  -26.633  -28.113 0.5000000000
141856  29.397  -15.526  -30.006 0.8999999762
141885  35.849  -6.438  -35.182 0.4000000060
142010  23.329  -30.176  -29.365 0.6999999881
142227  30.033  -17.269  -22.459 0.3000000119
142405  25.263  -31.035  -29.511 0.8000000119
142481  24.269  -21.814  -27.002 0.8999999762
143096  27.102  -27.518  -19.579 0.6999999881
143359  35.141  -22.354  -26.099 0.6999999881
143415  30.188  -12.309  -31.160 0.8000000119
143786  32.865  -15.116  -29.472 0.6999999881
143935  28.031  -40.673  -26.001 0.4000000060
144248  24.151  -37.672  -19.705 0.6000000238
144338  26.293  -22.064  -25.834 0.8999999762
144955  28.584  -22.931  -28.012 0.6000000238
145044  24.309  -23.364  -28.666 0.8999999762
145430  28.555  -29.205  -26.622 0.8999999762
145486  33.390  -20.079  -28.307 0.8000000119
145621  30.005  -11.305  -33.085 0.8000000119
145716  25.743  -16.025  -29.400 1.0000000000
145933  38.934  -9.149  -32.574 0.6000000238
146161  29.402  -33.670  -23.585 1.0000000000
146278  29.323  -22.215  -25.897 1.0000000000
146476  39.885  -5.952  -37.171 0.4000000060
146504  27.615  -38.760  -23.935 0.5000000000
146726  27.614  -23.558  -25.652 0.8999999762
146737  35.305  -10.042  -34.824 0.6000000238
147264  30.539  -31.976  -22.634 1.0000000000
147268  27.175  -13.862  -31.635 0.8999999762
