#!ascii label  , from subject sub-v1s18x0051217_ses-1 vox2ras=TkReg
2090
118313  -29.829  -43.658  9.482 0.5000000000
23814  -30.526  -43.274  9.159 0.5000000000
24644  -29.632  -42.949  9.270 0.4000000060
24651  -30.174  -42.233  8.771 0.5000000000
25448  -30.324  -41.380  8.365 0.5000000000
117001  -30.753  -26.979  6.023 0.5000000000
37460  -30.777  -25.907  6.142 0.4000000060
37450  -31.363  -26.030  7.071 0.4000000060
38437  -31.705  -25.346  7.724 0.6000000238
38456  -31.195  -25.134  6.836 0.5000000000
124152  -32.013  -25.069  8.276 0.5000000000
39456  -31.432  -24.414  7.277 0.5000000000
39448  -31.843  -24.522  8.045 0.4000000060
40357  -31.610  -23.698  7.703 0.5000000000
116769  -32.347  -24.807  8.769 0.4000000060
115000  -30.753  -44.447  10.267 0.5000000000
23815  -31.214  -44.041  9.555 0.5000000000
23822  -31.482  -43.396  8.848 0.5000000000
24653  -32.040  -42.778  8.233 0.5000000000
121957  -31.563  -42.117  8.150 0.5000000000
25449  -30.940  -41.774  8.284 0.5000000000
26157  -30.519  -40.145  7.656 0.5000000000
36525  -30.395  -27.463  5.181 0.5000000000
124156  -30.391  -28.254  5.016 0.5000000000
36515  -31.097  -27.441  6.624 0.5000000000
116122  -31.117  -26.646  6.659 0.5000000000
123391  -31.982  -25.896  8.148 0.6000000238
117849  -35.663  -22.026  9.708 0.3000000119
40318  -34.737  -22.878  10.183 0.3000000119
40334  -33.508  -23.641  9.901 0.4000000060
39437  -33.009  -24.357  9.473 0.3000000119
22973  -30.300  -44.103  9.703 0.5000000000
24652  -31.108  -42.600  8.598 0.5000000000
26151  -29.984  -40.603  8.147 0.5000000000
37442  -31.770  -26.266  7.793 0.6000000238
41175  -35.009  -22.017  10.300 0.3000000119
19762  -38.076  -48.277  13.825 0.3000000119
121983  -39.148  -48.161  13.880 0.3000000119
113580  -39.351  -48.370  13.241 0.4000000060
105929  -40.095  -48.343  13.094 0.4000000060
19779  -38.807  -48.647  12.782 0.4000000060
19780  -39.551  -48.655  12.496 0.4000000060
19781  -41.001  -48.361  13.045 0.4000000060
19791  -40.388  -48.620  12.311 0.4000000060
19782  -41.786  -48.536  12.593 0.4000000060
19793  -42.527  -48.738  12.225 0.4000000060
19746  -39.372  -48.069  14.617 0.3000000119
19747  -40.201  -48.230  14.764 0.3000000119
19748  -41.023  -48.357  14.792 0.4000000060
19764  -39.782  -48.197  13.851 0.4000000060
19765  -40.544  -48.273  13.853 0.4000000060
120584  -41.249  -48.346  13.932 0.4000000060
19766  -41.956  -48.432  13.559 0.4000000060
19767  -42.935  -48.579  13.509 0.4000000060
19784  -44.838  -49.293  12.561 0.4000000060
19783  -43.184  -48.719  12.687 0.4000000060
18988  -41.621  -50.289  17.731 0.3000000119
19721  -41.954  -49.843  16.807 0.3000000119
18990  -43.212  -50.294  17.512 0.3000000119
19733  -42.374  -48.889  15.587 0.4000000060
19003  -43.760  -49.698  16.354 0.4000000060
113184  -41.811  -48.491  14.659 0.4000000060
19734  -43.227  -48.970  15.378 0.4000000060
19750  -43.538  -48.757  14.286 0.4000000060
19768  -43.936  -48.857  13.257 0.4000000060
19019  -46.975  -50.365  13.835 0.4000000060
19769  -44.865  -49.274  13.289 0.4000000060
19037  -48.897  -50.934  13.480 0.4000000060
19020  -48.028  -51.118  14.202 0.4000000060
19034  -45.940  -49.577  12.722 0.4000000060
18974  -41.949  -50.198  17.770 0.3000000119
19719  -40.569  -49.908  17.415 0.3000000119
18975  -42.768  -50.149  17.693 0.3000000119
18991  -44.255  -50.555  17.364 0.3000000119
19735  -44.122  -49.192  15.102 0.4000000060
124453  -44.912  -49.412  14.725 0.4000000060
18300  -48.136  -51.224  15.062 0.4000000060
19005  -46.540  -50.438  15.332 0.4000000060
19004  -45.716  -49.764  14.747 0.4000000060
18313  -49.079  -51.189  14.025 0.4000000060
19021  -49.102  -51.081  13.894 0.4000000060
19708  -43.304  -50.054  17.850 0.3000000119
19709  -44.186  -50.154  17.986 0.3000000119
18976  -43.888  -50.339  17.702 0.3000000119
18977  -44.674  -50.685  17.942 0.3000000119
107539  -44.892  -50.800  17.862 0.4000000060
18992  -45.460  -50.830  17.049 0.4000000060
18280  -46.190  -51.070  17.661 0.4000000060
18980  -49.729  -49.568  17.374 0.3000000119
18293  -49.092  -50.955  16.759 0.4000000060
18290  -46.967  -50.957  16.453 0.4000000060
18994  -49.347  -50.351  16.777 0.3000000119
18302  -49.173  -51.077  15.545 0.4000000060
112693  -48.177  -51.308  15.963 0.4000000060
19006  -49.236  -50.974  14.750 0.4000000060
21274  -43.225  -46.477  17.592 0.3000000119
21287  -43.614  -47.518  17.687 0.3000000119
22076  -44.548  -45.558  17.507 0.3000000119
20501  -43.078  -48.836  17.809 0.3000000119
20502  -43.901  -48.828  17.837 0.3000000119
20503  -44.788  -48.723  17.928 0.3000000119
20493  -45.662  -48.658  18.129 0.3000000119
19710  -45.064  -50.084  18.172 0.3000000119
110161  -46.544  -48.550  18.320 0.3000000119
18948  -48.289  -49.210  18.524 0.3000000119
19695  -47.153  -49.531  18.452 0.3000000119
18949  -49.194  -49.388  18.355 0.3000000119
18271  -46.507  -51.095  17.987 0.3000000119
18978  -48.609  -50.770  17.624 0.3000000119
18272  -47.470  -51.044  17.918 0.4000000060
19723  -49.220  -49.562  16.598 0.3000000119
19722  -48.430  -49.644  15.725 0.4000000060
109327  -47.371  -48.811  15.096 0.4000000060
21275  -44.100  -46.432  17.565 0.3000000119
21276  -44.979  -46.432  17.613 0.3000000119
115032  -45.477  -47.382  17.836 0.3000000119
20482  -48.912  -47.694  18.608 0.3000000119
20481  -47.885  -47.457  18.460 0.3000000119
19685  -49.852  -48.859  18.228 0.3000000119
19684  -49.120  -48.610  18.552 0.3000000119
19682  -47.473  -48.366  18.475 0.3000000119
20504  -50.552  -48.087  17.675 0.3000000119
19696  -50.060  -48.982  17.792 0.3000000119
125941  -50.131  -48.741  17.427 0.3000000119
20511  -49.884  -48.507  16.954 0.3000000119
20510  -48.454  -48.300  16.490 0.3000000119
20520  -47.182  -47.878  16.040 0.3000000119
19736  -46.469  -48.237  14.471 0.4000000060
22077  -45.437  -45.660  17.571 0.3000000119
111133  -45.059  -44.865  17.498 0.3000000119
122221  -45.730  -46.375  17.699 0.3000000119
22078  -46.272  -45.831  17.708 0.3000000119
22890  -45.639  -44.288  17.530 0.3000000119
22891  -46.719  -44.446  17.635 0.3000000119
21277  -46.435  -46.745  17.925 0.3000000119
22079  -47.875  -45.781  18.177 0.3000000119
23732  -46.104  -43.680  17.499 0.3000000119
21280  -50.588  -47.021  18.228 0.3000000119
21264  -49.795  -47.299  18.525 0.3000000119
21279  -48.631  -46.695  18.491 0.3000000119
113167  -50.768  -47.523  17.854 0.3000000119
108406  -50.449  -47.706  18.240 0.3000000119
20512  -50.576  -47.765  17.331 0.3000000119
21310  -47.841  -47.064  16.496 0.3000000119
20519  -46.280  -47.800  15.300 0.4000000060
20528  -45.550  -47.658  14.074 0.5000000000
110083  -46.015  -45.053  17.571 0.3000000119
112905  -46.942  -45.322  17.806 0.3000000119
21278  -47.424  -46.649  18.220 0.3000000119
22080  -49.092  -45.872  18.404 0.3000000119
23733  -46.973  -43.646  17.520 0.3000000119
24558  -46.465  -43.018  17.369 0.3000000119
22081  -50.418  -46.068  18.232 0.3000000119
24559  -47.275  -43.032  17.340 0.3000000119
21288  -50.949  -47.186  17.391 0.3000000119
24572  -46.839  -42.445  17.103 0.3000000119
21311  -48.907  -46.460  16.578 0.3000000119
21296  -50.279  -47.347  16.861 0.3000000119
25380  -48.507  -41.980  16.392 0.3000000119
21295  -49.000  -47.506  16.699 0.3000000119
21309  -46.974  -46.725  16.282 0.3000000119
123234  -46.315  -46.935  15.897 0.3000000119
21308  -45.585  -47.128  15.442 0.4000000060
20527  -44.555  -47.225  14.333 0.5000000000
119327  -48.498  -45.274  18.132 0.3000000119
22892  -47.695  -44.952  17.873 0.3000000119
115263  -47.663  -44.192  17.678 0.3000000119
119803  -49.429  -45.232  18.152 0.3000000119
22893  -48.519  -44.660  17.866 0.3000000119
23734  -48.505  -43.860  17.596 0.3000000119
21289  -51.117  -46.671  17.560 0.3000000119
109997  -47.682  -43.553  17.504 0.3000000119
21297  -51.127  -46.927  17.031 0.3000000119
24574  -48.559  -42.658  16.868 0.3000000119
24575  -49.860  -43.113  16.734 0.3000000119
24580  -49.200  -42.393  16.472 0.3000000119
24598  -52.075  -43.540  14.874 0.3000000119
24597  -51.387  -42.762  15.547 0.3000000119
123756  -48.315  -45.539  16.357 0.3000000119
22106  -47.458  -45.978  16.390 0.3000000119
113569  -46.501  -46.087  16.203 0.3000000119
111478  -45.714  -46.289  15.836 0.3000000119
22894  -50.481  -45.255  17.838 0.3000000119
23736  -50.600  -44.657  17.526 0.3000000119
21313  -51.364  -46.250  16.819 0.3000000119
22088  -51.504  -46.000  17.052 0.3000000119
22082  -51.129  -45.917  17.590 0.3000000119
22895  -51.318  -45.333  17.270 0.3000000119
23746  -51.352  -44.626  16.981 0.3000000119
23745  -50.147  -43.911  17.328 0.3000000119
125647  -49.249  -43.861  17.518 0.3000000119
21312  -50.670  -46.471  16.645 0.3000000119
22108  -51.259  -45.709  16.328 0.3000000119
22909  -51.620  -45.277  16.203 0.3000000119
22926  -51.595  -44.963  15.646 0.3000000119
108582  -51.765  -44.607  16.251 0.3000000119
23771  -51.874  -44.268  14.792 0.3000000119
24582  -51.922  -43.962  15.718 0.3000000119
23781  -51.186  -43.906  14.204 0.3000000119
23753  -52.060  -44.175  15.004 0.3000000119
24611  -51.231  -43.434  13.266 0.3000000119
23782  -51.781  -43.670  13.884 0.3000000119
22104  -45.995  -45.484  15.991 0.4000000060
23789  -51.712  -43.413  13.320 0.3000000119
25422  -50.934  -42.658  11.565 0.3000000119
21307  -44.950  -46.621  15.458 0.3000000119
21324  -44.329  -46.852  15.025 0.4000000060
26128  -50.391  -42.082  10.115 0.3000000119
20526  -43.935  -46.884  14.525 0.5000000000
114574  -43.477  -46.854  13.389 0.5000000000
22107  -49.617  -45.705  16.346 0.3000000119
22925  -50.334  -45.148  15.818 0.3000000119
23770  -50.971  -44.548  15.027 0.3000000119
22105  -46.748  -45.436  16.203 0.4000000060
108755  -50.147  -43.342  13.972 0.3000000119
24618  -49.813  -42.721  13.390 0.3000000119
108743  -45.529  -44.829  15.835 0.4000000060
22103  -45.042  -45.676  15.732 0.5000000000
25415  -50.122  -42.536  12.449 0.3000000119
25421  -49.376  -41.813  12.111 0.4000000060
21306  -44.228  -46.236  15.450 0.5000000000
21323  -43.515  -46.448  15.086 0.6000000238
26119  -49.248  -41.476  11.173 0.3000000119
21331  -43.362  -46.772  14.200 0.6000000238
21330  -42.694  -46.604  13.553 0.6000000238
22924  -48.666  -44.913  16.122 0.3000000119
23768  -47.738  -44.099  15.770 0.3000000119
24596  -48.343  -43.446  15.237 0.3000000119
22923  -47.417  -44.974  16.198 0.3000000119
23769  -49.191  -44.301  15.535 0.3000000119
23780  -49.691  -43.726  14.773 0.3000000119
24610  -48.683  -42.796  14.449 0.4000000060
22922  -46.417  -44.849  15.987 0.4000000060
126010  -48.738  -42.330  13.787 0.4000000060
25402  -47.945  -42.098  14.035 0.4000000060
108874  -44.642  -44.882  15.707 0.5000000000
25414  -48.785  -41.919  13.231 0.4000000060
25420  -48.123  -41.364  12.824 0.4000000060
110110  -47.207  -40.537  12.112 0.4000000060
111461  -43.803  -45.030  15.648 0.5000000000
22101  -43.560  -45.824  15.501 0.6000000238
26118  -48.137  -40.984  12.163 0.4000000060
26804  -47.041  -40.012  11.010 0.4000000060
21305  -42.771  -46.014  15.285 0.6000000238
26127  -47.933  -40.536  11.304 0.4000000060
21322  -42.677  -46.434  14.614 0.6000000238
21321  -41.875  -46.378  14.159 0.6000000238
107573  -41.834  -46.342  13.219 0.6999999881
118131  -47.395  -43.253  15.365 0.3000000119
24609  -47.347  -42.566  14.782 0.3000000119
109087  -46.834  -44.347  15.878 0.3000000119
109088  -46.008  -44.102  15.749 0.3000000119
124668  -47.888  -42.947  15.024 0.3000000119
25401  -46.891  -41.844  14.258 0.4000000060
22921  -45.065  -44.145  15.678 0.5000000000
25413  -47.501  -41.511  13.512 0.4000000060
107690  -44.614  -43.459  15.519 0.5000000000
26110  -47.067  -40.873  12.893 0.4000000060
22920  -44.172  -44.203  15.625 0.5000000000
22919  -43.274  -44.391  15.618 0.6000000238
26126  -46.822  -40.225  11.622 0.4000000060
26803  -46.093  -39.778  11.376 0.4000000060
22100  -42.143  -45.481  15.377 0.6000000238
26814  -46.717  -39.582  10.516 0.4000000060
27578  -46.434  -39.041  10.069 0.4000000060
21320  -41.123  -46.194  13.796 0.6999999881
22144  -40.633  -45.413  11.980 0.6999999881
22145  -41.509  -45.643  11.731 0.6999999881
118070  -46.107  -43.413  15.563 0.4000000060
24595  -46.599  -42.981  15.349 0.4000000060
24608  -46.325  -42.359  14.812 0.4000000060
25400  -45.951  -41.700  14.321 0.4000000060
23766  -45.437  -43.461  15.555 0.4000000060
24593  -45.049  -42.819  15.321 0.4000000060
124065  -44.325  -42.805  15.311 0.4000000060
25412  -46.445  -41.291  13.657 0.4000000060
26109  -45.904  -40.744  13.143 0.4000000060
26117  -46.167  -40.347  12.269 0.4000000060
26794  -45.247  -39.847  11.986 0.4000000060
22918  -42.379  -44.694  15.594 0.6000000238
27567  -45.839  -39.173  10.757 0.4000000060
22917  -41.518  -44.982  15.502 0.6000000238
22099  -41.353  -45.598  15.142 0.6999999881
120423  -40.630  -45.557  14.841 0.6999999881
27577  -45.807  -38.462  10.447 0.4000000060
22125  -40.496  -45.851  13.543 0.6999999881
22952  -41.162  -45.054  11.026 0.6999999881
25399  -45.071  -41.615  14.333 0.4000000060
23765  -43.646  -43.358  15.491 0.4000000060
24606  -44.629  -42.215  14.851 0.4000000060
25411  -45.500  -41.186  13.750 0.4000000060
24591  -42.794  -42.741  15.362 0.5000000000
112094  -45.098  -40.712  13.306 0.4000000060
23763  -41.715  -44.121  15.609 0.6999999881
26116  -45.169  -40.329  12.692 0.4000000060
112400  -40.764  -44.507  15.505 0.6999999881
27565  -44.566  -38.759  11.500 0.4000000060
22916  -40.183  -45.068  15.125 0.6999999881
28470  -45.254  -37.803  10.776 0.4000000060
28458  -44.574  -37.859  11.319 0.4000000060
111199  -39.777  -45.576  13.770 0.6999999881
29285  -45.386  -36.983  10.615 0.4000000060
22133  -40.215  -45.564  12.904 0.6999999881
22951  -40.283  -44.769  11.296 0.6999999881
30043  -45.496  -36.034  10.466 0.4000000060
123135  -45.727  -34.730  10.002 0.4000000060
25388  -42.710  -41.832  14.919 0.4000000060
25398  -43.304  -41.362  14.351 0.4000000060
24605  -44.185  -41.529  14.346 0.4000000060
25410  -44.639  -41.055  13.744 0.4000000060
23764  -42.641  -43.748  15.571 0.6999999881
108282  -44.281  -40.415  13.077 0.4000000060
23762  -40.990  -43.514  15.599 0.6999999881
26115  -44.478  -39.892  12.387 0.4000000060
124866  -44.084  -38.957  11.859 0.4000000060
126230  -40.384  -43.983  15.590 0.6999999881
26793  -43.951  -39.397  12.233 0.4000000060
28449  -43.980  -38.314  11.782 0.4000000060
22932  -39.386  -44.903  14.865 0.6999999881
22933  -39.898  -45.413  14.535 0.6999999881
29272  -44.393  -36.891  11.409 0.4000000060
29273  -44.894  -37.186  11.039 0.4000000060
30042  -44.832  -35.500  10.997 0.4000000060
122926  -39.591  -45.313  13.010 0.6999999881
22942  -39.193  -44.863  12.529 0.6999999881
30920  -45.320  -34.296  10.328 0.4000000060
117479  -45.340  -33.643  10.144 0.4000000060
25409  -43.750  -40.881  13.725 0.4000000060
25387  -41.888  -41.490  14.837 0.6000000238
25397  -42.493  -41.093  14.321 0.5000000000
26102  -42.987  -40.767  13.823 0.5000000000
26108  -43.145  -40.128  13.166 0.4000000060
123826  -30.032  -39.117  7.558 0.4000000060
26835  -30.722  -39.371  7.526 0.5000000000
105046  -41.281  -41.943  15.308 0.6000000238
26786  -43.318  -39.375  12.608 0.4000000060
111594  -39.982  -43.469  15.583 0.6000000238
28448  -43.386  -37.935  12.250 0.4000000060
23761  -39.228  -43.923  15.499 0.6000000238
29261  -43.305  -36.980  12.271 0.4000000060
121231  -38.615  -43.838  15.397 0.6999999881
28457  -43.880  -37.428  11.782 0.4000000060
23778  -38.117  -44.108  15.029 0.6999999881
30028  -44.321  -35.987  11.451 0.4000000060
22941  -38.481  -44.610  12.928 0.6999999881
112178  -44.152  -34.996  11.534 0.4000000060
31749  -44.370  -32.900  10.837 0.4000000060
32541  -44.746  -32.392  10.330 0.4000000060
34067  -44.503  -30.454  10.090 0.4000000060
26101  -42.293  -40.350  13.792 0.5000000000
26090  -41.165  -41.136  14.850 0.6000000238
25396  -41.771  -40.767  14.366 0.5000000000
26785  -42.279  -39.614  13.373 0.5000000000
28495  -29.423  -37.903  7.759 0.3000000119
27599  -29.711  -38.580  7.653 0.4000000060
116082  -30.419  -38.658  7.701 0.5000000000
24588  -39.746  -42.484  15.572 0.6000000238
25386  -40.433  -41.584  15.321 0.6000000238
125721  -42.717  -39.337  12.940 0.4000000060
24587  -38.781  -42.390  15.617 0.6000000238
27557  -42.837  -38.552  12.680 0.5000000000
24603  -37.118  -42.764  15.361 0.6999999881
24604  -38.044  -43.256  15.485 0.6000000238
23776  -36.574  -43.082  14.675 0.8000000119
23777  -37.327  -43.651  14.879 0.6999999881
30021  -43.270  -35.958  12.291 0.4000000060
30027  -43.791  -35.702  11.823 0.4000000060
31739  -44.175  -33.877  11.320 0.4000000060
32540  -44.295  -31.985  10.616 0.4000000060
33350  -44.362  -31.199  10.362 0.4000000060
117324  -44.358  -29.042  10.086 0.4000000060
26089  -40.547  -40.729  14.913 0.6000000238
26099  -40.572  -40.144  14.586 0.6000000238
111413  -41.600  -40.197  14.050 0.5000000000
26776  -41.760  -39.803  13.729 0.5000000000
28487  -30.038  -37.474  8.312 0.4000000060
25384  -38.572  -41.495  15.557 0.6000000238
113591  -39.961  -40.964  15.233 0.6000000238
27549  -42.159  -38.842  13.161 0.5000000000
27591  -30.769  -38.075  8.265 0.5000000000
24602  -36.406  -42.283  15.122 0.6999999881
24586  -37.815  -42.216  15.603 0.6999999881
27592  -31.865  -37.961  8.518 0.5000000000
24601  -35.860  -41.925  14.815 0.6999999881
24617  -35.971  -42.506  14.436 0.6999999881
28439  -42.120  -37.914  13.134 0.5000000000
29291  -32.512  -36.718  9.443 0.6999999881
29305  -31.915  -37.081  9.120 0.6000000238
24615  -35.141  -42.097  13.437 0.6999999881
24616  -35.431  -41.986  14.218 0.6999999881
23787  -36.124  -43.061  13.806 0.6999999881
30015  -42.138  -35.977  12.976 0.5000000000
30050  -33.417  -35.576  9.953 0.6999999881
23786  -35.612  -42.728  12.970 0.6999999881
106669  -42.698  -36.527  12.650 0.4000000060
24623  -34.960  -42.146  12.625 0.6999999881
24624  -35.991  -43.030  12.171 0.8000000119
30901  -42.969  -34.559  12.360 0.4000000060
109314  -43.458  -35.102  12.087 0.4000000060
31738  -43.588  -33.613  11.730 0.4000000060
32532  -43.711  -32.311  11.245 0.4000000060
34066  -43.825  -30.531  10.662 0.4000000060
34791  -44.131  -29.782  10.335 0.4000000060
26088  -39.925  -40.277  14.995 0.6000000238
26774  -40.220  -39.631  14.549 0.6000000238
26775  -41.028  -39.650  14.080 0.6000000238
26784  -41.591  -39.178  13.557 0.5000000000
28486  -29.077  -37.128  8.041 0.4000000060
123833  -29.644  -36.808  8.588 0.4000000060
111719  -30.338  -36.785  8.991 0.6999999881
114844  -37.629  -39.924  15.511 0.6999999881
117392  -39.165  -40.169  15.235 0.6000000238
27547  -40.832  -37.944  13.808 0.5000000000
28488  -30.987  -37.388  8.868 0.6999999881
25394  -35.487  -41.225  14.692 0.6999999881
26097  -35.910  -40.618  15.297 0.6999999881
26086  -37.260  -40.809  15.578 0.6999999881
124411  -37.754  -41.395  15.590 0.6999999881
27548  -41.493  -38.332  13.495 0.5000000000
105415  -31.901  -36.257  9.388 0.6999999881
25395  -36.164  -41.483  15.236 0.6999999881
29253  -42.092  -36.932  13.093 0.5000000000
26107  -34.661  -40.591  13.522 0.6999999881
123585  -35.051  -40.720  14.189 0.6999999881
30020  -42.315  -35.030  12.770 0.4000000060
30049  -32.582  -35.882  9.599 0.6999999881
26782  -34.530  -39.863  13.313 0.6999999881
111968  -34.476  -41.071  12.962 0.6999999881
28446  -35.300  -37.748  12.983 0.6000000238
119122  -34.224  -39.741  12.595 0.6000000238
106035  -34.272  -40.378  12.755 0.6999999881
122515  -42.535  -32.983  12.353 0.4000000060
30913  -34.109  -35.040  10.250 0.6999999881
28445  -34.863  -38.110  12.338 0.6000000238
31733  -43.077  -33.742  12.176 0.4000000060
27564  -34.278  -38.386  11.774 0.6000000238
32531  -43.008  -32.213  11.793 0.4000000060
33341  -42.788  -31.417  11.704 0.4000000060
33342  -43.282  -30.947  11.229 0.4000000060
34790  -43.605  -29.787  10.721 0.4000000060
36474  -43.634  -27.503  10.552 0.4000000060
27539  -40.159  -38.216  14.245 0.6000000238
29304  -29.026  -36.381  8.498 0.6000000238
30064  -29.738  -36.157  9.044 0.6000000238
29289  -30.573  -36.033  9.348 0.6999999881
27526  -36.708  -38.500  15.381 0.6000000238
26765  -37.107  -39.229  15.511 0.6999999881
124530  -37.888  -39.217  15.376 0.6999999881
27529  -39.144  -39.065  14.889 0.6000000238
26096  -35.369  -40.314  14.781 0.6000000238
27536  -35.930  -38.637  15.271 0.6000000238
26085  -36.590  -40.059  15.538 0.6999999881
125964  -31.274  -35.927  9.450 0.6999999881
114693  -35.231  -38.443  14.106 0.6000000238
29252  -41.453  -36.315  13.380 0.5000000000
30927  -32.687  -34.991  9.633 0.6999999881
109393  -31.851  -35.342  9.507 0.6999999881
27546  -34.920  -39.188  13.877 0.6000000238
30014  -41.541  -35.399  13.253 0.4000000060
30928  -33.433  -34.576  9.826 0.6999999881
27555  -34.590  -39.160  12.878 0.6999999881
30929  -34.190  -34.008  10.061 0.6999999881
31731  -41.736  -33.421  12.832 0.4000000060
31732  -42.371  -34.018  12.605 0.4000000060
29268  -35.782  -37.231  11.811 0.6000000238
32524  -41.717  -32.534  12.646 0.4000000060
33334  -42.314  -31.992  12.226 0.4000000060
30037  -34.727  -35.800  10.721 0.6999999881
30038  -35.738  -35.979  10.578 0.6999999881
114371  -35.468  -36.679  10.953 0.6999999881
29267  -35.024  -37.370  11.632 0.6000000238
34057  -42.658  -30.601  11.604 0.4000000060
34776  -42.510  -29.664  11.554 0.4000000060
34058  -43.195  -30.142  11.130 0.4000000060
115744  -42.680  -27.957  11.336 0.4000000060
35573  -43.273  -28.371  10.876 0.4000000060
36466  -43.007  -27.405  11.068 0.3000000119
27538  -39.782  -38.973  14.538 0.6000000238
30063  -29.059  -35.454  8.894 0.5000000000
29240  -36.153  -36.653  14.304 0.6000000238
28426  -36.336  -37.768  15.073 0.6000000238
28420  -37.214  -37.818  15.194 0.6000000238
27528  -38.472  -38.785  15.112 0.6000000238
27537  -39.166  -38.248  14.714 0.6000000238
28429  -39.536  -37.503  14.431 0.6000000238
30047  -30.074  -35.316  9.345 0.6000000238
29251  -35.902  -36.418  13.414 0.6000000238
123107  -35.624  -38.096  14.691 0.6000000238
30006  -39.775  -36.143  14.132 0.5000000000
28430  -40.261  -37.075  13.997 0.4000000060
29244  -40.827  -36.535  13.665 0.5000000000
30048  -30.943  -35.270  9.493 0.6999999881
124476  -40.140  -35.699  13.868 0.5000000000
126404  -40.357  -36.242  13.841 0.4000000060
106106  -40.786  -35.735  13.610 0.4000000060
117684  -32.097  -34.525  9.536 0.8000000119
30019  -36.469  -36.206  12.084 0.6000000238
30892  -40.641  -34.235  13.457 0.4000000060
31724  -41.063  -33.661  13.216 0.4000000060
28456  -35.217  -37.674  12.179 0.6000000238
29269  -36.691  -37.101  11.136 0.6000000238
31746  -35.061  -33.895  10.144 0.6999999881
29270  -37.408  -37.215  10.414 0.6000000238
33333  -41.558  -31.675  12.507 0.4000000060
34049  -42.148  -31.130  12.131 0.4000000060
30915  -35.564  -34.770  10.253 0.6999999881
30916  -36.533  -35.817  9.869 0.6999999881
29293  -37.443  -37.284  10.202 0.6999999881
34775  -41.778  -29.557  11.998 0.4000000060
34056  -41.976  -30.276  12.044 0.4000000060
30931  -37.811  -36.446  9.102 0.6999999881
35558  -41.169  -28.995  12.260 0.4000000060
36464  -41.489  -27.208  12.115 0.3000000119
114553  -42.077  -28.033  11.746 0.4000000060
111649  -41.630  -25.756  11.850 0.4000000060
36465  -42.343  -27.284  11.577 0.3000000119
30004  -36.591  -35.927  14.222 0.6000000238
30012  -36.999  -35.198  14.131 0.6000000238
28427  -37.733  -37.172  14.939 0.6000000238
29242  -38.250  -36.379  14.670 0.6000000238
114024  -38.963  -35.814  14.397 0.5000000000
30924  -29.666  -34.494  9.260 0.6000000238
30925  -30.548  -34.480  9.438 0.6000000238
120968  -36.367  -35.220  13.047 0.6000000238
125254  -36.741  -34.916  13.643 0.6000000238
120977  -39.544  -35.366  14.074 0.5000000000
30926  -31.383  -34.498  9.503 0.6999999881
109348  -36.059  -36.011  12.898 0.6000000238
119978  -39.408  -34.675  13.946 0.5000000000
30013  -40.190  -34.971  13.734 0.4000000060
104957  -32.728  -34.038  9.584 0.6999999881
31758  -31.866  -33.810  9.425 0.6999999881
30026  -37.243  -36.915  11.121 0.6000000238
30891  -39.751  -34.095  13.703 0.5000000000
31723  -40.241  -33.327  13.409 0.5000000000
120136  -33.457  -33.858  9.706 0.8000000119
125762  -33.143  -33.447  9.451 0.8000000119
33322  -39.975  -31.758  13.051 0.4000000060
32517  -41.064  -32.936  13.045 0.4000000060
31761  -34.581  -33.278  9.688 0.8000000119
30040  -38.281  -36.947  10.204 0.6000000238
32516  -40.365  -32.541  13.173 0.4000000060
29283  -37.972  -37.310  9.983 0.6999999881
109833  -38.136  -27.086  10.387 0.5000000000
106229  -38.274  -27.062  11.252 0.5000000000
35555  -38.677  -28.042  12.205 0.5000000000
34047  -39.588  -30.361  12.756 0.4000000060
34048  -40.466  -30.527  12.627 0.4000000060
30930  -35.821  -34.082  9.814 0.6999999881
115174  -36.739  -34.501  9.212 0.6999999881
30065  -38.747  -37.045  9.025 0.6999999881
30052  -38.425  -37.092  9.438 0.6999999881
37435  -38.288  -26.454  9.783 0.5000000000
37414  -38.675  -26.390  11.560 0.5000000000
36451  -39.220  -27.298  12.277 0.4000000060
35556  -39.463  -28.094  12.452 0.4000000060
111832  -40.459  -29.162  12.468 0.4000000060
114605  -38.608  -24.807  9.236 0.4000000060
115579  -38.341  -26.240  10.736 0.5000000000
117597  -38.685  -25.750  11.270 0.4000000060
37415  -39.116  -25.774  11.771 0.4000000060
37405  -40.508  -26.661  12.367 0.4000000060
36453  -40.726  -27.546  12.407 0.4000000060
111211  -38.770  -24.017  9.459 0.4000000060
39441  -38.612  -24.581  10.091 0.4000000060
38415  -38.978  -25.157  11.342 0.4000000060
38400  -39.849  -25.899  12.165 0.4000000060
38401  -40.774  -25.755  12.124 0.4000000060
30005  -37.485  -35.723  14.488 0.6000000238
122658  -29.458  -33.832  9.085 0.5000000000
30899  -36.534  -34.805  12.480 0.6000000238
31737  -36.683  -34.054  12.049 0.6000000238
31729  -36.694  -33.964  12.782 0.6000000238
30889  -37.963  -34.208  14.025 0.5000000000
31721  -38.181  -33.401  13.665 0.5000000000
30878  -38.662  -34.913  14.227 0.5000000000
31756  -30.187  -33.782  9.261 0.6000000238
31757  -31.025  -33.748  9.346 0.6999999881
31747  -37.762  -34.006  10.669 0.6000000238
30904  -36.853  -35.385  11.791 0.6000000238
33319  -37.794  -32.126  13.066 0.5000000000
32514  -38.445  -32.493  13.398 0.5000000000
31777  -31.584  -33.143  9.020 0.6000000238
30917  -38.149  -35.510  10.601 0.6000000238
33330  -38.394  -31.013  12.848 0.5000000000
31722  -39.153  -33.299  13.640 0.5000000000
32547  -33.273  -32.886  9.101 0.8000000119
35569  -37.858  -28.526  11.480 0.5000000000
112205  -37.858  -30.663  12.488 0.5000000000
33321  -38.938  -31.731  13.221 0.5000000000
32515  -39.517  -32.518  13.372 0.5000000000
32548  -34.195  -32.786  9.163 0.8000000119
30041  -38.676  -37.024  9.466 0.6000000238
36497  -38.412  -27.595  8.931 0.5000000000
35589  -37.957  -28.923  9.661 0.5000000000
36463  -37.946  -27.798  10.943 0.5000000000
34763  -38.169  -29.371  12.297 0.5000000000
34046  -38.273  -30.155  12.532 0.5000000000
34764  -38.968  -29.521  12.604 0.4000000060
35583  -38.050  -27.904  9.887 0.5000000000
35570  -38.221  -27.853  11.688 0.5000000000
116008  -38.543  -28.824  12.334 0.5000000000
31778  -36.849  -33.460  8.503 0.8000000119
30946  -38.661  -36.433  8.583 0.6999999881
30066  -39.200  -36.871  8.875 0.6999999881
36506  -38.895  -27.224  8.067 0.5000000000
121235  -38.758  -26.381  8.263 0.4000000060
38441  -38.497  -25.754  9.028 0.4000000060
31720  -37.281  -33.724  13.454 0.5000000000
32562  -29.253  -32.676  8.280 0.5000000000
115951  -37.232  -34.360  11.312 0.6000000238
109720  -37.298  -33.066  11.040 0.6000000238
109283  -37.223  -32.324  12.481 0.5000000000
111267  -29.801  -33.257  8.796 0.5000000000
33340  -37.261  -31.601  12.077 0.5000000000
111436  -37.461  -30.771  12.051 0.5000000000
32582  -29.895  -32.150  7.611 0.5000000000
32563  -30.260  -32.701  8.321 0.5000000000
31776  -30.645  -33.223  8.935 0.5000000000
31748  -38.599  -34.733  10.136 0.6000000238
116691  -37.539  -29.868  10.807 0.5000000000
34055  -37.551  -29.928  11.636 0.5000000000
33329  -37.713  -31.447  12.634 0.5000000000
30918  -38.934  -36.386  9.783 0.6000000238
31764  -40.030  -35.040  8.934 0.6000000238
35602  -38.533  -29.010  8.746 0.5000000000
34802  -37.786  -29.791  9.959 0.5000000000
34789  -37.633  -29.209  11.209 0.5000000000
34045  -37.794  -30.005  12.203 0.5000000000
32565  -33.868  -32.497  8.504 0.6999999881
30933  -40.140  -36.159  8.589 0.6000000238
35582  -37.764  -28.576  10.629 0.5000000000
30067  -39.951  -36.344  8.279 0.6999999881
105143  -38.312  -28.327  9.055 0.5000000000
32549  -35.047  -32.779  9.238 0.6999999881
37452  -39.171  -26.461  7.539 0.4000000060
31763  -35.935  -33.144  9.187 0.8000000119
31780  -38.517  -35.327  8.014 0.6999999881
116285  -38.910  -25.707  7.946 0.5000000000
116620  -39.382  -25.708  7.084 0.5000000000
30945  -37.706  -34.954  8.493 0.8000000119
38447  -38.806  -24.970  8.383 0.4000000060
42119  -40.327  -21.736  6.301 0.4000000060
108384  -40.324  -20.953  6.614 0.5000000000
43053  -41.308  -20.259  5.466 0.5000000000
43032  -40.200  -19.937  7.657 0.5000000000
43928  -41.093  -19.661  5.751 0.5000000000
43934  -41.582  -19.670  5.196 0.5000000000
32530  -36.909  -33.166  11.729 0.6000000238
108861  -37.123  -32.253  11.537 0.5000000000
32539  -37.972  -33.071  10.325 0.6000000238
32550  -37.755  -32.000  10.228 0.6000000238
33359  -37.498  -31.310  10.631 0.5000000000
33348  -37.282  -31.415  11.405 0.5000000000
34065  -37.406  -30.610  11.183 0.5000000000
118276  -31.016  -32.806  8.474 0.5000000000
108415  -31.708  -32.638  8.256 0.6999999881
32552  -39.322  -33.803  9.248 0.6000000238
32569  -39.128  -32.456  8.929 0.6000000238
32551  -38.445  -32.481  9.622 0.6000000238
34812  -38.874  -29.751  8.425 0.5000000000
34079  -37.648  -30.552  10.319 0.5000000000
124227  -29.056  -32.067  7.706 0.5000000000
126162  -31.841  -32.405  7.447 0.6000000238
34080  -38.114  -30.544  9.502 0.5000000000
106934  -32.578  -32.416  7.702 0.6999999881
32570  -40.390  -33.754  8.172 0.6000000238
119154  -33.122  -32.579  8.451 0.6999999881
31781  -40.476  -35.208  8.403 0.6000000238
35615  -38.871  -28.258  8.271 0.5000000000
36507  -39.499  -27.228  7.204 0.6000000238
108856  -39.342  -27.897  7.595 0.4000000060
37453  -39.758  -26.496  6.733 0.5000000000
30068  -40.676  -35.981  7.493 0.6999999881
30947  -39.377  -36.289  8.181 0.6999999881
116400  -40.971  -23.085  5.380 0.4000000060
119668  -42.139  -21.765  4.716 0.4000000060
107931  -39.734  -35.034  6.725 0.6999999881
42125  -40.865  -21.769  5.666 0.4000000060
31779  -37.754  -33.789  7.837 0.6999999881
113642  -41.266  -21.078  5.424 0.4000000060
32568  -36.229  -32.661  8.335 0.6999999881
43927  -40.712  -19.259  6.409 0.5000000000
43919  -40.388  -19.230  7.285 0.5000000000
111936  -41.254  -18.830  5.595 0.5000000000
33360  -37.937  -31.344  9.884 0.5000000000
112770  -39.677  -32.451  8.362 0.6000000238
34094  -38.685  -30.548  8.763 0.5000000000
33386  -30.343  -31.782  6.399 0.6000000238
32583  -31.051  -32.293  7.350 0.6000000238
105932  -39.829  -33.704  8.699 0.6000000238
110788  -32.323  -32.483  6.040 0.6000000238
110489  -40.871  -33.685  7.519 0.5000000000
35603  -39.049  -29.081  8.153 0.5000000000
35616  -39.545  -28.756  7.557 0.5000000000
31782  -40.944  -35.199  7.780 0.6000000238
35617  -40.257  -28.861  6.895 0.6000000238
35631  -40.015  -28.060  6.845 0.5000000000
116844  -33.632  -32.316  7.614 0.6999999881
30072  -41.012  -35.961  7.010 0.6999999881
37462  -41.508  -26.076  5.288 0.5000000000
40375  -42.379  -24.404  4.430 0.4000000060
30954  -40.610  -35.861  6.971 0.6999999881
36517  -40.232  -27.245  6.478 0.5000000000
38459  -40.218  -25.713  6.183 0.5000000000
39475  -41.515  -24.771  5.009 0.4000000060
41244  -42.027  -23.515  4.584 0.4000000060
42129  -42.161  -22.662  4.593 0.4000000060
32567  -35.510  -32.489  8.464 0.6999999881
31787  -38.883  -34.720  7.318 0.6999999881
42130  -43.213  -21.820  4.178 0.4000000060
43057  -43.812  -21.216  3.877 0.4000000060
32587  -36.013  -32.213  7.308 0.6999999881
32589  -37.799  -32.979  6.946 0.6999999881
43056  -42.897  -20.628  4.357 0.4000000060
32588  -36.877  -32.607  7.421 0.6999999881
112438  -42.003  -20.654  4.829 0.4000000060
43936  -43.262  -19.949  4.157 0.4000000060
44859  -43.635  -19.086  3.909 0.4000000060
116934  -42.592  -18.821  4.422 0.5000000000
33389  -39.683  -31.486  7.984 0.5000000000
33372  -39.148  -31.424  8.534 0.5000000000
32590  -40.209  -32.483  7.825 0.5000000000
33390  -40.215  -31.530  7.482 0.5000000000
34111  -39.830  -30.859  7.669 0.5000000000
34828  -40.009  -29.483  7.272 0.5000000000
32594  -31.461  -32.303  5.419 0.6000000238
104442  -40.671  -32.449  7.276 0.5000000000
34095  -39.340  -30.528  8.101 0.5000000000
32584  -33.534  -32.556  6.184 0.6999999881
108617  -41.406  -33.349  6.659 0.5000000000
115780  -40.816  -27.819  6.100 0.5000000000
31794  -41.987  -34.807  6.079 0.6000000238
30959  -41.392  -35.402  6.440 0.6999999881
115958  -40.729  -26.622  5.919 0.5000000000
38465  -42.242  -25.633  4.594 0.4000000060
32585  -34.509  -32.504  6.224 0.6999999881
30958  -41.105  -35.512  6.396 0.8000000119
36518  -41.131  -27.308  5.746 0.5000000000
41248  -43.189  -23.703  3.891 0.4000000060
115252  -43.196  -22.828  4.034 0.4000000060
43060  -44.791  -22.013  3.394 0.4000000060
115829  -34.501  -32.245  7.548 0.6999999881
31799  -39.951  -33.953  3.820 0.6000000238
121722  -45.211  -21.612  3.197 0.4000000060
124363  -39.444  -33.877  5.971 0.6999999881
32601  -38.629  -33.341  6.309 0.6999999881
108206  -39.757  -33.801  5.192 0.6000000238
31802  -40.223  -34.083  2.662 0.6000000238
43939  -44.396  -20.513  3.646 0.4000000060
33388  -36.153  -32.237  5.530 0.6999999881
32599  -36.759  -32.245  5.822 0.6000000238
123962  -38.023  -32.570  5.289 0.6999999881
32610  -38.164  -32.680  4.456 0.6000000238
31798  -38.758  -33.300  3.940 0.6000000238
44861  -45.421  -19.508  3.216 0.4000000060
109993  -35.311  -32.201  7.393 0.6999999881
33421  -37.908  -32.518  4.542 0.6000000238
32616  -38.482  -33.065  3.744 0.6000000238
45771  -43.988  -18.141  3.738 0.5000000000
34142  -37.888  -31.575  4.671 0.6000000238
33428  -38.609  -32.048  3.782 0.6000000238
116660  -42.499  -17.912  4.444 0.5000000000
45763  -42.079  -17.250  4.693 0.5000000000
34112  -40.278  -30.727  7.218 0.6000000238
33415  -30.892  -31.816  4.961 0.5000000000
34129  -40.848  -30.391  6.567 0.6000000238
32595  -32.669  -32.739  4.420 0.6000000238
32596  -33.654  -33.114  4.478 0.6000000238
33408  -40.871  -31.566  6.745 0.6000000238
35632  -41.045  -28.543  6.056 0.5000000000
34857  -41.606  -29.119  5.591 0.5000000000
32605  -32.750  -32.642  4.004 0.6000000238
32607  -34.544  -33.221  3.632 0.6000000238
32602  -42.102  -33.504  5.639 0.6000000238
32611  -42.570  -33.507  4.620 0.6000000238
35642  -42.210  -28.567  5.060 0.5000000000
37469  -43.160  -26.695  3.976 0.5000000000
40380  -43.121  -24.509  3.844 0.4000000060
32586  -35.021  -32.460  5.953 0.6999999881
32608  -34.993  -33.156  3.816 0.6000000238
30960  -42.136  -35.188  5.209 0.6999999881
31800  -42.516  -34.482  4.197 0.6000000238
36528  -42.080  -27.849  5.131 0.5000000000
116508  -42.159  -26.912  4.828 0.5000000000
116615  -42.681  -26.286  4.382 0.5000000000
41249  -43.818  -23.442  3.396 0.4000000060
116657  -43.848  -22.877  3.580 0.4000000060
43061  -45.085  -22.324  3.122 0.4000000060
30963  -41.087  -34.814  5.137 0.6999999881
31803  -41.244  -34.479  3.629 0.6999999881
31806  -40.779  -33.751  2.308 0.6999999881
35643  -43.085  -28.209  4.178 0.5000000000
36529  -43.099  -27.456  4.135 0.5000000000
33406  -35.887  -32.079  4.899 0.6000000238
32619  -39.709  -33.658  2.638 0.6000000238
108114  -40.369  -31.675  2.525 0.6999999881
43948  -46.044  -20.884  2.645 0.4000000060
33387  -35.789  -32.322  5.454 0.6999999881
118449  -36.511  -32.185  5.001 0.6000000238
32609  -37.354  -32.214  4.843 0.6000000238
33429  -39.031  -33.088  2.986 0.6000000238
33432  -39.956  -32.819  2.475 0.6000000238
34155  -39.712  -30.551  2.788 0.6000000238
44871  -46.214  -19.551  2.761 0.4000000060
33407  -36.114  -32.099  4.970 0.6000000238
33420  -36.913  -32.199  4.883 0.6000000238
34154  -39.120  -30.781  3.282 0.6000000238
117148  -38.978  -29.653  3.029 0.6000000238
119911  -38.533  -30.881  4.193 0.6000000238
34151  -38.571  -29.948  3.779 0.6000000238
45772  -44.649  -17.422  3.474 0.5000000000
116865  -44.782  -18.463  3.470 0.4000000060
45770  -42.987  -17.303  4.154 0.5000000000
46715  -44.142  -16.471  3.568 0.5000000000
33409  -41.651  -32.108  5.857 0.6000000238
34130  -41.581  -30.882  5.805 0.6000000238
34843  -41.610  -29.862  5.648 0.6000000238
33427  -32.277  -32.102  3.999 0.6000000238
107391  -42.410  -31.395  4.900 0.6000000238
34143  -42.521  -30.289  4.665 0.5000000000
38471  -43.095  -25.562  3.984 0.5000000000
40381  -43.181  -23.790  3.598 0.4000000060
33418  -34.719  -33.098  3.654 0.6000000238
33404  -34.992  -32.622  4.029 0.6000000238
33423  -42.801  -32.167  4.155 0.6000000238
33430  -42.650  -32.684  3.482 0.6000000238
34152  -43.099  -29.918  3.660 0.5000000000
35661  -42.840  -28.649  3.808 0.5000000000
108788  -42.776  -27.755  3.809 0.5000000000
36535  -43.172  -27.147  3.986 0.5000000000
41258  -44.720  -23.187  3.123 0.4000000060
42135  -45.007  -23.051  3.118 0.4000000060
32618  -42.619  -33.773  3.096 0.6999999881
34156  -42.763  -30.751  3.753 0.5000000000
34870  -43.152  -28.738  3.886 0.5000000000
35653  -43.058  -27.936  4.101 0.5000000000
109902  -46.209  -21.363  2.352 0.4000000060
108953  -35.739  -31.857  5.072 0.6000000238
35659  -39.173  -28.701  3.051 0.6000000238
43949  -46.890  -20.937  2.071 0.4000000060
34127  -36.085  -31.657  5.444 0.6000000238
34128  -36.670  -31.004  5.657 0.6000000238
35658  -38.671  -28.794  3.010 0.6000000238
43950  -47.717  -20.260  1.605 0.4000000060
34141  -37.297  -31.009  5.345 0.6000000238
45773  -45.446  -18.311  3.191 0.4000000060
44872  -47.086  -19.191  2.383 0.4000000060
34150  -38.029  -30.374  4.745 0.6000000238
108224  -43.757  -17.234  3.773 0.5000000000
46717  -45.558  -17.210  3.114 0.4000000060
46716  -44.965  -16.427  3.274 0.5000000000
47572  -44.465  -15.622  3.359 0.4000000060
34144  -42.971  -30.855  3.946 0.5000000000
123327  -41.122  -25.574  3.655 0.5000000000
38478  -42.396  -25.787  3.633 0.5000000000
109977  -42.853  -25.258  3.653 0.5000000000
41255  -43.127  -23.612  3.226 0.4000000060
34126  -35.237  -31.749  5.046 0.6000000238
36542  -41.386  -27.493  3.799 0.5000000000
36543  -42.827  -27.100  3.832 0.5000000000
37476  -43.089  -26.469  3.950 0.5000000000
41256  -43.948  -23.386  3.320 0.4000000060
104450  -44.946  -22.280  2.852 0.4000000060
42137  -45.254  -22.082  2.970 0.4000000060
34871  -41.221  -29.477  3.573 0.5000000000
43069  -45.937  -21.565  2.447 0.4000000060
34110  -35.841  -31.016  5.947 0.6000000238
34840  -36.423  -30.393  6.204 0.6000000238
35652  -38.086  -28.203  2.833 0.6000000238
44873  -48.008  -19.234  1.859 0.4000000060
34856  -37.545  -29.776  5.313 0.6000000238
45784  -46.877  -17.836  2.583 0.4000000060
34868  -38.015  -29.385  4.355 0.6000000238
34869  -38.395  -28.989  3.266 0.6000000238
116087  -46.395  -16.958  2.743 0.4000000060
46729  -47.027  -16.287  2.447 0.3000000119
107494  -45.730  -16.303  2.941 0.4000000060
48590  -45.521  -14.926  2.818 0.3000000119
115246  -41.707  -25.182  3.551 0.5000000000
39491  -42.530  -24.727  3.521 0.5000000000
41264  -43.368  -23.071  2.958 0.5000000000
43067  -44.134  -21.278  2.672 0.5000000000
38477  -40.627  -26.071  3.763 0.5000000000
117222  -39.852  -25.339  3.640 0.6000000238
42143  -44.393  -22.686  2.863 0.4000000060
43068  -45.390  -21.529  2.591 0.4000000060
34109  -35.205  -30.864  6.236 0.6000000238
34826  -36.019  -29.584  6.958 0.6000000238
36541  -39.483  -27.957  3.393 0.6000000238
43071  -46.201  -21.335  1.955 0.4000000060
104299  -46.833  -21.126  1.970 0.4000000060
113479  -36.683  -29.320  6.345 0.6000000238
37482  -38.163  -27.378  2.695 0.6999999881
43955  -48.675  -20.131  0.840 0.3000000119
35629  -36.990  -28.408  5.903 0.6000000238
125309  -37.824  -27.583  2.637 0.6000000238
44878  -49.085  -19.322  1.106 0.3000000119
35630  -37.151  -29.238  5.775 0.6000000238
35641  -37.529  -28.838  5.059 0.6000000238
36540  -37.315  -27.010  2.351 0.6000000238
45785  -47.606  -18.155  2.245 0.4000000060
35651  -37.826  -28.499  3.746 0.6000000238
37475  -36.907  -26.870  2.466 0.6000000238
116105  -48.047  -17.486  2.020 0.3000000119
47584  -47.576  -15.614  2.074 0.3000000119
109302  -46.272  -14.829  2.511 0.3000000119
39490  -40.475  -24.408  3.477 0.6000000238
40387  -41.412  -23.854  3.363 0.5000000000
41263  -42.066  -22.643  3.237 0.5000000000
107334  -43.218  -21.592  2.832 0.5000000000
109523  -38.894  -26.291  3.384 0.6000000238
34825  -35.287  -30.018  7.224 0.6000000238
117885  -35.385  -29.200  7.612 0.6000000238
43957  -47.600  -20.497  0.886 0.3000000119
43075  -48.258  -20.450  0.912 0.3000000119
35614  -36.437  -28.561  6.833 0.6000000238
36516  -36.619  -27.743  6.521 0.6000000238
36526  -36.899  -27.586  5.678 0.6000000238
37481  -36.893  -26.459  2.177 0.6000000238
45792  -49.459  -18.220  1.088 0.3000000119
36527  -37.303  -27.868  4.654 0.6000000238
37468  -37.046  -27.197  3.658 0.6000000238
46739  -48.878  -17.365  1.548 0.3000000119
47595  -48.490  -15.792  1.624 0.3000000119
48608  -48.365  -14.872  1.482 0.3000000119
48592  -47.130  -14.805  2.134 0.3000000119
126396  -40.089  -23.541  3.269 0.6000000238
41253  -40.466  -22.979  3.170 0.6000000238
41262  -40.815  -22.336  3.159 0.5000000000
42142  -42.291  -21.849  3.053 0.5000000000
111884  -42.970  -20.455  2.803 0.4000000060
40385  -37.952  -24.017  2.640 0.6000000238
40386  -39.047  -23.758  3.102 0.6000000238
43947  -44.407  -20.255  2.478 0.4000000060
43951  -45.419  -20.670  1.976 0.4000000060
39488  -37.330  -24.722  2.316 0.6000000238
43952  -46.074  -20.187  1.659 0.4000000060
44877  -46.652  -19.813  1.125 0.3000000119
35613  -35.835  -28.640  7.556 0.6000000238
38475  -36.929  -25.710  2.187 0.6000000238
43958  -48.187  -20.057  0.341 0.3000000119
39487  -36.774  -24.623  2.092 0.6000000238
44887  -49.646  -17.732  -0.018 0.3000000119
37474  -36.747  -26.594  3.549 0.6000000238
45793  -49.754  -17.744  0.561 0.3000000119
114626  -36.675  -26.142  4.822 0.6000000238
47597  -50.080  -16.347  0.479 0.3000000119
41261  -39.569  -22.168  2.813 0.6000000238
105867  -41.932  -20.406  3.025 0.5000000000
43946  -43.345  -19.767  2.678 0.4000000060
40391  -39.207  -22.929  2.877 0.6000000238
44869  -43.686  -18.985  2.554 0.4000000060
44875  -45.073  -19.012  1.843 0.4000000060
40390  -37.827  -23.156  2.365 0.6000000238
44876  -45.779  -18.793  1.511 0.4000000060
113040  -47.142  -18.523  0.165 0.3000000119
36505  -36.232  -27.886  7.382 0.6000000238
122034  -36.731  -23.880  2.006 0.6000000238
45794  -46.730  -17.526  0.252 0.3000000119
108660  -36.414  -27.115  7.038 0.6000000238
121975  -36.679  -24.067  2.125 0.6000000238
45797  -48.613  -17.671  -0.261 0.3000000119
39486  -36.527  -24.651  2.679 0.6000000238
111558  -36.643  -26.431  5.718 0.6000000238
38464  -36.603  -25.439  4.889 0.6000000238
42140  -38.755  -21.424  2.376 0.6000000238
43944  -40.518  -19.770  2.812 0.4000000060
119522  -41.413  -19.394  2.854 0.4000000060
43945  -42.321  -19.475  2.862 0.4000000060
41259  -37.221  -22.385  1.960 0.5000000000
41260  -38.294  -22.198  2.348 0.5000000000
45791  -45.458  -17.784  1.429 0.4000000060
44880  -46.323  -18.376  0.873 0.3000000119
40384  -36.697  -23.451  2.036 0.5000000000
37451  -36.335  -26.434  7.612 0.6000000238
40383  -36.484  -23.699  2.804 0.5000000000
109045  -36.536  -26.362  6.603 0.6000000238
38457  -36.583  -25.676  5.906 0.6000000238
40379  -36.495  -23.975  3.750 0.6000000238
39467  -36.576  -24.851  6.354 0.6000000238
121153  -36.576  -24.980  5.495 0.6000000238
39480  -36.531  -24.659  4.417 0.6000000238
39474  -36.576  -24.248  5.621 0.5000000000
43064  -38.811  -20.074  2.326 0.4000000060
113460  -39.487  -19.616  2.472 0.3000000119
44868  -42.732  -18.716  2.719 0.4000000060
42139  -37.737  -21.560  2.134 0.5000000000
108621  -38.253  -20.831  2.193 0.4000000060
45781  -42.260  -17.856  2.621 0.3000000119
45789  -43.704  -17.420  2.179 0.3000000119
45790  -44.662  -17.733  1.797 0.3000000119
41252  -36.817  -22.659  1.957 0.5000000000
106226  -44.186  -16.805  1.795 0.3000000119
41251  -36.577  -22.854  2.638 0.5000000000
46744  -45.823  -17.159  0.875 0.3000000119
41247  -36.505  -23.177  3.828 0.5000000000
47612  -46.981  -15.757  -0.282 0.3000000119
40373  -36.535  -23.679  4.805 0.5000000000
43942  -39.116  -19.216  2.302 0.3000000119
43943  -39.800  -19.001  2.329 0.3000000119
107488  -40.694  -18.963  2.627 0.3000000119
43063  -38.159  -20.327  2.355 0.3000000119
44867  -41.577  -18.577  2.713 0.3000000119
45788  -42.738  -17.113  2.395 0.3000000119
43059  -37.639  -20.540  2.644 0.3000000119
42132  -36.592  -22.292  3.685 0.4000000060
46738  -45.024  -16.908  1.437 0.3000000119
46743  -45.422  -16.180  0.977 0.3000000119
47606  -45.929  -15.481  0.394 0.3000000119
41242  -36.556  -22.647  5.072 0.5000000000
40367  -36.593  -23.977  6.679 0.4000000060
104530  -36.566  -23.427  5.791 0.5000000000
44864  -38.946  -18.736  2.449 0.3000000119
44865  -39.491  -18.489  2.340 0.3000000119
44866  -40.301  -18.217  2.333 0.3000000119
43938  -37.928  -19.717  3.043 0.3000000119
45780  -41.269  -17.679  2.406 0.3000000119
109851  -42.713  -16.198  1.998 0.3000000119
122757  -43.408  -16.710  2.057 0.3000000119
42128  -36.790  -20.920  3.928 0.3000000119
43058  -37.299  -20.323  3.458 0.3000000119
116295  -44.546  -16.062  1.499 0.3000000119
42127  -36.609  -21.639  4.500 0.3000000119
47594  -43.899  -15.328  1.561 0.3000000119
47605  -44.875  -15.216  1.011 0.3000000119
48622  -46.561  -14.805  -0.201 0.3000000119
105661  -36.577  -23.102  6.577 0.4000000060
121324  -36.556  -22.901  5.908 0.4000000060
115983  -47.309  -14.022  -0.743 0.3000000119
44858  -38.403  -18.865  3.016 0.3000000119
43941  -38.621  -19.526  2.449 0.3000000119
45778  -39.755  -17.681  2.245 0.3000000119
45779  -40.362  -17.306  2.096 0.3000000119
46726  -41.185  -16.960  2.037 0.3000000119
119446  -41.206  -16.363  1.843 0.3000000119
43055  -36.884  -20.191  4.407 0.3000000119
43933  -37.339  -19.553  4.028 0.3000000119
106976  -36.575  -21.677  5.631 0.4000000060
48606  -44.080  -14.650  1.278 0.3000000119
48621  -44.672  -14.235  0.800 0.3000000119
42117  -36.600  -21.646  6.730 0.4000000060
108050  -45.558  -14.556  0.415 0.3000000119
107776  -45.295  -13.666  0.351 0.3000000119
49624  -46.801  -13.026  -0.653 0.3000000119
50523  -46.533  -11.806  -0.751 0.3000000119
120399  -39.029  -17.416  3.081 0.3000000119
45769  -39.476  -17.089  2.598 0.3000000119
104718  -39.899  -16.951  2.108 0.3000000119
46725  -40.444  -16.504  1.897 0.3000000119
112104  -38.765  -18.083  3.084 0.3000000119
46724  -39.890  -16.307  2.141 0.3000000119
46734  -40.773  -15.807  1.665 0.3000000119
44846  -37.234  -18.813  4.619 0.3000000119
44851  -37.769  -18.848  3.806 0.3000000119
46735  -41.744  -15.813  1.827 0.3000000119
47593  -43.015  -15.464  1.782 0.3000000119
43926  -36.892  -19.469  4.851 0.3000000119
47592  -42.141  -15.038  1.594 0.3000000119
48605  -42.233  -14.272  1.270 0.3000000119
43051  -36.571  -20.142  5.859 0.4000000060
116976  -43.156  -14.609  1.479 0.3000000119
42124  -36.566  -20.892  6.221 0.4000000060
48620  -43.766  -13.946  1.031 0.3000000119
49623  -45.853  -12.963  -0.162 0.3000000119
42106  -36.551  -21.528  7.699 0.4000000060
51391  -45.266  -11.353  -0.239 0.3000000119
125349  -39.700  -16.649  2.345 0.3000000119
45762  -38.473  -17.238  3.801 0.3000000119
46712  -38.998  -16.623  3.366 0.3000000119
116753  -40.199  -15.787  1.881 0.3000000119
47591  -41.062  -15.159  1.358 0.3000000119
116402  -37.064  -18.117  5.159 0.3000000119
48619  -41.698  -13.598  0.839 0.3000000119
49592  -42.813  -13.738  1.069 0.3000000119
49606  -43.448  -13.114  0.784 0.3000000119
49607  -44.454  -13.262  0.582 0.3000000119
50509  -44.044  -12.389  0.478 0.3000000119
50510  -44.816  -12.298  0.208 0.3000000119
42092  -36.338  -21.215  8.609 0.3000000119
50511  -45.585  -12.015  -0.231 0.3000000119
52258  -44.311  -9.930  -0.347 0.3000000119
51403  -45.354  -10.414  -0.482 0.3000000119
46705  -38.399  -16.224  4.098 0.3000000119
46713  -39.510  -16.186  2.738 0.3000000119
48588  -40.268  -14.521  1.795 0.3000000119
47590  -40.487  -15.183  1.603 0.3000000119
114390  -37.853  -16.733  4.525 0.3000000119
48603  -40.719  -14.536  1.255 0.3000000119
48604  -41.305  -14.431  1.125 0.3000000119
49591  -40.853  -13.837  0.903 0.3000000119
116491  -41.591  -12.821  0.541 0.3000000119
108466  -42.460  -12.950  0.721 0.3000000119
113876  -43.820  -11.653  0.347 0.3000000119
51389  -43.039  -11.310  0.367 0.3000000119
51390  -44.568  -11.521  0.098 0.3000000119
52246  -44.276  -10.715  -0.060 0.3000000119
53189  -43.152  -9.988  -0.092 0.3000000119
54139  -43.834  -8.517  -1.037 0.3000000119
55021  -44.398  -8.300  -1.593 0.3000000119
116721  -38.950  -15.561  3.585 0.3000000119
47580  -39.578  -15.287  2.788 0.3000000119
48587  -39.781  -14.513  2.566 0.3000000119
46704  -37.774  -15.882  4.690 0.3000000119
47562  -38.240  -15.332  4.332 0.3000000119
48575  -38.588  -14.671  4.035 0.3000000119
48576  -39.213  -14.610  3.383 0.3000000119
124063  -40.343  -13.477  1.539 0.3000000119
46697  -37.328  -16.361  5.152 0.3000000119
49605  -40.957  -13.072  0.572 0.3000000119
45748  -36.645  -17.529  6.362 0.3000000119
50507  -42.029  -12.085  0.464 0.3000000119
50508  -43.143  -12.268  0.595 0.3000000119
51388  -42.045  -11.259  0.314 0.3000000119
53203  -42.644  -9.451  -0.297 0.3000000119
54126  -43.044  -8.763  -0.632 0.3000000119
113641  -38.184  -13.988  4.334 0.3000000119
48567  -37.649  -14.148  4.801 0.3000000119
47555  -37.048  -15.091  5.539 0.3000000119
116410  -37.337  -15.645  5.188 0.3000000119
47561  -37.588  -15.015  4.889 0.3000000119
48568  -38.044  -14.634  4.486 0.3000000119
46690  -36.637  -16.024  6.560 0.3000000119
116226  -36.937  -15.858  5.742 0.3000000119
124885  -40.169  -30.031  2.949 0.6999999881
110989  -39.577  -29.481  3.058 0.6000000238
33405  -35.620  -32.720  4.512 0.6000000238
19017  -36.164  -49.057  14.248 0.3000000119
19033  -36.744  -49.009  13.602 0.3000000119
104461  -36.670  -49.560  13.038 0.3000000119
19778  -38.101  -48.629  13.164 0.3000000119
105712  -38.208  -49.160  12.422 0.4000000060
19045  -38.942  -49.127  12.064 0.4000000060
19046  -39.766  -49.188  11.623 0.4000000060
19054  -40.879  -49.071  11.477 0.4000000060
19792  -41.828  -48.861  11.728 0.4000000060
122129  -42.654  -49.058  11.561 0.4000000060
19794  -43.468  -49.095  11.813 0.4000000060
19795  -44.684  -49.352  11.748 0.4000000060
117519  -47.204  -50.207  12.820 0.4000000060
19752  -47.779  -49.307  13.881 0.4000000060
22889  -44.732  -44.068  17.492 0.3000000119
124705  -45.310  -43.653  17.469 0.3000000119
24557  -45.591  -43.028  17.376 0.3000000119
25374  -46.423  -41.817  16.809 0.3000000119
106972  -47.748  -41.591  16.318 0.3000000119
20539  -44.787  -47.369  13.444 0.5000000000
20538  -44.000  -47.082  13.795 0.5000000000
26136  -50.349  -41.612  9.284 0.3000000119
120157  -49.206  -41.212  10.147 0.3000000119
26815  -49.329  -40.944  9.039 0.3000000119
21342  -42.477  -46.435  12.685 0.6000000238
27579  -47.291  -39.530  9.666 0.4000000060
21341  -41.955  -46.130  12.285 0.6000000238
28477  -46.482  -37.562  9.621 0.4000000060
29286  -45.989  -36.835  10.092 0.4000000060
30054  -45.908  -35.411  9.977 0.4000000060
105568  -46.241  -34.863  9.492 0.4000000060
26156  -29.978  -39.757  7.723 0.4000000060
112237  -31.228  -39.976  7.360 0.5000000000
22964  -39.861  -44.150  10.692 0.6999999881
33362  -45.381  -31.701  9.556 0.4000000060
23801  -39.038  -43.912  11.014 0.6999999881
34081  -45.097  -30.396  9.543 0.4000000060
27600  -31.301  -38.644  7.895 0.5000000000
28489  -32.594  -37.534  9.061 0.6000000238
23799  -37.430  -43.564  11.757 0.8000000119
22940  -37.714  -44.293  13.403 0.6999999881
23798  -36.640  -43.287  11.875 0.8000000119
23800  -38.253  -43.746  11.367 0.6999999881
34803  -44.704  -29.726  9.792 0.4000000060
23793  -36.422  -43.374  12.856 0.8000000119
29292  -33.114  -36.439  9.878 0.8000000119
24631  -34.760  -42.092  11.784 0.8000000119
24632  -35.397  -42.593  11.999 0.8000000119
116406  -43.970  -28.328  10.320 0.4000000060
30036  -34.120  -35.861  10.482 0.6999999881
108281  -34.156  -41.437  11.449 0.8000000119
29279  -33.801  -36.441  10.480 0.6999999881
28469  -34.150  -37.193  11.071 0.6999999881
26124  -33.668  -40.645  11.404 0.8000000119
28455  -34.570  -37.805  11.666 0.6000000238
117115  -42.997  -26.068  11.037 0.3000000119
39427  -38.929  -24.549  10.852 0.4000000060
110416  -41.224  -25.043  11.787 0.4000000060
38418  -42.067  -25.139  11.540 0.4000000060
116176  -42.412  -25.887  11.471 0.3000000119
40338  -39.109  -23.257  9.560 0.4000000060
39428  -39.425  -23.978  11.068 0.4000000060
39414  -39.996  -24.274  11.536 0.4000000060
38417  -40.367  -25.061  11.840 0.4000000060
40350  -39.052  -23.547  8.636 0.4000000060
42093  -39.662  -21.330  8.843 0.4000000060
39458  -39.048  -24.243  8.009 0.5000000000
41236  -39.964  -22.490  6.589 0.4000000060
42118  -39.864  -21.689  7.090 0.5000000000
43031  -39.899  -20.732  8.248 0.5000000000
43895  -40.154  -19.986  8.442 0.4000000060
38458  -39.628  -24.885  6.701 0.5000000000
39469  -40.574  -24.135  5.763 0.5000000000
41237  -40.530  -22.455  5.854 0.4000000060
122498  -40.598  -18.625  7.005 0.5000000000
44847  -41.301  -17.946  5.670 0.5000000000
45756  -41.557  -17.280  5.350 0.5000000000
46707  -42.490  -16.484  4.377 0.5000000000
34137  -30.459  -31.028  4.763 0.5000000000
46714  -43.316  -16.476  3.892 0.5000000000
48580  -44.917  -15.062  3.108 0.4000000060
34147  -31.068  -30.839  4.292 0.6000000238
34149  -32.519  -31.896  3.972 0.6000000238
33417  -33.575  -32.485  3.865 0.6000000238
34140  -33.953  -31.909  4.343 0.6000000238
48589  -44.919  -14.269  2.894 0.3000000119
34124  -32.963  -30.833  5.621 0.6000000238
34125  -34.110  -31.325  5.519 0.6000000238
115173  -45.788  -14.146  2.537 0.3000000119
49581  -45.344  -13.405  2.517 0.3000000119
34824  -34.490  -29.960  7.469 0.6000000238
36504  -35.637  -28.007  8.093 0.6000000238
36496  -36.070  -27.257  7.954 0.6000000238
37444  -35.871  -26.573  8.514 0.6000000238
38440  -36.227  -25.733  8.276 0.6000000238
121599  -36.509  -25.526  7.154 0.6000000238
39457  -36.551  -24.680  7.172 0.5000000000
40358  -36.577  -23.374  7.463 0.4000000060
41225  -36.592  -22.452  7.330 0.4000000060
113457  -36.479  -22.130  8.315 0.4000000060
53202  -41.483  -9.736  -0.382 0.3000000119
53188  -42.229  -10.079  -0.034 0.3000000119
55032  -42.749  -7.503  -2.383 0.3000000119
55046  -42.998  -7.310  -3.186 0.3000000119
55033  -43.605  -7.639  -2.384 0.3000000119
48556  -36.752  -14.463  6.003 0.3000000119
46680  -36.432  -16.209  7.457 0.3000000119
31765  -45.594  -33.115  9.709 0.4000000060
44833  -40.518  -18.558  7.718 0.5000000000
123279  -41.148  -48.616  12.226 0.4000000060
19720  -41.239  -49.946  17.113 0.3000000119
19732  -41.560  -48.836  15.815 0.3000000119
19002  -42.807  -49.689  16.581 0.3000000119
21286  -42.769  -47.609  17.749 0.3000000119
18282  -48.166  -51.241  17.225 0.4000000060
20480  -46.956  -47.518  18.254 0.3000000119
20518  -45.693  -47.622  14.824 0.4000000060
25376  -47.909  -42.151  16.658 0.3000000119
23744  -49.030  -43.377  17.286 0.3000000119
24576  -51.237  -43.906  16.609 0.3000000119
23783  -51.856  -43.533  13.745 0.3000000119
24619  -51.078  -43.094  12.389 0.3000000119
22902  -51.652  -45.293  16.507 0.3000000119
23752  -51.825  -44.723  15.704 0.3000000119
25436  -50.862  -42.024  9.822 0.3000000119
107149  -42.976  -45.281  15.560 0.6000000238
126041  -47.947  -40.196  10.138 0.4000000060
22117  -41.220  -46.026  14.555 0.6000000238
22134  -41.091  -45.917  12.764 0.6999999881
23767  -46.748  -43.694  15.640 0.3000000119
116066  -46.440  -38.352  9.835 0.4000000060
22943  -39.869  -45.133  12.211 0.6999999881
24607  -45.468  -42.262  14.819 0.4000000060
24592  -43.671  -42.218  15.006 0.4000000060
26802  -45.208  -39.283  11.398 0.4000000060
122407  -41.945  -43.177  15.525 0.6000000238
22915  -39.801  -44.372  15.394 0.6999999881
22114  -38.757  -44.989  14.074 0.6999999881
22950  -39.483  -44.532  11.570 0.6999999881
26787  -43.802  -39.879  12.635 0.4000000060
24589  -40.659  -42.604  15.521 0.6000000238
30919  -44.756  -34.565  10.899 0.4000000060
22124  -39.023  -45.108  13.527 0.6999999881
31750  -45.027  -33.004  10.276 0.4000000060
33351  -44.821  -31.778  10.083 0.4000000060
26834  -29.424  -39.191  7.776 0.3000000119
22936  -38.352  -44.725  13.847 0.6999999881
22949  -38.704  -44.353  11.930 0.6999999881
28447  -42.731  -37.492  12.675 0.5000000000
25383  -36.939  -41.754  15.536 0.6999999881
23794  -37.190  -43.786  12.778 0.8000000119
25408  -34.950  -41.351  13.749 0.6999999881
123536  -43.333  -31.644  11.374 0.4000000060
26766  -38.635  -39.619  15.257 0.6999999881
26771  -35.240  -39.614  14.614 0.6000000238
25419  -34.479  -41.539  12.374 0.6999999881
29259  -35.542  -37.288  12.651 0.6000000238
26800  -34.105  -39.186  12.034 0.6999999881
26114  -33.793  -40.061  11.971 0.6999999881
26799  -33.594  -39.502  11.453 0.8000000119
37428  -43.972  -26.720  10.271 0.4000000060
37427  -43.320  -26.695  10.781 0.3000000119
125097  -36.958  -37.236  14.998 0.6000000238
28421  -38.167  -37.956  15.043 0.6000000238
28428  -38.715  -37.315  14.719 0.6999999881
29250  -35.623  -37.144  13.676 0.6000000238
29280  -34.615  -36.722  11.045 0.6999999881
30039  -36.855  -37.083  10.300 0.6999999881
29281  -36.027  -37.114  11.220 0.6999999881
28454  -33.755  -37.866  11.076 0.8000000119
29282  -36.979  -37.208  10.533 0.6999999881
29243  -39.272  -36.694  14.426 0.4000000060
32523  -40.941  -32.145  12.854 0.3000000119
34767  -41.040  -29.867  12.359 0.3000000119
35571  -41.942  -28.886  11.829 0.3000000119
37417  -42.001  -26.506  11.792 0.3000000119
120992  -38.213  -35.530  14.465 0.5000000000
30890  -38.837  -34.072  13.915 0.5000000000
31759  -32.493  -33.304  9.259 0.6999999881
33331  -39.279  -31.037  12.929 0.4000000060
110707  -40.011  -31.014  12.807 0.4000000060
37426  -38.342  -25.786  10.003 0.4000000060
37403  -39.153  -26.503  12.086 0.4000000060
106860  -39.027  -28.658  12.464 0.4000000060
34766  -40.025  -29.710  12.634 0.4000000060
114026  -38.244  -27.153  9.586 0.5000000000
37404  -39.690  -26.724  12.331 0.4000000060
35557  -40.395  -28.322  12.466 0.4000000060
38416  -39.604  -25.123  11.708 0.4000000060
31730  -36.905  -33.268  12.610 0.5000000000
33320  -38.211  -31.741  13.100 0.5000000000
32564  -32.436  -32.808  8.749 0.6999999881
34801  -37.668  -29.254  10.454 0.5000000000
30948  -40.606  -36.068  7.889 0.6999999881
38448  -39.151  -24.947  7.544 0.5000000000
43935  -42.307  -19.748  4.627 0.5000000000
43045  -40.047  -20.751  7.433 0.5000000000
33385  -29.390  -31.612  7.098 0.5000000000
33371  -38.538  -31.419  9.167 0.5000000000
118895  -41.035  -35.901  7.276 0.6999999881
40369  -40.304  -23.313  6.025 0.4000000060
41243  -41.276  -22.516  5.221 0.4000000060
40374  -41.235  -23.841  5.223 0.4000000060
31793  -40.403  -34.996  6.180 0.8000000119
31792  -38.724  -33.126  5.263 0.6000000238
44860  -44.569  -19.318  3.570 0.4000000060
122090  -43.480  -17.682  3.918 0.5000000000
33416  -31.895  -32.278  4.326 0.5000000000
32598  -35.107  -33.129  4.612 0.6999999881
31795  -42.360  -34.555  5.171 0.6000000238
30964  -41.982  -35.154  4.557 0.6999999881
31807  -41.510  -34.341  2.698 0.6999999881
33426  -31.447  -31.578  4.292 0.5000000000
39481  -43.055  -25.054  3.859 0.4000000060
31804  -42.405  -34.474  3.459 0.6999999881
32620  -42.127  -34.032  2.593 0.6999999881
105716  -41.612  -31.767  2.862 0.6999999881
33435  -42.461  -33.201  2.943 0.6999999881
33431  -39.461  -31.811  2.917 0.6000000238
33419  -36.311  -32.029  4.921 0.6000000238
39482  -43.080  -24.530  3.767 0.4000000060
37484  -42.019  -26.650  3.687 0.5000000000
34872  -43.101  -29.582  3.738 0.5000000000
109994  -41.232  -30.517  3.243 0.6000000238
43073  -48.142  -20.537  1.139 0.4000000060
105117  -38.334  -28.163  2.866 0.6000000238
43954  -48.461  -19.960  1.327 0.4000000060
34841  -37.002  -30.065  5.898 0.6000000238
47573  -45.265  -15.644  3.050 0.4000000060
40388  -42.818  -24.131  3.405 0.4000000060
35660  -40.847  -28.551  3.714 0.6999999881
37483  -39.967  -26.952  3.723 0.6000000238
36534  -37.519  -27.550  2.970 0.6000000238
47582  -45.956  -15.553  2.757 0.3000000119
41254  -41.806  -23.282  3.309 0.5000000000
43960  -48.706  -19.601  0.015 0.3000000119
44884  -49.499  -18.515  0.379 0.3000000119
111834  -37.383  -26.567  2.327 0.6000000238
38474  -36.761  -25.684  2.263 0.6000000238
46730  -48.036  -16.560  1.962 0.3000000119
48591  -46.589  -14.070  2.205 0.3000000119
39489  -38.743  -24.594  3.203 0.6000000238
38476  -37.947  -25.568  2.764 0.6000000238
37467  -36.894  -26.973  4.962 0.6000000238
46740  -49.821  -17.191  0.872 0.3000000119
114710  -49.203  -16.461  1.319 0.3000000119
113004  -41.168  -21.769  3.156 0.6000000238
39494  -37.097  -23.950  2.062 0.6000000238
44885  -48.434  -18.760  -0.207 0.3000000119
45796  -50.082  -17.285  0.188 0.3000000119
38470  -36.551  -25.703  3.435 0.6000000238
46741  -50.346  -16.944  0.238 0.3000000119
42141  -39.958  -21.354  2.833 0.5000000000
43066  -40.913  -20.884  3.030 0.5000000000
44874  -44.095  -18.352  2.245 0.4000000060
43065  -39.727  -20.386  2.672 0.4000000060
113462  -38.988  -20.768  2.351 0.4000000060
42138  -37.157  -21.837  2.094 0.5000000000
46745  -46.346  -16.460  0.312 0.3000000119
42134  -37.636  -21.043  2.226 0.4000000060
112762  -36.775  -22.021  2.507 0.4000000060
46736  -41.947  -16.586  2.207 0.3000000119
42133  -37.110  -21.154  2.791 0.3000000119
105951  -36.733  -21.581  3.494 0.3000000119
49625  -47.994  -12.929  -1.440 0.3000000119
43054  -36.601  -20.780  5.078 0.3000000119
48631  -46.164  -13.889  -0.142 0.3000000119
41235  -36.576  -22.411  6.200 0.4000000060
44852  -38.174  -18.105  3.778 0.3000000119
124099  -42.420  -15.620  1.838 0.3000000119
51404  -46.248  -10.401  -1.020 0.3000000119
126007  -39.825  -15.731  2.291 0.3000000119
116749  -37.584  -18.096  4.478 0.3000000119
45761  -37.878  -17.478  4.339 0.3000000119
45755  -37.320  -17.289  5.015 0.3000000119
53204  -43.879  -9.380  -0.468 0.3000000119
49577  -40.058  -13.718  2.162 0.3000000119
49578  -40.499  -13.919  1.347 0.3000000119
46696  -36.832  -16.777  5.869 0.3000000119
50506  -41.069  -12.298  0.299 0.3000000119
52245  -43.433  -10.512  0.081 0.3000000119
54138  -42.574  -8.145  -1.138 0.3000000119
55047  -43.893  -7.388  -3.222 0.3000000119
49562  -39.429  -13.769  3.118 0.3000000119
109582  -36.553  -16.835  6.852 0.3000000119
107169  -36.415  -16.933  7.642 0.3000000119
47554  -36.678  -15.197  6.287 0.3000000119
19056  -43.246  -49.430  10.957 0.4000000060
23795  -37.936  -44.081  12.309 0.6999999881
24637  -34.727  -42.069  10.899 0.8000000119
115076  -33.310  -39.328  10.824 0.8000000119
43001  -39.989  -20.961  9.496 0.4000000060
40359  -39.294  -23.443  7.706 0.4000000060
41212  -39.453  -22.127  8.262 0.4000000060
45728  -42.078  -17.079  8.756 0.3000000119
45726  -41.219  -17.267  8.129 0.4000000060
46668  -42.108  -16.268  8.423 0.3000000119
44815  -40.644  -18.597  8.485 0.4000000060
45749  -40.994  -17.421  6.890 0.4000000060
106375  -40.756  -18.015  7.276 0.4000000060
47537  -41.786  -15.551  7.773 0.3000000119
104947  -41.405  -15.909  6.299 0.4000000060
107109  -41.394  -16.105  7.182 0.3000000119
45750  -41.233  -17.348  6.109 0.4000000060
46691  -41.243  -16.702  6.603 0.4000000060
47563  -41.617  -15.663  5.437 0.3000000119
46698  -41.451  -16.563  5.772 0.4000000060
48569  -41.661  -14.089  5.251 0.3000000119
106935  -41.558  -14.781  5.622 0.3000000119
47564  -42.031  -15.741  4.675 0.4000000060
46706  -41.774  -16.489  5.009 0.4000000060
48570  -42.074  -14.097  4.545 0.3000000119
48577  -42.660  -14.167  3.932 0.3000000119
48578  -43.387  -14.781  3.653 0.3000000119
34139  -32.747  -31.441  4.330 0.5000000000
49565  -44.014  -14.029  3.255 0.3000000119
109161  -43.960  -15.240  3.484 0.3000000119
34867  -31.341  -30.716  4.385 0.5000000000
35640  -30.711  -28.845  5.438 0.5000000000
34123  -31.969  -30.438  5.257 0.5000000000
34838  -31.376  -29.489  6.039 0.5000000000
34107  -33.208  -30.319  6.837 0.5000000000
49579  -43.671  -13.172  3.181 0.3000000119
48579  -44.285  -14.836  3.304 0.3000000119
34839  -32.245  -29.984  6.661 0.5000000000
34809  -34.052  -29.191  8.113 0.5000000000
36503  -31.911  -27.871  7.858 0.5000000000
36492  -32.659  -27.566  8.535 0.5000000000
35612  -32.567  -28.593  8.123 0.5000000000
121096  -33.194  -28.305  8.515 0.4000000060
106733  -31.455  -27.941  7.183 0.5000000000
36494  -34.459  -27.780  8.829 0.5000000000
36482  -34.082  -27.144  9.201 0.5000000000
36491  -31.979  -27.038  8.062 0.4000000060
37432  -33.287  -26.789  9.115 0.4000000060
37443  -35.308  -26.628  9.039 0.5000000000
38438  -32.306  -25.573  8.550 0.4000000060
114054  -33.462  -26.032  9.331 0.5000000000
37431  -32.877  -26.058  9.036 0.4000000060
37434  -34.977  -26.327  9.364 0.4000000060
38429  -33.920  -25.563  9.567 0.5000000000
37433  -34.196  -26.375  9.428 0.4000000060
38428  -33.058  -25.349  9.275 0.3000000119
38431  -36.114  -24.994  8.884 0.4000000060
39440  -35.406  -24.872  9.444 0.3000000119
112692  -34.446  -24.937  9.666 0.3000000119
113903  -36.033  -24.211  9.243 0.3000000119
39449  -36.366  -24.231  8.563 0.3000000119
39438  -33.968  -24.312  9.835 0.3000000119
39439  -34.846  -24.233  9.761 0.3000000119
120260  -36.509  -23.626  8.201 0.3000000119
40337  -35.802  -23.490  9.499 0.3000000119
40349  -36.328  -23.441  8.950 0.3000000119
106833  -36.539  -22.950  8.219 0.3000000119
40335  -34.390  -23.613  10.010 0.3000000119
40336  -35.157  -23.528  9.860 0.3000000119
41194  -36.039  -22.754  9.376 0.3000000119
41211  -36.375  -22.664  8.839 0.3000000119
35639  -30.372  -28.952  4.634 0.5000000000
44800  -43.325  -18.532  9.403 0.3000000119
113448  -40.769  -17.930  8.033 0.4000000060
35650  -30.056  -28.012  4.249 0.4000000060
35627  -30.675  -27.892  5.867 0.4000000060
36502  -31.530  -27.025  7.338 0.5000000000
116975  -32.369  -26.451  8.490 0.5000000000
39468  -39.911  -24.078  6.435 0.4000000060
35601  -35.176  -28.646  8.085 0.5000000000
104618  -39.458  -22.056  9.105 0.4000000060
40368  -39.632  -23.316  6.870 0.3000000119
43896  -40.447  -19.281  8.881 0.4000000060
47570  -42.789  -15.625  4.066 0.3000000119
34138  -31.905  -30.985  4.235 0.5000000000
109370  -35.025  -28.108  8.494 0.5000000000
36495  -35.333  -27.360  8.670 0.5000000000
38439  -35.593  -25.859  9.101 0.4000000060
107184  -36.537  -24.131  7.690 0.3000000119
45708  -42.584  -17.485  9.086 0.3000000119
45707  -41.867  -17.755  9.117 0.4000000060
46681  -41.196  -16.895  7.401 0.4000000060
44816  -41.205  -18.030  8.732 0.4000000060
45727  -41.589  -17.390  8.650 0.4000000060
46682  -41.504  -16.467  7.931 0.3000000119
43875  -40.741  -19.592  9.471 0.4000000060
47556  -41.451  -15.246  6.068 0.3000000119
112014  -41.850  -14.924  4.866 0.3000000119
126001  -42.233  -15.282  4.469 0.3000000119
49564  -43.173  -13.755  3.563 0.3000000119
116970  -30.592  -29.833  4.700 0.5000000000
34855  -31.112  -29.975  4.760 0.5000000000
34823  -33.612  -29.771  7.617 0.5000000000
34822  -32.741  -29.490  7.611 0.5000000000
35598  -33.314  -29.014  8.184 0.5000000000
35599  -33.850  -28.462  8.532 0.5000000000
35611  -31.803  -28.922  7.302 0.5000000000
35628  -31.113  -28.426  6.496 0.5000000000
36493  -33.590  -27.694  8.855 0.4000000060
117725  -33.660  -24.915  9.608 0.3000000119
44797  -40.928  -18.841  9.177 0.4000000060
26830  -33.825  -39.133  7.670 0.6999999881
25427  -33.724  -41.063  10.786 0.6999999881
26135  -33.446  -40.448  10.622 0.6999999881
26813  -33.263  -39.822  10.503 0.6999999881
26142  -33.462  -40.011  9.603 0.6999999881
27582  -33.165  -38.328  9.252 0.6999999881
27594  -33.218  -38.680  8.353 0.6999999881
107087  -33.178  -39.171  9.934 0.6999999881
111373  -33.134  -37.684  9.879 0.6999999881
28490  -32.992  -37.921  9.015 0.6999999881
40303  -40.562  -23.564  11.359 0.3000000119
40304  -41.404  -23.595  11.392 0.3000000119
41159  -40.299  -22.945  11.014 0.3000000119
41178  -41.382  -22.117  10.867 0.3000000119
42061  -40.362  -21.594  10.371 0.3000000119
41160  -41.002  -22.859  11.179 0.3000000119
27576  -33.312  -38.397  10.432 0.6999999881
125904  -33.401  -37.728  10.462 0.6999999881
40302  -39.929  -23.497  11.164 0.3000000119
41176  -39.881  -22.520  10.476 0.3000000119
42062  -40.976  -21.425  10.605 0.3000000119
42063  -41.726  -21.341  10.622 0.3000000119
42983  -42.081  -20.585  10.404 0.3000000119
28468  -33.445  -37.135  10.379 0.6000000238
40339  -39.355  -23.047  10.206 0.3000000119
43861  -41.048  -20.069  9.997 0.3000000119
43876  -41.332  -19.334  9.684 0.3000000119
43862  -41.699  -19.905  10.135 0.3000000119
42078  -40.276  -21.022  9.994 0.3000000119
43877  -42.022  -19.149  9.830 0.3000000119
41195  -39.266  -22.725  8.896 0.3000000119
44798  -41.593  -18.532  9.398 0.3000000119
40351  -39.289  -22.877  8.167 0.3000000119
109159  -35.269  -42.433  11.265 0.6999999881
106012  -36.128  -42.853  11.125 0.6999999881
24638  -35.452  -42.407  10.502 0.6999999881
26839  -34.340  -39.484  6.971 0.6999999881
24645  -34.867  -42.014  9.966 0.6999999881
25435  -34.220  -41.543  10.435 0.6999999881
25442  -33.730  -40.971  9.979 0.6999999881
26822  -33.422  -39.097  8.745 0.6999999881
39417  -42.436  -24.600  11.278 0.3000000119
41161  -41.841  -22.872  11.087 0.3000000119
41179  -42.218  -22.144  10.749 0.3000000119
42984  -42.897  -20.712  10.141 0.3000000119
43863  -42.440  -19.877  10.082 0.3000000119
115161  -42.831  -19.163  9.740 0.3000000119
44799  -42.427  -18.322  9.471 0.3000000119
39416  -41.746  -24.381  11.510 0.3000000119
42981  -40.739  -20.806  10.241 0.3000000119
42982  -41.363  -20.651  10.371 0.3000000119
20566  -46.561  -48.000  10.221 0.4000000060
20565  -45.637  -47.183  10.453 0.4000000060
20559  -45.283  -47.286  11.564 0.4000000060
19785  -47.035  -48.475  12.382 0.4000000060
21365  -45.414  -46.837  9.454 0.4000000060
21343  -43.300  -46.680  12.556 0.5000000000
21344  -44.258  -46.933  12.032 0.4000000060
20549  -45.003  -47.356  12.515 0.4000000060
21357  -44.613  -46.740  11.044 0.4000000060
20550  -46.182  -47.796  12.016 0.4000000060
21356  -43.636  -46.465  11.476 0.5000000000
21364  -44.237  -46.142  10.336 0.4000000060
22159  -44.857  -45.988  9.079 0.4000000060
20548  -44.092  -47.081  12.936 0.4000000060
21355  -42.728  -46.301  11.890 0.5000000000
22167  -44.420  -45.221  8.244 0.5000000000
22146  -43.097  -45.810  10.824 0.5000000000
22178  -43.826  -44.550  7.260 0.5000000000
22177  -43.619  -44.597  7.127 0.5000000000
22157  -42.887  -45.137  9.866 0.5000000000
22156  -42.078  -45.384  10.842 0.6000000238
22984  -44.029  -44.653  7.625 0.5000000000
22982  -42.477  -43.933  8.800 0.5000000000
22983  -43.511  -44.130  8.059 0.5000000000
23004  -42.552  -43.415  6.090 0.6000000238
22993  -43.630  -44.128  7.112 0.5000000000
23002  -41.465  -43.297  5.545 0.5000000000
22967  -42.918  -44.468  9.129 0.6000000238
22966  -41.915  -44.590  9.976 0.6000000238
22992  -43.023  -43.586  7.563 0.5000000000
23829  -42.941  -43.583  6.610 0.6000000238
23839  -42.419  -42.974  6.067 0.6000000238
121489  -41.060  -42.740  5.313 0.5000000000
23843  -37.616  -42.939  5.559 0.5000000000
23844  -38.722  -42.930  5.282 0.5000000000
23851  -39.782  -42.619  5.025 0.5000000000
23849  -38.207  -42.196  4.967 0.5000000000
114716  -32.821  -41.604  7.128 0.4000000060
25460  -33.276  -40.663  6.579 0.5000000000
22981  -41.358  -43.857  9.449 0.6000000238
25456  -33.478  -41.619  6.744 0.5000000000
23827  -41.471  -42.911  7.855 0.6000000238
24668  -34.314  -40.832  6.180 0.5000000000
23838  -41.843  -42.651  6.661 0.6000000238
24666  -40.829  -42.390  6.422 0.6000000238
24667  -41.615  -42.715  5.688 0.5000000000
23834  -35.979  -43.326  6.422 0.5000000000
24675  -40.646  -42.411  5.412 0.5000000000
25466  -39.029  -41.730  5.005 0.5000000000
24674  -39.930  -41.957  5.287 0.5000000000
24659  -32.193  -41.951  7.672 0.4000000060
25455  -32.341  -41.075  7.185 0.5000000000
26158  -32.558  -40.116  6.825 0.5000000000
22965  -40.781  -44.367  10.391 0.6000000238
23808  -40.337  -43.721  9.859 0.6000000238
108908  -34.797  -40.178  6.208 0.5000000000
23826  -40.476  -42.839  8.394 0.6000000238
24658  -40.976  -42.608  7.465 0.6000000238
116495  -40.156  -42.467  7.605 0.6000000238
23842  -36.784  -42.674  5.687 0.5000000000
24665  -39.778  -42.111  6.419 0.6000000238
24677  -37.804  -41.550  4.987 0.5000000000
25465  -38.320  -41.444  5.173 0.5000000000
25467  -37.431  -41.217  5.320 0.5000000000
26159  -33.470  -39.765  6.675 0.5000000000
26838  -33.746  -39.362  7.104 0.5000000000
26840  -34.155  -39.660  6.666 0.5000000000
26163  -34.663  -39.838  6.545 0.5000000000
23806  -38.527  -43.399  10.449 0.6000000238
23807  -39.441  -43.552  10.175 0.6000000238
26161  -35.165  -40.183  6.353 0.5000000000
25461  -35.286  -40.529  5.948 0.5000000000
23818  -39.036  -43.129  9.602 0.6000000238
24657  -38.654  -42.444  8.227 0.6000000238
108464  -36.186  -42.144  5.630 0.5000000000
24664  -38.695  -41.973  6.853 0.5000000000
24670  -36.043  -41.090  5.592 0.5000000000
25462  -36.101  -40.688  5.878 0.5000000000
25464  -37.645  -41.252  5.284 0.5000000000
26831  -34.307  -39.491  7.417 0.6000000238
26160  -34.757  -39.691  6.889 0.5000000000
24650  -39.462  -42.724  8.657 0.6000000238
24649  -38.540  -42.764  9.137 0.6000000238
24656  -37.910  -42.211  7.799 0.5000000000
25458  -36.580  -40.785  6.080 0.5000000000
24662  -37.117  -41.727  7.260 0.5000000000
110799  -31.754  -40.547  7.316 0.4000000060
26837  -32.770  -39.360  7.204 0.4000000060
25454  -31.597  -41.416  7.755 0.4000000060
26152  -34.000  -39.624  8.343 0.6000000238
26153  -34.534  -40.029  7.828 0.6000000238
24648  -37.671  -42.719  9.471 0.6000000238
26154  -35.167  -40.144  7.113 0.5000000000
25457  -35.746  -40.477  6.443 0.5000000000
24647  -36.639  -42.438  9.287 0.6000000238
25452  -36.266  -41.370  7.372 0.5000000000
123284  -31.996  -39.802  7.149 0.5000000000
27601  -32.348  -38.684  7.836 0.4000000060
27593  -32.787  -38.333  8.445 0.5000000000
26836  -31.724  -39.261  7.460 0.4000000060
26143  -34.089  -40.597  8.971 0.6000000238
25450  -34.773  -40.965  8.376 0.6000000238
25451  -35.505  -41.178  7.804 0.5000000000
25444  -35.167  -41.712  8.961 0.5000000000
24669  -34.990  -41.481  5.995 0.5000000000
23841  -35.477  -42.393  6.119 0.5000000000
25453  -30.892  -40.855  7.820 0.4000000060
20540  -45.895  -47.760  12.986 0.4000000060
21354  -42.254  -45.855  11.535 0.6000000238
23804  -37.139  -43.181  11.000 0.6000000238
24639  -36.952  -42.834  10.224 0.6000000238
24646  -35.661  -42.274  9.586 0.6000000238
25443  -34.409  -41.392  9.465 0.6000000238
27602  -33.242  -38.888  7.709 0.5000000000
22158  -43.978  -45.474  9.474 0.5000000000
22166  -43.749  -44.787  8.684 0.5000000000
22176  -42.895  -44.569  6.993 0.5000000000
23828  -42.501  -43.016  7.045 0.6000000238
23821  -41.955  -43.378  8.352 0.6000000238
23820  -40.873  -43.310  8.930 0.6000000238
24673  -39.020  -41.673  5.531 0.5000000000
23819  -39.917  -43.206  9.311 0.6000000238
24663  -37.843  -41.686  6.770 0.5000000000
23817  -38.326  -43.039  9.795 0.6000000238
126394  -38.016  -42.518  8.714 0.6000000238
105401  -37.322  -42.346  8.521 0.6000000238
24654  -35.942  -41.964  8.543 0.5000000000
122013  -47.045  -38.974  9.310 0.3000000119
125069  -47.721  -39.506  8.854 0.3000000119
27584  -47.813  -39.142  8.274 0.3000000119
28478  -47.097  -37.496  8.814 0.3000000119
28491  -48.014  -38.465  7.657 0.3000000119
111579  -47.575  -37.360  7.972 0.3000000119
29306  -47.651  -36.562  7.658 0.3000000119
29294  -46.526  -36.690  9.449 0.3000000119
29295  -47.067  -36.575  8.720 0.3000000119
30949  -47.225  -34.624  8.173 0.3000000119
30055  -46.531  -35.771  9.325 0.3000000119
30069  -46.815  -35.118  8.805 0.3000000119
35591  -45.614  -28.855  8.994 0.3000000119
34804  -45.363  -29.656  9.277 0.3000000119
36498  -45.756  -27.452  8.797 0.3000000119
116398  -44.588  -28.248  9.819 0.3000000119
37437  -44.989  -26.267  9.447 0.3000000119
36485  -45.292  -28.008  9.259 0.3000000119
38425  -44.370  -25.935  9.903 0.3000000119
22173  -44.268  -45.083  7.600 0.4000000060
26823  -48.650  -39.933  7.916 0.3000000119
28492  -49.372  -38.938  6.095 0.3000000119
22172  -43.964  -45.152  7.398 0.4000000060
29308  -48.673  -37.024  6.068 0.3000000119
30073  -47.985  -36.013  7.063 0.3000000119
30935  -46.579  -34.245  8.948 0.3000000119
31766  -46.292  -33.351  9.100 0.3000000119
113542  -45.499  -31.023  9.315 0.3000000119
34096  -45.741  -30.366  9.017 0.3000000119
34097  -46.545  -30.506  8.407 0.3000000119
35604  -46.186  -28.753  8.529 0.3000000119
116401  -45.971  -28.116  8.672 0.3000000119
116403  -45.285  -26.991  9.220 0.3000000119
28497  -48.460  -37.814  6.711 0.3000000119
30950  -47.790  -35.192  7.177 0.3000000119
17634  -31.120  -51.548  11.307 0.4000000060
18331  -31.723  -50.789  11.664 0.3000000119
18327  -32.124  -50.218  12.021 0.3000000119
115188  -32.544  -49.082  12.537 0.3000000119
22989  -36.814  -44.391  8.171 0.4000000060
109042  -37.719  -44.401  8.083 0.4000000060
22979  -37.384  -44.752  9.082 0.4000000060
22980  -38.252  -45.240  9.428 0.4000000060
22996  -36.350  -44.072  7.278 0.4000000060
23835  -36.936  -43.571  6.416 0.4000000060
22997  -37.273  -44.052  7.220 0.4000000060
23836  -37.864  -43.603  6.266 0.4000000060
22998  -38.200  -44.027  7.099 0.4000000060
104254  -39.286  -43.959  6.817 0.4000000060
23001  -40.475  -43.636  5.965 0.4000000060
22168  -39.448  -44.532  7.885 0.4000000060
115172  -40.130  -44.225  7.006 0.4000000060
22985  -32.603  -44.110  9.016 0.3000000119
23846  -40.847  -43.026  5.175 0.4000000060
23830  -32.779  -43.239  8.045 0.3000000119
23823  -32.318  -43.581  8.612 0.3000000119
111549  -41.309  -44.001  6.342 0.4000000060
23845  -39.641  -43.316  5.529 0.4000000060
24661  -34.047  -42.312  6.771 0.4000000060
22162  -37.530  -45.357  9.824 0.4000000060
125389  -38.151  -44.700  8.707 0.4000000060
22990  -38.585  -44.423  7.949 0.4000000060
19066  -41.271  -49.685  10.646 0.3000000119
19055  -42.377  -49.358  11.015 0.3000000119
19057  -44.324  -49.516  10.872 0.3000000119
19047  -46.110  -49.554  11.773 0.3000000119
19059  -46.877  -49.529  10.998 0.3000000119
19078  -46.129  -49.256  9.337 0.3000000119
19087  -44.901  -49.814  8.632 0.3000000119
19086  -44.134  -50.124  8.059 0.3000000119
19812  -46.023  -48.761  8.998 0.3000000119
19811  -45.371  -48.871  8.631 0.3000000119
19810  -44.527  -48.917  8.341 0.3000000119
116460  -46.413  -48.093  9.601 0.3000000119
20572  -46.099  -48.058  9.093 0.3000000119
20577  -45.056  -47.954  8.531 0.3000000119
124697  -45.986  -47.474  9.723 0.3000000119
106240  -44.748  -46.723  8.492 0.3000000119
19048  -47.077  -50.128  11.935 0.3000000119
21369  -45.160  -46.616  8.815 0.3000000119
19058  -45.689  -49.504  10.842 0.3000000119
18281  -47.111  -51.167  17.652 0.4000000060
18291  -47.568  -51.307  16.976 0.4000000060
18292  -48.681  -51.267  16.206 0.4000000060
18301  -48.969  -51.276  15.085 0.4000000060
18314  -49.158  -51.130  14.478 0.4000000060
18324  -48.848  -51.031  13.530 0.4000000060
18950  -49.677  -49.455  18.023 0.3000000119
18961  -46.712  -50.694  18.221 0.3000000119
18962  -48.033  -50.307  18.296 0.4000000060
18963  -49.154  -50.052  18.006 0.3000000119
18964  -49.642  -49.679  17.706 0.3000000119
18979  -49.356  -50.272  17.367 0.3000000119
18989  -42.304  -50.224  17.590 0.3000000119
18993  -49.115  -50.671  15.926 0.3000000119
19018  -45.651  -49.594  13.781 0.4000000060
19031  -35.710  -49.621  14.160 0.3000000119
19036  -48.274  -50.595  13.195 0.4000000060
19041  -32.065  -49.582  12.525 0.3000000119
19088  -45.622  -49.363  8.933 0.3000000119
19683  -48.287  -48.225  18.570 0.3000000119
19694  -46.046  -49.878  18.342 0.3000000119
19707  -42.488  -49.983  17.911 0.3000000119
19711  -49.736  -49.415  17.141 0.3000000119
19745  -38.534  -48.035  14.368 0.3000000119
19749  -42.643  -48.584  14.478 0.4000000060
19751  -44.446  -49.110  14.057 0.4000000060
19763  -38.676  -48.336  13.518 0.3000000119
20483  -49.928  -48.133  18.458 0.3000000119
20492  -44.492  -47.479  17.721 0.3000000119
20494  -50.416  -48.260  18.063 0.3000000119
20517  -45.023  -47.278  14.897 0.5000000000
20571  -45.475  -47.420  8.825 0.3000000119
20578  -45.659  -48.174  8.777 0.3000000119
21298  -51.350  -46.478  17.037 0.3000000119
21304  -41.977  -46.078  14.911 0.6000000238
21366  -45.757  -47.398  9.191 0.3000000119
22064  -49.759  -46.556  18.478 0.3000000119
22093  -51.491  -45.809  16.686 0.3000000119
22098  -40.859  -45.194  15.280 0.6999999881
22102  -44.245  -45.532  15.633 0.5000000000
22115  -39.193  -45.189  14.248 0.6999999881
22116  -40.469  -45.842  14.211 0.6999999881
22931  -37.768  -44.279  14.324 0.6999999881
22999  -42.483  -43.899  6.289 0.6000000238
23000  -43.315  -44.021  6.669 0.5000000000
23735  -49.521  -44.461  17.730 0.3000000119
23760  -39.045  -43.269  15.602 0.6000000238
23772  -51.956  -43.811  14.361 0.3000000119
23779  -38.892  -44.359  15.185 0.6999999881
23788  -36.917  -43.768  13.893 0.8000000119
23805  -37.752  -43.109  10.293 0.6000000238
23837  -38.703  -43.629  6.169 0.4000000060
23840  -34.787  -42.658  6.599 0.5000000000
23847  -41.882  -42.994  5.466 0.5000000000
23848  -37.436  -42.149  5.172 0.5000000000
23850  -39.136  -42.126  4.848 0.5000000000
24560  -48.098  -43.136  17.315 0.3000000119
24573  -47.629  -42.562  17.024 0.3000000119
24590  -42.022  -42.282  15.289 0.6000000238
24594  -45.824  -42.851  15.331 0.4000000060
24612  -52.003  -43.322  14.066 0.3000000119
24655  -36.635  -42.092  8.223 0.6000000238
24671  -36.959  -41.470  5.286 0.5000000000
24672  -38.156  -41.414  5.791 0.5000000000
24676  -36.848  -41.023  5.546 0.5000000000
24678  -38.473  -41.691  4.922 0.5000000000
24679  -40.133  -42.291  4.995 0.5000000000
25375  -47.230  -41.968  16.740 0.3000000119
25385  -39.493  -41.583  15.473 0.6000000238
25407  -34.744  -41.648  13.055 0.6999999881
25428  -50.431  -42.282  10.870 0.3000000119
25459  -37.336  -41.139  5.926 0.5000000000
25463  -36.983  -41.028  5.506 0.5000000000
25468  -38.086  -41.408  5.122 0.5000000000
26087  -38.327  -40.602  15.484 0.6999999881
26098  -36.525  -40.971  15.470 0.6999999881
26100  -41.109  -40.432  14.466 0.6000000238
26125  -34.063  -40.859  12.190 0.6999999881
26162  -34.157  -40.037  6.342 0.5000000000
26764  -36.354  -39.193  15.471 0.6000000238
26772  -35.755  -39.600  15.261 0.6000000238
26773  -39.510  -39.623  14.907 0.6000000238
26783  -34.903  -40.060  14.094 0.6000000238
26801  -44.565  -39.377  11.867 0.4000000060
27527  -37.592  -38.565  15.314 0.6000000238
27535  -35.403  -38.900  14.754 0.6000000238
27540  -40.914  -38.747  13.847 0.6000000238
27556  -35.016  -38.420  13.175 0.6000000238
27558  -43.576  -38.776  12.217 0.4000000060
27563  -33.655  -38.773  11.291 0.8000000119
27566  -45.167  -38.582  11.014 0.4000000060
27583  -47.126  -38.333  9.000 0.3000000119
28437  -35.394  -37.802  13.896 0.6000000238
28438  -41.303  -37.298  13.517 0.5000000000
28471  -45.888  -37.674  10.253 0.4000000060
28496  -30.066  -38.119  7.801 0.4000000060
29239  -35.868  -37.355  14.465 0.6000000238
29241  -37.101  -36.542  14.741 0.6000000238
29260  -36.024  -36.961  12.156 0.6000000238
29271  -43.809  -36.496  11.822 0.4000000060
29284  -44.898  -36.416  11.023 0.4000000060
29290  -31.145  -36.617  9.285 0.6999999881
30011  -36.415  -35.550  13.593 0.6000000238
30044  -46.107  -36.131  9.916 0.4000000060
30051  -37.595  -37.205  9.879 0.6999999881
30053  -38.937  -37.070  9.124 0.6999999881
30056  -47.086  -35.862  8.593 0.3000000119
30070  -47.383  -35.517  8.017 0.3000000119
30877  -37.739  -34.975  14.272 0.6000000238
30887  -36.727  -34.428  13.281 0.6000000238
30888  -37.229  -34.519  13.885 0.5000000000
30900  -41.552  -34.380  13.105 0.4000000060
30905  -37.659  -36.306  11.014 0.6000000238
30906  -43.573  -34.307  11.891 0.4000000060
30914  -34.878  -34.786  10.464 0.6999999881
30932  -39.402  -36.808  9.009 0.6999999881
30934  -45.864  -34.031  9.675 0.4000000060
30953  -40.071  -36.028  7.476 0.6999999881
30966  -42.092  -34.706  3.471 0.6999999881
30967  -42.221  -34.852  4.178 0.6999999881
31760  -33.795  -33.326  9.549 0.8000000119
31762  -35.279  -33.344  9.663 0.8000000119
31788  -41.423  -35.022  7.041 0.6000000238
31805  -42.597  -34.172  3.390 0.6999999881
31808  -42.220  -34.393  2.965 0.6999999881
31809  -42.474  -34.232  3.030 0.6999999881
32513  -37.574  -32.822  13.226 0.5000000000
32525  -43.305  -32.994  11.810 0.4000000060
32538  -37.396  -32.129  10.824 0.6000000238
32553  -45.246  -32.378  9.867 0.4000000060
32566  -34.698  -32.452  8.489 0.6999999881
32597  -34.699  -33.196  4.553 0.6999999881
32600  -37.514  -32.433  5.778 0.6999999881
32606  -33.572  -33.108  3.822 0.6000000238
32612  -42.749  -33.522  3.729 0.6999999881
32613  -33.177  -32.695  3.862 0.6000000238
32614  -34.357  -33.227  3.653 0.6000000238
32615  -34.638  -33.158  3.651 0.6000000238
32617  -39.171  -33.566  3.080 0.6000000238
33332  -40.722  -31.336  12.718 0.3000000119
33349  -43.790  -31.424  10.890 0.4000000060
33361  -44.916  -31.093  9.799 0.4000000060
33422  -42.368  -32.482  5.059 0.6000000238
33433  -40.810  -32.638  2.351 0.6999999881
33434  -41.769  -32.963  2.566 0.6999999881
34082  -46.015  -30.977  8.879 0.3000000119
34108  -34.268  -30.617  6.596 0.6000000238
34148  -31.795  -31.361  4.140 0.6000000238
34153  -42.809  -31.323  3.862 0.6000000238
34157  -42.475  -32.104  3.253 0.6000000238
34765  -39.699  -28.904  12.529 0.4000000060
34774  -37.797  -29.248  11.908 0.5000000000
34777  -43.176  -29.323  11.024 0.4000000060
34810  -34.767  -29.248  7.885 0.5000000000
34811  -38.298  -29.749  9.139 0.5000000000
34813  -46.121  -29.552  8.628 0.3000000119
34827  -39.424  -29.628  7.838 0.5000000000
34842  -40.768  -29.460  6.502 0.5000000000
34858  -42.716  -29.170  4.479 0.5000000000
35554  -38.135  -28.626  12.054 0.5000000000
35572  -42.636  -28.734  11.385 0.4000000060
35590  -44.971  -28.941  9.549 0.4000000060
35600  -34.526  -28.577  8.366 0.5000000000
36450  -38.667  -27.165  11.890 0.5000000000
36452  -39.964  -27.420  12.475 0.4000000060
36475  -44.264  -27.517  10.072 0.4000000060
36483  -34.754  -26.948  9.173 0.5000000000
36484  -44.799  -27.512  9.631 0.3000000119
37416  -41.281  -26.343  12.140 0.4000000060
37418  -42.697  -26.635  11.297 0.3000000119
37436  -44.612  -26.823  9.764 0.3000000119
37445  -38.455  -26.755  8.919 0.4000000060
37446  -45.516  -26.141  8.930 0.3000000119
37461  -36.641  -27.025  6.102 0.6000000238
37480  -36.743  -26.348  2.450 0.6000000238
38419  -42.878  -25.285  11.053 0.3000000119
38423  -38.549  -25.307  10.633 0.4000000060
38430  -34.790  -25.670  9.523 0.3000000119
38432  -38.449  -25.236  9.805 0.4000000060
39413  -39.371  -24.609  11.352 0.4000000060
39415  -40.861  -24.291  11.632 0.3000000119
39450  -38.817  -24.321  8.712 0.4000000060
39459  -39.392  -24.142  7.198 0.5000000000
39476  -43.108  -25.225  3.989 0.4000000060
40319  -35.419  -22.793  9.847 0.3000000119
40320  -39.017  -23.785  10.331 0.4000000060
40321  -39.587  -23.313  10.704 0.4000000060
40389  -36.838  -23.264  1.958 0.5000000000
41177  -40.630  -22.231  10.791 0.3000000119
41196  -39.419  -22.516  9.705 0.3000000119
41226  -39.537  -22.550  7.447 0.4000000060
41250  -44.485  -23.252  3.134 0.4000000060
41257  -44.263  -23.207  3.101 0.4000000060
42064  -42.578  -21.416  10.458 0.3000000119
42075  -35.339  -21.293  10.050 0.3000000119
42077  -39.789  -21.672  9.776 0.4000000060
42107  -39.712  -21.433  7.887 0.4000000060
42126  -41.491  -21.898  5.159 0.4000000060
42131  -44.293  -22.517  3.495 0.4000000060
42136  -45.017  -22.824  3.046 0.4000000060
43002  -40.455  -20.370  9.675 0.3000000119
43015  -39.970  -20.507  9.020 0.4000000060
43016  -40.318  -19.889  9.165 0.4000000060
43046  -40.353  -20.062  6.873 0.5000000000
43052  -40.754  -20.329  6.061 0.5000000000
43062  -45.605  -21.687  2.717 0.4000000060
43070  -47.448  -20.682  1.568 0.4000000060
43072  -47.607  -20.606  1.351 0.4000000060
43074  -48.461  -20.341  0.861 0.3000000119
43910  -40.300  -19.199  8.117 0.5000000000
43940  -45.332  -20.682  3.209 0.4000000060
43953  -46.944  -20.819  1.530 0.3000000119
43956  -49.095  -19.497  0.654 0.3000000119
43959  -48.707  -20.063  0.553 0.3000000119
44840  -40.945  -18.196  6.410 0.5000000000
44853  -41.746  -18.130  4.956 0.5000000000
44854  -43.199  -18.129  4.094 0.5000000000
44870  -44.491  -19.374  2.270 0.4000000060
44879  -49.437  -18.728  0.812 0.3000000119
44881  -47.280  -19.502  0.434 0.3000000119
44882  -47.940  -19.211  -0.134 0.3000000119
44883  -49.049  -19.492  0.242 0.3000000119
44886  -49.100  -18.843  -0.032 0.3000000119
45742  -40.969  -17.497  7.564 0.4000000060
45777  -39.290  -17.963  2.552 0.3000000119
45782  -43.201  -18.024  2.515 0.3000000119
45783  -46.217  -18.110  2.820 0.4000000060
46727  -41.917  -17.216  2.439 0.3000000119
46728  -46.332  -16.110  2.691 0.4000000060
46737  -43.639  -16.092  1.805 0.3000000119
46746  -50.477  -16.732  -0.034 0.3000000119
46749  -50.414  -16.918  -0.042 0.3000000119
47571  -43.688  -15.707  3.656 0.3000000119
47581  -40.011  -15.166  2.124 0.3000000119
47583  -46.692  -15.517  2.467 0.3000000119
47607  -50.389  -15.613  0.122 0.3000000119
48557  -37.177  -14.333  5.358 0.3000000119
49608  -45.167  -12.903  0.214 0.3000000119
52244  -42.561  -10.648  0.191 0.3000000119
55020  -43.148  -7.871  -1.681 0.3000000119
106087  -36.183  -42.596  10.159 0.6000000238
106404  -39.271  -40.817  15.371 0.6000000238
106897  -41.316  -28.162  12.198 0.4000000060
107070  -36.429  -24.893  7.990 0.3000000119
107191  -43.829  -33.130  11.390 0.4000000060
107265  -45.339  -35.081  10.466 0.4000000060
107684  -44.950  -49.782  15.878 0.4000000060
107774  -38.749  -33.838  9.733 0.6000000238
108610  -32.934  -37.173  9.618 0.8000000119
109192  -33.356  -40.003  11.175 0.6999999881
109215  -44.813  -33.713  10.643 0.4000000060
109336  -40.421  -39.053  14.205 0.6000000238
109458  -40.958  -34.948  13.457 0.4000000060
110519  -43.561  -22.667  2.875 0.5000000000
110520  -38.611  -44.661  14.527 0.6999999881
110896  -39.343  -42.363  7.644 0.6000000238
111290  -42.489  -14.822  4.207 0.3000000119
111858  -48.361  -40.148  8.923 0.3000000119
111920  -42.455  -48.544  12.896 0.4000000060
112008  -41.360  -30.817  12.411 0.4000000060
112097  -39.548  -35.501  9.407 0.6000000238
113237  -45.439  -49.736  9.078 0.3000000119
113445  -38.872  -44.856  8.724 0.4000000060
113643  -40.641  -21.150  5.990 0.4000000060
114345  -48.566  -18.427  1.683 0.4000000060
114365  -40.372  -24.810  5.937 0.5000000000
115950  -47.291  -17.157  2.398 0.3000000119
116050  -47.726  -34.290  7.216 0.3000000119
116083  -47.376  -11.937  -1.378 0.3000000119
116162  -41.702  -35.290  5.657 0.8000000119
116645  -41.774  -19.011  4.907 0.5000000000
117049  -45.589  -50.888  18.069 0.4000000060
117320  -43.742  -29.125  10.544 0.4000000060
117417  -43.175  -26.028  3.990 0.5000000000
118051  -38.855  -30.401  12.760 0.4000000060
118343  -40.302  -30.038  7.057 0.6000000238
118376  -39.838  -30.196  7.543 0.5000000000
119277  -42.945  -35.247  12.445 0.4000000060
120760  -41.669  -49.321  11.075 0.3000000119
121028  -34.600  -38.625  12.417 0.6000000238
121277  -46.202  -47.707  18.078 0.3000000119
121775  -43.989  -49.001  12.435 0.4000000060
121887  -30.366  -44.796  10.814 0.5000000000
122018  -35.507  -24.076  9.574 0.3000000119
122168  -36.317  -36.984  10.747 0.6999999881
122505  -44.984  -46.527  10.070 0.4000000060
122570  -35.612  -42.507  13.795 0.6999999881
122609  -37.456  -48.547  13.729 0.3000000119
123137  -40.046  -20.360  7.923 0.5000000000
123199  -36.658  -19.998  5.151 0.3000000119
123405  -41.096  -25.383  5.465 0.4000000060
123470  -42.671  -35.727  12.631 0.4000000060
123508  -41.402  -42.690  15.478 0.6999999881
123719  -39.899  -23.059  10.862 0.3000000119
123883  -37.730  -37.123  10.455 0.6000000238
124537  -36.503  -37.093  14.731 0.6000000238
124680  -46.991  -46.024  17.934 0.3000000119
125331  -48.690  -49.786  18.345 0.3000000119
125806  -43.130  -30.477  3.886 0.5000000000
125987  -41.670  -16.880  8.396 0.3000000119
126038  -36.909  -43.511  12.321 0.8000000119
126145  -48.571  -19.266  1.524 0.4000000060
126151  -39.620  -21.955  7.641 0.3000000119
126165  -45.226  -18.233  1.660 0.4000000060
126288  -40.223  -42.100  5.853 0.5000000000
126321  -37.829  -43.398  10.935 0.6000000238
