#!ascii label  , from subject sub-v1s18x0051217_ses-1 vox2ras=TkReg
833
78275  44.818  18.904  41.168 0.0000000000
103900  48.205  18.400  29.901 0.0000000000
118338  45.687  22.256  27.155 0.0000000000
72518  44.868  11.075  21.871 0.0000000000
75606  41.887  15.335  35.188 0.0000000000
82704  45.856  26.151  28.952 0.0000000000
76419  47.608  16.302  22.936 0.0000000000
79642  41.718  21.546  28.040 0.0000000000
79592  47.166  21.902  33.394 0.0000000000
77690  47.769  18.616  36.233 0.0000000000
74882  45.097  14.404  30.821 0.0000000000
81533  42.346  23.700  21.601 0.0000000000
120032  43.890  19.499  24.836 0.0000000000
78972  51.187  21.011  28.752 0.0000000000
77789  48.044  18.881  21.304 0.0000000000
80877  40.203  23.130  26.339 0.0000000000
78915  44.861  20.226  37.635 0.0000000000
77675  47.041  17.887  39.223 0.0000000000
74854  43.375  14.599  32.970 0.0000000000
82138  45.348  25.167  25.645 0.0000000000
82158  45.014  25.203  21.468 0.0000000000
81515  44.122  23.705  25.319 0.0000000000
79661  42.506  21.539  24.969 0.0000000000
79659  45.028  21.225  25.310 0.0000000000
78327  50.293  20.303  32.899 0.0000000000
79611  49.699  22.104  31.649 0.0000000000
78347  51.726  19.931  29.548 0.0000000000
74945  46.604  14.737  18.794 0.0000000000
77139  50.230  18.775  20.830 0.0000000000
112764  45.621  16.121  19.679 0.0000000000
76423  45.380  16.655  22.897 0.0000000000
74147  45.145  13.209  23.081 0.0000000000
72477  42.443  11.211  26.185 0.0000000000
78287  41.646  18.872  39.968 0.0000000000
121325  43.234  17.500  37.745 0.0000000000
81504  45.500  24.288  27.761 0.0000000000
76397  46.654  15.608  27.974 0.0000000000
114011  48.686  17.553  27.012 0.0000000000
74914  47.232  14.962  24.875 0.0000000000
74153  47.451  12.909  22.174 0.0000000000
82092  42.961  25.824  33.293 0.0000000000
80817  42.865  22.779  35.388 0.0000000000
78922  48.262  19.935  35.789 0.0000000000
77714  47.038  18.608  32.937 0.0000000000
113205  44.161  17.613  35.870 0.0000000000
77070  44.718  17.236  32.597 0.0000000000
76376  45.714  16.384  30.195 0.0000000000
74100  45.994  13.674  29.270 0.0000000000
78903  39.828  20.097  40.985 0.0000000000
82786  43.836  24.798  19.411 0.0000000000
82153  41.623  24.553  22.458 0.0000000000
80258  40.802  22.173  24.032 0.0000000000
78982  42.863  20.071  26.600 0.0000000000
77745  44.158  18.009  27.931 0.0000000000
80845  45.699  24.181  31.615 0.0000000000
80227  47.366  22.039  29.966 0.0000000000
79644  47.192  21.212  27.741 0.0000000000
77764  52.444  19.050  24.817 0.0000000000
118162  50.848  20.164  24.251 0.0000000000
79013  47.352  20.190  24.696 0.0000000000
77784  45.170  19.052  23.865 0.0000000000
77118  45.203  17.220  24.856 0.0000000000
107728  40.069  24.088  26.656 0.0000000000
82140  40.812  25.174  25.499 0.0000000000
78286  46.355  18.508  40.252 0.0000000000
77664  46.068  17.816  40.156 0.0000000000
81509  45.157  24.087  26.782 0.0000000000
82146  44.716  24.955  24.775 0.0000000000
80876  44.594  23.031  26.119 0.0000000000
80245  44.255  22.518  25.696 0.0000000000
79651  45.643  21.797  26.257 0.0000000000
78337  48.916  19.089  31.464 0.0000000000
116960  50.648  19.759  30.847 0.0000000000
114851  49.153  18.718  29.844 0.0000000000
73343  45.873  12.681  18.836 0.0000000000
75710  46.399  15.491  18.601 0.0000000000
74166  45.633  13.532  19.208 0.0000000000
74932  45.442  14.385  21.571 0.0000000000
73327  45.027  12.492  22.270 0.0000000000
72502  43.431  10.736  23.949 0.0000000000
72512  43.859  10.543  23.338 0.0000000000
77024  41.535  17.459  38.165 0.0000000000
82126  46.181  25.469  27.359 0.0000000000
81499  45.602  24.597  28.590 0.0000000000
117251  46.575  14.175  27.013 0.0000000000
75674  46.900  15.091  26.664 0.0000000000
74136  46.725  13.243  25.700 0.0000000000
73331  47.656  12.461  22.720 0.0000000000
108107  48.372  11.238  20.856 0.0000000000
73341  47.270  11.804  20.121 0.0000000000
78301  47.273  19.106  37.355 0.0000000000
78924  45.779  20.309  36.112 0.0000000000
78305  48.091  19.323  36.335 0.0000000000
116482  48.959  19.610  34.952 0.0000000000
77694  47.436  18.585  35.118 0.0000000000
77041  42.679  17.151  36.387 0.0000000000
124158  44.131  17.560  36.559 0.0000000000
76337  43.000  16.812  34.808 0.0000000000
74864  44.385  14.903  31.767 0.0000000000
76362  43.876  16.171  32.697 0.0000000000
75641  44.473  15.653  31.679 0.0000000000
77079  45.032  16.952  31.722 0.0000000000
76377  45.251  15.842  30.634 0.0000000000
75654  46.028  15.128  29.242 0.0000000000
74101  45.621  13.815  29.880 0.0000000000
111583  47.267  11.841  29.000 0.0000000000
81526  43.390  24.210  22.344 0.0000000000
82180  44.402  24.735  18.934 0.0000000000
81540  42.768  24.460  20.243 0.0000000000
82778  42.683  25.068  20.495 0.0000000000
81535  41.729  23.547  22.029 0.0000000000
80888  40.902  22.762  23.386 0.0000000000
80262  41.082  22.488  23.413 0.0000000000
79005  43.160  20.927  25.204 0.0000000000
79006  42.345  21.084  25.504 0.0000000000
78363  43.304  19.605  25.877 0.0000000000
78360  43.422  19.468  27.139 0.0000000000
77758  44.361  18.423  26.065 0.0000000000
81482  43.696  24.041  33.133 0.0000000000
81488  44.374  25.240  31.759 0.0000000000
80837  45.517  23.746  32.337 0.0000000000
79629  50.765  21.635  30.438 0.0000000000
80219  48.609  22.301  31.036 0.0000000000
79630  49.422  21.534  29.867 0.0000000000
79631  47.091  21.659  29.256 0.0000000000
113537  49.707  20.634  27.919 0.0000000000
76408  48.212  17.036  24.949 0.0000000000
120707  49.922  18.028  26.258 0.0000000000
77122  50.018  18.088  24.328 0.0000000000
78401  49.102  18.913  20.690 0.0000000000
78394  51.790  19.154  21.556 0.0000000000
113239  49.994  19.536  22.179 0.0000000000
79011  49.784  20.088  24.353 0.0000000000
78390  47.573  19.393  23.199 0.0000000000
78380  46.951  19.688  24.035 0.0000000000
77790  47.042  18.914  22.522 0.0000000000
74921  45.504  14.853  23.735 0.0000000000
76420  45.351  16.944  23.871 0.0000000000
75682  45.430  15.679  25.081 0.0000000000
76404  44.783  15.889  26.903 0.0000000000
83291  45.831  27.374  29.894 0.0000000000
80242  40.333  22.685  27.162 0.0000000000
80246  40.479  22.432  26.282 0.0000000000
79568  43.525  21.824  37.851 0.0000000000
78912  44.866  20.317  38.522 0.0000000000
117590  46.689  18.726  38.471 0.0000000000
77030  47.052  17.950  37.313 0.0000000000
75624  42.696  15.345  33.950 0.0000000000
82144  45.904  25.821  23.752 0.0000000000
82151  44.395  24.939  23.399 0.0000000000
81527  42.847  23.587  22.974 0.0000000000
80887  41.850  22.371  23.819 0.0000000000
80882  43.162  23.003  24.790 0.0000000000
79660  43.621  21.824  25.306 0.0000000000
78383  43.753  20.109  24.881 0.0000000000
79591  49.362  21.265  33.943 0.0000000000
80205  48.508  22.294  32.563 0.0000000000
79600  50.997  21.388  32.574 0.0000000000
78953  51.977  21.277  31.104 0.0000000000
78964  52.353  20.852  29.322 0.0000000000
75695  47.542  16.109  20.958 0.0000000000
77134  49.270  17.900  21.482 0.0000000000
76425  47.833  17.087  19.746 0.0000000000
77146  47.774  17.524  19.627 0.0000000000
77142  46.422  17.435  20.258 0.0000000000
77791  46.066  17.895  21.509 0.0000000000
111888  45.407  16.309  20.906 0.0000000000
110538  45.512  15.118  22.472 0.0000000000
121997  44.346  13.011  24.698 0.0000000000
71713  42.343  10.234  25.724 0.0000000000
77655  43.844  18.537  40.413 0.0000000000
77665  44.719  17.863  39.886 0.0000000000
121436  42.566  18.157  39.243 0.0000000000
77035  41.788  17.109  37.482 0.0000000000
76332  41.567  16.078  36.351 0.0000000000
82734  46.902  25.997  25.948 0.0000000000
82133  45.629  24.833  27.109 0.0000000000
80870  45.338  23.541  27.564 0.0000000000
77099  46.969  17.086  28.643 0.0000000000
77744  48.496  17.906  28.324 0.0000000000
76396  47.568  16.684  27.157 0.0000000000
76409  47.742  16.409  25.541 0.0000000000
117421  47.474  15.653  24.359 0.0000000000
122215  47.075  12.859  24.225 0.0000000000
115079  47.338  13.673  23.111 0.0000000000
74925  47.336  14.737  22.986 0.0000000000
119601  47.352  13.656  19.980 0.0000000000
73342  46.271  12.167  19.094 0.0000000000
71743  45.698  10.909  20.545 0.0000000000
70951  44.614  9.767  22.959 0.0000000000
81469  42.739  23.889  34.291 0.0000000000
80198  44.022  22.621  34.048 0.0000000000
79576  43.696  21.442  36.218 0.0000000000
79574  44.935  21.363  34.816 0.0000000000
79581  47.057  21.247  34.250 0.0000000000
78928  49.245  20.495  34.622 0.0000000000
78329  48.718  19.383  33.363 0.0000000000
105046  47.392  18.462  31.289 0.0000000000
117769  45.603  17.437  38.928 0.0000000000
77031  46.200  17.578  37.570 0.0000000000
77044  45.586  18.017  35.625 0.0000000000
76345  43.228  16.635  34.078 0.0000000000
77050  44.368  17.548  34.181 0.0000000000
77706  45.918  18.271  34.087 0.0000000000
77715  46.137  18.196  32.961 0.0000000000
77077  46.389  17.747  30.994 0.0000000000
77086  46.602  17.564  30.191 0.0000000000
76384  46.488  16.619  29.029 0.0000000000
75661  46.343  14.894  28.436 0.0000000000
74112  46.390  13.428  28.169 0.0000000000
119348  46.409  12.578  29.374 0.0000000000
72454  46.709  12.341  28.795 0.0000000000
78264  42.757  19.672  41.396 0.0000000000
78288  40.608  19.199  40.032 0.0000000000
78289  38.839  19.276  39.873 0.0000000000
82186  45.904  24.804  17.805 0.0000000000
83380  43.628  26.525  20.753 0.0000000000
81516  40.754  24.296  24.780 0.0000000000
80259  40.533  22.559  24.844 0.0000000000
79654  41.078  21.603  26.012 0.0000000000
80252  41.557  21.643  24.724 0.0000000000
79653  41.770  21.210  26.202 0.0000000000
79645  42.035  21.103  27.189 0.0000000000
82113  45.196  25.513  30.399 0.0000000000
105239  47.720  22.793  32.038 0.0000000000
80852  46.504  23.493  30.685 0.0000000000
80859  45.928  23.978  30.007 0.0000000000
110927  45.790  23.645  29.233 0.0000000000
80234  45.895  22.315  28.045 0.0000000000
118543  46.301  21.688  27.343 0.0000000000
77750  49.981  18.311  27.500 0.0000000000
106241  51.971  19.183  27.265 0.0000000000
105877  53.588  20.070  26.319 0.0000000000
77781  51.663  18.774  21.845 0.0000000000
78375  53.348  20.086  24.327 0.0000000000
78988  51.241  20.519  26.385 0.0000000000
78989  49.503  20.472  26.206 0.0000000000
78990  47.691  20.759  26.487 0.0000000000
79650  46.362  21.390  26.487 0.0000000000
79003  45.484  20.550  24.907 0.0000000000
118121  45.421  19.961  24.420 0.0000000000
78382  44.469  19.400  24.472 0.0000000000
106043  45.434  17.954  22.655 0.0000000000
77124  45.136  17.589  24.030 0.0000000000
77766  44.345  18.540  25.158 0.0000000000
105830  44.710  17.677  26.502 0.0000000000
72467  41.756  11.392  27.632 0.0000000000
117136  41.260  25.943  25.132 0.0000000000
78274  45.918  18.824  41.093 0.0000000000
77653  46.213  18.343  40.473 0.0000000000
77654  45.421  18.322  40.596 0.0000000000
80875  45.032  23.283  26.744 0.0000000000
81510  44.634  23.596  26.059 0.0000000000
120510  45.100  22.565  26.385 0.0000000000
77728  48.918  18.821  30.548 0.0000000000
73338  45.483  11.876  20.460 0.0000000000
109954  45.570  12.615  19.784 0.0000000000
73332  45.344  12.589  21.095 0.0000000000
73333  45.089  11.779  21.532 0.0000000000
111525  44.632  11.647  22.526 0.0000000000
72511  44.369  10.805  22.730 0.0000000000
82696  46.144  26.947  29.172 0.0000000000
82712  46.103  25.765  28.198 0.0000000000
82123  45.702  25.354  28.778 0.0000000000
74129  46.601  13.496  26.534 0.0000000000
73310  46.886  12.520  25.764 0.0000000000
72516  49.364  11.110  21.356 0.0000000000
71740  48.909  10.949  21.028 0.0000000000
79633  42.192  21.145  28.756 0.0000000000
77686  47.579  18.575  36.985 0.0000000000
77685  48.143  18.988  36.464 0.0000000000
77689  48.338  19.004  35.870 0.0000000000
76331  42.214  16.550  35.968 0.0000000000
77047  42.802  16.983  35.578 0.0000000000
76338  42.376  16.204  35.161 0.0000000000
74873  44.704  14.304  31.348 0.0000000000
117073  44.846  15.191  31.120 0.0000000000
76369  44.826  16.150  31.316 0.0000000000
75647  45.317  15.009  30.461 0.0000000000
74881  45.370  14.329  30.319 0.0000000000
81532  43.057  24.160  20.703 0.0000000000
81541  42.440  24.191  20.716 0.0000000000
125863  42.398  24.172  20.749 0.0000000000
80897  41.851  23.328  22.138 0.0000000000
80894  41.432  22.962  22.781 0.0000000000
80893  41.581  22.807  22.902 0.0000000000
78370  43.495  19.751  25.182 0.0000000000
78992  42.968  20.319  25.478 0.0000000000
77767  43.815  19.124  25.343 0.0000000000
80197  45.099  22.659  33.409 0.0000000000
80827  45.168  23.317  32.869 0.0000000000
80207  46.196  22.900  32.788 0.0000000000
78966  50.784  21.372  29.579 0.0000000000
79638  49.237  20.985  28.910 0.0000000000
76412  48.114  17.110  23.922 0.0000000000
77123  48.945  17.589  24.165 0.0000000000
125880  48.698  19.118  21.233 0.0000000000
78396  49.470  19.306  21.370 0.0000000000
78397  48.203  19.253  22.038 0.0000000000
78389  48.768  19.484  22.758 0.0000000000
74922  45.239  14.350  24.736 0.0000000000
74915  45.434  15.080  24.682 0.0000000000
74916  45.166  14.891  25.587 0.0000000000
74909  44.563  14.474  26.349 0.0000000000
117062  40.294  23.839  26.016 0.0000000000
80871  39.891  23.490  27.194 0.0000000000
79560  44.684  21.446  39.701 0.0000000000
78909  45.256  20.365  39.597 0.0000000000
78294  46.737  18.407  39.355 0.0000000000
78293  47.139  18.106  38.756 0.0000000000
78298  47.100  18.447  37.924 0.0000000000
77019  47.056  17.853  38.050 0.0000000000
82746  46.610  26.103  24.362 0.0000000000
82756  46.658  26.103  23.482 0.0000000000
118030  45.865  25.757  24.536 0.0000000000
121782  44.251  24.256  24.909 0.0000000000
81521  43.878  24.345  23.917 0.0000000000
81522  43.495  23.701  24.380 0.0000000000
79652  44.618  21.879  25.599 0.0000000000
122707  44.033  21.154  25.166 0.0000000000
123762  43.736  20.626  25.027 0.0000000000
79004  44.371  20.583  24.893 0.0000000000
78940  50.320  20.884  33.766 0.0000000000
79590  50.191  21.220  33.637 0.0000000000
78948  50.766  20.944  33.276 0.0000000000
78348  50.850  19.584  30.127 0.0000000000
78335  51.420  20.619  31.398 0.0000000000
78342  51.784  20.454  30.392 0.0000000000
78958  52.396  21.108  30.206 0.0000000000
78341  52.385  20.755  29.627 0.0000000000
113951  47.310  15.266  20.396 0.0000000000
76422  47.990  17.035  20.701 0.0000000000
115987  47.149  15.476  19.127 0.0000000000
76436  45.966  15.859  18.823 0.0000000000
76435  46.729  16.227  18.593 0.0000000000
76429  46.331  16.564  19.100 0.0000000000
77147  47.251  17.503  19.566 0.0000000000
121648  46.620  17.145  19.362 0.0000000000
77148  45.923  16.812  20.052 0.0000000000
122014  45.430  15.604  20.237 0.0000000000
74926  45.426  14.134  22.827 0.0000000000
74142  45.268  13.840  23.898 0.0000000000
74148  44.740  13.083  24.012 0.0000000000
73321  44.176  12.397  24.182 0.0000000000
71719  43.049  10.120  24.289 0.0000000000
71712  42.699  10.122  24.932 0.0000000000
77666  42.587  18.527  39.834 0.0000000000
109012  43.426  18.140  39.590 0.0000000000
76324  41.363  16.493  37.134 0.0000000000
77042  41.994  16.814  36.724 0.0000000000
76333  41.077  15.900  36.904 0.0000000000
82127  45.786  25.025  27.970 0.0000000000
76390  46.795  16.372  28.292 0.0000000000
76389  47.317  16.874  27.922 0.0000000000
122612  47.088  16.158  27.569 0.0000000000
75681  47.123  14.996  25.734 0.0000000000
75673  47.407  15.745  26.094 0.0000000000
75680  47.467  15.687  25.233 0.0000000000
73320  47.029  12.566  24.905 0.0000000000
73326  47.401  12.485  23.931 0.0000000000
74146  47.282  12.866  23.435 0.0000000000
74931  47.386  13.934  22.083 0.0000000000
74936  47.371  14.264  20.882 0.0000000000
74159  47.481  13.275  20.996 0.0000000000
71747  46.903  10.848  20.441 0.0000000000
72527  46.595  11.435  19.861 0.0000000000
71748  46.100  11.038  19.963 0.0000000000
72528  46.026  11.665  19.375 0.0000000000
71742  46.117  10.506  20.728 0.0000000000
71735  45.526  10.415  21.410 0.0000000000
80821  42.575  23.608  35.034 0.0000000000
81470  42.532  24.424  34.704 0.0000000000
80820  43.072  23.078  34.566 0.0000000000
80829  43.419  23.486  33.803 0.0000000000
80187  43.460  22.268  34.918 0.0000000000
79567  44.065  20.995  37.727 0.0000000000
79571  43.491  21.513  36.990 0.0000000000
79570  44.195  20.880  36.874 0.0000000000
78923  47.248  20.092  36.006 0.0000000000
123074  44.954  20.936  35.451 0.0000000000
78931  45.878  20.742  35.242 0.0000000000
79582  45.917  21.305  34.471 0.0000000000
78930  47.056  20.642  35.094 0.0000000000
78929  48.283  20.549  35.000 0.0000000000
77704  47.715  18.883  33.741 0.0000000000
78320  48.513  19.284  34.077 0.0000000000
77713  47.916  18.945  33.038 0.0000000000
77720  48.483  19.107  32.395 0.0000000000
108662  47.396  18.598  32.091 0.0000000000
77010  44.413  17.583  39.041 0.0000000000
77021  44.401  17.480  38.118 0.0000000000
77032  44.837  17.511  37.359 0.0000000000
77039  45.064  17.637  36.635 0.0000000000
77038  46.058  17.794  36.608 0.0000000000
107043  44.968  17.801  35.917 0.0000000000
75623  43.107  15.397  33.371 0.0000000000
76355  42.961  16.003  33.782 0.0000000000
76353  44.100  16.795  32.997 0.0000000000
77061  44.486  17.400  33.416 0.0000000000
123973  44.985  17.799  33.884 0.0000000000
77060  45.241  17.784  33.193 0.0000000000
76368  45.383  16.669  30.932 0.0000000000
77078  45.722  17.384  31.350 0.0000000000
77087  45.956  17.180  30.547 0.0000000000
76375  46.192  16.905  29.765 0.0000000000
77093  46.755  17.323  29.391 0.0000000000
120388  45.913  14.323  29.294 0.0000000000
123387  46.148  14.607  28.925 0.0000000000
74896  46.195  14.026  28.688 0.0000000000
74902  46.417  14.119  27.872 0.0000000000
73257  46.302  12.423  30.025 0.0000000000
72453  47.180  12.032  28.037 0.0000000000
78902  40.576  19.819  40.911 0.0000000000
78278  39.770  19.599  40.326 0.0000000000
82179  45.345  24.600  18.316 0.0000000000
82785  44.502  24.906  18.665 0.0000000000
82784  45.052  25.053  17.918 0.0000000000
83388  44.593  25.825  19.091 0.0000000000
83379  44.342  26.661  20.463 0.0000000000
82776  43.906  25.584  19.506 0.0000000000
82152  41.951  25.274  21.998 0.0000000000
82147  41.428  24.919  23.605 0.0000000000
82139  41.183  25.112  24.613 0.0000000000
81523  40.898  23.904  23.886 0.0000000000
80253  40.670  21.995  24.929 0.0000000000
79655  40.651  21.972  25.753 0.0000000000
79663  40.897  21.701  25.272 0.0000000000
80251  42.301  22.057  24.542 0.0000000000
78993  42.350  20.672  26.302 0.0000000000
79662  41.517  21.465  25.336 0.0000000000
78983  42.530  20.574  27.412 0.0000000000
78974  42.980  19.990  27.789 0.0000000000
77752  43.873  18.799  27.608 0.0000000000
82679  43.408  26.426  32.803 0.0000000000
81487  45.036  24.772  31.442 0.0000000000
82108  44.405  25.953  31.408 0.0000000000
82107  44.864  25.424  31.084 0.0000000000
81492  45.369  24.794  30.882 0.0000000000
80204  49.572  22.078  32.402 0.0000000000
80212  48.625  22.458  31.841 0.0000000000
80220  47.802  22.335  30.563 0.0000000000
80213  47.788  22.666  31.227 0.0000000000
80221  47.075  22.730  30.436 0.0000000000
80858  46.328  23.214  29.784 0.0000000000
80228  46.631  22.352  29.525 0.0000000000
79639  47.686  21.201  28.633 0.0000000000
79632  46.354  22.104  28.832 0.0000000000
79640  46.659  21.648  28.345 0.0000000000
77105  48.985  17.918  27.577 0.0000000000
77743  49.512  18.338  28.200 0.0000000000
77111  49.493  17.922  26.916 0.0000000000
77757  51.011  18.412  25.690 0.0000000000
104612  50.693  18.421  26.776 0.0000000000
77756  52.230  19.001  26.089 0.0000000000
78359  53.073  20.156  27.490 0.0000000000
77763  53.324  19.611  25.332 0.0000000000
77133  50.284  18.419  21.787 0.0000000000
78377  51.409  19.860  23.357 0.0000000000
77779  52.354  19.551  23.178 0.0000000000
79009  53.266  20.197  24.407 0.0000000000
78997  53.455  20.261  25.300 0.0000000000
78998  52.156  20.405  25.229 0.0000000000
78999  50.501  20.347  25.161 0.0000000000
79012  48.448  20.205  24.690 0.0000000000
79000  48.974  20.392  25.346 0.0000000000
79001  47.740  20.544  25.523 0.0000000000
78991  46.901  20.966  26.067 0.0000000000
79658  46.024  21.142  25.710 0.0000000000
79002  46.624  20.622  25.263 0.0000000000
78381  45.873  19.522  23.962 0.0000000000
113982  45.045  19.575  24.255 0.0000000000
120661  45.392  16.693  21.880 0.0000000000
77136  45.411  17.309  22.233 0.0000000000
76414  45.428  16.379  24.529 0.0000000000
77125  44.751  18.147  24.544 0.0000000000
77119  44.788  17.862  25.537 0.0000000000
76403  45.128  17.101  25.952 0.0000000000
74903  44.356  14.991  27.174 0.0000000000
73313  42.861  11.924  25.899 0.0000000000
72466  42.117  11.325  26.916 0.0000000000
81505  40.151  25.060  26.873 0.0000000000
81511  40.406  24.672  26.162 0.0000000000
81517  40.497  24.072  25.393 0.0000000000
78908  46.180  19.363  40.566 0.0000000000
77009  46.425  17.692  39.533 0.0000000000
115703  45.413  25.460  24.952 0.0000000000
81514  44.796  24.369  25.732 0.0000000000
80881  44.038  23.120  25.606 0.0000000000
108198  49.440  19.569  32.337 0.0000000000
78336  50.271  19.891  31.804 0.0000000000
77727  49.817  19.201  30.279 0.0000000000
77734  50.239  19.080  29.486 0.0000000000
74170  46.140  13.847  18.493 0.0000000000
74946  46.312  14.900  18.576 0.0000000000
74171  45.958  13.595  18.551 0.0000000000
74941  45.728  14.448  18.827 0.0000000000
75705  45.572  15.328  19.285 0.0000000000
74160  45.443  13.527  20.605 0.0000000000
74154  45.342  13.392  21.944 0.0000000000
73328  44.617  12.393  23.285 0.0000000000
72501  44.054  11.459  23.486 0.0000000000
70930  43.062  9.379  24.557 0.0000000000
77667  40.958  18.539  39.383 0.0000000000
109013  41.799  18.341  39.297 0.0000000000
77678  41.242  17.980  38.785 0.0000000000
82723  46.764  25.930  26.855 0.0000000000
82711  46.609  26.163  27.676 0.0000000000
75668  46.593  14.913  27.541 0.0000000000
125233  46.898  15.534  27.309 0.0000000000
113189  46.761  14.222  26.153 0.0000000000
74920  46.974  14.186  25.306 0.0000000000
72510  47.957  12.043  23.243 0.0000000000
72517  48.496  11.758  21.637 0.0000000000
73337  47.841  12.149  21.153 0.0000000000
115958  47.588  12.563  20.744 0.0000000000
72522  47.691  11.196  20.547 0.0000000000
80183  42.882  22.465  36.175 0.0000000000
78918  46.208  19.696  36.866 0.0000000000
78919  45.160  20.230  36.800 0.0000000000
78917  47.279  19.510  36.709 0.0000000000
78303  48.838  19.929  35.448 0.0000000000
78304  48.377  19.448  35.899 0.0000000000
77693  48.260  19.014  34.863 0.0000000000
77034  42.547  17.312  37.201 0.0000000000
77033  43.538  17.472  37.041 0.0000000000
77040  43.389  17.398  36.068 0.0000000000
77046  43.496  17.338  35.271 0.0000000000
74865  43.914  14.727  32.374 0.0000000000
75634  43.585  15.485  32.800 0.0000000000
75633  44.089  15.563  32.228 0.0000000000
76361  44.397  16.401  32.149 0.0000000000
76385  46.058  16.058  29.478 0.0000000000
75655  45.642  15.526  29.960 0.0000000000
74888  45.614  14.688  29.839 0.0000000000
72439  47.350  11.664  29.821 0.0000000000
72438  48.028  11.543  29.374 0.0000000000
82159  44.120  24.690  21.782 0.0000000000
82167  44.989  24.686  19.587 0.0000000000
82168  43.998  24.483  20.093 0.0000000000
81539  43.463  24.622  19.846 0.0000000000
82169  43.133  24.590  19.975 0.0000000000
82777  43.285  25.350  19.987 0.0000000000
82170  42.542  24.139  20.285 0.0000000000
82160  42.274  24.490  21.027 0.0000000000
82161  41.814  24.148  21.526 0.0000000000
81528  41.301  23.647  22.940 0.0000000000
77759  43.876  18.954  26.519 0.0000000000
77751  44.336  18.261  27.072 0.0000000000
81473  43.098  24.893  33.235 0.0000000000
82100  43.439  25.574  32.633 0.0000000000
81481  43.951  24.734  32.454 0.0000000000
81480  44.907  24.426  32.033 0.0000000000
80836  46.186  23.581  32.111 0.0000000000
79620  50.850  21.750  31.364 0.0000000000
79621  49.607  21.928  30.760 0.0000000000
79622  48.327  21.902  30.179 0.0000000000
124380  47.678  21.728  29.705 0.0000000000
115497  48.153  21.428  29.444 0.0000000000
78973  48.298  20.799  27.928 0.0000000000
111459  48.964  17.591  26.231 0.0000000000
77117  48.949  17.555  25.224 0.0000000000
77116  49.913  17.990  25.438 0.0000000000
77765  51.287  18.492  24.485 0.0000000000
77796  49.626  18.765  20.768 0.0000000000
77794  51.340  19.020  21.010 0.0000000000
78395  50.952  19.270  21.227 0.0000000000
78388  51.247  19.562  22.151 0.0000000000
78378  49.714  19.716  23.341 0.0000000000
125686  48.976  19.903  24.151 0.0000000000
113142  46.647  19.287  23.448 0.0000000000
109993  45.999  18.891  23.299 0.0000000000
75691  45.483  15.798  23.194 0.0000000000
75686  45.488  15.689  24.166 0.0000000000
76410  45.342  16.410  25.459 0.0000000000
124281  45.146  16.380  26.254 0.0000000000
75675  45.245  15.706  25.995 0.0000000000
75676  44.870  15.163  26.433 0.0000000000
82697  45.629  26.547  29.659 0.0000000000
80236  40.948  22.089  27.610 0.0000000000
79564  44.208  21.192  38.701 0.0000000000
78911  45.950  19.437  39.471 0.0000000000
78295  45.795  19.481  38.495 0.0000000000
78914  46.158  19.395  37.658 0.0000000000
77682  47.163  18.304  37.708 0.0000000000
75613  42.312  15.358  34.562 0.0000000000
74843  42.439  14.508  34.139 0.0000000000
74855  42.869  14.545  33.551 0.0000000000
74072  43.789  13.848  32.587 0.0000000000
105200  44.272  14.051  31.935 0.0000000000
74091  45.023  13.825  31.086 0.0000000000
74090  45.320  13.745  30.609 0.0000000000
82149  45.934  25.732  22.673 0.0000000000
82150  45.097  25.439  22.960 0.0000000000
82145  45.210  25.453  24.157 0.0000000000
80892  42.086  23.053  22.436 0.0000000000
115088  42.489  22.995  23.592 0.0000000000
80250  43.362  22.479  25.181 0.0000000000
79603  48.359  21.836  33.289 0.0000000000
79602  49.416  21.766  33.153 0.0000000000
79610  50.665  21.765  32.195 0.0000000000
78326  51.143  20.827  32.434 0.0000000000
78954  51.614  21.215  31.632 0.0000000000
79609  51.436  21.389  31.768 0.0000000000
79619  51.857  21.429  30.841 0.0000000000
79628  52.300  21.187  30.181 0.0000000000
78971  52.368  20.793  28.613 0.0000000000
111344  47.752  16.598  21.916 0.0000000000
77130  48.065  17.105  22.675 0.0000000000
77135  48.410  17.370  21.206 0.0000000000
77141  48.394  17.733  20.115 0.0000000000
75704  47.183  16.241  18.703 0.0000000000
76428  47.361  16.835  18.971 0.0000000000
77145  48.606  18.200  20.199 0.0000000000
117988  48.762  18.395  20.373 0.0000000000
77797  48.086  18.502  20.505 0.0000000000
77798  47.152  18.049  20.387 0.0000000000
108161  46.985  18.509  21.438 0.0000000000
113377  45.618  17.131  21.144 0.0000000000
75696  45.422  16.025  22.115 0.0000000000
110542  45.429  15.376  21.268 0.0000000000
74143  44.792  13.597  24.739 0.0000000000
74137  44.237  13.341  25.368 0.0000000000
73322  43.567  11.687  24.431 0.0000000000
72490  42.722  11.070  25.419 0.0000000000
71707  41.999  10.420  26.462 0.0000000000
125237  43.938  17.817  39.345 0.0000000000
77676  43.198  17.784  38.897 0.0000000000
77677  42.099  17.895  38.698 0.0000000000
77023  42.497  17.533  38.057 0.0000000000
76339  41.886  15.918  35.673 0.0000000000
117163  47.139  26.198  25.066 0.0000000000
82137  46.152  25.765  25.310 0.0000000000
82132  46.012  25.427  26.380 0.0000000000
122380  45.355  24.778  26.362 0.0000000000
80240  45.399  22.826  27.393 0.0000000000
123755  47.309  17.543  29.075 0.0000000000
77736  47.964  17.949  29.100 0.0000000000
77098  47.646  17.460  28.435 0.0000000000
77106  48.055  17.391  27.578 0.0000000000
77112  48.126  17.145  26.691 0.0000000000
75667  47.299  15.926  26.870 0.0000000000
76402  47.697  16.501  26.374 0.0000000000
76401  48.213  17.048  25.859 0.0000000000
76413  47.726  16.408  24.663 0.0000000000
108363  47.672  16.404  23.731 0.0000000000
74141  46.937  13.357  24.779 0.0000000000
74140  47.172  13.479  23.991 0.0000000000
74919  47.179  14.206  24.483 0.0000000000
114508  47.296  14.919  24.009 0.0000000000
75685  47.452  15.604  23.458 0.0000000000
113743  47.326  15.012  21.723 0.0000000000
74940  47.162  14.500  19.663 0.0000000000
111728  47.061  12.738  19.636 0.0000000000
74165  46.339  12.984  18.737 0.0000000000
72531  45.974  12.221  18.919 0.0000000000
116925  45.832  11.896  19.446 0.0000000000
71744  45.346  11.271  20.981 0.0000000000
71736  44.855  10.366  22.202 0.0000000000
106572  45.269  10.803  21.396 0.0000000000
70958  45.295  9.925  22.252 0.0000000000
122341  42.742  25.322  33.769 0.0000000000
123118  43.044  24.166  33.662 0.0000000000
80828  44.327  23.320  33.292 0.0000000000
80174  43.211  22.590  37.531 0.0000000000
106081  43.167  21.902  36.406 0.0000000000
80182  43.222  22.018  35.726 0.0000000000
79575  44.529  20.838  36.063 0.0000000000
80181  44.062  21.513  35.356 0.0000000000
80186  44.221  21.914  34.612 0.0000000000
80185  44.984  21.938  34.112 0.0000000000
79593  46.001  21.924  33.644 0.0000000000
79580  48.329  21.235  34.159 0.0000000000
78307  49.681  20.493  34.244 0.0000000000
78308  49.251  19.997  35.031 0.0000000000
78319  49.423  19.929  34.312 0.0000000000
78328  49.460  19.790  33.220 0.0000000000
121381  47.979  18.708  31.579 0.0000000000
105214  47.957  18.555  30.796 0.0000000000
124649  45.536  17.595  39.584 0.0000000000
77020  46.671  17.649  38.651 0.0000000000
109462  45.609  17.429  38.162 0.0000000000
77691  46.934  18.155  36.441 0.0000000000
76346  42.709  16.119  34.378 0.0000000000
77051  43.658  17.238  34.495 0.0000000000
76354  43.465  16.286  33.330 0.0000000000
77062  43.825  17.050  33.730 0.0000000000
77045  44.396  17.711  35.092 0.0000000000
118235  45.177  17.987  34.638 0.0000000000
77695  46.386  18.292  35.275 0.0000000000
77705  46.980  18.631  33.885 0.0000000000
77069  45.553  17.651  32.260 0.0000000000
124877  46.091  17.996  32.288 0.0000000000
106025  46.565  18.273  32.221 0.0000000000
77721  46.797  18.233  31.472 0.0000000000
77729  47.110  18.159  30.669 0.0000000000
77085  47.341  17.897  29.800 0.0000000000
113435  46.388  15.781  28.742 0.0000000000
74122  46.507  13.237  27.321 0.0000000000
73269  46.036  13.094  29.647 0.0000000000
72440  46.747  12.032  29.533 0.0000000000
73268  46.287  13.098  28.854 0.0000000000
107471  46.605  12.715  28.050 0.0000000000
73290  46.844  12.438  27.181 0.0000000000
113077  43.573  19.139  41.038 0.0000000000
78276  42.606  19.070  40.547 0.0000000000
124777  41.983  19.900  41.484 0.0000000000
78277  41.608  19.541  40.825 0.0000000000
78279  39.082  19.997  40.644 0.0000000000
77669  39.411  18.608  39.437 0.0000000000
83368  43.444  27.079  21.957 0.0000000000
82767  42.970  26.285  21.122 0.0000000000
83369  42.799  26.872  22.284 0.0000000000
80889  40.569  23.192  24.443 0.0000000000
80883  40.372  23.198  25.429 0.0000000000
80241  40.750  22.029  26.615 0.0000000000
79646  41.390  21.600  26.959 0.0000000000
80257  41.111  21.923  24.028 0.0000000000
79666  40.983  21.750  24.569 0.0000000000
79641  42.300  21.046  28.005 0.0000000000
82099  43.864  26.081  32.052 0.0000000000
82691  45.317  26.902  30.343 0.0000000000
111745  45.285  26.177  30.140 0.0000000000
82118  45.481  25.652  29.594 0.0000000000
80196  47.470  22.517  32.670 0.0000000000
80206  46.846  23.144  32.144 0.0000000000
80844  46.404  23.617  31.501 0.0000000000
80214  47.062  23.117  31.377 0.0000000000
80853  45.951  24.160  30.823 0.0000000000
81496  45.496  24.780  30.041 0.0000000000
111905  45.536  24.937  29.268 0.0000000000
80865  45.550  23.752  28.464 0.0000000000
80864  45.934  22.903  28.854 0.0000000000
80235  45.513  23.040  28.097 0.0000000000
77735  49.006  18.430  29.076 0.0000000000
119827  50.134  18.723  28.731 0.0000000000
77742  51.312  19.362  28.805 0.0000000000
125604  50.812  18.592  27.434 0.0000000000
78354  52.201  19.614  28.142 0.0000000000
78353  52.447  20.394  28.692 0.0000000000
78970  52.618  20.473  28.165 0.0000000000
78978  52.669  20.515  27.855 0.0000000000
77129  49.026  17.655  22.924 0.0000000000
77773  51.554  18.591  23.141 0.0000000000
77772  52.441  19.123  23.526 0.0000000000
77780  52.244  19.045  22.266 0.0000000000
77771  53.228  19.691  24.287 0.0000000000
78367  53.856  20.029  25.475 0.0000000000
78987  52.728  20.491  27.022 0.0000000000
78979  51.601  20.679  27.738 0.0000000000
119792  50.004  20.532  27.075 0.0000000000
78980  48.676  20.593  27.009 0.0000000000
120804  48.442  20.546  26.122 0.0000000000
78981  47.727  20.859  27.218 0.0000000000
79649  46.991  21.155  26.899 0.0000000000
79014  46.265  20.117  24.563 0.0000000000
79015  44.640  20.013  24.524 0.0000000000
77782  46.054  18.420  22.498 0.0000000000
77783  45.356  18.384  23.351 0.0000000000
77131  45.276  17.460  23.243 0.0000000000
120624  45.210  17.942  23.246 0.0000000000
77774  45.023  18.011  23.729 0.0000000000
77775  44.815  18.662  24.069 0.0000000000
78369  44.241  18.937  24.642 0.0000000000
77107  44.473  17.424  27.361 0.0000000000
113707  44.827  16.838  26.798 0.0000000000
71726  44.144  10.081  23.038 0.0000000000
70942  43.702  9.225  24.113 0.0000000000
71727  43.511  9.880  23.752 0.0000000000
71741  47.873  10.808  20.780 0.0000000000
71749  45.923  11.351  19.813 0.0000000000
72489  43.035  10.920  24.662 0.0000000000
72523  45.676  11.419  20.204 0.0000000000
73346  46.009  12.847  18.608 0.0000000000
74164  46.717  13.691  19.059 0.0000000000
74937  45.457  14.621  20.102 0.0000000000
74947  46.032  14.527  18.474 0.0000000000
75690  47.453  15.717  22.414 0.0000000000
75700  47.474  16.233  19.414 0.0000000000
75709  46.757  15.744  18.549 0.0000000000
76434  47.002  16.367  18.569 0.0000000000
77022  43.495  17.586  38.365 0.0000000000
77128  50.151  18.214  23.086 0.0000000000
77140  49.133  18.308  20.594 0.0000000000
77153  47.089  16.978  18.826 0.0000000000
77663  46.637  17.962  39.944 0.0000000000
77674  47.200  18.003  38.514 0.0000000000
77722  46.183  17.879  31.759 0.0000000000
77749  53.380  19.791  26.410 0.0000000000
77786  52.111  19.114  21.970 0.0000000000
77787  51.838  19.085  21.518 0.0000000000
77788  51.345  19.010  20.984 0.0000000000
77795  50.789  18.998  20.767 0.0000000000
77801  48.039  18.091  19.881 0.0000000000
78273  46.129  18.909  40.882 0.0000000000
78300  47.665  18.800  37.060 0.0000000000
78309  48.658  19.581  35.471 0.0000000000
78318  50.069  20.537  33.760 0.0000000000
78343  49.639  19.326  30.963 0.0000000000
78368  53.801  19.971  24.949 0.0000000000
78374  53.743  20.071  24.864 0.0000000000
78376  52.691  19.910  23.533 0.0000000000
78379  48.199  19.739  23.935 0.0000000000
78387  52.101  19.429  22.444 0.0000000000
78400  50.422  19.036  20.754 0.0000000000
78939  50.763  21.134  33.202 0.0000000000
78941  49.919  20.835  34.103 0.0000000000
78947  51.151  21.188  32.541 0.0000000000
78959  52.130  21.153  30.903 0.0000000000
78965  52.100  21.209  29.479 0.0000000000
78975  42.586  20.555  28.392 0.0000000000
78977  53.126  20.229  27.232 0.0000000000
78986  53.460  20.218  26.221 0.0000000000
79010  51.914  20.197  24.216 0.0000000000
79601  50.429  21.572  32.927 0.0000000000
79618  52.208  21.180  30.643 0.0000000000
80178  43.043  22.128  36.933 0.0000000000
80254  40.477  22.496  25.584 0.0000000000
80818  42.656  23.348  35.883 0.0000000000
80838  44.595  23.901  32.645 0.0000000000
81534  42.130  23.845  21.243 0.0000000000
82093  42.681  24.649  33.993 0.0000000000
82187  44.967  24.686  18.088 0.0000000000
104159  50.868  18.784  28.056 0.0000000000
108863  45.632  24.306  29.241 0.0000000000
111258  52.722  20.470  26.060 0.0000000000
117207  53.781  20.033  25.607 0.0000000000
118939  45.445  16.306  23.729 0.0000000000
119192  47.297  14.212  23.735 0.0000000000
120452  51.786  21.445  30.127 0.0000000000
122719  45.882  15.117  18.656 0.0000000000
122934  43.886  25.395  32.200 0.0000000000
123213  47.611  18.271  30.281 0.0000000000
125611  46.809  16.013  18.506 0.0000000000
