#!ascii label  , from subject sub-v1s18x0051230_ses-1 vox2ras=TkReg
1467
57182  -34.647  -5.659  52.914 0.0000000000
65087  -48.240  2.289  30.979 0.0000000000
60215  -36.937  -3.174  37.349 0.0000000000
45666  -9.263  -17.907  54.525 0.0000000000
47566  -21.289  -15.422  52.311 0.0000000000
49575  -5.043  -14.019  51.625 0.0000000000
51519  -6.537  -11.612  60.612 0.0000000000
61256  -43.136  -1.925  34.940 0.0000000000
108426  -8.204  -10.265  45.780 0.0000000000
46487  -9.915  -16.276  63.514 0.0000000000
123691  -35.294  -7.179  45.854 0.0000000000
119614  -30.355  -11.039  56.461 0.0000000000
48516  -28.235  -13.921  58.337 0.0000000000
65093  -51.813  2.446  29.758 0.0000000000
59187  -39.784  -3.743  36.394 0.0000000000
49628  -18.345  -13.667  47.684 0.0000000000
56349  -5.908  -7.031  48.066 0.0000000000
48545  -11.425  -14.538  52.458 0.0000000000
47611  -10.147  -15.787  48.517 0.0000000000
43895  -8.834  -19.255  50.037 0.0000000000
50483  -17.609  -12.331  60.297 0.0000000000
51500  -14.650  -11.307  64.197 0.0000000000
61176  -35.173  -1.537  41.225 0.0000000000
50502  -24.685  -12.885  58.670 0.0000000000
46584  -24.451  -15.640  52.159 0.0000000000
111057  -6.474  -12.670  55.783 0.0000000000
49528  -11.669  -13.483  56.068 0.0000000000
108642  -45.290  1.393  33.483 0.0000000000
49529  -16.755  -13.680  56.452 0.0000000000
49580  -16.520  -13.064  51.910 0.0000000000
51602  -5.702  -11.970  48.448 0.0000000000
48631  -8.682  -15.080  45.718 0.0000000000
54358  -10.422  -8.470  60.607 0.0000000000
49496  -12.262  -12.691  61.189 0.0000000000
46509  -8.504  -16.847  59.948 0.0000000000
56325  -36.296  -5.528  51.354 0.0000000000
56310  -33.036  -6.303  52.400 0.0000000000
56345  -34.940  -5.943  50.042 0.0000000000
54426  -32.343  -7.968  55.158 0.0000000000
53457  -31.056  -8.551  54.559 0.0000000000
123957  -32.223  -9.647  57.100 0.0000000000
65089  -50.189  2.153  30.737 0.0000000000
64198  -45.328  1.429  29.796 0.0000000000
122726  -47.413  1.476  28.697 0.0000000000
64220  -48.783  1.528  27.403 0.0000000000
59168  -38.319  -3.700  36.940 0.0000000000
60202  -33.367  -2.439  38.111 0.0000000000
60232  -34.460  -2.906  35.708 0.0000000000
59206  -36.728  -3.951  35.153 0.0000000000
46550  -11.066  -16.494  53.431 0.0000000000
45687  -11.194  -16.977  51.389 0.0000000000
114128  -9.028  -18.591  51.990 0.0000000000
111675  -6.479  -19.462  51.178 0.0000000000
43867  -6.765  -19.167  53.165 0.0000000000
122007  -16.434  -15.509  58.942 0.0000000000
120367  -16.072  -15.023  61.695 0.0000000000
60158  -36.284  -2.546  43.045 0.0000000000
112097  -37.945  -6.894  44.241 0.0000000000
54572  -37.430  -8.136  43.375 0.0000000000
58145  -36.827  -5.413  42.633 0.0000000000
58153  -34.499  -4.213  41.596 0.0000000000
114073  -26.548  -8.476  59.663 0.0000000000
46535  -28.812  -16.215  55.233 0.0000000000
46533  -26.267  -15.850  55.265 0.0000000000
66833  -50.415  4.487  26.578 0.0000000000
68572  -51.625  6.924  25.543 0.0000000000
126165  -6.247  -12.563  57.922 0.0000000000
50534  -9.315  -12.389  55.634 0.0000000000
51549  -10.233  -11.688  57.948 0.0000000000
62236  -43.945  -0.470  34.206 0.0000000000
60255  -39.875  -2.758  33.245 0.0000000000
61280  -41.127  -1.755  32.342 0.0000000000
62248  -42.485  -0.464  31.559 0.0000000000
51552  -18.627  -10.733  57.721 0.0000000000
51562  -17.661  -11.436  55.133 0.0000000000
112702  -4.477  -11.541  51.198 0.0000000000
52494  -4.573  -11.073  49.331 0.0000000000
50607  -5.002  -13.090  49.763 0.0000000000
44844  -9.142  -18.736  46.345 0.0000000000
112386  -8.324  -15.399  47.271 0.0000000000
114204  -7.268  -16.857  44.904 0.0000000000
54361  -13.321  -8.419  59.626 0.0000000000
48486  -12.532  -14.725  64.530 0.0000000000
51498  -12.535  -11.367  63.899 0.0000000000
108344  -10.656  -14.696  63.264 0.0000000000
47501  -11.281  -14.875  60.231 0.0000000000
46502  -9.248  -16.440  62.342 0.0000000000
123501  -37.446  -6.481  47.749 0.0000000000
52424  -28.686  -9.980  60.148 0.0000000000
53408  -31.040  -10.161  59.156 0.0000000000
49527  -29.676  -13.014  57.082 0.0000000000
66819  -52.038  4.222  28.399 0.0000000000
65108  -50.065  2.906  27.005 0.0000000000
59211  -41.215  -3.461  35.662 0.0000000000
59227  -38.644  -3.746  34.463 0.0000000000
47614  -21.721  -15.208  49.166 0.0000000000
48581  -20.662  -14.341  49.778 0.0000000000
53500  -4.909  -10.054  45.333 0.0000000000
49563  -9.157  -12.943  52.072 0.0000000000
48564  -8.569  -14.088  50.111 0.0000000000
47577  -11.103  -15.156  49.966 0.0000000000
44825  -10.383  -18.286  48.424 0.0000000000
112078  -8.383  -19.657  47.357 0.0000000000
53383  -17.903  -9.722  60.995 0.0000000000
111141  -15.766  -9.427  62.187 0.0000000000
119623  -16.513  -12.103  62.924 0.0000000000
48491  -14.370  -14.813  63.720 0.0000000000
61199  -34.944  -1.695  38.388 0.0000000000
111709  -33.241  -3.352  40.137 0.0000000000
119263  -22.199  -15.119  55.284 0.0000000000
48507  -25.985  -13.505  58.826 0.0000000000
118285  -23.830  -15.665  55.031 0.0000000000
47559  -22.773  -15.743  52.585 0.0000000000
124531  -4.465  -11.665  52.978 0.0000000000
110976  -4.444  -11.671  55.044 0.0000000000
49546  -5.629  -13.545  53.308 0.0000000000
50559  -9.636  -12.595  53.588 0.0000000000
106314  -11.559  -14.039  54.683 0.0000000000
46528  -11.142  -16.045  55.271 0.0000000000
65068  -46.679  2.338  32.662 0.0000000000
63222  -44.246  0.914  30.740 0.0000000000
52430  -18.769  -10.066  58.839 0.0000000000
49513  -17.228  -13.127  58.888 0.0000000000
47524  -16.467  -16.101  56.884 0.0000000000
49598  -19.584  -13.379  50.608 0.0000000000
125486  -18.308  -12.217  51.916 0.0000000000
51573  -17.632  -11.616  53.359 0.0000000000
49542  -16.527  -13.424  54.449 0.0000000000
46551  -16.631  -16.618  54.472 0.0000000000
106882  -5.721  -7.260  49.694 0.0000000000
54514  -4.788  -9.299  47.443 0.0000000000
52501  -7.049  -11.041  47.256 0.0000000000
49618  -7.152  -13.906  49.038 0.0000000000
50630  -8.149  -13.045  47.879 0.0000000000
50641  -9.409  -12.096  46.625 0.0000000000
53386  -8.179  -9.845  61.492 0.0000000000
54342  -12.912  -9.159  62.408 0.0000000000
52408  -11.271  -9.563  62.061 0.0000000000
51522  -11.058  -11.083  59.610 0.0000000000
49511  -12.339  -13.269  58.505 0.0000000000
47513  -11.144  -15.774  57.826 0.0000000000
45659  -9.367  -17.297  56.526 0.0000000000
44750  -8.589  -18.498  62.233 0.0000000000
44755  -7.743  -18.252  60.691 0.0000000000
44776  -7.296  -18.649  55.503 0.0000000000
57190  -35.867  -5.480  51.837 0.0000000000
57175  -35.195  -5.300  52.809 0.0000000000
56312  -34.348  -5.819  52.670 0.0000000000
105871  -35.096  -5.721  51.448 0.0000000000
55355  -32.952  -7.006  54.054 0.0000000000
111566  -32.499  -7.171  53.873 0.0000000000
115078  -33.942  -6.205  54.058 0.0000000000
55348  -33.174  -7.302  54.865 0.0000000000
65088  -49.201  2.228  30.817 0.0000000000
64193  -46.613  1.955  30.510 0.0000000000
64200  -46.523  1.506  28.963 0.0000000000
64194  -47.613  1.974  30.290 0.0000000000
64202  -48.950  1.588  29.343 0.0000000000
60217  -38.531  -3.240  37.301 0.0000000000
61224  -37.327  -2.498  37.420 0.0000000000
60212  -33.463  -2.614  37.154 0.0000000000
60214  -35.998  -2.980  36.995 0.0000000000
59166  -36.606  -3.711  36.597 0.0000000000
104741  -9.948  -17.434  54.141 0.0000000000
45681  -10.110  -17.874  52.447 0.0000000000
44789  -9.001  -18.331  53.326 0.0000000000
44795  -8.367  -18.624  52.664 0.0000000000
44788  -8.123  -18.579  53.391 0.0000000000
45651  -15.943  -17.118  58.290 0.0000000000
45647  -15.865  -16.959  59.236 0.0000000000
57259  -37.990  -5.536  43.785 0.0000000000
56425  -37.753  -6.356  43.409 0.0000000000
58132  -37.797  -4.735  43.671 0.0000000000
59109  -36.527  -3.563  43.238 0.0000000000
105863  -51.875  5.439  27.436 0.0000000000
67695  -51.036  6.277  26.058 0.0000000000
68563  -52.795  6.813  26.723 0.0000000000
50497  -6.420  -12.175  59.857 0.0000000000
50509  -8.455  -12.147  57.360 0.0000000000
51537  -8.271  -11.722  59.445 0.0000000000
61269  -43.060  -1.416  34.059 0.0000000000
62225  -44.174  -0.751  35.186 0.0000000000
60258  -42.044  -2.348  33.954 0.0000000000
60277  -40.511  -2.351  32.800 0.0000000000
108588  -42.503  -1.615  33.498 0.0000000000
61282  -42.972  -0.917  33.145 0.0000000000
52455  -19.385  -10.030  56.443 0.0000000000
52463  -19.480  -10.174  55.412 0.0000000000
48539  -20.937  -14.915  53.803 0.0000000000
115205  -20.680  -15.074  52.134 0.0000000000
53501  -6.572  -9.852  44.944 0.0000000000
51587  -4.463  -12.499  51.403 0.0000000000
51591  -4.526  -12.298  50.535 0.0000000000
49590  -4.995  -13.861  50.873 0.0000000000
44856  -7.657  -18.683  45.233 0.0000000000
45757  -7.902  -17.375  45.496 0.0000000000
125398  -6.845  -18.327  44.678 0.0000000000
54378  -13.482  -8.464  57.865 0.0000000000
111952  -14.345  -8.513  59.525 0.0000000000
47486  -11.107  -15.474  64.213 0.0000000000
123400  -11.247  -14.309  63.955 0.0000000000
47490  -10.259  -15.345  63.339 0.0000000000
47494  -10.218  -15.111  62.767 0.0000000000
46494  -9.558  -16.237  63.058 0.0000000000
114605  -37.520  -5.791  49.344 0.0000000000
56359  -36.307  -6.282  48.913 0.0000000000
56361  -37.835  -6.018  48.533 0.0000000000
56395  -38.354  -6.285  46.823 0.0000000000
51560  -31.009  -10.541  56.837 0.0000000000
51555  -31.078  -10.763  57.419 0.0000000000
50529  -30.035  -11.729  56.638 0.0000000000
48533  -29.444  -14.839  55.833 0.0000000000
65934  -52.167  3.084  29.506 0.0000000000
64210  -50.086  1.677  28.593 0.0000000000
65102  -49.822  2.176  27.357 0.0000000000
65096  -50.766  2.348  28.292 0.0000000000
65944  -51.281  3.753  27.904 0.0000000000
59188  -40.697  -3.538  36.397 0.0000000000
60235  -41.864  -3.027  36.842 0.0000000000
59171  -40.869  -3.263  36.955 0.0000000000
59208  -38.265  -4.084  35.527 0.0000000000
107085  -37.139  -3.878  34.641 0.0000000000
59209  -39.013  -3.971  35.622 0.0000000000
112551  -39.686  -3.718  34.820 0.0000000000
105529  -5.555  -7.046  46.733 0.0000000000
118935  -5.342  -7.375  45.757 0.0000000000
55418  -5.208  -7.862  46.649 0.0000000000
105541  -10.174  -13.089  52.004 0.0000000000
49579  -10.467  -13.595  51.409 0.0000000000
48553  -11.419  -14.854  51.734 0.0000000000
44811  -10.486  -18.201  50.410 0.0000000000
45697  -11.064  -17.618  49.890 0.0000000000
44816  -10.139  -18.800  49.010 0.0000000000
110626  -9.311  -19.310  47.394 0.0000000000
43911  -8.714  -19.605  48.409 0.0000000000
43901  -7.412  -19.803  49.263 0.0000000000
120755  -18.014  -10.977  60.769 0.0000000000
52405  -17.240  -10.678  62.138 0.0000000000
50479  -17.311  -12.154  61.718 0.0000000000
46500  -14.919  -15.944  62.439 0.0000000000
47495  -15.124  -15.243  62.681 0.0000000000
46497  -14.510  -15.707  63.156 0.0000000000
46492  -13.492  -15.928  64.074 0.0000000000
61193  -34.820  -1.498  39.201 0.0000000000
59123  -34.367  -3.132  41.620 0.0000000000
58152  -33.798  -3.752  41.049 0.0000000000
60177  -33.998  -2.202  40.317 0.0000000000
60185  -34.040  -1.968  39.549 0.0000000000
50516  -24.383  -12.614  57.614 0.0000000000
49532  -23.152  -14.528  56.632 0.0000000000
49524  -23.615  -14.215  57.262 0.0000000000
51531  -28.904  -11.724  59.974 0.0000000000
50484  -27.314  -11.742  59.795 0.0000000000
48515  -27.400  -14.029  58.498 0.0000000000
46569  -25.378  -15.835  53.318 0.0000000000
46532  -25.237  -15.708  55.422 0.0000000000
46553  -24.268  -15.747  53.407 0.0000000000
46552  -23.219  -15.734  53.828 0.0000000000
46583  -23.607  -15.674  52.332 0.0000000000
110376  -23.176  -15.620  50.032 0.0000000000
50520  -4.928  -12.417  56.906 0.0000000000
50542  -4.907  -12.800  55.057 0.0000000000
49539  -4.665  -12.945  54.193 0.0000000000
50543  -5.747  -12.928  54.966 0.0000000000
50557  -7.388  -12.829  53.895 0.0000000000
50545  -8.153  -12.570  54.623 0.0000000000
50536  -11.176  -12.764  55.816 0.0000000000
50548  -10.837  -12.739  54.971 0.0000000000
49534  -11.407  -13.324  55.231 0.0000000000
106036  -11.603  -14.808  54.916 0.0000000000
47523  -11.612  -15.046  56.456 0.0000000000
64184  -45.921  2.001  33.012 0.0000000000
65043  -46.629  2.279  33.431 0.0000000000
64162  -45.965  1.826  33.857 0.0000000000
63216  -44.012  0.450  32.666 0.0000000000
63217  -43.601  0.268  31.933 0.0000000000
64182  -44.628  1.130  32.229 0.0000000000
107571  -45.251  1.636  31.801 0.0000000000
53406  -18.815  -9.657  58.396 0.0000000000
122651  -17.515  -12.087  57.018 0.0000000000
50514  -17.518  -12.154  57.616 0.0000000000
49522  -16.795  -13.709  57.407 0.0000000000
48520  -16.668  -14.544  57.814 0.0000000000
122774  -16.608  -15.345  56.745 0.0000000000
126571  -19.630  -13.398  48.950 0.0000000000
49599  -20.198  -13.758  50.218 0.0000000000
49613  -18.911  -13.166  49.142 0.0000000000
49595  -16.718  -13.311  50.553 0.0000000000
50594  -17.400  -12.711  50.654 0.0000000000
119600  -16.817  -12.658  51.896 0.0000000000
119652  -17.669  -11.808  52.716 0.0000000000
50562  -17.106  -12.028  52.945 0.0000000000
51566  -17.000  -11.943  53.713 0.0000000000
49566  -16.455  -13.232  52.687 0.0000000000
120162  -16.630  -16.194  53.722 0.0000000000
55375  -5.418  -7.385  50.579 0.0000000000
51600  -4.735  -11.734  48.831 0.0000000000
52496  -4.655  -10.939  48.403 0.0000000000
51610  -5.044  -11.445  47.887 0.0000000000
52499  -5.101  -11.051  47.124 0.0000000000
51611  -6.447  -11.528  47.843 0.0000000000
48578  -8.875  -14.632  49.335 0.0000000000
48577  -8.053  -14.331  49.471 0.0000000000
125438  -8.558  -14.975  48.677 0.0000000000
112400  -8.376  -15.235  46.671 0.0000000000
48613  -8.215  -14.719  47.418 0.0000000000
49640  -8.539  -13.626  47.304 0.0000000000
50640  -8.791  -12.539  47.242 0.0000000000
48614  -8.870  -14.225  46.511 0.0000000000
118438  -9.528  -13.462  46.072 0.0000000000
54357  -9.694  -8.790  61.169 0.0000000000
52398  -15.278  -10.756  63.832 0.0000000000
54343  -13.703  -9.232  62.370 0.0000000000
53372  -13.663  -10.069  63.526 0.0000000000
50480  -12.116  -12.301  62.237 0.0000000000
52409  -12.020  -10.387  62.361 0.0000000000
51512  -12.238  -11.360  61.214 0.0000000000
52413  -11.130  -10.207  61.366 0.0000000000
51524  -12.151  -11.805  60.126 0.0000000000
51541  -12.027  -11.983  59.326 0.0000000000
123518  -12.296  -12.658  59.524 0.0000000000
47503  -9.942  -16.067  60.052 0.0000000000
47505  -11.262  -15.298  59.343 0.0000000000
46514  -9.892  -16.445  58.563 0.0000000000
46517  -10.389  -16.371  57.605 0.0000000000
45649  -8.559  -17.233  58.234 0.0000000000
42734  -8.386  -19.794  62.048 0.0000000000
125536  -8.189  -18.123  61.590 0.0000000000
57207  -37.650  -5.340  49.731 0.0000000000
56321  -32.882  -6.234  51.515 0.0000000000
56334  -33.495  -5.981  50.972 0.0000000000
108879  -34.304  -5.794  51.259 0.0000000000
56335  -35.936  -5.930  50.867 0.0000000000
53436  -31.617  -9.249  56.117 0.0000000000
54425  -31.800  -8.210  54.955 0.0000000000
55362  -32.474  -6.696  52.961 0.0000000000
53437  -32.072  -8.948  56.226 0.0000000000
65092  -51.354  2.046  29.951 0.0000000000
64207  -46.134  1.435  28.428 0.0000000000
64218  -47.111  1.408  27.179 0.0000000000
64231  -47.675  1.591  26.697 0.0000000000
122882  -47.967  1.352  28.091 0.0000000000
109606  -49.272  1.481  28.564 0.0000000000
59186  -38.746  -3.971  36.380 0.0000000000
59170  -39.909  -3.172  37.031 0.0000000000
60218  -39.189  -3.079  37.159 0.0000000000
61239  -39.128  -2.189  36.217 0.0000000000
59153  -32.189  -3.803  38.153 0.0000000000
59159  -32.617  -3.037  37.591 0.0000000000
60231  -33.602  -2.816  36.170 0.0000000000
125332  -33.664  -3.086  35.464 0.0000000000
59204  -34.758  -3.383  34.433 0.0000000000
59183  -36.191  -3.871  35.705 0.0000000000
59184  -37.094  -4.088  36.039 0.0000000000
47555  -11.453  -15.400  52.899 0.0000000000
47564  -11.466  -15.601  51.521 0.0000000000
123695  -11.028  -17.070  52.137 0.0000000000
44797  -9.871  -18.170  51.885 0.0000000000
44809  -9.022  -19.043  50.712 0.0000000000
43894  -8.010  -19.283  50.763 0.0000000000
43885  -7.440  -19.178  51.560 0.0000000000
120892  -6.428  -19.325  51.947 0.0000000000
48506  -17.010  -14.174  60.154 0.0000000000
48503  -16.735  -14.199  60.945 0.0000000000
47502  -16.228  -15.593  60.472 0.0000000000
60169  -35.520  -1.706  41.946 0.0000000000
55447  -37.725  -7.207  45.321 0.0000000000
54544  -36.742  -7.913  44.657 0.0000000000
55456  -37.738  -7.485  43.964 0.0000000000
56433  -37.334  -6.998  42.443 0.0000000000
116214  -36.882  -6.663  42.136 0.0000000000
58155  -36.133  -5.278  42.250 0.0000000000
59124  -35.074  -3.764  42.208 0.0000000000
51545  -25.519  -10.974  59.402 0.0000000000
47531  -28.792  -15.372  56.479 0.0000000000
47519  -27.346  -15.069  57.522 0.0000000000
125481  -27.130  -15.989  55.070 0.0000000000
46570  -26.481  -16.073  53.094 0.0000000000
67693  -49.684  5.233  25.278 0.0000000000
68577  -50.001  6.074  24.941 0.0000000000
68578  -51.363  7.112  24.538 0.0000000000
68585  -51.633  7.154  23.449 0.0000000000
50521  -6.650  -12.547  56.907 0.0000000000
50533  -8.372  -12.471  55.500 0.0000000000
50522  -7.718  -12.373  56.860 0.0000000000
111536  -9.631  -12.124  56.522 0.0000000000
50523  -10.920  -12.266  56.554 0.0000000000
110855  -44.249  0.238  33.645 0.0000000000
63190  -44.963  0.357  35.054 0.0000000000
61288  -40.263  -1.857  32.011 0.0000000000
113389  -40.730  -1.377  31.444 0.0000000000
61299  -41.198  -0.856  30.860 0.0000000000
61290  -42.106  -0.888  31.940 0.0000000000
126590  -43.355  -0.514  33.217 0.0000000000
52439  -19.151  -9.524  57.450 0.0000000000
52449  -19.601  -9.269  56.728 0.0000000000
51558  -18.522  -10.908  56.833 0.0000000000
50538  -17.173  -12.090  55.505 0.0000000000
48580  -16.637  -14.171  49.675 0.0000000000
110878  -16.340  -14.777  52.113 0.0000000000
54457  -4.705  -8.682  51.352 0.0000000000
54473  -4.890  -8.616  50.341 0.0000000000
52489  -4.524  -11.313  50.265 0.0000000000
51594  -4.635  -12.004  49.692 0.0000000000
50621  -5.300  -12.562  49.200 0.0000000000
46639  -10.025  -16.961  47.666 0.0000000000
47630  -8.560  -15.631  47.557 0.0000000000
119870  -8.829  -16.697  46.671 0.0000000000
46650  -8.331  -16.460  46.231 0.0000000000
46663  -7.906  -16.299  45.655 0.0000000000
105686  -12.165  -8.550  57.073 0.0000000000
54370  -11.956  -8.345  58.963 0.0000000000
54350  -11.835  -8.373  60.709 0.0000000000
115851  -13.564  -13.018  64.512 0.0000000000
51494  -12.849  -11.756  64.398 0.0000000000
50468  -12.343  -13.034  64.376 0.0000000000
50476  -11.766  -13.013  63.145 0.0000000000
49495  -11.745  -13.165  62.105 0.0000000000
49499  -11.923  -13.596  61.163 0.0000000000
48497  -10.727  -14.554  62.487 0.0000000000
125706  -9.838  -15.585  61.729 0.0000000000
46506  -9.178  -16.469  60.646 0.0000000000
124376  -34.257  -6.436  47.209 0.0000000000
119343  -34.677  -5.961  49.183 0.0000000000
115543  -35.413  -6.267  48.536 0.0000000000
55412  -36.566  -6.775  47.177 0.0000000000
55431  -38.018  -6.711  46.213 0.0000000000
57250  -38.448  -5.735  44.876 0.0000000000
51532  -30.087  -11.676  59.711 0.0000000000
53410  -32.210  -9.601  57.675 0.0000000000
50504  -30.465  -11.825  58.226 0.0000000000
49526  -29.381  -13.387  57.658 0.0000000000
47532  -29.274  -15.177  56.145 0.0000000000
65115  -49.135  2.921  25.996 0.0000000000
65947  -50.199  3.703  26.800 0.0000000000
66827  -51.575  4.582  27.668 0.0000000000
60245  -42.540  -2.457  34.983 0.0000000000
60236  -43.021  -2.334  36.021 0.0000000000
110535  -42.290  -2.880  36.021 0.0000000000
59205  -35.793  -3.644  34.618 0.0000000000
59247  -39.305  -3.289  33.719 0.0000000000
59229  -41.039  -3.331  34.628 0.0000000000
123341  -21.409  -15.421  51.100 0.0000000000
48570  -20.918  -15.031  50.348 0.0000000000
48582  -21.166  -14.882  49.441 0.0000000000
48600  -20.874  -13.922  47.894 0.0000000000
53509  -5.307  -9.771  44.770 0.0000000000
52521  -5.929  -10.209  45.285 0.0000000000
49576  -7.275  -13.650  51.612 0.0000000000
121603  -6.705  -13.868  51.105 0.0000000000
105073  -8.786  -13.640  50.846 0.0000000000
48565  -9.595  -14.357  49.978 0.0000000000
47595  -10.653  -15.427  49.191 0.0000000000
46599  -11.420  -15.823  50.403 0.0000000000
46617  -11.330  -16.394  49.578 0.0000000000
46629  -10.513  -16.514  48.360 0.0000000000
44833  -10.150  -17.910  47.562 0.0000000000
54354  -15.641  -8.905  60.586 0.0000000000
115798  -17.238  -9.615  61.577 0.0000000000
52404  -16.547  -10.549  62.791 0.0000000000
111115  -15.725  -12.088  63.785 0.0000000000
48496  -16.055  -13.837  62.487 0.0000000000
49493  -15.436  -13.366  63.375 0.0000000000
49491  -14.710  -13.521  63.857 0.0000000000
105557  -13.584  -14.284  64.327 0.0000000000
47487  -12.928  -15.484  64.424 0.0000000000
46489  -11.286  -16.240  64.254 0.0000000000
121531  -35.081  -1.862  37.916 0.0000000000
61223  -36.878  -1.970  37.490 0.0000000000
61201  -36.356  -0.972  38.349 0.0000000000
54570  -36.281  -8.746  43.592 0.0000000000
59148  -32.753  -3.858  39.656 0.0000000000
60195  -34.132  -1.968  38.649 0.0000000000
49536  -22.215  -14.796  55.488 0.0000000000
47547  -21.313  -15.155  54.236 0.0000000000
53399  -27.063  -8.915  59.807 0.0000000000
52423  -26.523  -10.741  59.822 0.0000000000
49515  -24.762  -13.620  58.381 0.0000000000
47518  -26.181  -15.111  57.693 0.0000000000
105561  -24.493  -15.323  57.243 0.0000000000
47516  -23.988  -14.886  57.600 0.0000000000
46530  -22.999  -15.488  55.242 0.0000000000
46540  -22.337  -15.610  53.977 0.0000000000
47567  -22.160  -15.643  51.977 0.0000000000
47599  -22.222  -15.507  49.904 0.0000000000
68586  -52.626  7.188  23.134 0.0000000000
68601  -53.394  6.445  21.911 0.0000000000
113615  -54.045  6.047  21.359 0.0000000000
112460  -4.455  -11.796  52.199 0.0000000000
50566  -4.581  -13.120  52.412 0.0000000000
112601  -4.403  -11.405  53.885 0.0000000000
50555  -4.618  -12.988  53.248 0.0000000000
49559  -5.135  -13.834  52.442 0.0000000000
50567  -7.757  -12.913  53.027 0.0000000000
50568  -8.850  -12.688  52.852 0.0000000000
119500  -10.427  -12.782  53.308 0.0000000000
118331  -9.012  -12.480  54.965 0.0000000000
50547  -10.462  -12.742  54.094 0.0000000000
48538  -11.488  -14.637  53.357 0.0000000000
47545  -11.431  -15.405  53.740 0.0000000000
123627  -11.043  -16.210  54.616 0.0000000000
124274  -10.217  -17.076  54.743 0.0000000000
65078  -46.950  2.386  31.909 0.0000000000
62253  -42.628  -0.137  30.805 0.0000000000
121689  -43.064  0.281  30.234 0.0000000000
63224  -43.708  0.684  29.950 0.0000000000
64191  -44.952  1.368  30.581 0.0000000000
64187  -45.787  1.931  31.305 0.0000000000
52421  -18.342  -10.144  59.680 0.0000000000
51513  -17.816  -11.448  59.779 0.0000000000
51543  -18.545  -10.651  58.500 0.0000000000
51525  -17.961  -11.381  58.901 0.0000000000
49504  -17.346  -13.266  59.856 0.0000000000
46518  -16.297  -16.392  58.050 0.0000000000
48569  -20.412  -14.421  50.756 0.0000000000
49582  -19.719  -13.759  51.937 0.0000000000
49581  -19.399  -13.293  51.495 0.0000000000
50595  -18.187  -12.673  50.311 0.0000000000
50596  -18.843  -12.875  50.889 0.0000000000
50584  -18.835  -12.596  51.835 0.0000000000
50572  -18.582  -11.963  52.422 0.0000000000
51574  -19.318  -10.930  53.608 0.0000000000
110796  -18.388  -11.195  53.838 0.0000000000
51567  -17.615  -11.478  54.185 0.0000000000
50550  -17.012  -11.963  54.583 0.0000000000
49535  -16.625  -13.574  55.416 0.0000000000
47556  -16.424  -15.300  53.169 0.0000000000
107178  -16.523  -14.693  54.348 0.0000000000
48532  -16.669  -14.604  55.940 0.0000000000
46529  -16.424  -16.535  56.156 0.0000000000
56337  -5.895  -7.132  48.818 0.0000000000
54487  -4.913  -8.819  49.254 0.0000000000
54501  -5.077  -8.530  48.307 0.0000000000
112620  -5.143  -8.226  47.461 0.0000000000
54527  -4.692  -9.679  46.545 0.0000000000
116904  -5.441  -10.358  45.718 0.0000000000
52511  -7.785  -10.703  46.590 0.0000000000
49592  -6.814  -13.828  50.447 0.0000000000
50609  -6.520  -13.403  49.437 0.0000000000
50623  -6.986  -13.102  48.840 0.0000000000
121253  -8.102  -14.946  48.340 0.0000000000
50624  -7.547  -13.776  48.436 0.0000000000
51603  -6.817  -12.264  48.428 0.0000000000
51612  -7.436  -11.774  47.839 0.0000000000
51623  -8.690  -11.497  46.928 0.0000000000
52512  -8.714  -10.796  46.335 0.0000000000
51630  -9.909  -11.791  46.012 0.0000000000
54353  -14.471  -8.805  60.909 0.0000000000
54351  -12.413  -8.538  61.343 0.0000000000
105741  -11.490  -8.586  61.533 0.0000000000
52395  -12.676  -10.597  63.639 0.0000000000
121795  -11.975  -9.143  62.299 0.0000000000
54344  -10.667  -8.725  61.612 0.0000000000
52407  -9.581  -9.519  61.725 0.0000000000
52411  -8.923  -10.167  61.655 0.0000000000
110286  -8.814  -11.317  60.223 0.0000000000
51539  -10.720  -11.363  58.780 0.0000000000
50499  -11.611  -12.189  58.027 0.0000000000
49521  -12.243  -13.227  57.687 0.0000000000
48504  -11.903  -14.528  59.399 0.0000000000
48510  -12.222  -14.148  58.592 0.0000000000
48518  -11.981  -14.391  57.140 0.0000000000
47522  -11.156  -15.876  57.010 0.0000000000
45660  -10.062  -17.057  56.213 0.0000000000
45663  -9.474  -17.430  55.784 0.0000000000
45628  -10.156  -17.606  63.665 0.0000000000
44745  -9.818  -18.480  63.188 0.0000000000
45627  -9.296  -16.987  62.980 0.0000000000
45631  -9.078  -17.182  62.488 0.0000000000
45635  -8.056  -17.758  61.158 0.0000000000
45640  -7.898  -17.376  60.193 0.0000000000
44757  -6.942  -18.776  59.340 0.0000000000
45648  -7.250  -17.944  58.858 0.0000000000
45658  -7.857  -17.758  57.221 0.0000000000
126022  -7.778  -18.008  56.573 0.0000000000
107251  -8.136  -18.358  54.863 0.0000000000
43859  -6.850  -19.159  54.065 0.0000000000
43866  -5.990  -19.431  53.535 0.0000000000
57183  -35.298  -5.482  52.361 0.0000000000
114275  -35.746  -5.159  52.360 0.0000000000
56301  -34.070  -6.068  53.447 0.0000000000
56304  -33.600  -6.318  53.422 0.0000000000
56300  -33.526  -6.618  54.161 0.0000000000
57174  -34.495  -5.581  53.451 0.0000000000
65080  -49.072  2.439  31.837 0.0000000000
65086  -47.281  2.272  31.121 0.0000000000
64195  -48.574  1.900  30.144 0.0000000000
60204  -35.382  -2.277  37.488 0.0000000000
60213  -34.699  -2.629  36.753 0.0000000000
45673  -9.899  -17.823  53.229 0.0000000000
44781  -9.390  -17.997  53.881 0.0000000000
44780  -8.677  -18.321  54.101 0.0000000000
45655  -15.603  -17.797  57.986 0.0000000000
51536  -7.165  -11.891  59.999 0.0000000000
62224  -43.619  -1.250  34.817 0.0000000000
61255  -42.667  -1.960  34.258 0.0000000000
52464  -20.310  -9.396  54.941 0.0000000000
52470  -19.444  -10.509  54.435 0.0000000000
47557  -20.881  -15.165  53.075 0.0000000000
53502  -7.581  -9.763  45.033 0.0000000000
49589  -4.723  -13.690  51.387 0.0000000000
50591  -4.601  -13.196  50.836 0.0000000000
125042  -5.426  -14.037  51.271 0.0000000000
106455  -14.962  -8.528  58.692 0.0000000000
46488  -10.444  -15.853  63.899 0.0000000000
47485  -10.484  -15.345  63.720 0.0000000000
47484  -10.128  -15.647  63.426 0.0000000000
47489  -9.844  -15.824  63.166 0.0000000000
56348  -37.997  -5.549  49.092 0.0000000000
56362  -38.202  -5.753  48.385 0.0000000000
56377  -38.295  -5.984  47.631 0.0000000000
126468  -30.831  -10.395  56.493 0.0000000000
65097  -51.365  2.515  28.904 0.0000000000
64211  -50.767  1.968  28.722 0.0000000000
64222  -50.239  1.979  28.064 0.0000000000
122184  -40.410  -3.379  36.910 0.0000000000
59210  -40.504  -3.659  35.361 0.0000000000
119285  -6.368  -5.875  47.730 0.0000000000
56363  -5.998  -6.564  47.449 0.0000000000
55401  -5.551  -7.376  47.439 0.0000000000
49565  -11.195  -13.821  52.367 0.0000000000
48552  -11.183  -14.179  51.684 0.0000000000
44810  -9.824  -18.820  49.991 0.0000000000
43903  -9.421  -19.264  49.196 0.0000000000
43902  -8.521  -19.528  49.377 0.0000000000
43910  -7.457  -19.897  48.127 0.0000000000
120910  -17.816  -11.497  60.575 0.0000000000
51507  -17.705  -11.507  61.215 0.0000000000
50481  -17.560  -12.293  61.057 0.0000000000
61185  -34.742  -1.502  40.237 0.0000000000
61194  -35.663  -0.963  39.645 0.0000000000
61186  -35.737  -0.899  40.623 0.0000000000
112483  -34.363  -2.188  41.054 0.0000000000
51544  -24.988  -11.555  58.939 0.0000000000
112200  -24.616  -12.468  58.546 0.0000000000
115423  -24.083  -13.987  57.683 0.0000000000
50492  -28.914  -12.522  59.543 0.0000000000
109966  -28.197  -12.782  59.449 0.0000000000
111653  -24.881  -15.718  52.738 0.0000000000
105605  -24.990  -15.835  54.031 0.0000000000
46568  -24.072  -15.667  52.747 0.0000000000
47569  -23.984  -15.642  51.543 0.0000000000
47581  -24.377  -15.610  50.651 0.0000000000
50531  -5.197  -12.781  55.893 0.0000000000
118926  -4.747  -12.509  55.955 0.0000000000
50544  -6.946  -12.739  54.763 0.0000000000
111388  -7.532  -12.573  55.328 0.0000000000
50524  -11.624  -12.877  56.487 0.0000000000
48531  -11.679  -14.319  55.612 0.0000000000
48526  -11.902  -14.177  56.437 0.0000000000
63205  -44.649  0.949  33.121 0.0000000000
64183  -45.255  1.561  32.629 0.0000000000
49530  -17.064  -12.785  56.965 0.0000000000
48527  -16.667  -14.594  57.022 0.0000000000
49621  -19.006  -13.382  48.311 0.0000000000
117686  -16.494  -13.538  51.259 0.0000000000
50593  -16.743  -12.903  51.274 0.0000000000
50570  -17.297  -12.223  52.282 0.0000000000
50569  -16.731  -12.633  52.484 0.0000000000
55374  -5.002  -7.960  50.955 0.0000000000
51601  -4.948  -11.971  48.599 0.0000000000
51609  -4.837  -11.464  48.177 0.0000000000
126200  -5.503  -11.388  47.667 0.0000000000
47594  -9.486  -15.154  48.876 0.0000000000
48632  -9.476  -14.132  45.609 0.0000000000
119162  -10.597  -8.464  59.765 0.0000000000
54349  -10.301  -8.609  61.278 0.0000000000
52402  -14.735  -10.197  63.446 0.0000000000
52397  -14.182  -10.625  63.952 0.0000000000
114707  -12.345  -11.969  61.386 0.0000000000
51506  -12.267  -11.438  62.289 0.0000000000
51511  -11.875  -11.022  60.650 0.0000000000
50482  -12.334  -12.268  60.569 0.0000000000
46510  -9.462  -16.448  59.542 0.0000000000
47504  -10.493  -15.969  59.191 0.0000000000
46513  -8.796  -16.923  58.939 0.0000000000
42746  -8.290  -20.551  61.951 0.0000000000
116143  -8.132  -19.745  61.593 0.0000000000
56336  -37.252  -5.263  50.416 0.0000000000
56322  -33.645  -6.007  51.817 0.0000000000
56324  -35.707  -5.656  51.559 0.0000000000
57199  -36.706  -5.525  50.855 0.0000000000
124474  -36.993  -5.503  50.522 0.0000000000
53448  -31.947  -8.569  55.653 0.0000000000
53447  -31.344  -8.905  55.454 0.0000000000
55354  -32.249  -7.680  54.594 0.0000000000
55363  -33.066  -6.535  53.278 0.0000000000
55347  -32.654  -7.812  55.174 0.0000000000
55341  -32.922  -7.774  55.447 0.0000000000
54396  -32.506  -8.286  55.703 0.0000000000
64197  -50.575  1.824  29.980 0.0000000000
108597  -51.418  2.311  31.044 0.0000000000
63226  -44.942  1.286  29.076 0.0000000000
64208  -46.734  1.414  28.322 0.0000000000
64217  -46.342  1.376  27.701 0.0000000000
112095  -47.272  1.358  27.883 0.0000000000
64196  -49.575  1.778  30.017 0.0000000000
64203  -49.894  1.601  29.265 0.0000000000
59169  -39.065  -3.430  36.999 0.0000000000
61238  -38.496  -2.603  36.929 0.0000000000
59154  -32.662  -2.971  38.561 0.0000000000
59182  -35.175  -3.347  35.212 0.0000000000
60233  -35.624  -3.337  36.190 0.0000000000
59167  -37.496  -3.806  36.842 0.0000000000
59185  -37.932  -4.122  36.251 0.0000000000
114282  -11.326  -15.927  53.380 0.0000000000
46564  -11.313  -16.162  52.806 0.0000000000
45675  -11.060  -16.824  52.757 0.0000000000
44796  -9.395  -18.254  52.606 0.0000000000
44803  -9.631  -18.597  51.125 0.0000000000
44802  -8.585  -18.975  51.414 0.0000000000
110073  -8.188  -18.902  52.040 0.0000000000
44787  -7.496  -18.922  52.912 0.0000000000
43876  -7.434  -19.031  52.308 0.0000000000
43875  -6.797  -19.153  52.580 0.0000000000
43874  -5.986  -19.410  52.628 0.0000000000
48505  -16.625  -14.889  59.465 0.0000000000
48502  -16.588  -14.912  60.309 0.0000000000
47506  -16.386  -15.589  59.629 0.0000000000
60157  -35.539  -2.388  42.412 0.0000000000
55457  -37.971  -7.041  44.674 0.0000000000
113917  -37.756  -7.399  44.604 0.0000000000
56416  -37.777  -6.961  43.650 0.0000000000
57269  -37.510  -5.681  43.129 0.0000000000
106625  -37.505  -6.494  42.873 0.0000000000
57268  -37.183  -6.255  42.536 0.0000000000
57277  -36.604  -6.000  42.107 0.0000000000
112224  -35.667  -3.254  42.706 0.0000000000
52422  -25.804  -10.036  59.532 0.0000000000
53397  -26.039  -9.367  59.654 0.0000000000
46526  -28.373  -15.849  55.862 0.0000000000
46534  -28.003  -16.148  55.205 0.0000000000
66838  -50.027  4.834  25.935 0.0000000000
67694  -50.293  5.749  25.682 0.0000000000
68571  -50.740  6.547  25.249 0.0000000000
121379  -50.467  6.647  24.502 0.0000000000
50508  -7.215  -12.409  57.736 0.0000000000
51548  -8.939  -11.847  58.252 0.0000000000
50510  -9.522  -11.889  57.372 0.0000000000
50511  -10.304  -11.892  57.103 0.0000000000
63204  -44.462  -0.064  34.547 0.0000000000
60276  -39.121  -2.721  32.862 0.0000000000
61289  -41.468  -1.138  31.673 0.0000000000
104884  -41.777  -1.360  32.313 0.0000000000
62235  -43.443  -0.790  33.785 0.0000000000
62245  -43.703  -0.186  33.358 0.0000000000
51563  -18.541  -10.866  55.789 0.0000000000
51557  -17.761  -11.505  56.061 0.0000000000
48568  -16.444  -14.067  50.491 0.0000000000
106200  -16.398  -14.918  51.069 0.0000000000
105147  -4.513  -10.502  50.938 0.0000000000
53470  -4.607  -9.518  50.680 0.0000000000
50592  -4.848  -13.414  50.286 0.0000000000
50606  -4.681  -12.831  50.028 0.0000000000
50620  -4.845  -12.399  49.344 0.0000000000
50608  -5.734  -13.172  49.622 0.0000000000
118611  -9.563  -17.398  46.991 0.0000000000
46638  -9.105  -16.395  47.230 0.0000000000
45746  -8.914  -17.727  46.278 0.0000000000
122872  -12.902  -8.418  58.825 0.0000000000
54377  -12.527  -8.451  57.960 0.0000000000
54360  -12.318  -8.318  59.783 0.0000000000
49488  -12.510  -13.824  64.503 0.0000000000
106944  -12.928  -13.063  64.615 0.0000000000
48490  -10.776  -14.800  63.630 0.0000000000
49492  -11.324  -13.966  63.647 0.0000000000
48494  -11.299  -13.918  62.848 0.0000000000
48498  -11.377  -13.924  62.006 0.0000000000
111337  -9.661  -15.738  62.538 0.0000000000
47497  -9.357  -16.122  61.724 0.0000000000
109916  -8.936  -16.719  61.507 0.0000000000
56373  -33.386  -6.304  47.419 0.0000000000
56374  -34.260  -6.232  48.175 0.0000000000
107128  -34.208  -5.879  50.499 0.0000000000
125164  -34.179  -5.921  49.818 0.0000000000
56375  -36.420  -6.460  48.116 0.0000000000
55413  -37.302  -6.864  46.853 0.0000000000
55430  -37.534  -7.012  46.128 0.0000000000
57242  -38.418  -6.162  45.517 0.0000000000
53456  -30.323  -9.095  54.313 0.0000000000
124447  -30.637  -10.171  59.849 0.0000000000
52426  -30.668  -10.800  59.685 0.0000000000
55334  -32.744  -8.497  56.641 0.0000000000
51554  -30.545  -11.485  57.604 0.0000000000
51546  -30.973  -11.030  58.080 0.0000000000
119459  -30.056  -12.257  57.696 0.0000000000
50503  -29.903  -12.474  58.308 0.0000000000
49519  -29.657  -12.813  57.800 0.0000000000
48524  -29.183  -14.073  57.419 0.0000000000
48525  -29.434  -13.780  57.063 0.0000000000
47536  -29.468  -15.651  55.247 0.0000000000
66820  -52.795  4.723  28.935 0.0000000000
64232  -48.465  1.663  26.831 0.0000000000
65107  -49.478  2.526  26.656 0.0000000000
65946  -49.645  3.308  26.396 0.0000000000
66832  -49.781  4.070  26.193 0.0000000000
66828  -52.369  5.039  28.125 0.0000000000
60244  -41.778  -2.999  35.008 0.0000000000
115827  -41.918  -2.570  37.122 0.0000000000
60234  -39.966  -2.917  37.044 0.0000000000
60219  -40.661  -3.018  37.108 0.0000000000
59226  -37.772  -3.859  34.597 0.0000000000
122923  -37.954  -3.580  33.767 0.0000000000
59228  -40.406  -3.431  34.437 0.0000000000
47598  -21.432  -15.262  49.971 0.0000000000
56400  -5.504  -6.458  45.897 0.0000000000
104869  -5.016  -8.513  45.818 0.0000000000
55437  -5.203  -8.300  44.974 0.0000000000
113632  -5.083  -9.247  45.163 0.0000000000
52520  -5.217  -10.136  45.134 0.0000000000
49562  -8.065  -13.095  52.207 0.0000000000
49577  -8.412  -13.393  51.468 0.0000000000
123977  -10.820  -14.125  50.956 0.0000000000
49594  -9.796  -13.853  50.664 0.0000000000
48566  -10.556  -14.472  50.309 0.0000000000
48579  -10.149  -14.803  49.565 0.0000000000
118469  -11.412  -16.326  51.133 0.0000000000
45712  -10.961  -17.613  49.075 0.0000000000
45713  -11.249  -17.093  49.538 0.0000000000
45727  -11.124  -16.847  48.908 0.0000000000
45726  -10.616  -17.391  48.326 0.0000000000
43893  -6.876  -19.553  50.402 0.0000000000
43892  -5.823  -19.823  50.602 0.0000000000
54355  -16.733  -9.026  60.544 0.0000000000
53388  -17.381  -9.318  60.815 0.0000000000
50478  -16.940  -12.089  62.389 0.0000000000
51504  -16.748  -11.370  62.773 0.0000000000
52399  -16.157  -11.008  63.471 0.0000000000
51502  -16.231  -11.746  63.435 0.0000000000
48499  -16.431  -14.269  61.725 0.0000000000
47492  -14.735  -15.029  63.307 0.0000000000
48495  -15.346  -14.499  62.862 0.0000000000
48492  -14.947  -14.236  63.475 0.0000000000
48489  -14.223  -14.261  63.960 0.0000000000
49490  -13.930  -13.625  64.266 0.0000000000
48488  -13.845  -14.865  64.064 0.0000000000
46491  -12.821  -16.252  64.235 0.0000000000
112383  -12.082  -15.776  64.405 0.0000000000
61212  -35.719  -1.628  38.058 0.0000000000
61200  -35.665  -1.154  38.787 0.0000000000
114040  -37.384  -8.341  43.708 0.0000000000
54555  -36.356  -8.330  44.210 0.0000000000
54571  -37.040  -8.611  43.374 0.0000000000
126125  -33.494  -3.549  40.600 0.0000000000
58162  -33.325  -4.133  40.398 0.0000000000
49531  -22.587  -14.912  56.103 0.0000000000
119103  -22.062  -14.817  55.293 0.0000000000
47540  -21.628  -15.018  54.774 0.0000000000
47541  -21.889  -15.325  54.440 0.0000000000
104929  -26.823  -12.815  59.390 0.0000000000
51515  -27.061  -11.230  59.882 0.0000000000
50490  -26.262  -12.332  59.513 0.0000000000
106039  -25.775  -11.959  59.563 0.0000000000
49506  -25.298  -13.213  58.865 0.0000000000
47529  -26.655  -15.464  56.849 0.0000000000
46524  -25.890  -15.701  56.130 0.0000000000
108028  -24.690  -15.710  54.775 0.0000000000
46523  -24.637  -15.600  56.349 0.0000000000
46531  -23.559  -15.487  56.005 0.0000000000
47526  -23.024  -15.038  56.626 0.0000000000
119521  -23.345  -15.665  54.531 0.0000000000
46567  -23.400  -15.753  53.031 0.0000000000
46566  -22.522  -15.703  53.366 0.0000000000
47579  -22.599  -15.681  50.937 0.0000000000
47616  -23.267  -15.412  48.628 0.0000000000
121980  -22.973  -15.544  49.320 0.0000000000
68579  -52.417  7.357  24.102 0.0000000000
113173  -54.446  6.748  22.110 0.0000000000
112592  -4.471  -10.973  52.866 0.0000000000
116808  -4.480  -12.650  52.111 0.0000000000
51572  -4.506  -12.359  52.985 0.0000000000
51561  -4.386  -11.728  56.139 0.0000000000
49540  -5.132  -13.272  54.174 0.0000000000
49545  -4.893  -13.347  53.299 0.0000000000
49558  -4.760  -13.425  52.620 0.0000000000
123352  -6.065  -13.730  52.638 0.0000000000
49547  -6.683  -13.336  53.230 0.0000000000
50558  -8.511  -12.629  53.707 0.0000000000
50560  -9.892  -12.723  52.720 0.0000000000
49541  -11.185  -13.228  54.370 0.0000000000
49548  -11.019  -13.172  53.534 0.0000000000
104907  -11.408  -13.907  53.849 0.0000000000
106056  -11.531  -14.746  54.186 0.0000000000
47538  -11.405  -15.533  54.603 0.0000000000
46537  -10.651  -16.616  55.005 0.0000000000
65069  -47.518  2.462  32.557 0.0000000000
125433  -47.225  2.445  33.116 0.0000000000
62247  -41.942  -0.628  31.181 0.0000000000
63221  -43.483  0.391  30.998 0.0000000000
64188  -46.003  2.090  32.093 0.0000000000
121140  -46.451  2.168  31.308 0.0000000000
53396  -18.611  -9.609  59.087 0.0000000000
51514  -17.958  -10.785  60.097 0.0000000000
51526  -18.262  -10.712  59.308 0.0000000000
52448  -19.204  -10.043  57.318 0.0000000000
52438  -18.976  -10.026  58.067 0.0000000000
50501  -17.547  -12.200  58.447 0.0000000000
50487  -17.584  -12.290  59.404 0.0000000000
108170  -16.945  -14.086  59.246 0.0000000000
49512  -16.826  -13.878  58.328 0.0000000000
47515  -16.530  -15.560  57.649 0.0000000000
119852  -16.299  -16.405  57.463 0.0000000000
112365  -16.036  -16.964  57.529 0.0000000000
46522  -16.160  -16.802  56.906 0.0000000000
48556  -20.638  -15.005  51.248 0.0000000000
113438  -19.949  -13.815  51.161 0.0000000000
49612  -18.109  -12.948  49.487 0.0000000000
50610  -17.604  -12.896  49.930 0.0000000000
50583  -18.143  -12.400  51.273 0.0000000000
51578  -18.318  -11.557  52.999 0.0000000000
50549  -16.670  -12.633  54.063 0.0000000000
50537  -16.700  -12.724  54.985 0.0000000000
105301  -16.432  -15.694  52.448 0.0000000000
107473  -16.329  -14.134  53.021 0.0000000000
47546  -16.594  -15.510  54.228 0.0000000000
47539  -16.633  -15.147  55.103 0.0000000000
47534  -16.624  -15.688  56.044 0.0000000000
109672  -16.594  -16.126  55.246 0.0000000000
56326  -5.892  -6.556  50.411 0.0000000000
56338  -6.191  -6.488  49.474 0.0000000000
107298  -4.655  -9.436  49.852 0.0000000000
53478  -4.574  -10.013  48.998 0.0000000000
113610  -4.595  -10.202  47.880 0.0000000000
53484  -4.751  -9.361  48.378 0.0000000000
53489  -4.645  -10.269  46.906 0.0000000000
52500  -5.873  -11.015  47.098 0.0000000000
52509  -5.312  -10.645  46.402 0.0000000000
52510  -6.353  -10.524  46.328 0.0000000000
49593  -7.669  -13.806  50.788 0.0000000000
48576  -7.543  -14.209  49.224 0.0000000000
49608  -6.946  -13.802  49.712 0.0000000000
47629  -8.130  -15.213  47.863 0.0000000000
49626  -7.913  -14.146  47.938 0.0000000000
50629  -7.582  -12.629  48.213 0.0000000000
51613  -8.196  -12.094  47.637 0.0000000000
52513  -9.356  -11.244  46.282 0.0000000000
50648  -9.810  -12.661  46.120 0.0000000000
125087  -7.767  -10.168  61.460 0.0000000000
54347  -15.205  -9.123  61.528 0.0000000000
54362  -14.730  -8.633  60.186 0.0000000000
54345  -13.085  -8.757  61.893 0.0000000000
53381  -12.168  -8.867  62.104 0.0000000000
51499  -12.887  -11.064  64.113 0.0000000000
52400  -11.927  -9.506  62.410 0.0000000000
53380  -11.378  -8.971  62.026 0.0000000000
53379  -10.482  -9.086  61.867 0.0000000000
106184  -10.475  -9.519  61.871 0.0000000000
119346  -10.359  -10.471  60.801 0.0000000000
52412  -10.029  -9.884  61.699 0.0000000000
121762  -9.272  -10.731  60.789 0.0000000000
51521  -10.034  -11.060  59.792 0.0000000000
50500  -12.079  -12.398  58.658 0.0000000000
51540  -11.527  -11.690  58.834 0.0000000000
50513  -12.142  -12.727  58.002 0.0000000000
48501  -11.213  -14.487  61.318 0.0000000000
49502  -11.970  -14.087  60.291 0.0000000000
47508  -11.187  -15.594  58.557 0.0000000000
48509  -11.720  -14.937  58.634 0.0000000000
124297  -11.528  -15.242  58.063 0.0000000000
117021  -11.899  -14.617  57.926 0.0000000000
47514  -11.580  -15.165  57.398 0.0000000000
46519  -9.781  -16.930  57.038 0.0000000000
44746  -10.716  -18.415  63.564 0.0000000000
43775  -8.644  -19.395  62.318 0.0000000000
43769  -9.121  -18.962  62.690 0.0000000000
113804  -9.547  -17.485  63.217 0.0000000000
44744  -9.137  -17.861  62.708 0.0000000000
44753  -8.693  -17.777  62.178 0.0000000000
46504  -8.036  -17.518  60.834 0.0000000000
45639  -7.549  -18.027  60.218 0.0000000000
45643  -7.163  -18.336  59.436 0.0000000000
45653  -7.909  -17.626  58.105 0.0000000000
45652  -7.211  -18.142  58.001 0.0000000000
44771  -7.230  -18.453  56.351 0.0000000000
44772  -8.006  -18.157  55.809 0.0000000000
121209  -7.319  -18.809  54.707 0.0000000000
57191  -36.406  -5.237  51.569 0.0000000000
57184  -36.115  -5.083  52.110 0.0000000000
56311  -33.675  -6.102  52.622 0.0000000000
56323  -34.364  -5.838  51.983 0.0000000000
56313  -35.117  -5.661  51.986 0.0000000000
107484  -32.720  -7.474  54.663 0.0000000000
56294  -33.467  -6.758  54.817 0.0000000000
120608  -50.598  2.353  31.494 0.0000000000
125067  -49.820  2.347  31.382 0.0000000000
106245  -46.139  1.650  29.734 0.0000000000
117219  -47.042  1.688  29.607 0.0000000000
64201  -47.987  1.670  29.453 0.0000000000
60216  -37.837  -3.308  37.372 0.0000000000
61225  -38.040  -2.800  37.305 0.0000000000
45674  -10.580  -17.139  53.412 0.0000000000
121822  -7.431  -18.924  53.471 0.0000000000
46515  -16.248  -16.271  58.883 0.0000000000
45650  -15.553  -17.552  58.795 0.0000000000
106516  -38.117  -6.231  44.123 0.0000000000
59110  -37.048  -4.642  43.215 0.0000000000
54365  -26.857  -7.960  59.693 0.0000000000
46545  -27.598  -16.262  54.528 0.0000000000
66834  -51.092  4.975  27.023 0.0000000000
67688  -50.670  5.369  26.364 0.0000000000
67689  -51.421  5.872  26.769 0.0000000000
68564  -53.581  7.026  27.203 0.0000000000
108566  -6.442  -12.430  58.779 0.0000000000
50498  -7.559  -12.130  58.764 0.0000000000
60256  -40.663  -2.916  33.744 0.0000000000
60278  -41.281  -2.348  33.288 0.0000000000
110726  -41.861  -1.794  32.990 0.0000000000
61281  -42.342  -1.221  32.672 0.0000000000
52456  -20.029  -9.219  55.928 0.0000000000
51568  -18.461  -10.959  54.757 0.0000000000
48536  -21.675  -14.769  54.861 0.0000000000
126747  -5.961  -9.538  44.074 0.0000000000
53520  -6.184  -9.185  43.593 0.0000000000
53510  -6.699  -9.532  44.221 0.0000000000
49606  -5.293  -13.603  50.181 0.0000000000
45745  -8.543  -18.491  45.858 0.0000000000
45756  -7.038  -17.639  44.772 0.0000000000
106456  -13.909  -8.481  58.723 0.0000000000
106924  -11.778  -15.044  64.423 0.0000000000
48485  -11.756  -14.382  64.305 0.0000000000
48484  -11.004  -14.874  64.015 0.0000000000
121901  -9.861  -15.683  63.044 0.0000000000
47493  -9.574  -16.017  62.953 0.0000000000
46499  -9.409  -16.394  62.811 0.0000000000
113693  -36.676  -6.046  49.664 0.0000000000
111906  -35.648  -6.154  49.449 0.0000000000
56360  -37.219  -6.219  48.761 0.0000000000
56376  -38.006  -6.226  47.742 0.0000000000
56394  -38.128  -6.407  47.099 0.0000000000
54442  -30.821  -8.171  53.664 0.0000000000
52453  -31.883  -9.768  56.912 0.0000000000
52443  -31.926  -9.940  57.445 0.0000000000
52452  -31.563  -10.227  57.138 0.0000000000
50518  -30.563  -11.239  57.004 0.0000000000
50517  -30.020  -11.982  57.127 0.0000000000
119427  -29.577  -13.413  56.288 0.0000000000
65938  -52.515  3.879  29.206 0.0000000000
64221  -49.461  1.609  27.824 0.0000000000
64233  -49.190  1.826  27.027 0.0000000000
65103  -50.441  2.568  27.681 0.0000000000
65943  -50.626  3.323  27.440 0.0000000000
65104  -51.046  2.916  28.118 0.0000000000
65937  -51.720  3.372  28.664 0.0000000000
117057  -41.736  -3.251  36.086 0.0000000000
59189  -41.305  -3.283  36.623 0.0000000000
60220  -41.339  -2.977  37.049 0.0000000000
59207  -37.493  -4.092  35.418 0.0000000000
48591  -22.051  -14.944  48.328 0.0000000000
125877  -5.517  -6.809  46.292 0.0000000000
54540  -4.827  -9.493  45.877 0.0000000000
49578  -9.484  -13.331  51.373 0.0000000000
48567  -11.329  -14.878  50.926 0.0000000000
45686  -10.921  -17.579  50.844 0.0000000000
44817  -10.606  -18.236  49.405 0.0000000000
44824  -9.795  -19.090  48.275 0.0000000000
124931  -18.132  -10.119  61.029 0.0000000000
53378  -17.617  -10.117  61.543 0.0000000000
120333  -17.834  -10.747  61.310 0.0000000000
51505  -17.323  -11.424  61.924 0.0000000000
47499  -15.561  -15.480  62.006 0.0000000000
47496  -15.783  -14.740  62.247 0.0000000000
47491  -14.078  -15.446  63.756 0.0000000000
46496  -13.909  -16.148  63.570 0.0000000000
46495  -13.290  -16.569  63.832 0.0000000000
123372  -37.144  -8.237  42.133 0.0000000000
59136  -33.693  -2.938  40.748 0.0000000000
60176  -33.495  -2.642  39.877 0.0000000000
50515  -23.819  -13.638  57.172 0.0000000000
48528  -23.017  -14.794  56.676 0.0000000000
106576  -22.405  -14.895  56.325 0.0000000000
52417  -28.242  -10.745  60.164 0.0000000000
51530  -28.063  -12.111  59.747 0.0000000000
49508  -27.607  -13.064  59.320 0.0000000000
48508  -26.904  -13.447  59.010 0.0000000000
46543  -25.627  -15.830  54.640 0.0000000000
46542  -24.054  -15.742  54.227 0.0000000000
47568  -23.110  -15.718  51.736 0.0000000000
47580  -23.528  -15.680  50.835 0.0000000000
108401  -23.906  -15.608  50.078 0.0000000000
68583  -49.737  6.356  24.061 0.0000000000
50530  -4.631  -12.398  55.229 0.0000000000
50556  -6.198  -13.225  54.084 0.0000000000
50535  -10.369  -12.440  55.694 0.0000000000
47533  -11.494  -15.297  55.499 0.0000000000
65027  -46.765  2.261  34.363 0.0000000000
62244  -43.339  -0.217  32.605 0.0000000000
62249  -43.039  -0.112  31.685 0.0000000000
63218  -44.115  0.740  31.666 0.0000000000
64186  -44.718  1.271  31.368 0.0000000000
51551  -17.990  -11.485  57.360 0.0000000000
49523  -17.104  -12.948  57.925 0.0000000000
49614  -20.242  -13.710  49.298 0.0000000000
115437  -19.699  -13.380  49.724 0.0000000000
49597  -18.940  -13.062  50.024 0.0000000000
49596  -17.097  -13.163  50.029 0.0000000000
50582  -17.401  -12.430  51.564 0.0000000000
50571  -17.949  -12.007  52.134 0.0000000000
50561  -16.684  -12.606  53.222 0.0000000000
49550  -16.474  -13.349  53.541 0.0000000000
46565  -16.558  -16.380  53.038 0.0000000000
46539  -16.438  -17.031  55.383 0.0000000000
55383  -5.254  -7.987  49.878 0.0000000000
52498  -4.807  -10.942  47.490 0.0000000000
49609  -7.567  -14.008  49.961 0.0000000000
48586  -8.059  -14.629  48.890 0.0000000000
49641  -9.239  -13.108  46.681 0.0000000000
109291  -15.218  -9.832  62.795 0.0000000000
53382  -14.709  -9.347  62.271 0.0000000000
53375  -14.208  -9.736  62.893 0.0000000000
53374  -13.240  -9.606  62.930 0.0000000000
50477  -12.201  -11.989  63.358 0.0000000000
51503  -12.398  -10.943  63.127 0.0000000000
52414  -11.725  -10.546  61.620 0.0000000000
52420  -11.324  -10.843  60.353 0.0000000000
51523  -11.673  -11.450  59.775 0.0000000000
111891  -10.563  -15.536  60.098 0.0000000000
47507  -10.671  -16.058  58.332 0.0000000000
46516  -9.374  -16.876  57.935 0.0000000000
45654  -8.779  -17.328  57.325 0.0000000000
43774  -8.212  -19.015  61.736 0.0000000000
125112  -7.926  -18.584  61.035 0.0000000000
43794  -7.536  -18.740  60.376 0.0000000000
44766  -6.703  -18.664  57.700 0.0000000000
56333  -32.640  -6.238  50.608 0.0000000000
106413  -35.053  -5.801  50.772 0.0000000000
56346  -35.851  -6.053  50.302 0.0000000000
106412  -36.599  -5.787  50.459 0.0000000000
56347  -37.185  -5.604  50.080 0.0000000000
52459  -30.541  -10.471  56.111 0.0000000000
52469  -30.979  -9.658  55.883 0.0000000000
54443  -31.670  -7.725  54.026 0.0000000000
120544  -31.969  -7.165  53.305 0.0000000000
55373  -32.291  -6.577  52.068 0.0000000000
56288  -33.103  -7.452  55.543 0.0000000000
55335  -32.961  -8.149  55.980 0.0000000000
53426  -32.180  -9.361  56.676 0.0000000000
52461  -31.833  -9.454  56.554 0.0000000000
52460  -31.331  -9.927  56.551 0.0000000000
65090  -52.114  2.474  30.599 0.0000000000
64199  -45.726  1.448  29.023 0.0000000000
63233  -45.383  1.322  28.217 0.0000000000
64219  -48.014  1.400  27.429 0.0000000000
64209  -48.673  1.365  27.957 0.0000000000
109996  -48.379  1.461  28.664 0.0000000000
64204  -50.696  1.800  29.273 0.0000000000
59165  -32.711  -3.180  36.618 0.0000000000
105906  -34.188  -3.237  34.962 0.0000000000
56350  -6.306  -6.332  48.431 0.0000000000
109620  -11.461  -15.239  52.188 0.0000000000
115537  -11.426  -15.773  52.297 0.0000000000
46581  -11.310  -16.422  52.023 0.0000000000
109261  -10.575  -17.390  52.637 0.0000000000
45682  -10.606  -17.579  51.800 0.0000000000
44804  -10.348  -18.053  51.222 0.0000000000
106713  -7.945  -19.489  50.000 0.0000000000
125324  -7.155  -19.340  51.003 0.0000000000
43884  -5.709  -19.696  51.353 0.0000000000
49501  -17.286  -13.305  60.816 0.0000000000
105979  -16.359  -14.929  61.088 0.0000000000
46512  -16.069  -16.273  59.815 0.0000000000
46508  -15.782  -16.212  60.671 0.0000000000
109678  -15.924  -15.587  61.268 0.0000000000
46503  -15.348  -16.229  61.557 0.0000000000
61177  -36.169  -0.945  41.592 0.0000000000
55446  -37.123  -7.471  45.344 0.0000000000
55445  -36.179  -7.609  45.315 0.0000000000
54545  -37.414  -7.716  44.603 0.0000000000
54557  -37.549  -7.976  44.022 0.0000000000
55462  -37.595  -7.566  43.206 0.0000000000
55470  -37.476  -7.461  42.668 0.0000000000
54589  -37.240  -7.669  42.221 0.0000000000
111907  -36.877  -7.221  41.870 0.0000000000
56432  -36.296  -6.536  41.526 0.0000000000
57276  -35.811  -5.648  41.704 0.0000000000
58154  -35.334  -4.755  42.048 0.0000000000
58144  -36.050  -4.383  42.658 0.0000000000
59108  -35.020  -2.959  42.223 0.0000000000
52431  -25.396  -10.300  58.988 0.0000000000
113412  -24.882  -12.361  59.045 0.0000000000
48523  -28.654  -14.300  57.721 0.0000000000
48522  -27.859  -14.458  57.920 0.0000000000
47530  -27.819  -15.457  56.683 0.0000000000
46525  -27.174  -15.786  55.864 0.0000000000
46544  -26.612  -15.997  54.535 0.0000000000
46554  -27.065  -16.216  53.846 0.0000000000
105428  -26.014  -15.978  53.914 0.0000000000
119472  -25.715  -15.835  52.699 0.0000000000
47570  -24.912  -15.595  51.327 0.0000000000
125053  -49.461  5.634  24.666 0.0000000000
68584  -50.648  6.897  23.702 0.0000000000
106192  -52.559  7.126  25.885 0.0000000000
119129  -5.670  -12.648  56.601 0.0000000000
50532  -7.573  -12.493  56.108 0.0000000000
105666  -8.528  -12.334  56.318 0.0000000000
115588  -44.799  0.687  34.013 0.0000000000
64161  -45.388  1.196  34.360 0.0000000000
63189  -44.604  -0.360  35.387 0.0000000000
60296  -39.741  -2.328  32.424 0.0000000000
62243  -42.707  -0.615  32.259 0.0000000000
53415  -19.331  -8.818  56.777 0.0000000000
118952  -17.784  -11.658  56.743 0.0000000000
50526  -17.326  -12.179  56.383 0.0000000000
50525  -16.880  -12.838  55.953 0.0000000000
49627  -17.732  -13.809  48.020 0.0000000000
49619  -17.397  -13.719  48.687 0.0000000000
48587  -16.926  -13.902  49.139 0.0000000000
49610  -16.765  -13.654  49.833 0.0000000000
48554  -16.375  -14.188  51.383 0.0000000000
114076  -16.380  -13.799  52.054 0.0000000000
47565  -16.435  -15.706  51.709 0.0000000000
106587  -4.517  -10.298  49.998 0.0000000000
46628  -9.511  -16.112  47.874 0.0000000000
46637  -8.443  -15.922  46.965 0.0000000000
47644  -8.307  -15.813  46.579 0.0000000000
47660  -8.210  -15.725  46.078 0.0000000000
47659  -7.976  -15.811  45.332 0.0000000000
54376  -11.657  -8.528  58.033 0.0000000000
104950  -11.134  -8.471  58.989 0.0000000000
54359  -11.296  -8.307  60.013 0.0000000000
125638  -13.817  -12.562  64.496 0.0000000000
51495  -13.569  -11.330  64.302 0.0000000000
50470  -13.320  -12.323  64.591 0.0000000000
50469  -12.766  -12.501  64.528 0.0000000000
50474  -12.418  -12.241  64.147 0.0000000000
49487  -11.773  -13.693  64.155 0.0000000000
50473  -11.925  -12.963  63.924 0.0000000000
47498  -10.221  -15.114  62.074 0.0000000000
113418  -10.480  -15.248  61.078 0.0000000000
47500  -9.883  -15.863  60.919 0.0000000000
56392  -34.707  -6.664  46.583 0.0000000000
56393  -35.708  -6.862  46.643 0.0000000000
56344  -33.347  -6.059  50.020 0.0000000000
112009  -33.727  -5.826  49.135 0.0000000000
113818  -35.330  -6.507  47.464 0.0000000000
55429  -36.580  -7.188  46.203 0.0000000000
122008  -38.166  -6.711  45.230 0.0000000000
56405  -38.260  -6.510  45.938 0.0000000000
56411  -38.186  -6.535  44.764 0.0000000000
112268  -38.356  -5.304  44.352 0.0000000000
53401  -29.149  -9.290  59.916 0.0000000000
122878  -29.605  -12.255  59.538 0.0000000000
49510  -29.493  -12.626  58.950 0.0000000000
53409  -31.854  -10.010  58.490 0.0000000000
52442  -31.604  -10.478  57.767 0.0000000000
52433  -31.896  -10.163  57.976 0.0000000000
52432  -31.384  -10.617  58.603 0.0000000000
51533  -30.695  -11.376  58.874 0.0000000000
49518  -29.342  -12.993  58.299 0.0000000000
48517  -28.912  -13.624  58.176 0.0000000000
47535  -29.139  -15.814  55.618 0.0000000000
48530  -29.449  -13.955  56.415 0.0000000000
65106  -48.831  2.239  26.386 0.0000000000
65114  -48.469  2.642  25.736 0.0000000000
66826  -50.812  4.142  27.248 0.0000000000
120391  -40.000  -3.273  33.939 0.0000000000
60257  -41.393  -2.841  34.073 0.0000000000
48590  -21.404  -14.614  48.570 0.0000000000
48589  -20.803  -14.126  48.854 0.0000000000
49622  -20.059  -13.522  48.272 0.0000000000
49629  -19.241  -13.508  47.469 0.0000000000
52532  -5.739  -9.839  44.567 0.0000000000
52522  -7.110  -10.097  45.727 0.0000000000
49560  -5.974  -14.020  51.759 0.0000000000
45698  -11.342  -16.842  50.377 0.0000000000
47596  -11.261  -15.761  49.577 0.0000000000
46616  -11.066  -16.058  48.905 0.0000000000
45736  -9.610  -18.383  46.848 0.0000000000
44832  -9.877  -18.695  47.453 0.0000000000
43925  -9.377  -19.040  46.705 0.0000000000
44843  -8.598  -19.132  46.121 0.0000000000
54348  -16.426  -9.259  61.392 0.0000000000
126408  -16.610  -9.559  62.100 0.0000000000
53377  -17.013  -9.987  62.246 0.0000000000
53376  -16.184  -9.903  62.632 0.0000000000
52403  -15.746  -10.353  63.248 0.0000000000
51501  -15.605  -11.454  63.899 0.0000000000
51497  -15.002  -12.047  64.146 0.0000000000
49498  -17.232  -12.947  61.587 0.0000000000
49497  -16.747  -13.381  62.024 0.0000000000
49494  -16.478  -12.829  62.614 0.0000000000
48493  -15.935  -13.274  62.947 0.0000000000
50475  -16.023  -12.579  63.297 0.0000000000
50472  -15.244  -12.728  63.793 0.0000000000
50471  -14.341  -12.805  64.244 0.0000000000
49489  -13.233  -13.687  64.552 0.0000000000
109173  -13.042  -14.281  64.584 0.0000000000
47488  -13.551  -15.348  64.178 0.0000000000
48487  -13.273  -14.852  64.428 0.0000000000
118204  -10.475  -16.732  63.962 0.0000000000
60205  -36.233  -2.315  37.514 0.0000000000
61213  -36.542  -1.388  37.772 0.0000000000
54543  -35.821  -7.976  44.650 0.0000000000
59147  -32.416  -3.575  39.006 0.0000000000
60194  -33.350  -2.443  39.032 0.0000000000
60203  -34.401  -2.134  37.754 0.0000000000
50527  -23.537  -13.736  56.202 0.0000000000
49537  -22.807  -14.431  55.698 0.0000000000
48535  -21.388  -14.930  54.539 0.0000000000
121353  -21.175  -15.265  53.682 0.0000000000
52416  -27.298  -10.625  60.015 0.0000000000
53390  -26.833  -9.848  59.944 0.0000000000
109539  -26.236  -9.927  59.787 0.0000000000
51528  -25.883  -11.337  59.623 0.0000000000
51527  -25.228  -11.926  59.361 0.0000000000
49505  -24.824  -13.000  58.785 0.0000000000
47512  -26.853  -14.597  58.112 0.0000000000
47528  -25.473  -15.431  57.044 0.0000000000
47511  -25.735  -14.562  58.186 0.0000000000
47510  -24.784  -14.342  58.056 0.0000000000
48512  -24.269  -14.107  57.805 0.0000000000
48521  -23.542  -14.633  57.264 0.0000000000
114952  -22.774  -15.137  55.945 0.0000000000
46541  -22.607  -15.530  54.540 0.0000000000
47548  -21.742  -15.484  53.821 0.0000000000
47558  -21.739  -15.584  53.002 0.0000000000
47615  -22.457  -15.382  48.886 0.0000000000
68591  -50.974  6.878  22.662 0.0000000000
68592  -51.989  6.857  22.542 0.0000000000
68593  -52.781  6.731  22.389 0.0000000000
68600  -52.432  6.352  21.714 0.0000000000
110540  -4.478  -10.728  51.914 0.0000000000
50581  -4.542  -13.213  51.674 0.0000000000
49574  -4.710  -13.686  52.014 0.0000000000
51565  -4.479  -12.423  54.106 0.0000000000
49561  -6.986  -13.505  52.421 0.0000000000
49564  -10.804  -13.160  52.688 0.0000000000
50546  -9.198  -12.537  54.313 0.0000000000
110618  -9.930  -12.503  54.813 0.0000000000
124204  -9.836  -12.557  54.194 0.0000000000
49549  -11.329  -13.817  53.024 0.0000000000
46538  -11.187  -16.068  53.997 0.0000000000
46549  -10.682  -16.729  54.196 0.0000000000
45667  -9.660  -17.471  54.977 0.0000000000
65079  -47.901  2.431  31.824 0.0000000000
65070  -48.533  2.527  32.706 0.0000000000
116604  -43.520  -1.823  35.679 0.0000000000
62252  -41.775  -0.339  30.327 0.0000000000
62260  -42.414  0.142  29.866 0.0000000000
123787  -43.036  0.430  29.593 0.0000000000
63231  -43.432  0.718  29.033 0.0000000000
110702  -44.557  1.093  29.873 0.0000000000
124517  -45.260  1.639  31.129 0.0000000000
64192  -45.725  1.743  30.569 0.0000000000
125246  -46.132  2.006  30.921 0.0000000000
53384  -18.149  -9.925  60.346 0.0000000000
52415  -18.120  -10.429  60.534 0.0000000000
125090  -18.919  -9.683  57.934 0.0000000000
51542  -18.036  -11.382  58.073 0.0000000000
48511  -16.582  -14.924  58.550 0.0000000000
47509  -16.437  -15.771  58.390 0.0000000000
45656  -15.803  -17.567  57.420 0.0000000000
48555  -20.143  -14.421  51.886 0.0000000000
50585  -19.530  -13.115  52.242 0.0000000000
49620  -18.041  -13.360  48.606 0.0000000000
50573  -19.818  -12.457  52.626 0.0000000000
106189  -19.272  -12.239  52.523 0.0000000000
51579  -19.276  -11.473  52.963 0.0000000000
107381  -16.425  -14.060  53.957 0.0000000000
116738  -16.444  -14.693  53.715 0.0000000000
114118  -16.197  -17.242  56.214 0.0000000000
57209  -6.468  -5.651  49.205 0.0000000000
119306  -5.132  -7.980  50.431 0.0000000000
110259  -5.461  -7.920  49.031 0.0000000000
55391  -5.474  -7.675  48.196 0.0000000000
54528  -4.939  -8.829  46.637 0.0000000000
112202  -4.924  -10.574  46.581 0.0000000000
53499  -4.766  -10.170  46.076 0.0000000000
52519  -4.978  -10.296  45.775 0.0000000000
49591  -5.898  -13.906  50.799 0.0000000000
49607  -6.178  -13.644  50.035 0.0000000000
50622  -6.221  -12.730  49.030 0.0000000000
47610  -8.804  -15.390  48.188 0.0000000000
111035  -7.681  -14.436  48.573 0.0000000000
48597  -7.919  -14.697  48.101 0.0000000000
125062  -7.702  -14.371  48.255 0.0000000000
51622  -7.912  -11.382  47.289 0.0000000000
112733  -9.135  -10.559  45.757 0.0000000000
50649  -10.257  -12.356  45.690 0.0000000000
51509  -7.241  -10.998  61.151 0.0000000000
115523  -13.824  -8.512  60.311 0.0000000000
54346  -14.092  -8.898  61.719 0.0000000000
54352  -13.419  -8.625  61.117 0.0000000000
112473  -12.814  -8.422  60.484 0.0000000000
119411  -10.945  -8.391  61.027 0.0000000000
52396  -13.205  -10.545  63.897 0.0000000000
53371  -12.815  -9.998  63.399 0.0000000000
52401  -12.374  -10.089  62.997 0.0000000000
53373  -12.443  -9.485  62.656 0.0000000000
120554  -9.924  -8.960  61.613 0.0000000000
53387  -9.110  -9.415  61.507 0.0000000000
52406  -8.602  -9.842  61.686 0.0000000000
52410  -7.954  -10.219  61.545 0.0000000000
51510  -8.103  -10.818  61.176 0.0000000000
51520  -7.573  -11.430  60.600 0.0000000000
51538  -9.549  -11.502  59.007 0.0000000000
51550  -11.131  -11.714  58.133 0.0000000000
106813  -11.069  -11.950  57.435 0.0000000000
50512  -11.772  -12.624  57.259 0.0000000000
49520  -12.101  -13.550  56.954 0.0000000000
49500  -12.291  -13.158  60.307 0.0000000000
49503  -12.311  -13.642  59.408 0.0000000000
48519  -12.240  -13.880  57.792 0.0000000000
46521  -11.194  -15.925  56.110 0.0000000000
46520  -10.557  -16.471  56.628 0.0000000000
46527  -10.645  -16.541  55.777 0.0000000000
45664  -10.145  -17.074  55.420 0.0000000000
43770  -9.755  -19.658  62.833 0.0000000000
45623  -9.652  -16.734  63.371 0.0000000000
124710  -9.437  -16.524  63.021 0.0000000000
46493  -9.345  -16.598  62.815 0.0000000000
46498  -9.139  -16.844  62.384 0.0000000000
45636  -8.651  -17.451  61.908 0.0000000000
46501  -8.658  -17.168  61.616 0.0000000000
46505  -8.398  -17.008  60.835 0.0000000000
45644  -8.026  -17.219  59.541 0.0000000000
44758  -7.317  -18.552  59.975 0.0000000000
123651  -7.231  -18.513  59.744 0.0000000000
114042  -7.544  -17.731  59.565 0.0000000000
111118  -7.924  -17.397  58.895 0.0000000000
45657  -7.193  -18.244  57.135 0.0000000000
105197  -8.595  -17.658  56.333 0.0000000000
45662  -8.884  -17.888  55.283 0.0000000000
126306  -8.781  -18.145  54.691 0.0000000000
44779  -7.785  -18.685  54.062 0.0000000000
47517  -25.022  -14.998  57.763 0.0000000000
47520  -28.359  -14.931  57.289 0.0000000000
47521  -29.013  -14.731  56.989 0.0000000000
47525  -23.109  -14.906  56.883 0.0000000000
47527  -23.702  -15.319  56.968 0.0000000000
48500  -16.906  -13.636  61.447 0.0000000000
48513  -25.425  -13.895  58.524 0.0000000000
48514  -26.381  -14.051  58.560 0.0000000000
48529  -29.305  -14.422  56.648 0.0000000000
49507  -26.068  -12.936  59.173 0.0000000000
49509  -28.830  -13.066  58.918 0.0000000000
49514  -24.500  -13.464  58.204 0.0000000000
49516  -27.891  -13.577  58.898 0.0000000000
49517  -28.472  -13.471  58.680 0.0000000000
49525  -24.339  -13.405  57.944 0.0000000000
50488  -24.924  -12.514  59.054 0.0000000000
50489  -25.369  -12.497  59.230 0.0000000000
50491  -27.255  -12.362  59.612 0.0000000000
50493  -30.121  -12.102  58.936 0.0000000000
51496  -14.127  -12.042  64.443 0.0000000000
51516  -27.774  -11.365  59.947 0.0000000000
51529  -26.547  -11.676  59.741 0.0000000000
53391  -27.625  -9.855  60.069 0.0000000000
53398  -26.455  -9.165  59.740 0.0000000000
54374  -31.156  -9.441  58.909 0.0000000000
54386  -32.512  -9.239  56.954 0.0000000000
54395  -32.494  -8.787  56.347 0.0000000000
54556  -37.105  -8.355  44.039 0.0000000000
54581  -37.379  -7.981  42.664 0.0000000000
55414  -37.841  -6.628  46.965 0.0000000000
55448  -38.007  -6.933  45.308 0.0000000000
56424  -37.630  -7.000  42.986 0.0000000000
64205  -51.228  2.070  29.305 0.0000000000
106614  -23.314  -14.948  57.116 0.0000000000
119131  -31.921  -9.456  58.342 0.0000000000
119905  -17.004  -12.695  62.112 0.0000000000
120943  -25.964  -10.590  59.670 0.0000000000
121709  -24.376  -15.672  55.504 0.0000000000
122096  -15.554  -13.847  63.015 0.0000000000
124261  -10.541  -15.123  63.648 0.0000000000
124270  -10.849  -13.536  52.025 0.0000000000
124307  -12.363  -15.265  64.491 0.0000000000
125879  -28.255  -13.235  59.117 0.0000000000
