#!ascii label  , from subject sub-v1s18x0051230_ses-1 vox2ras=TkReg
593
118485  30.156  -50.130  -12.216 0.6000000238
110117  28.694  -50.108  -5.516 0.6999999881
16615  29.379  -50.581  -6.413 0.6999999881
15859  28.560  -51.433  -9.217 0.8999999762
15866  29.040  -51.212  -10.029 0.8000000119
15875  29.378  -51.155  -10.983 0.8000000119
17529  30.110  -49.378  -12.575 0.6000000238
17539  29.062  -49.473  -13.934 0.6999999881
17431  28.426  -49.446  -5.659 0.6999999881
17410  27.283  -49.555  -4.790 0.6999999881
16616  29.157  -49.878  -6.134 0.6999999881
17470  29.519  -49.249  -7.528 0.6000000238
109403  29.668  -49.915  -7.707 0.6999999881
111556  29.529  -50.587  -7.912 0.6999999881
16647  29.675  -50.176  -8.626 0.8000000119
17498  30.051  -49.192  -9.742 0.8000000119
16660  29.738  -50.162  -9.657 0.8000000119
17507  30.005  -49.727  -10.453 0.8000000119
17518  30.197  -49.338  -11.334 0.6000000238
18296  29.584  -48.501  -12.994 0.6000000238
18305  28.639  -48.554  -13.958 0.6999999881
17540  28.838  -49.026  -14.016 0.6999999881
17432  27.668  -49.122  -5.263 0.5000000000
18203  28.001  -48.651  -5.925 0.4000000060
17448  28.723  -49.149  -6.212 0.6000000238
18234  29.073  -48.551  -7.323 0.5000000000
18249  29.443  -48.530  -8.115 0.6000000238
17487  29.741  -49.270  -8.335 0.8000000119
18260  29.803  -48.545  -9.037 0.6999999881
112079  29.913  -48.450  -9.998 0.6999999881
19114  29.617  -47.799  -11.167 0.6999999881
19141  28.851  -47.679  -13.237 0.5000000000
19149  28.415  -47.577  -13.850 0.6000000238
18306  28.581  -48.311  -13.983 0.6000000238
18313  29.020  -48.590  -14.333 0.5000000000
19033  26.807  -48.001  -5.218 0.5000000000
18188  26.896  -48.733  -4.895 0.6000000238
18189  26.136  -48.724  -4.598 0.6000000238
127692  27.331  -48.476  -5.421 0.5000000000
19069  28.770  -47.930  -7.851 0.5000000000
19087  29.140  -47.788  -8.599 0.6000000238
19100  29.301  -47.582  -9.577 0.6000000238
19115  29.085  -47.232  -10.504 0.6000000238
19128  29.007  -47.075  -11.454 0.5000000000
118155  28.836  -47.103  -12.376 0.5000000000
19142  28.308  -46.965  -13.006 0.6000000238
126892  27.971  -46.552  -13.794 0.6000000238
19158  28.349  -47.328  -14.009 0.5000000000
119682  28.660  -47.129  -14.307 0.5000000000
111110  29.975  -46.313  -14.301 0.5000000000
117084  29.325  -47.141  -14.461 0.5000000000
18204  26.319  -48.019  -4.792 0.5000000000
108692  25.593  -48.085  -4.527 0.5000000000
19051  27.247  -47.911  -5.987 0.5000000000
19050  27.836  -48.120  -6.514 0.4000000060
19089  26.717  -47.172  -7.820 0.3000000119
109097  27.735  -47.522  -7.707 0.4000000060
19088  27.186  -47.242  -8.345 0.3000000119
19965  26.487  -46.953  -8.397 0.3000000119
116140  28.216  -47.238  -8.920 0.5000000000
19101  28.187  -46.891  -9.786 0.5000000000
20001  26.970  -46.564  -11.063 0.5000000000
20014  28.101  -46.645  -11.910 0.5000000000
19143  27.664  -46.629  -12.753 0.6000000238
19150  27.935  -46.695  -13.444 0.6000000238
115070  28.320  -46.579  -14.157 0.5000000000
19034  26.383  -47.345  -4.968 0.5000000000
19052  26.700  -47.389  -5.634 0.5000000000
19072  26.650  -47.076  -7.174 0.4000000060
19071  27.227  -47.520  -6.955 0.5000000000
19966  26.389  -46.835  -8.021 0.4000000060
19976  26.282  -46.593  -8.798 0.3000000119
112902  26.073  -46.455  -9.590 0.3000000119
19987  26.892  -46.629  -10.058 0.4000000060
20015  26.985  -46.473  -12.054 0.4000000060
107177  27.754  -46.090  -14.017 0.5000000000
21031  27.587  -45.339  -14.176 0.5000000000
21030  28.474  -45.660  -14.266 0.5000000000
107891  29.828  -44.859  -13.916 0.4000000060
20034  28.997  -46.430  -14.381 0.5000000000
19917  26.103  -46.555  -4.850 0.5000000000
19928  26.440  -46.703  -5.292 0.5000000000
19941  26.623  -46.947  -6.260 0.5000000000
19953  26.665  -46.608  -7.004 0.4000000060
116531  26.530  -46.411  -7.796 0.4000000060
20968  26.318  -46.364  -8.514 0.3000000119
20979  25.911  -46.183  -9.394 0.3000000119
19988  25.999  -46.473  -10.437 0.4000000060
19989  25.596  -46.223  -10.800 0.4000000060
20003  25.391  -46.162  -11.622 0.4000000060
20002  26.058  -46.446  -11.338 0.4000000060
20016  26.069  -46.400  -12.242 0.4000000060
121656  26.014  -46.326  -12.839 0.5000000000
20025  26.437  -46.224  -13.308 0.5000000000
20024  26.832  -46.466  -12.944 0.6000000238
110718  28.173  -44.710  -14.335 0.4000000060
20926  26.480  -45.728  -5.051 0.4000000060
20956  26.964  -45.901  -7.150 0.4000000060
20943  26.705  -46.236  -5.869 0.4000000060
20967  26.742  -45.835  -7.985 0.4000000060
20978  26.438  -45.704  -8.834 0.4000000060
20989  25.573  -45.800  -10.228 0.4000000060
19977  25.618  -46.210  -10.163 0.4000000060
20990  25.327  -45.948  -10.828 0.4000000060
21002  25.057  -45.446  -11.624 0.4000000060
20017  25.568  -46.200  -12.441 0.5000000000
21021  25.558  -45.948  -13.031 0.5000000000
21020  26.228  -45.566  -13.627 0.6000000238
122983  26.859  -45.207  -14.039 0.5000000000
22938  27.154  -43.721  -14.480 0.4000000060
114217  27.928  -43.879  -14.487 0.4000000060
20925  27.041  -45.355  -5.693 0.4000000060
21951  27.725  -45.211  -7.460 0.4000000060
21933  27.631  -45.137  -6.512 0.4000000060
21964  27.531  -45.104  -8.382 0.4000000060
21979  26.185  -45.400  -9.697 0.4000000060
21991  25.363  -45.252  -10.952 0.4000000060
21013  25.137  -45.774  -12.314 0.4000000060
114461  24.994  -45.187  -12.808 0.5000000000
22019  25.447  -45.040  -13.435 0.4000000060
22030  26.250  -44.721  -13.983 0.6000000238
21978  27.219  -44.835  -9.263 0.4000000060
21989  26.852  -44.429  -10.061 0.4000000060
22897  26.402  -43.963  -10.777 0.5000000000
22002  25.575  -44.380  -11.169 0.4000000060
22003  25.094  -44.739  -11.509 0.3000000119
22004  24.806  -44.626  -12.011 0.3000000119
21003  24.870  -45.124  -12.238 0.4000000060
22020  24.798  -44.387  -13.133 0.4000000060
22031  25.407  -44.025  -13.792 0.4000000060
21912  27.528  -44.575  -5.687 0.4000000060
21963  28.260  -44.425  -8.857 0.4000000060
22884  27.841  -44.035  -9.718 0.4000000060
22896  27.373  -43.596  -10.487 0.3000000119
22908  26.864  -43.179  -11.213 0.3000000119
22910  24.979  -43.948  -11.865 0.3000000119
22911  24.693  -44.009  -12.372 0.3000000119
22940  24.934  -43.118  -13.746 0.4000000060
23811  25.141  -42.502  -14.196 0.4000000060
21932  28.488  -44.578  -7.058 0.3000000119
21950  28.499  -44.603  -7.936 0.3000000119
22895  28.287  -43.260  -10.171 0.3000000119
23763  27.786  -42.816  -10.925 0.3000000119
22909  25.871  -43.530  -11.489 0.4000000060
23783  25.590  -42.254  -12.359 0.4000000060
23777  25.304  -43.058  -12.131 0.3000000119
23784  24.901  -42.527  -12.599 0.3000000119
22928  24.552  -42.931  -13.189 0.3000000119
122440  24.741  -42.470  -13.748 0.4000000060
23812  24.720  -41.964  -14.050 0.4000000060
24591  25.257  -41.615  -14.394 0.4000000060
23776  26.231  -42.725  -11.806 0.4000000060
24568  25.942  -41.462  -12.505 0.4000000060
111224  24.903  -41.666  -12.853 0.4000000060
23794  24.594  -41.858  -13.590 0.4000000060
24578  24.238  -41.025  -13.836 0.4000000060
25439  23.949  -40.647  -14.028 0.4000000060
121029  24.307  -41.208  -14.050 0.4000000060
25438  24.450  -40.772  -14.272 0.4000000060
25410  24.640  -40.817  -13.270 0.5000000000
25422  24.046  -40.567  -13.789 0.4000000060
25423  23.752  -40.272  -13.971 0.4000000060
25437  25.470  -40.656  -14.530 0.3000000119
26388  23.831  -39.617  -14.223 0.3000000119
15858  29.331  -50.851  -9.221 0.8000000119
18283  29.990  -48.512  -11.831 0.6000000238
18272  30.171  -49.034  -10.441 0.6999999881
19157  28.729  -47.816  -14.306 0.6000000238
19070  28.239  -48.015  -7.155 0.4000000060
126496  28.289  -47.508  -8.275 0.4000000060
19127  29.453  -47.723  -12.164 0.6999999881
20000  28.147  -46.740  -10.772 0.5000000000
19102  26.826  -46.883  -9.052 0.4000000060
20036  27.011  -45.854  -13.831 0.5000000000
21990  25.963  -44.891  -10.474 0.3000000119
22011  24.719  -44.502  -12.549 0.4000000060
21911  28.248  -44.311  -6.245 0.4000000060
22918  24.707  -43.271  -12.605 0.3000000119
23785  24.628  -42.299  -13.000 0.3000000119
24569  24.562  -41.293  -13.419 0.3000000119
117709  24.656  -40.114  -14.455 0.3000000119
14361  24.902  -53.162  -10.671 0.6000000238
14360  25.850  -53.508  -10.351 0.6000000238
113307  28.888  -54.723  -11.645 0.6000000238
12899  29.579  -55.659  -11.971 0.6000000238
14336  24.271  -54.013  -9.015 0.5000000000
14352  24.646  -53.381  -9.664 0.6000000238
15077  24.736  -52.808  -10.178 0.6999999881
14353  24.536  -53.060  -9.792 0.6999999881
14351  26.241  -53.732  -9.296 0.6000000238
14369  25.173  -53.365  -11.872 0.6000000238
14368  25.725  -53.670  -11.479 0.6000000238
13649  26.438  -55.089  -12.978 0.6000000238
13648  27.825  -55.092  -12.413 0.6000000238
12900  28.767  -55.641  -12.400 0.6000000238
12147  28.330  -57.399  -13.863 0.6000000238
11421  30.070  -58.431  -14.107 0.6999999881
14337  24.186  -53.862  -8.786 0.6000000238
126595  24.367  -52.901  -8.931 0.6999999881
15059  24.074  -53.398  -8.863 0.6999999881
110041  24.154  -53.462  -9.048 0.6999999881
14362  24.802  -52.996  -10.892 0.6999999881
13637  25.598  -54.270  -12.558 0.5000000000
112434  27.089  -55.926  -13.400 0.6000000238
12167  27.436  -56.751  -14.081 0.6000000238
11436  29.313  -58.071  -14.111 0.6999999881
12938  28.641  -57.021  -14.253 0.6999999881
12165  30.596  -58.065  -14.251 0.6999999881
12930  30.625  -57.081  -14.197 0.6999999881
14379  36.925  -53.482  -12.500 0.4000000060
14381  34.352  -53.734  -12.367 0.5000000000
13646  33.232  -54.570  -12.864 0.6000000238
14383  32.322  -54.374  -12.795 0.6000000238
13665  31.327  -56.128  -13.790 0.6999999881
118817  24.665  -54.931  -6.469 0.5000000000
14309  24.976  -54.152  -7.068 0.5000000000
120435  26.230  -52.974  -7.387 0.6000000238
14321  24.203  -53.878  -8.145 0.5000000000
15069  25.640  -52.529  -8.463 0.6999999881
15058  24.710  -53.177  -8.304 0.5000000000
111838  26.042  -52.193  -9.087 0.6999999881
111756  24.872  -52.579  -9.326 0.6999999881
15076  25.894  -52.164  -9.891 0.6999999881
15096  25.026  -53.121  -11.761 0.6999999881
12910  26.160  -55.884  -13.871 0.6000000238
12940  26.584  -56.054  -14.165 0.6000000238
123816  27.919  -56.351  -14.313 0.6999999881
12931  29.416  -56.298  -14.187 0.6999999881
13666  30.196  -55.200  -13.696 0.6999999881
13647  31.816  -55.220  -13.330 0.6000000238
14384  31.474  -54.142  -12.902 0.6000000238
13531  25.884  -54.074  -4.940 0.5000000000
12801  24.316  -55.815  -5.387 0.4000000060
121031  25.851  -54.151  -5.556 0.5000000000
13550  25.254  -54.683  -5.437 0.5000000000
13574  25.257  -54.439  -6.281 0.5000000000
15045  27.478  -52.788  -6.337 0.6000000238
15046  26.563  -53.339  -6.483 0.6000000238
15844  28.295  -51.903  -7.572 0.6999999881
15057  27.264  -52.445  -7.476 0.6000000238
15851  27.141  -52.103  -8.406 0.6999999881
15085  24.997  -52.831  -11.133 0.6999999881
15124  25.039  -53.658  -13.661 0.6999999881
13651  24.867  -54.484  -13.821 0.6999999881
14397  25.703  -54.374  -14.220 0.6999999881
13669  26.792  -54.515  -14.247 0.6999999881
13668  28.007  -54.597  -14.208 0.8000000119
15106  33.379  -52.650  -12.347 0.5000000000
15107  31.969  -53.410  -12.729 0.6000000238
14392  30.541  -53.831  -13.480 0.6000000238
13532  24.470  -54.838  -4.624 0.4000000060
14278  27.060  -53.136  -4.981 0.6000000238
14296  26.434  -53.668  -5.285 0.6000000238
15030  28.321  -52.209  -5.753 0.6000000238
15056  28.337  -52.147  -6.661 0.6000000238
15843  29.194  -51.274  -7.573 0.6000000238
15850  28.369  -51.633  -8.409 0.6999999881
15860  27.235  -51.825  -9.172 0.6999999881
15868  26.663  -52.083  -10.729 0.6999999881
120155  25.457  -52.445  -10.686 0.6999999881
15867  28.175  -51.721  -10.830 0.8000000119
15084  25.858  -52.452  -11.396 0.8000000119
15109  26.649  -52.986  -12.948 0.6000000238
14396  26.232  -53.796  -14.023 0.6000000238
14394  28.823  -53.504  -13.965 0.8000000119
14393  29.594  -53.928  -13.817 0.6999999881
15885  34.039  -51.818  -12.471 0.5000000000
15117  32.495  -52.430  -12.874 0.6000000238
115698  30.684  -52.665  -13.852 0.6999999881
15116  33.227  -51.891  -12.813 0.6000000238
15016  26.032  -52.881  -4.478 0.5000000000
123929  24.687  -53.105  -4.419 0.4000000060
115705  23.310  -54.122  -4.439 0.4000000060
15015  26.747  -52.582  -4.618 0.5000000000
14280  25.504  -53.533  -4.557 0.5000000000
15816  28.072  -52.110  -4.988 0.6000000238
15833  28.921  -51.650  -6.212 0.6000000238
15832  29.316  -51.171  -6.662 0.6000000238
15849  29.258  -51.062  -8.499 0.6999999881
112031  27.583  -51.715  -9.969 0.8000000119
15877  27.345  -52.164  -11.696 0.6000000238
15108  27.928  -52.751  -13.179 0.6000000238
15121  28.381  -52.951  -13.802 0.6999999881
15120  29.318  -52.466  -14.024 0.6999999881
15901  30.543  -51.404  -14.416 0.6999999881
15900  31.413  -51.293  -14.336 0.6000000238
114685  31.642  -50.572  -14.453 0.6000000238
15894  32.753  -51.534  -13.560 0.6000000238
15899  32.254  -51.127  -14.196 0.6000000238
16580  26.760  -50.950  -4.509 0.5000000000
15802  25.967  -52.121  -4.428 0.5000000000
121569  24.554  -52.110  -4.503 0.5000000000
123304  23.179  -53.111  -4.579 0.5000000000
16579  27.583  -50.477  -4.699 0.5000000000
123991  26.549  -51.743  -4.475 0.5000000000
16596  29.090  -50.679  -5.733 0.6000000238
15886  29.759  -50.972  -11.940 0.6000000238
116520  29.348  -51.561  -12.757 0.6000000238
15896  29.440  -51.392  -13.726 0.6000000238
119455  29.504  -51.765  -14.126 0.6999999881
16703  29.576  -51.084  -14.088 0.6000000238
16702  29.907  -50.825  -14.400 0.6000000238
128598  30.808  -50.867  -14.483 0.6999999881
15893  33.542  -51.230  -13.359 0.5000000000
116901  32.321  -49.967  -14.477 0.4000000060
111810  26.675  -49.983  -4.543 0.5000000000
16582  24.954  -50.734  -4.460 0.5000000000
16583  24.035  -50.717  -4.649 0.5000000000
125101  23.173  -51.075  -5.140 0.5000000000
116496  22.294  -50.930  -5.532 0.5000000000
15047  21.158  -51.792  -5.981 0.5000000000
126019  30.086  -50.129  -13.145 0.6000000238
116743  29.404  -50.523  -13.954 0.6000000238
114607  29.485  -50.433  -14.113 0.4000000060
111760  30.423  -49.478  -14.522 0.5000000000
16701  30.607  -50.278  -14.505 0.4000000060
112931  31.815  -49.136  -14.516 0.4000000060
115518  31.383  -49.875  -14.515 0.5000000000
17412  25.915  -49.481  -4.489 0.6000000238
17413  24.966  -49.761  -4.431 0.5000000000
17414  23.986  -49.772  -4.595 0.5000000000
16598  23.426  -50.295  -4.971 0.5000000000
16599  22.741  -50.285  -5.368 0.5000000000
16600  21.936  -50.223  -5.688 0.5000000000
15834  20.829  -50.915  -6.350 0.4000000060
16634  20.011  -50.862  -6.894 0.5000000000
16635  19.687  -50.338  -7.528 0.4000000060
15852  19.758  -51.110  -8.783 0.4000000060
15861  20.029  -51.392  -9.627 0.4000000060
17546  29.236  -49.774  -14.020 0.6000000238
108767  29.314  -49.345  -14.296 0.4000000060
113587  25.323  -48.867  -4.430 0.5000000000
115873  24.448  -48.913  -4.445 0.4000000060
17433  23.138  -49.612  -5.067 0.4000000060
17434  22.325  -49.556  -5.470 0.5000000000
18220  21.092  -48.836  -5.993 0.4000000060
17449  20.830  -49.525  -6.278 0.5000000000
18221  20.374  -48.810  -6.461 0.4000000060
18222  19.735  -48.825  -7.028 0.5000000000
17450  20.096  -49.499  -6.723 0.5000000000
18235  19.629  -48.961  -7.831 0.3000000119
17488  19.883  -49.843  -8.857 0.3000000119
17499  20.449  -49.377  -9.771 0.3000000119
19156  29.465  -47.813  -14.500 0.4000000060
18190  24.878  -48.241  -4.393 0.5000000000
18205  23.562  -48.855  -4.658 0.5000000000
115779  22.710  -48.827  -5.145 0.4000000060
19016  25.857  -47.311  -4.683 0.4000000060
19017  24.966  -47.373  -4.388 0.4000000060
18191  24.061  -47.949  -4.429 0.4000000060
19020  22.637  -47.223  -5.024 0.4000000060
19918  25.471  -46.538  -4.551 0.4000000060
19018  24.164  -47.066  -4.395 0.4000000060
19019  23.442  -47.179  -4.609 0.4000000060
20910  25.875  -45.786  -4.674 0.4000000060
20912  24.233  -45.692  -4.508 0.4000000060
20913  23.302  -45.653  -4.854 0.4000000060
109491  22.611  -45.892  -5.191 0.4000000060
20911  25.117  -45.767  -4.429 0.4000000060
21897  23.843  -44.971  -4.760 0.4000000060
20927  23.165  -44.952  -5.099 0.4000000060
20928  22.607  -45.255  -5.298 0.4000000060
128191  21.514  -45.137  -5.768 0.4000000060
21934  21.230  -44.541  -6.056 0.4000000060
117862  26.166  -45.008  -4.697 0.3000000119
21895  25.579  -44.552  -4.581 0.4000000060
22812  24.959  -44.245  -4.593 0.4000000060
21914  24.249  -44.299  -4.807 0.4000000060
21915  23.444  -44.349  -5.166 0.4000000060
21916  22.691  -44.522  -5.427 0.4000000060
22828  22.931  -43.653  -5.595 0.3000000119
16691  29.890  -50.822  -12.968 0.6000000238
15800  28.030  -51.335  -4.812 0.5000000000
111758  30.129  -48.164  -14.545 0.4000000060
112603  27.957  -54.292  -11.529 0.6000000238
12937  29.797  -57.677  -14.322 0.6999999881
13667  29.029  -54.797  -14.026 0.6999999881
14380  35.078  -53.266  -12.107 0.5000000000
121151  34.169  -52.876  -12.060 0.5000000000
13645  34.096  -54.587  -13.003 0.5000000000
120373  33.656  -53.621  -12.358 0.4000000060
14382  32.838  -53.526  -12.462 0.6000000238
15094  26.249  -52.602  -12.206 0.6999999881
117618  31.224  -53.302  -13.220 0.6000000238
13676  25.121  -53.899  -14.136 0.6999999881
14395  27.617  -53.714  -13.969 0.8000000119
110850  24.704  -54.053  -4.459 0.4000000060
15888  27.370  -52.509  -12.518 0.6000000238
15122  27.137  -53.322  -13.550 0.6000000238
15127  29.768  -52.056  -14.286 0.6999999881
15119  29.787  -52.778  -14.117 0.6999999881
15125  31.071  -51.940  -14.143 0.6999999881
15895  31.936  -51.777  -13.807 0.6000000238
15887  28.438  -52.180  -12.590 0.6999999881
15897  28.987  -52.170  -13.614 0.6999999881
114349  32.528  -50.551  -14.319 0.6000000238
15803  25.178  -51.656  -4.456 0.5000000000
122124  24.494  -51.336  -4.547 0.5000000000
15805  23.158  -52.081  -4.846 0.4000000060
118015  29.645  -50.072  -14.336 0.6000000238
15071  19.629  -51.938  -8.666 0.3000000119
18311  30.895  -48.621  -14.512 0.4000000060
17435  21.523  -49.535  -5.831 0.5000000000
17471  19.611  -49.727  -8.051 0.4000000060
16662  20.099  -50.445  -9.462 0.4000000060
124746  25.537  -45.209  -4.526 0.4000000060
21896  24.789  -44.944  -4.494 0.4000000060
7411  41.790  -63.782  -10.562 0.3000000119
7421  41.984  -63.224  -10.984 0.3000000119
12138  38.392  -56.654  -13.233 0.4000000060
11432  40.390  -57.455  -13.506 0.4000000060
10712  40.077  -58.439  -13.409 0.4000000060
10697  40.219  -58.518  -13.174 0.4000000060
12923  37.491  -55.368  -14.203 0.4000000060
12139  36.857  -56.253  -12.639 0.4000000060
12140  35.911  -56.043  -13.744 0.4000000060
106510  35.419  -56.264  -12.781 0.5000000000
12126  34.833  -56.396  -12.002 0.5000000000
12127  34.042  -56.560  -12.066 0.5000000000
106370  39.791  -55.651  -14.146 0.4000000060
12158  39.370  -56.341  -13.830 0.5000000000
12904  37.612  -56.097  -13.179 0.5000000000
109317  33.288  -56.597  -11.706 0.5000000000
12156  40.687  -56.472  -13.653 0.5000000000
12157  40.283  -56.476  -13.869 0.5000000000
11403  40.781  -56.862  -12.733 0.5000000000
10696  40.495  -57.949  -13.217 0.4000000060
10681  39.875  -58.329  -12.405 0.4000000060
9976  39.748  -59.047  -12.858 0.4000000060
10682  38.925  -58.933  -11.668 0.4000000060
9281  38.105  -60.435  -11.200 0.3000000119
121176  38.283  -60.932  -10.418 0.4000000060
114131  37.379  -54.702  -14.142 0.4000000060
118827  35.955  -55.370  -14.268 0.4000000060
12925  35.385  -55.829  -14.249 0.4000000060
13659  38.356  -54.635  -14.037 0.4000000060
12935  37.948  -55.010  -14.351 0.4000000060
12936  37.094  -55.019  -14.377 0.4000000060
12906  35.997  -55.702  -14.188 0.4000000060
12160  34.944  -56.285  -14.116 0.5000000000
12141  34.603  -56.549  -13.345 0.5000000000
13658  39.367  -54.637  -13.808 0.4000000060
110645  38.675  -55.406  -14.179 0.4000000060
12159  38.339  -55.896  -13.829 0.4000000060
12926  34.506  -56.206  -14.226 0.5000000000
12142  33.747  -56.907  -13.669 0.5000000000
114011  33.373  -56.855  -12.719 0.5000000000
12143  33.012  -57.280  -13.750 0.6000000238
115542  32.105  -57.620  -13.673 0.6000000238
12113  31.999  -56.427  -11.233 0.6000000238
12929  31.876  -57.438  -14.179 0.6000000238
12164  31.383  -57.812  -14.075 0.6000000238
12129  31.704  -57.284  -12.550 0.5000000000
12908  29.157  -56.963  -13.033 0.5000000000
9957  38.248  -59.574  -10.778 0.4000000060
9940  38.160  -59.720  -9.883 0.4000000060
122640  38.189  -60.218  -10.332 0.4000000060
13661  35.610  -55.107  -14.102 0.4000000060
13662  34.824  -55.495  -14.079 0.5000000000
13663  33.977  -55.730  -14.081 0.5000000000
12162  33.315  -57.032  -14.130 0.5000000000
13664  32.960  -55.897  -13.893 0.5000000000
12163  32.502  -57.375  -14.066 0.6000000238
112324  32.344  -56.599  -14.109 0.6000000238
7392  41.791  -64.006  -9.870 0.3000000119
8629  43.138  -61.970  -10.687 0.3000000119
9233  41.119  -60.280  -9.004 0.3000000119
14390  38.756  -54.101  -13.321 0.4000000060
14391  37.819  -53.958  -13.173 0.4000000060
122635  36.869  -54.255  -13.425 0.4000000060
13660  36.458  -54.861  -14.181 0.4000000060
13644  34.962  -54.470  -13.133 0.4000000060
12144  31.005  -58.067  -13.689 0.6000000238
12130  30.852  -57.288  -12.532 0.5000000000
13643  35.955  -54.103  -12.886 0.4000000060
12905  36.626  -55.750  -13.873 0.4000000060
12128  32.653  -56.954  -12.375 0.5000000000
9254  40.634  -60.851  -9.445 0.3000000119
12927  33.696  -56.585  -14.178 0.5000000000
12928  32.910  -57.056  -14.221 0.6000000238
22927  24.724  -43.643  -13.282 0.3000000119
6751  41.060  -64.646  -10.255 0.3000000119
8008  42.593  -62.522  -10.653 0.3000000119
11416  40.715  -57.175  -13.263 0.5000000000
11417  40.621  -57.825  -12.927 0.4000000060
11420  30.477  -58.265  -14.125 0.6000000238
11433  39.893  -58.161  -13.646 0.4000000060
11434  30.042  -58.381  -14.192 0.6999999881
11435  29.746  -58.377  -14.141 0.6999999881
11438  29.758  -58.345  -14.170 0.6999999881
12111  33.618  -56.327  -10.833 0.5000000000
12137  41.005  -56.310  -13.272 0.5000000000
12145  30.122  -57.939  -13.407 0.6999999881
12146  29.231  -58.112  -13.955 0.6999999881
12161  34.039  -56.589  -14.117 0.5000000000
12166  28.393  -57.475  -13.971 0.6999999881
12168  29.967  -58.320  -14.234 0.6999999881
12169  29.355  -57.993  -14.215 0.6999999881
12170  28.464  -57.421  -14.129 0.6000000238
12907  30.044  -56.761  -12.421 0.5000000000
12909  28.054  -56.350  -13.271 0.6000000238
12911  25.579  -55.531  -14.026 0.6000000238
12921  40.139  -55.274  -14.071 0.4000000060
12922  39.050  -55.097  -14.234 0.4000000060
12924  36.530  -55.338  -14.275 0.4000000060
12932  27.283  -56.740  -13.928 0.6000000238
12933  26.352  -56.019  -14.008 0.6000000238
12934  25.631  -55.478  -14.081 0.6999999881
12939  27.629  -56.666  -14.197 0.6000000238
13575  24.445  -54.584  -7.352 0.5000000000
13629  28.662  -53.874  -10.719 0.6000000238
13638  25.136  -54.103  -13.078 0.5000000000
13650  25.340  -55.007  -13.643 0.6999999881
13670  25.090  -54.967  -14.024 0.6999999881
13671  24.798  -54.232  -14.029 0.6999999881
13672  28.367  -55.772  -14.302 0.6999999881
13673  27.262  -55.667  -14.335 0.6999999881
13674  25.995  -55.237  -14.247 0.6999999881
13675  25.129  -54.702  -14.117 0.6999999881
14279  26.338  -53.350  -4.732 0.5000000000
14295  26.971  -53.295  -5.668 0.6000000238
14308  26.064  -53.882  -6.152 0.5000000000
14320  25.440  -53.590  -7.227 0.6000000238
14370  25.167  -53.521  -12.533 0.6999999881
15017  25.343  -52.593  -4.432 0.5000000000
15018  23.883  -52.563  -4.540 0.5000000000
15070  24.235  -53.076  -9.267 0.6999999881
15078  19.940  -52.298  -9.779 0.4000000060
15095  25.332  -52.894  -11.948 0.6999999881
15110  25.665  -53.202  -12.801 0.6999999881
15111  25.223  -53.421  -12.635 0.6999999881
15118  31.545  -52.527  -13.460 0.6000000238
15123  25.758  -53.521  -13.600 0.6999999881
15126  30.251  -52.033  -14.328 0.6999999881
15801  27.378  -51.827  -4.633 0.5000000000
15804  23.859  -51.615  -4.663 0.5000000000
15814  29.229  -51.150  -6.036 0.6000000238
15815  28.699  -51.453  -5.460 0.6000000238
15818  21.850  -51.497  -5.626 0.5000000000
15876  28.899  -51.716  -11.757 0.6000000238
15902  29.850  -51.539  -14.350 0.6000000238
16578  28.437  -50.646  -5.119 0.6999999881
16581  25.836  -50.337  -4.453 0.5000000000
16597  28.076  -49.862  -5.069 0.6999999881
16617  21.211  -50.207  -6.108 0.4000000060
16618  20.486  -50.185  -6.548 0.5000000000
16619  19.893  -50.093  -6.933 0.5000000000
16633  29.542  -50.569  -7.179 0.6000000238
16648  19.710  -50.472  -8.377 0.4000000060
16661  20.711  -50.022  -10.445 0.3000000119
16671  29.658  -50.504  -10.440 0.8000000119
16681  29.922  -50.291  -11.183 0.8000000119
17411  26.593  -49.277  -4.643 0.6000000238
17447  29.220  -49.222  -6.776 0.6999999881
17451  19.690  -49.573  -7.323 0.4000000060
18219  28.565  -48.590  -6.636 0.4000000060
18312  29.853  -48.881  -14.526 0.4000000060
19919  24.623  -46.467  -4.405 0.4000000060
19920  23.771  -46.410  -4.531 0.4000000060
19921  22.989  -46.460  -4.879 0.4000000060
19929  22.242  -46.471  -5.317 0.4000000060
20035  27.316  -46.357  -13.562 0.5000000000
20929  21.907  -45.648  -5.551 0.4000000060
20942  26.951  -45.883  -6.406 0.4000000060
21913  26.802  -44.742  -5.121 0.4000000060
21917  21.989  -44.854  -5.618 0.4000000060
22021  24.586  -43.780  -12.836 0.3000000119
22029  27.199  -44.505  -14.340 0.4000000060
22829  22.047  -44.056  -5.780 0.4000000060
22883  28.727  -43.657  -9.325 0.3000000119
24579  23.933  -40.689  -13.982 0.4000000060
108169  39.962  -57.221  -13.685 0.5000000000
110881  29.535  -49.897  -6.925 0.6999999881
111881  25.159  -54.428  -4.743 0.5000000000
112016  29.657  -47.890  -10.406 0.6999999881
112159  25.851  -51.228  -4.433 0.5000000000
113616  40.480  -55.882  -14.049 0.4000000060
115427  31.052  -54.810  -13.273 0.6000000238
116325  23.986  -53.587  -4.428 0.4000000060
117960  29.997  -48.508  -10.838 0.6999999881
118388  23.850  -40.219  -14.124 0.3000000119
119423  27.630  -52.698  -5.352 0.6000000238
120218  21.536  -50.899  -5.875 0.5000000000
120561  29.451  -45.594  -14.210 0.4000000060
120726  34.735  -52.295  -12.030 0.5000000000
120730  28.928  -51.639  -6.899 0.6000000238
121454  29.874  -49.432  -9.066 0.8000000119
121717  24.050  -54.396  -4.428 0.4000000060
122012  27.456  -52.530  -4.853 0.5000000000
122884  26.846  -47.326  -6.421 0.5000000000
124312  24.948  -53.890  -13.450 0.6999999881
125671  24.475  -50.240  -4.529 0.5000000000
127735  27.473  -51.152  -4.622 0.5000000000
