#!ascii label  , from subject sub-v1s18x0051231_ses-1 vox2ras=TkReg
1935
1542  19.767  -73.437  26.824 0.6999999881
1221  18.320  -74.435  28.014 0.8000000119
141956  18.021  -73.855  28.306 0.8000000119
1223  16.281  -74.198  28.249 0.6999999881
974  19.320  -75.162  26.799 0.6000000238
961  18.620  -75.115  27.498 0.6000000238
953  16.616  -74.872  28.279 0.6000000238
685  19.214  -75.950  26.377 0.6000000238
1898  19.049  -72.579  27.990 0.8000000119
144593  17.630  -72.825  28.687 0.6999999881
2279  17.422  -72.065  28.959 0.6999999881
1886  16.391  -72.851  28.293 0.6999999881
1245  19.876  -74.396  26.327 0.6000000238
1531  19.170  -73.323  27.605 0.6999999881
1518  16.594  -73.521  28.399 0.6999999881
694  19.548  -76.186  25.561 0.6000000238
704  20.126  -76.420  24.117 0.6000000238
481  19.171  -77.088  24.824 0.6000000238
309  18.655  -78.957  23.556 0.6000000238
302  18.232  -78.675  24.346 0.6000000238
2689  18.527  -71.140  29.073 0.8000000119
2672  18.371  -70.456  29.467 0.8000000119
2673  17.500  -70.560  29.588 0.6999999881
3104  17.273  -69.799  29.748 0.6999999881
2690  16.399  -70.403  28.650 0.6999999881
2277  19.083  -71.366  28.408 0.8000000119
2267  17.784  -71.261  29.350 0.6999999881
127994  16.670  -71.152  29.024 0.6999999881
2294  19.536  -71.787  27.681 0.6999999881
2278  18.307  -71.778  28.925 0.8000000119
2268  17.078  -71.262  29.268 0.6999999881
1908  19.677  -72.598  27.245 0.6999999881
1252  20.351  -74.764  25.493 0.6999999881
139828  20.299  -75.936  24.581 0.6000000238
981  20.112  -75.661  25.237 0.6000000238
487  19.084  -78.044  23.674 0.6000000238
147275  18.672  -78.032  24.324 0.6000000238
148776  19.248  -79.800  23.601 0.6000000238
144  20.004  -79.637  26.384 0.6999999881
62  18.884  -80.507  25.381 0.6000000238
138  20.330  -79.276  27.417 0.5000000000
141666  19.574  -79.797  26.985 0.6000000238
281  19.865  -78.887  28.551 0.5000000000
3103  18.704  -69.456  29.723 0.8999999762
128784  17.900  -69.951  29.892 0.8000000119
3540  17.062  -69.090  29.892 0.6999999881
2687  19.955  -70.233  28.147 0.6999999881
3102  19.399  -69.895  28.891 0.8999999762
3105  16.732  -69.447  29.505 0.6999999881
2304  20.578  -71.684  26.616 0.8000000119
2293  20.190  -71.281  27.230 0.8000000119
1907  20.283  -72.569  26.436 0.8000000119
1550  21.147  -73.491  24.711 0.6999999881
1541  20.249  -73.525  26.038 0.6999999881
1262  20.828  -74.425  24.759 0.8000000119
1270  20.999  -74.978  24.005 0.8000000119
1002  20.612  -75.957  23.778 0.6999999881
716  20.098  -76.965  23.189 0.6999999881
317  19.244  -78.981  22.942 0.6000000238
141213  20.129  -79.700  24.604 0.6999999881
143  20.832  -79.128  26.693 0.6999999881
3537  19.757  -69.161  29.174 0.8999999762
3539  18.494  -68.765  30.141 0.8000000119
3523  17.185  -68.400  30.167 0.6999999881
2702  20.414  -70.585  27.511 0.8000000119
3117  20.251  -69.545  28.470 0.8000000119
2711  20.821  -70.947  26.881 0.6999999881
1915  21.345  -72.730  24.965 0.6999999881
125125  21.275  -72.302  25.370 0.6000000238
1916  20.793  -72.902  25.522 0.8000000119
1261  21.171  -74.158  24.131 0.8000000119
1001  21.039  -75.466  23.014 0.8000000119
1010  20.593  -76.671  22.380 0.6999999881
505  20.447  -78.326  21.653 0.8000000119
495  20.071  -77.847  22.131 0.6999999881
323  21.087  -78.780  22.084 0.8000000119
148245  21.383  -78.797  24.844 0.6999999881
159  20.513  -79.479  24.014 0.6999999881
316  20.404  -79.070  22.492 0.6999999881
127040  21.108  -78.943  26.027 0.6999999881
153  20.460  -79.464  25.668 0.6999999881
4673  20.852  -66.292  20.593 0.6000000238
5139  20.353  -65.492  20.892 0.6000000238
149477  20.993  -65.519  19.170 0.6000000238
5675  21.218  -65.020  18.436 0.6999999881
3538  19.291  -68.685  29.870 0.8999999762
3522  17.933  -68.260  30.386 0.6999999881
2710  21.570  -70.692  26.617 0.6000000238
2320  22.590  -71.729  24.471 0.6000000238
2309  22.312  -71.451  25.248 0.6000000238
1935  21.919  -72.908  23.741 0.6999999881
1569  21.749  -73.900  22.704 0.6999999881
1562  21.978  -73.226  23.243 0.6999999881
5537  18.129  -64.704  30.534 0.6999999881
5563  17.690  -64.633  29.311 0.6999999881
1275  21.407  -74.913  22.384 0.8000000119
1269  21.347  -74.470  23.359 0.8000000119
130086  19.003  -64.082  30.397 0.6000000238
5538  18.242  -64.315  29.839 0.6000000238
5056  18.085  -64.865  28.335 0.6999999881
5572  19.176  -64.603  28.195 0.5000000000
5068  19.370  -65.304  27.459 0.6999999881
512  20.776  -78.129  21.188 0.8000000119
725  20.517  -77.717  21.474 0.8000000119
5549  19.101  -63.877  29.521 0.5000000000
5571  20.185  -64.614  27.578 0.5000000000
314  21.629  -78.600  23.391 0.6999999881
5560  20.574  -63.933  27.887 0.5000000000
6136  20.855  -63.613  27.507 0.6000000238
5580  20.810  -64.969  26.498 0.5000000000
124166  20.898  -65.685  25.413 0.6000000238
5109  20.944  -66.024  24.798 0.6999999881
4153  20.946  -67.463  23.031 0.6999999881
5592  20.088  -64.424  25.251 0.5000000000
143091  20.595  -65.676  24.222 0.6000000238
4652  20.803  -66.320  24.046 0.6000000238
4667  20.602  -66.184  21.485 0.6000000238
6155  20.544  -64.472  26.146 0.6000000238
5117  20.344  -65.649  23.432 0.6000000238
5124  20.162  -65.561  22.550 0.6000000238
130226  19.431  -63.788  24.804 0.5000000000
5600  19.699  -64.361  24.353 0.5000000000
5628  19.926  -64.776  21.203 0.6000000238
5150  20.657  -65.513  19.995 0.6000000238
6237  21.011  -64.026  18.541 0.6999999881
6848  22.386  -63.169  16.703 0.6000000238
129557  22.150  -64.027  16.657 0.6999999881
5607  19.458  -64.243  23.430 0.6000000238
5616  19.465  -64.087  22.457 0.6000000238
5644  20.204  -64.721  20.369 0.6000000238
6228  20.528  -63.596  19.309 0.6999999881
6832  21.766  -62.707  17.884 0.5000000000
3521  18.816  -68.122  30.378 0.8999999762
3136  21.946  -70.052  27.008 0.6000000238
3125  21.519  -69.644  27.625 0.6999999881
4046  18.238  -67.446  30.689 0.8000000119
4064  16.264  -67.189  29.640 0.6999999881
136923  17.700  -66.510  30.816 0.6999999881
135020  18.557  -66.797  30.963 0.8000000119
1925  22.214  -72.374  24.061 0.6999999881
5013  18.696  -65.442  31.207 0.8000000119
5030  17.370  -65.132  30.313 0.6000000238
5527  19.865  -64.562  31.321 0.6999999881
5535  20.246  -63.912  31.209 0.6000000238
733  21.211  -77.460  20.469 0.8000000119
1018  21.276  -76.492  20.533 0.8000000119
517  21.702  -77.511  20.251 0.8000000119
5536  19.863  -63.629  30.617 0.5000000000
330  21.507  -78.322  21.426 0.8000000119
6130  20.055  -63.522  29.061 0.5000000000
6681  21.246  -62.718  30.373 0.5000000000
6129  20.958  -63.239  28.475 0.6000000238
6720  20.827  -63.574  27.080 0.6000000238
6726  19.887  -63.113  26.425 0.6000000238
7439  22.857  -61.376  17.367 0.5000000000
6169  19.053  -63.512  23.963 0.5000000000
7440  21.910  -61.835  18.104 0.5000000000
7456  22.654  -62.281  16.922 0.6000000238
6181  19.115  -63.533  22.963 0.6000000238
6220  19.605  -63.351  21.087 0.6999999881
6219  19.899  -63.283  20.387 0.6999999881
6833  21.002  -63.132  18.621 0.6999999881
6768  18.671  -62.598  24.071 0.6000000238
6805  20.174  -62.596  20.056 0.6000000238
134856  18.806  -62.817  23.230 0.6999999881
6793  19.427  -62.715  21.491 0.6000000238
141419  20.175  -61.751  20.448 0.5000000000
3116  21.099  -69.274  28.239 0.6999999881
3559  20.618  -68.863  28.818 0.6999999881
4063  20.590  -67.836  30.002 0.6999999881
4044  20.048  -67.309  30.658 0.8000000119
4570  20.379  -66.730  30.980 0.6999999881
5011  20.475  -65.236  31.443 0.6999999881
145797  19.371  -66.429  31.173 0.6999999881
130710  23.688  -59.000  17.382 0.5000000000
6707  21.752  -62.319  28.837 0.5000000000
6128  21.319  -62.886  28.242 0.6000000238
8123  23.664  -60.320  16.050 0.5000000000
6719  21.397  -62.286  28.137 0.5000000000
126002  21.924  -61.650  28.457 0.5000000000
138360  21.164  -63.048  27.658 0.6000000238
6755  18.943  -63.109  24.849 0.6000000238
6818  21.157  -62.316  18.807 0.5000000000
7299  20.476  -61.427  27.523 0.5000000000
6721  20.298  -62.482  27.139 0.6000000238
6756  18.662  -62.265  24.857 0.6000000238
7328  19.214  -62.116  26.361 0.6000000238
3558  21.470  -68.598  28.606 0.6999999881
3536  21.040  -68.233  29.269 0.6999999881
4043  20.933  -67.173  30.469 0.6999999881
7360  18.748  -61.428  23.104 0.5000000000
7276  21.845  -60.945  28.165 0.5000000000
144692  19.447  -61.491  21.677 0.5000000000
7300  19.396  -61.213  26.898 0.5000000000
128287  18.574  -61.133  25.409 0.5000000000
140043  18.549  -61.625  24.058 0.5000000000
129640  19.213  -62.091  21.914 0.5000000000
129803  19.209  -59.864  23.203 0.5000000000
8031  19.825  -59.886  22.283 0.5000000000
8658  19.001  -59.657  26.454 0.5000000000
7993  18.769  -59.882  24.124 0.5000000000
8011  19.132  -60.650  22.680 0.5000000000
7966  19.808  -60.459  27.235 0.5000000000
8689  18.633  -59.910  25.030 0.5000000000
7994  18.565  -60.733  24.592 0.5000000000
7965  20.587  -60.450  27.486 0.5000000000
7971  18.835  -60.506  26.383 0.5000000000
8673  18.880  -59.288  25.657 0.5000000000
10969  23.047  -56.496  16.477 0.6000000238
9504  22.872  -58.417  16.350 0.6000000238
10956  23.508  -56.534  17.385 0.5000000000
11744  22.696  -55.458  16.534 0.6999999881
128586  22.260  -57.070  16.552 0.6000000238
9505  22.051  -58.406  16.595 0.6000000238
9490  20.944  -58.559  18.606 0.6999999881
11745  21.871  -55.219  16.596 0.6000000238
10957  21.420  -56.766  16.907 0.6999999881
9496  21.432  -58.336  17.550 0.6999999881
9497  21.208  -59.119  17.823 0.6999999881
10205  20.943  -57.533  19.112 0.8000000119
13375  21.902  -53.232  17.328 0.5000000000
13374  22.473  -53.812  17.313 0.5000000000
10217  21.230  -57.271  17.520 0.8000000119
11746  21.005  -55.090  17.001 0.6000000238
144734  20.182  -56.410  20.083 0.6999999881
14146  21.458  -52.726  18.648 0.5000000000
13358  21.920  -53.036  17.847 0.5000000000
146105  20.659  -56.818  19.367 0.6999999881
10197  20.539  -57.333  19.930 0.6999999881
10949  20.729  -56.852  18.353 0.6999999881
12527  21.671  -53.444  17.028 0.6999999881
10187  19.378  -57.293  21.500 0.6999999881
10944  20.256  -56.232  19.030 0.6999999881
14160  21.480  -52.576  17.690 0.6000000238
11729  20.099  -55.163  17.437 0.8000000119
12461  14.207  -54.357  21.908 0.6999999881
12475  15.152  -54.428  21.307 0.8000000119
16575  20.385  -49.652  20.965 0.4000000060
10924  19.183  -56.616  22.024 0.6999999881
14937  19.892  -50.737  19.959 0.5000000000
11702  19.561  -55.683  20.544 0.6999999881
14936  20.418  -51.434  19.376 0.6000000238
14161  21.058  -51.767  17.874 0.6000000238
10950  19.968  -55.987  17.896 0.6999999881
13376  20.811  -53.173  17.334 0.8000000119
12529  19.746  -54.326  17.671 0.8000000119
14025  6.510  -51.842  28.861 0.5000000000
14041  6.296  -51.779  27.855 0.5000000000
13236  7.542  -53.077  27.765 0.5000000000
13324  11.234  -53.617  22.278 0.5000000000
14131  12.369  -53.459  21.363 0.6000000238
14123  12.052  -53.045  21.897 0.6000000238
12447  10.312  -53.937  23.003 0.6000000238
12389  10.182  -54.481  26.346 0.6000000238
12477  12.497  -54.311  21.246 0.6999999881
13332  11.686  -53.749  21.691 0.6999999881
135334  13.352  -54.412  21.002 0.6999999881
125645  13.608  -54.188  23.024 0.6999999881
125923  18.417  -54.934  20.278 0.6999999881
12473  17.224  -54.477  21.166 0.6999999881
12474  15.923  -54.531  20.712 0.8000000119
15742  19.899  -50.192  20.401 0.5000000000
11695  19.364  -55.607  21.270 0.6999999881
14949  20.265  -50.534  18.625 0.6000000238
11710  18.690  -55.276  18.969 0.8000000119
14177  20.496  -52.467  17.633 0.6999999881
12511  18.295  -54.542  18.527 0.8000000119
11731  18.979  -54.824  18.212 0.8000000119
15633  5.690  -50.660  28.236 0.5000000000
14856  5.875  -51.070  27.533 0.6000000238
15670  6.177  -50.457  26.488 0.5000000000
14056  6.177  -51.696  26.746 0.6000000238
14067  6.637  -52.534  26.286 0.6000000238
13257  7.884  -53.665  26.994 0.6000000238
139770  6.837  -52.494  25.424 0.6000000238
13269  7.780  -53.692  25.789 0.5000000000
14114  11.459  -52.663  22.917 0.5000000000
147840  10.843  -52.988  22.699 0.5000000000
14921  13.538  -52.138  22.058 0.6000000238
14116  9.819  -52.842  22.965 0.6000000238
12425  10.089  -54.226  23.745 0.6999999881
12377  8.626  -54.141  26.529 0.6000000238
14929  13.620  -52.203  21.349 0.6000000238
13342  12.618  -53.941  20.949 0.6999999881
12445  12.453  -54.445  22.588 0.6999999881
12446  11.108  -54.199  22.607 0.6999999881
12424  11.108  -54.354  23.721 0.8000000119
12405  10.540  -54.464  25.531 0.6999999881
14940  13.777  -52.267  20.884 0.6999999881
140483  13.925  -54.223  20.479 0.6999999881
13340  14.218  -53.837  20.197 0.6999999881
12476  14.230  -54.464  20.828 0.8000000119
12503  15.473  -54.201  19.574 0.8000000119
144343  15.190  -54.302  19.864 0.8000000119
15754  19.959  -50.057  18.339 0.5000000000
15764  18.691  -49.892  18.320 0.6000000238
12502  17.043  -54.666  19.216 0.8000000119
127458  16.145  -54.417  19.353 0.8000000119
15753  20.317  -50.574  17.972 0.6000000238
15763  19.648  -49.808  18.222 0.6999999881
13361  17.780  -53.753  18.630 0.8000000119
14964  20.013  -51.133  17.792 0.6999999881
14162  18.508  -52.778  18.479 0.6999999881
13378  19.050  -54.161  18.148 0.8000000119
16484  5.986  -50.215  28.074 0.4000000060
16502  6.207  -49.968  26.909 0.5000000000
15694  6.431  -50.550  25.826 0.4000000060
14894  6.556  -51.413  25.639 0.5000000000
14084  7.551  -52.716  24.780 0.5000000000
14915  13.563  -52.055  22.960 0.5000000000
14102  10.539  -52.547  24.214 0.6000000238
14103  9.516  -52.916  23.421 0.6000000238
13284  7.824  -53.386  24.775 0.6000000238
14919  14.788  -51.471  22.379 0.6000000238
13301  9.014  -53.284  23.618 0.6999999881
144068  8.855  -54.172  25.235 0.6999999881
15735  14.673  -51.107  21.052 0.6000000238
13349  15.008  -53.731  19.817 0.8000000119
15765  17.978  -50.631  18.669 0.6999999881
14163  17.797  -52.628  18.847 0.6999999881
134327  17.224  -53.339  18.956 0.8000000119
14148  16.111  -52.614  19.487 0.8000000119
14965  18.669  -51.679  18.408 0.6999999881
16500  7.436  -49.345  27.473 0.4000000060
130750  7.495  -49.557  28.636 0.4000000060
16472  7.282  -49.575  29.613 0.4000000060
16523  6.859  -49.003  25.574 0.5000000000
16501  6.688  -49.386  26.436 0.4000000060
16457  6.941  -49.436  30.573 0.5000000000
14893  6.970  -51.793  25.278 0.5000000000
14065  9.010  -52.257  25.826 0.5000000000
14083  8.251  -52.730  24.474 0.5000000000
14854  10.395  -51.365  27.159 0.5000000000
13316  8.914  -52.959  23.624 0.6999999881
15745  14.678  -51.240  20.744 0.6000000238
14952  15.588  -51.503  19.894 0.8000000119
17522  18.596  -48.101  18.408 0.6000000238
15755  17.062  -50.053  19.283 0.6000000238
16601  17.109  -49.193  19.469 0.6999999881
16603  15.978  -49.961  20.086 0.6999999881
14966  17.518  -51.674  19.015 0.6999999881
147074  7.144  -48.293  32.100 0.3000000119
17431  7.643  -48.314  25.289 0.4000000060
17385  8.251  -49.025  27.467 0.3000000119
16482  8.457  -49.343  28.572 0.4000000060
16471  8.443  -49.449  29.659 0.4000000060
16456  8.167  -49.335  30.646 0.4000000060
16448  7.630  -49.077  31.377 0.5000000000
124816  7.110  -49.314  24.964 0.4000000060
18279  8.624  -48.121  31.495 0.3000000119
15669  7.076  -50.559  25.375 0.4000000060
14868  10.719  -51.915  26.862 0.5000000000
15668  8.244  -51.013  26.148 0.4000000060
14867  11.690  -51.808  26.936 0.6000000238
15692  7.615  -49.807  25.115 0.4000000060
14853  11.245  -51.373  27.379 0.4000000060
14855  9.474  -51.257  26.761 0.5000000000
14953  14.977  -51.981  20.227 0.6999999881
14951  16.551  -51.595  19.443 0.6999999881
16449  6.484  -49.174  31.309 0.4000000060
17361  9.592  -48.601  30.698 0.4000000060
18296  8.439  -47.319  31.125 0.3000000119
17451  7.679  -48.451  24.607 0.3000000119
15667  8.991  -50.387  26.119 0.4000000060
16520  11.158  -49.762  27.075 0.4000000060
16521  10.191  -50.040  26.577 0.4000000060
17384  9.227  -48.989  28.290 0.3000000119
16470  9.362  -49.235  29.448 0.4000000060
17360  10.245  -48.380  30.359 0.3000000119
18295  9.934  -47.956  30.870 0.3000000119
17405  8.699  -48.468  26.723 0.3000000119
16544  7.771  -48.746  24.483 0.3000000119
16541  10.649  -49.347  25.725 0.3000000119
16543  8.415  -49.182  24.451 0.3000000119
17430  11.834  -49.051  26.502 0.3000000119
126194  10.145  -48.836  29.152 0.3000000119
18294  10.654  -47.827  30.261 0.3000000119
130764  9.951  -48.551  28.022 0.3000000119
17375  11.345  -47.896  29.190 0.3000000119
17462  8.756  -48.223  23.678 0.3000000119
17449  10.064  -48.771  24.163 0.3000000119
17448  11.164  -48.666  24.790 0.3000000119
137681  7.726  -47.630  31.705 0.3000000119
148991  9.680  -48.253  27.113 0.3000000119
18333  11.613  -47.517  27.641 0.3000000119
17470  10.318  -47.761  22.995 0.3000000119
5082  20.750  -65.635  26.065 0.6999999881
4631  20.419  -66.903  25.215 0.6999999881
138978  20.892  -66.933  23.774 0.6999999881
14066  7.837  -52.135  25.322 0.4000000060
14082  9.418  -52.597  24.676 0.6000000238
19179  10.221  -47.351  30.354 0.3000000119
962  17.650  -75.075  28.097 0.6999999881
127559  16.440  -71.409  28.442 0.6999999881
146943  20.272  -74.152  25.809 0.8000000119
160  19.344  -80.091  24.195 0.6000000238
143773  19.851  -79.697  23.666 0.6999999881
2303  21.253  -71.377  26.288 0.6000000238
4047  17.360  -67.508  30.469 0.6999999881
1009  21.141  -75.991  21.873 0.8000000119
315  20.980  -79.049  22.875 0.6999999881
141109  21.365  -78.762  22.629 0.8000000119
6236  21.616  -63.563  17.730 0.6999999881
5067  20.549  -65.194  26.844 0.5000000000
126432  20.464  -66.089  22.188 0.6000000238
6847  22.933  -62.517  15.783 0.6000000238
6781  19.122  -62.890  22.327 0.6999999881
4553  18.386  -66.115  31.135 0.8000000119
6095  21.098  -63.738  31.329 0.5000000000
6118  20.435  -63.068  29.865 0.6000000238
6742  19.067  -62.704  25.647 0.6000000238
12486  17.996  -54.984  19.339 0.8000000119
1841  17.571  -71.801  32.474 0.4000000060
2243  17.929  -71.397  33.237 0.4000000060
1496  17.946  -74.247  30.699 0.3000000119
1859  17.146  -72.507  31.866 0.4000000060
1842  16.701  -71.658  32.653 0.4000000060
2244  17.154  -71.433  33.384 0.4000000060
129441  21.311  -73.511  29.459 0.4000000060
1506  20.842  -73.398  29.938 0.5000000000
1869  20.582  -72.922  30.409 0.5000000000
130324  20.805  -74.023  29.660 0.3000000119
1494  20.177  -73.768  30.229 0.4000000060
1857  18.860  -72.583  31.551 0.4000000060
1203  19.468  -74.482  30.151 0.3000000119
1484  18.569  -73.415  31.026 0.3000000119
1858  18.042  -72.617  31.702 0.3000000119
148389  18.603  -74.807  30.232 0.3000000119
1212  20.968  -74.770  29.250 0.4000000060
129831  22.095  -74.171  28.431 0.4000000060
1882  21.833  -73.019  29.064 0.5000000000
951  21.470  -75.416  28.636 0.3000000119
946  20.399  -75.431  29.342 0.3000000119
660  19.653  -76.711  29.179 0.4000000060
659  20.323  -76.387  29.023 0.3000000119
270  20.225  -78.244  28.618 0.4000000060
451  18.839  -77.731  29.166 0.4000000060
272  18.635  -78.637  29.078 0.4000000060
1219  22.147  -74.951  28.253 0.4000000060
960  22.846  -75.489  27.702 0.4000000060
950  22.238  -75.985  28.085 0.4000000060
130057  23.053  -76.602  27.697 0.4000000060
683  24.490  -76.588  26.825 0.5000000000
665  21.648  -76.537  28.379 0.4000000060
464  23.073  -77.448  27.453 0.4000000060
449  20.343  -77.362  28.767 0.4000000060
460  21.156  -78.039  28.454 0.5000000000
283  22.476  -77.883  27.674 0.4000000060
280  20.640  -78.591  28.321 0.4000000060
53  18.931  -80.300  27.000 0.6000000238
139  19.404  -79.718  27.754 0.4000000060
691  24.850  -76.418  26.083 0.6000000238
692  24.048  -76.452  25.390 0.6000000238
133309  23.298  -77.484  26.587 0.6000000238
480  23.179  -77.093  25.440 0.6000000238
300  22.531  -77.868  25.854 0.6000000238
485  22.804  -77.198  24.310 0.6999999881
292  21.649  -78.609  26.867 0.5000000000
301  21.700  -78.541  25.740 0.6000000238
494  22.326  -77.909  23.509 0.6999999881
722  24.450  -76.032  22.486 0.6999999881
731  24.219  -76.320  21.256 0.6999999881
714  24.551  -75.777  23.706 0.6000000238
715  23.690  -76.323  23.281 0.6999999881
741  22.151  -77.041  19.509 0.6999999881
742  21.651  -77.045  19.702 0.6999999881
126745  21.405  -75.399  21.421 0.6999999881
493  22.950  -77.121  23.379 0.6999999881
504  22.320  -77.887  21.458 0.6999999881
130774  22.530  -77.768  22.560 0.6999999881
136907  24.280  -75.804  19.921 0.5000000000
1028  23.007  -75.846  18.477 0.6000000238
126734  23.291  -76.902  20.457 0.6999999881
747  22.580  -76.382  18.971 0.6000000238
1289  21.920  -75.594  19.194 0.6999999881
133866  22.243  -74.872  18.679 0.6999999881
503  23.106  -77.193  22.290 0.6999999881
1280  21.644  -75.325  20.447 0.6999999881
1279  21.951  -74.369  20.966 0.6000000238
144658  22.266  -75.618  18.571 0.6000000238
1611  22.814  -74.544  17.963 0.6000000238
1591  22.408  -73.988  19.686 0.6000000238
1601  22.567  -74.162  18.660 0.6000000238
2738  23.038  -71.129  24.924 0.5000000000
1909  16.260  -72.411  27.325 0.6000000238
1543  15.943  -73.428  27.461 0.6000000238
1578  22.322  -73.796  20.808 0.6000000238
1568  22.288  -73.129  22.601 0.6000000238
148876  23.223  -71.891  23.106 0.5000000000
2319  23.238  -71.321  24.131 0.5000000000
2712  16.481  -70.899  26.595 0.6000000238
2704  16.282  -70.687  27.638 0.6000000238
2295  16.318  -71.580  27.581 0.6000000238
1962  22.797  -73.240  20.545 0.6000000238
1944  22.933  -72.381  22.720 0.5000000000
1934  22.376  -72.664  23.341 0.5000000000
148969  15.518  -68.462  26.564 0.6000000238
3572  15.967  -68.309  28.400 0.6000000238
3127  16.165  -69.702  27.579 0.6000000238
3137  16.292  -70.073  26.598 0.6000000238
3560  16.134  -67.899  29.159 0.6000000238
133214  16.200  -69.301  28.462 0.6000000238
3571  21.907  -68.980  28.001 0.6000000238
128077  23.165  -72.606  21.111 0.6000000238
3573  15.565  -67.546  27.736 0.6000000238
4605  15.789  -66.007  27.686 0.6000000238
3561  15.758  -67.465  28.453 0.6000000238
4588  16.186  -66.193  29.378 0.6000000238
4078  15.830  -66.892  28.903 0.6000000238
5046  17.083  -65.018  29.709 0.5000000000
145675  16.749  -66.614  30.268 0.6000000238
129150  17.205  -65.768  30.508 0.5000000000
135133  15.546  -68.945  25.989 0.6999999881
3589  15.300  -67.600  26.793 0.6000000238
4079  15.580  -66.698  28.015 0.6000000238
5070  16.324  -65.646  28.472 0.6000000238
5069  17.215  -65.315  27.933 0.6000000238
4154  17.002  -67.482  22.970 0.6000000238
4103  15.221  -66.687  26.516 0.6000000238
4620  15.568  -66.240  27.000 0.6000000238
5085  17.505  -65.572  27.089 0.5000000000
138433  16.486  -65.786  26.053 0.6000000238
4129  17.758  -66.760  24.659 0.6000000238
145539  17.574  -66.970  24.033 0.6000000238
3629  18.105  -67.887  23.115 0.6000000238
4635  15.211  -66.535  25.721 0.6000000238
145195  18.213  -65.422  27.517 0.6000000238
141040  17.059  -66.051  25.349 0.6000000238
4618  17.537  -65.914  26.212 0.5000000000
4116  18.745  -67.170  25.373 0.6000000238
4128  18.849  -67.625  24.615 0.5000000000
3628  18.979  -68.203  23.893 0.5000000000
144080  19.503  -66.490  26.290 0.6000000238
4632  19.592  -66.961  25.721 0.6000000238
3619  19.633  -67.873  24.286 0.6000000238
3627  19.772  -68.329  23.565 0.6000000238
3637  20.645  -68.691  22.318 0.6999999881
3656  20.898  -69.209  21.506 0.6999999881
3655  21.514  -68.917  20.889 0.6999999881
3672  21.724  -69.007  19.973 0.6999999881
4127  20.335  -67.396  24.505 0.6000000238
4140  20.666  -67.428  23.857 0.6999999881
4164  21.486  -67.941  21.196 0.6999999881
142196  21.220  -68.454  21.826 0.6999999881
4172  21.643  -68.250  20.175 0.6999999881
146102  21.700  -67.676  19.221 0.6000000238
4660  20.885  -66.827  22.214 0.6000000238
2720  23.359  -70.446  25.280 0.5000000000
2721  22.709  -70.796  25.629 0.5000000000
3606  24.083  -69.138  26.046 0.5000000000
3150  23.682  -69.774  25.634 0.5000000000
3134  23.408  -69.466  26.366 0.6000000238
3585  25.109  -68.124  26.075 0.6000000238
3605  24.717  -68.750  25.685 0.6000000238
3587  23.751  -68.730  26.717 0.6000000238
3588  23.079  -69.093  27.062 0.6000000238
3557  22.290  -68.297  28.382 0.6000000238
4100  25.441  -67.474  26.446 0.5000000000
4087  24.364  -67.462  27.407 0.6000000238
4076  22.588  -67.630  28.760 0.6000000238
4604  24.659  -66.832  27.809 0.6000000238
4596  23.540  -66.750  28.899 0.5000000000
146680  23.210  -67.325  28.612 0.6000000238
4061  22.197  -67.317  29.418 0.6000000238
4595  24.298  -66.465  28.568 0.5000000000
146075  22.537  -66.806  29.716 0.6000000238
5010  21.352  -65.213  31.408 0.5000000000
5009  22.180  -65.105  31.258 0.5000000000
4569  21.109  -66.488  30.958 0.6000000238
4568  22.579  -66.284  30.279 0.6000000238
142191  21.125  -78.799  27.398 0.6000000238
308  21.812  -78.396  24.662 0.6999999881
2709  22.348  -70.437  26.329 0.5000000000
4617  18.685  -66.615  26.044 0.6000000238
3636  21.200  -67.664  22.077 0.6999999881
3124  22.312  -69.372  27.361 0.6000000238
4587  21.846  -66.847  30.263 0.6000000238
5028  21.906  -66.005  31.053 0.6000000238
1485  17.570  -73.391  31.271 0.3000000119
1204  18.812  -74.139  30.554 0.3000000119
1483  19.273  -73.077  31.038 0.4000000060
947  19.712  -75.842  29.479 0.3000000119
952  20.927  -75.996  28.783 0.4000000060
666  21.044  -77.032  28.606 0.4000000060
669  24.331  -76.619  27.122 0.4000000060
664  22.423  -77.018  28.023 0.3000000119
146364  24.148  -76.925  27.164 0.5000000000
684  24.051  -76.932  26.420 0.6000000238
459  21.860  -77.570  28.233 0.5000000000
147634  22.838  -77.808  26.690 0.5000000000
134351  21.294  -78.354  28.140 0.5000000000
703  23.391  -76.578  24.384 0.6000000238
740  22.867  -76.880  19.633 0.6999999881
4619  16.032  -65.785  26.842 0.6000000238
3685  22.017  -69.693  17.844 0.6000000238
3586  24.423  -68.420  26.406 0.6000000238
4603  25.413  -66.493  27.541 0.5000000000
3569  23.440  -68.364  27.385 0.6000000238
4089  23.139  -67.909  28.108 0.6000000238
4086  25.055  -67.157  27.140 0.5000000000
4075  23.877  -67.239  28.144 0.6000000238
4594  25.057  -66.138  28.245 0.5000000000
4586  23.123  -66.465  29.607 0.5000000000
4567  23.224  -65.820  30.196 0.5000000000
545  15.840  -76.566  45.947 0.4000000060
544  16.543  -76.272  46.214 0.4000000060
797  17.162  -76.347  45.615 0.5000000000
134075  13.671  -76.266  44.168 0.5000000000
560  13.201  -76.210  43.198 0.5000000000
568  11.985  -76.156  41.420 0.5000000000
553  14.190  -76.739  44.674 0.5000000000
798  14.701  -76.357  45.328 0.5000000000
796  18.244  -75.986  45.650 0.4000000060
795  19.243  -75.764  45.637 0.4000000060
133509  19.039  -75.806  44.844 0.5000000000
144310  18.946  -73.441  34.603 0.3000000119
1169  19.333  -74.300  34.387 0.3000000119
1450  17.353  -73.149  34.595 0.3000000119
1812  17.546  -72.188  34.474 0.3000000119
1091  14.065  -75.133  44.510 0.4000000060
809  13.474  -75.253  43.854 0.5000000000
810  12.830  -75.072  42.551 0.5000000000
132635  15.189  -74.956  45.285 0.4000000060
789  15.374  -76.180  45.910 0.4000000060
1077  17.376  -75.597  46.465 0.3000000119
1089  16.808  -74.837  45.978 0.3000000119
814  20.008  -75.536  42.826 0.4000000060
785  19.545  -75.456  46.357 0.3000000119
125142  20.145  -75.606  45.429 0.4000000060
133186  19.835  -75.663  44.554 0.5000000000
784  20.515  -75.339  46.195 0.3000000119
148309  20.078  -74.353  34.376 0.3000000119
146119  19.911  -75.339  33.942 0.3000000119
1449  18.222  -72.929  34.621 0.3000000119
1811  18.440  -71.956  34.543 0.3000000119
2217  16.836  -71.796  34.228 0.3000000119
1095  14.549  -74.589  44.446 0.3000000119
1096  13.740  -74.496  43.804 0.4000000060
1370  15.528  -74.318  44.561 0.3000000119
1069  19.907  -74.984  46.823 0.3000000119
803  21.032  -75.353  43.455 0.4000000060
1101  21.340  -75.153  42.626 0.4000000060
126471  21.266  -75.295  44.364 0.4000000060
775  20.841  -75.013  46.498 0.3000000119
1461  22.069  -73.787  33.593 0.4000000060
1180  21.384  -74.398  33.957 0.4000000060
126758  21.471  -75.400  33.461 0.4000000060
911  21.679  -76.518  32.806 0.4000000060
640  22.069  -77.612  32.307 0.4000000060
433  22.467  -78.063  32.334 0.5000000000
1447  20.343  -72.832  34.736 0.3000000119
1448  19.707  -73.384  34.659 0.3000000119
124558  19.023  -72.575  34.716 0.3000000119
2216  17.831  -71.621  34.179 0.3000000119
1840  18.393  -71.871  32.294 0.3000000119
1382  15.081  -73.826  43.672 0.3000000119
1377  22.842  -74.205  43.858 0.3000000119
1100  22.108  -74.687  43.302 0.3000000119
1114  21.900  -74.816  41.270 0.4000000060
126697  22.069  -75.536  40.324 0.4000000060
1353  21.526  -73.730  46.380 0.3000000119
1086  22.391  -74.694  44.891 0.3000000119
136230  21.718  -74.703  46.288 0.3000000119
783  21.387  -75.138  45.994 0.3000000119
594  23.391  -76.217  36.226 0.5000000000
149535  23.113  -76.072  37.246 0.5000000000
1836  24.446  -72.251  31.885 0.3000000119
1472  23.697  -73.557  32.051 0.3000000119
1825  23.160  -72.197  32.973 0.3000000119
1473  22.910  -73.674  32.808 0.3000000119
910  22.089  -74.864  33.255 0.4000000060
637  24.358  -77.289  32.249 0.5000000000
624  23.886  -77.311  33.868 0.5000000000
1826  22.461  -72.765  33.453 0.3000000119
926  22.782  -75.384  32.465 0.4000000060
927  22.717  -76.669  32.166 0.4000000060
132274  23.452  -77.623  32.142 0.5000000000
424  23.824  -77.595  32.931 0.5000000000
1809  20.056  -71.703  34.856 0.3000000119
2215  18.863  -71.355  34.378 0.3000000119
2230  18.535  -71.204  34.099 0.3000000119
2229  19.052  -70.771  33.804 0.3000000119
1839  19.159  -71.845  32.092 0.4000000060
1389  22.550  -74.159  42.924 0.3000000119
1404  22.410  -73.730  41.057 0.4000000060
1692  21.778  -72.769  45.881 0.3000000119
1073  22.932  -74.396  45.966 0.3000000119
1085  23.162  -74.325  44.840 0.3000000119
132297  22.364  -74.641  40.439 0.4000000060
1348  22.124  -74.273  46.441 0.3000000119
852  22.659  -75.698  39.032 0.4000000060
136776  23.131  -75.830  37.627 0.5000000000
1424  22.920  -73.754  36.591 0.4000000060
1155  23.166  -75.051  37.220 0.5000000000
2253  25.907  -72.129  31.478 0.3000000119
144221  23.629  -75.797  35.835 0.5000000000
1154  23.343  -74.858  36.281 0.5000000000
1854  24.402  -73.109  31.510 0.3000000119
896  24.424  -75.961  34.062 0.4000000060
134097  23.926  -75.447  34.814 0.5000000000
2240  23.807  -71.767  32.544 0.3000000119
148789  23.931  -74.223  31.656 0.4000000060
1198  24.424  -74.973  31.264 0.4000000060
909  24.934  -76.350  33.114 0.5000000000
897  23.832  -76.265  34.917 0.5000000000
1190  23.425  -74.586  32.110 0.4000000060
925  23.800  -76.042  31.589 0.5000000000
441  24.173  -77.219  31.772 0.5000000000
144392  20.933  -71.372  34.777 0.3000000119
2629  20.260  -69.940  34.316 0.4000000060
2644  20.148  -69.671  33.638 0.3000000119
2645  19.643  -70.173  34.041 0.4000000060
2657  19.757  -70.213  33.378 0.4000000060
147  15.644  -80.178  26.815 0.5000000000
1856  19.578  -72.484  31.374 0.3000000119
2093  22.945  -71.674  45.617 0.3000000119
1346  23.841  -73.639  46.074 0.3000000119
1752  22.532  -72.561  40.657 0.3000000119
143808  23.047  -73.204  46.231 0.3000000119
127576  22.350  -72.013  38.938 0.3000000119
1419  22.579  -73.186  37.210 0.5000000000
1801  23.045  -72.852  35.975 0.4000000060
1784  22.718  -72.547  36.617 0.3000000119
2236  27.463  -71.931  31.982 0.3000000119
1446  23.747  -73.515  34.903 0.5000000000
1853  25.332  -72.820  31.214 0.3000000119
1179  25.121  -75.251  33.253 0.4000000060
1166  24.441  -74.766  34.005 0.4000000060
139690  25.134  -74.571  30.896 0.4000000060
1197  25.455  -75.355  30.877 0.4000000060
933  25.896  -75.944  31.236 0.4000000060
1178  25.744  -75.700  32.374 0.4000000060
2226  23.181  -71.266  33.293 0.3000000119
2643  22.461  -70.597  33.984 0.3000000119
934  24.875  -76.001  31.083 0.4000000060
622  24.970  -76.822  32.288 0.5000000000
3067  21.284  -69.679  34.262 0.3000000119
3083  21.040  -68.993  32.845 0.4000000060
2656  20.496  -69.716  32.753 0.4000000060
294  16.251  -78.821  26.586 0.5000000000
2241  20.184  -70.788  32.241 0.4000000060
2655  21.021  -70.419  31.558 0.5000000000
146  16.292  -79.939  26.246 0.5000000000
1681  23.716  -73.296  46.188 0.3000000119
2312  16.793  -71.258  25.602 0.5000000000
1800  23.531  -72.564  35.364 0.3000000119
1783  23.196  -71.865  35.957 0.3000000119
1917  16.777  -72.025  26.065 0.5000000000
2322  16.920  -71.591  24.608 0.6000000238
2637  28.449  -70.601  33.250 0.3000000119
2651  27.059  -70.896  32.611 0.3000000119
1852  26.539  -73.222  30.965 0.3000000119
1479  27.152  -74.378  30.872 0.3000000119
138584  25.129  -73.860  33.440 0.4000000060
1445  24.416  -73.571  34.192 0.4000000060
141768  15.807  -74.078  27.778 0.5000000000
2752  14.463  -70.334  23.619 0.5000000000
137157  26.169  -74.770  30.724 0.3000000119
923  26.405  -75.526  31.157 0.3000000119
1189  26.621  -75.111  31.790 0.3000000119
1460  26.913  -74.109  32.389 0.3000000119
954  15.936  -74.768  28.109 0.5000000000
2642  23.209  -70.378  33.571 0.3000000119
144889  22.054  -69.843  34.203 0.3000000119
674  16.141  -76.107  27.872 0.5000000000
3502  22.119  -68.724  33.545 0.3000000119
466  15.912  -77.082  27.524 0.5000000000
3507  21.620  -68.595  32.963 0.4000000060
475  16.529  -77.765  27.059 0.6000000238
3089  22.238  -68.856  31.686 0.4000000060
2661  21.797  -69.702  31.332 0.5000000000
293  16.953  -78.358  26.155 0.5000000000
2665  22.317  -70.227  30.449 0.4000000060
2260  21.335  -71.212  30.682 0.3000000119
2254  20.604  -71.464  31.284 0.4000000060
155  17.527  -80.102  24.951 0.6000000238
2290  24.744  -71.753  27.451 0.3000000119
2292  23.320  -72.172  28.075 0.4000000060
1876  22.064  -72.226  29.270 0.4000000060
1868  20.971  -72.086  30.530 0.3000000119
70  18.000  -80.463  24.786 0.6000000238
55  17.167  -80.747  26.225 0.5000000000
1895  25.518  -72.406  26.868 0.3000000119
1896  24.488  -72.758  26.947 0.5000000000
1897  23.534  -72.876  27.478 0.4000000060
1515  22.353  -73.405  28.398 0.4000000060
54  17.772  -80.732  26.027 0.6000000238
1905  26.171  -73.488  26.590 0.3000000119
1906  25.314  -73.325  26.605 0.5000000000
1529  24.053  -73.586  26.906 0.4000000060
1530  23.459  -73.948  27.285 0.4000000060
1539  25.806  -74.348  26.569 0.4000000060
1540  24.829  -73.924  26.633 0.5000000000
1232  24.321  -74.714  26.857 0.4000000060
136747  24.992  -75.703  26.829 0.5000000000
2739  16.554  -70.727  24.947 0.6000000238
2740  15.785  -70.356  24.573 0.6000000238
2636  29.216  -70.341  33.425 0.3000000119
2649  28.753  -71.610  32.759 0.3000000119
1835  28.490  -72.467  32.148 0.3000000119
2251  27.994  -73.175  31.513 0.3000000119
143051  15.603  -69.455  25.501 0.6000000238
2741  14.891  -69.919  24.297 0.6000000238
140088  27.585  -70.474  33.104 0.3000000119
1477  28.486  -73.679  31.786 0.3000000119
1470  28.172  -73.990  31.775 0.3000000119
3177  13.952  -69.513  24.038 0.6000000238
3497  26.839  -68.281  33.440 0.3000000119
1187  27.376  -74.562  31.265 0.3000000119
1471  27.420  -74.513  31.580 0.3000000119
3168  13.517  -68.662  24.208 0.6000000238
3078  23.298  -68.875  33.607 0.3000000119
147779  14.047  -67.403  22.942 0.6000000238
3630  12.942  -68.431  23.578 0.6000000238
3644  12.942  -68.000  22.956 0.6000000238
3660  14.230  -68.336  21.479 0.5000000000
2664  23.026  -69.953  30.066 0.4000000060
2264  23.097  -71.108  29.055 0.4000000060
1242  27.127  -75.059  26.397 0.4000000060
1243  26.238  -75.268  26.473 0.5000000000
3071  30.597  -69.816  33.605 0.3000000119
2634  31.114  -70.781  33.799 0.3000000119
2225  29.460  -71.311  33.224 0.3000000119
2224  30.099  -72.136  33.203 0.3000000119
1834  29.038  -73.191  32.260 0.3000000119
1469  28.839  -73.521  32.357 0.3000000119
1458  28.670  -73.610  32.782 0.3000000119
3152  16.078  -69.701  25.909 0.5000000000
3073  28.593  -69.640  33.460 0.3000000119
139802  27.119  -69.099  33.418 0.3000000119
3608  14.306  -68.130  25.199 0.5000000000
3153  14.953  -68.800  25.402 0.6000000238
3496  28.847  -68.954  33.458 0.3000000119
1459  27.927  -73.886  32.377 0.3000000119
3620  13.840  -68.204  24.688 0.6000000238
3995  28.794  -68.083  33.255 0.3000000119
4133  13.449  -67.882  24.208 0.6000000238
3094  23.378  -69.216  30.472 0.3000000119
3088  22.992  -68.647  31.344 0.3000000119
3643  14.579  -67.749  22.254 0.6000000238
3202  15.999  -68.998  20.817 0.6000000238
4132  14.116  -67.445  24.756 0.6000000238
4636  14.660  -66.896  25.235 0.5000000000
4653  15.566  -66.736  23.773 0.6000000238
4144  14.959  -66.906  23.589 0.6000000238
3642  15.578  -67.758  22.262 0.6000000238
3659  15.287  -68.352  21.508 0.6000000238
3201  17.014  -68.941  21.152 0.6000000238
3658  16.259  -68.382  21.653 0.6000000238
129835  17.878  -69.564  20.832 0.5000000000
4117  14.870  -67.182  25.976 0.5000000000
4646  15.938  -66.457  24.381 0.5000000000
4155  15.859  -67.200  23.024 0.5000000000
143730  17.928  -68.807  21.721 0.6000000238
131123  20.115  -71.096  17.535 0.5000000000
144550  22.254  -69.639  16.534 0.6000000238
2792  20.770  -70.762  17.190 0.6000000238
3255  20.803  -70.478  16.491 0.5000000000
3710  21.505  -69.886  15.803 0.6000000238
3711  20.630  -69.975  16.221 0.6000000238
4143  16.463  -66.878  23.590 0.5000000000
141139  18.779  -68.979  22.163 0.5000000000
3199  19.654  -69.787  21.309 0.5000000000
3200  18.801  -69.494  21.497 0.6000000238
3198  20.407  -69.814  21.022 0.6000000238
3216  19.865  -70.340  20.367 0.5000000000
2782  19.313  -70.762  19.489 0.5000000000
3214  21.192  -70.111  19.475 0.6000000238
4672  21.344  -67.232  20.358 0.6000000238
3227  21.407  -70.366  18.076 0.6000000238
4205  21.272  -69.401  15.422 0.5000000000
9403  16.429  -58.640  24.200 0.5000000000
4645  16.743  -66.325  24.717 0.5000000000
3639  18.305  -68.507  22.456 0.5000000000
3187  19.473  -69.235  22.143 0.6000000238
9385  16.491  -58.186  25.810 0.5000000000
10120  15.556  -57.893  27.001 0.6000000238
9384  16.951  -58.294  25.088 0.6000000238
9402  17.357  -58.227  24.321 0.6000000238
125225  16.000  -58.495  25.003 0.5000000000
138519  17.532  -58.448  23.133 0.5000000000
9457  16.312  -59.299  21.826 0.5000000000
4713  20.098  -66.332  15.366 0.5000000000
4217  20.249  -67.456  15.447 0.5000000000
12459  16.377  -54.239  22.006 0.6000000238
149581  16.248  -54.006  22.929 0.6999999881
136656  17.404  -54.316  23.778 0.6000000238
12419  17.195  -54.190  24.547 0.6999999881
11642  17.672  -55.402  26.527 0.6000000238
10851  16.887  -56.380  27.643 0.6000000238
11650  18.268  -55.389  24.849 0.6000000238
11651  17.995  -55.408  25.719 0.6000000238
12458  17.532  -54.366  22.356 0.6000000238
12439  18.279  -54.899  23.444 0.6000000238
10879  18.269  -56.160  25.339 0.6000000238
10880  17.884  -56.205  26.141 0.5000000000
10100  15.476  -57.565  27.652 0.6000000238
130179  18.099  -54.505  21.838 0.6000000238
10890  18.502  -56.132  24.487 0.6000000238
10133  17.286  -57.695  25.794 0.5000000000
10119  16.848  -57.620  26.523 0.6000000238
11672  18.606  -55.391  23.097 0.6000000238
10891  18.270  -56.874  24.837 0.6000000238
10170  18.718  -57.060  22.783 0.6000000238
10141  18.479  -57.129  23.565 0.6000000238
10153  18.131  -57.861  23.154 0.6000000238
9435  17.739  -58.540  22.524 0.5000000000
8732  16.614  -59.414  20.990 0.5000000000
8751  16.829  -59.545  20.115 0.5000000000
8786  16.945  -60.227  19.077 0.5000000000
8111  17.245  -60.731  18.426 0.5000000000
12401  17.204  -54.246  25.493 0.6000000238
134816  16.881  -54.208  26.996 0.6999999881
145149  19.008  -55.323  21.639 0.5000000000
10169  18.884  -57.411  22.065 0.6000000238
145928  18.480  -58.627  21.250 0.6000000238
9475  17.714  -59.226  21.018 0.5000000000
9474  18.582  -58.941  20.666 0.6000000238
8770  18.198  -59.737  19.400 0.5000000000
8769  19.226  -59.542  19.303 0.6000000238
8110  18.039  -60.588  18.167 0.6000000238
16578  16.562  -49.894  20.685 0.4000000060
12443  14.248  -53.792  23.924 0.6999999881
13283  13.794  -53.687  26.132 0.5000000000
13251  15.375  -53.500  27.665 0.5000000000
16592  16.297  -49.525  20.027 0.6000000238
15744  15.302  -50.763  20.496 0.5000000000
13265  15.501  -53.556  26.734 0.6000000238
13228  15.950  -53.736  28.408 0.5000000000
17502  17.396  -48.663  19.772 0.5000000000
125507  14.742  -53.924  23.172 0.6000000238
149259  14.914  -53.576  25.429 0.8000000119
12442  15.736  -53.799  23.461 0.6999999881
13280  16.454  -53.798  25.712 0.8000000119
12373  16.975  -54.601  27.704 0.6999999881
9455  19.272  -58.139  20.995 0.6000000238
9483  19.711  -58.826  19.824 0.6000000238
136466  14.248  -53.449  27.725 0.5000000000
15734  15.297  -50.722  21.143 0.5000000000
12444  12.930  -54.126  23.774 0.6999999881
130424  14.391  -53.243  28.623 0.5000000000
18419  18.966  -47.468  20.594 0.4000000060
16590  17.595  -48.972  20.448 0.4000000060
18429  18.582  -47.127  19.406 0.4000000060
144591  18.989  -46.569  18.374 0.5000000000
17521  19.186  -47.670  18.244 0.4000000060
12386  12.892  -53.876  26.176 0.5000000000
13210  13.883  -52.995  28.967 0.5000000000
15732  17.133  -50.320  21.626 0.3000000119
15724  15.581  -51.063  22.145 0.3000000119
12402  13.295  -53.820  25.401 0.6000000238
19314  19.785  -45.531  18.733 0.4000000060
18448  19.929  -46.314  18.253 0.4000000060
16600  19.799  -49.158  18.532 0.4000000060
12403  12.365  -54.062  25.331 0.6000000238
12423  12.182  -54.228  24.284 0.6000000238
17512  20.448  -47.163  18.623 0.4000000060
12387  12.009  -54.137  26.268 0.5000000000
13252  13.155  -53.622  27.575 0.5000000000
127641  18.720  -49.849  23.203 0.3000000119
144994  16.969  -50.884  23.071 0.3000000119
14913  15.364  -51.431  23.138 0.3000000119
14914  14.504  -51.674  23.138 0.4000000060
17499  21.271  -48.070  20.258 0.3000000119
16589  20.158  -49.200  19.705 0.4000000060
16588  20.818  -48.819  20.587 0.4000000060
14906  15.033  -51.638  23.928 0.4000000060
12404  11.452  -54.326  25.531 0.6000000238
13253  12.222  -53.749  27.555 0.4000000060
14907  14.158  -51.845  23.897 0.4000000060
16559  19.443  -49.189  23.965 0.3000000119
15702  18.574  -50.345  24.729 0.3000000119
12388  11.122  -54.380  26.370 0.5000000000
14908  13.285  -52.211  23.881 0.4000000060
14100  12.329  -52.400  23.870 0.4000000060
14081  10.504  -52.452  25.424 0.5000000000
14909  13.028  -52.175  24.814 0.4000000060
14101  12.088  -52.340  24.918 0.4000000060
17401  14.399  -48.894  27.970 0.3000000119
17429  12.906  -49.114  27.544 0.3000000119
15647  13.169  -50.540  28.159 0.3000000119
15648  12.466  -50.602  28.053 0.3000000119
143100  5.972  -49.881  29.271 0.4000000060
17427  14.146  -48.268  27.323 0.3000000119
1823  26.955  -73.232  33.330 0.3000000119
3095  22.627  -69.465  30.839 0.4000000060
14866  12.909  -51.636  26.891 0.3000000119
8768  20.245  -59.151  19.105 0.6000000238
16450  5.064  -49.413  30.945 0.4000000060
18439  18.188  -47.843  18.765 0.5000000000
14852  13.059  -51.141  27.813 0.3000000119
1877  21.333  -72.710  29.818 0.3000000119
1880  22.882  -72.705  28.186 0.4000000060
3641  16.557  -67.861  22.332 0.5000000000
1078  16.408  -75.624  46.362 0.4000000060
546  15.242  -76.665  45.573 0.5000000000
818  12.305  -75.159  41.707 0.5000000000
805  19.424  -75.634  43.838 0.5000000000
1181  20.745  -74.913  34.060 0.4000000060
1090  15.945  -74.858  45.602 0.4000000060
823  20.865  -75.576  41.510 0.4000000060
145979  20.579  -73.874  34.442 0.4000000060
135786  20.813  -75.990  33.472 0.4000000060
625  20.833  -77.422  32.785 0.4000000060
1384  13.338  -73.732  43.189 0.3000000119
1354  20.642  -74.000  46.394 0.3000000119
144324  21.765  -74.993  43.950 0.3000000119
1106  21.816  -74.681  42.314 0.4000000060
1107  21.403  -75.212  41.653 0.4000000060
1827  21.691  -72.883  34.161 0.3000000119
1808  20.976  -72.366  34.656 0.4000000060
1400  22.323  -73.947  41.991 0.4000000060
1121  22.483  -75.403  39.781 0.4000000060
618  24.217  -76.718  34.033 0.5000000000
285  15.727  -78.078  27.244 0.5000000000
128590  19.746  -70.476  34.376 0.4000000060
1364  24.045  -73.769  45.211 0.3000000119
1406  22.390  -73.340  40.143 0.4000000060
1412  22.686  -74.611  39.070 0.4000000060
129120  22.507  -73.454  38.077 0.5000000000
1159  23.597  -74.679  35.338 0.5000000000
1480  26.155  -73.828  30.751 0.3000000119
2654  23.875  -70.864  32.975 0.3000000119
2212  21.763  -71.094  34.436 0.3000000119
2627  21.758  -70.343  34.404 0.3000000119
304  16.878  -79.528  25.731 0.6000000238
1766  22.336  -72.183  38.230 0.3000000119
124715  22.353  -73.059  39.118 0.4000000060
129715  25.899  -74.434  32.648 0.3000000119
465  16.837  -76.908  27.421 0.5000000000
141843  21.170  -69.508  32.150 0.4000000060
2198  23.619  -71.108  36.323 0.3000000119
138275  25.999  -73.339  33.215 0.3000000119
2686  23.810  -70.811  28.754 0.4000000060
2265  22.395  -71.429  29.462 0.4000000060
2266  21.680  -71.759  29.958 0.4000000060
144553  26.131  -71.912  27.092 0.3000000119
1821  30.287  -72.492  33.468 0.3000000119
4131  14.821  -66.765  24.389 0.6000000238
2670  23.417  -70.400  29.400 0.3000000119
1456  29.922  -73.028  33.506 0.3000000119
1442  29.621  -73.273  34.364 0.3000000119
4011  28.329  -67.141  32.809 0.3000000119
3217  18.859  -70.149  20.472 0.5000000000
2793  20.584  -70.789  18.549 0.6000000238
12420  16.170  -53.730  24.315 0.6999999881
13264  16.349  -53.780  26.516 0.6999999881
123933  15.184  -53.659  24.117 0.6999999881
145984  14.140  -53.654  25.401 0.6000000238
15722  17.507  -50.546  22.558 0.3000000119
15712  17.715  -50.744  23.515 0.3000000119
695  18.862  -76.691  25.857 0.5000000000
686  18.542  -76.381  26.766 0.5000000000
148869  24.933  -75.794  21.252 0.6000000238
3638  19.128  -68.649  22.923 0.4000000060
125935  19.995  -68.780  22.727 0.5000000000
3709  22.078  -69.735  15.804 0.5000000000
4682  21.242  -66.443  19.456 0.5000000000
4691  21.855  -67.165  18.194 0.5000000000
4191  22.247  -68.559  17.699 0.5000000000
4216  21.385  -68.422  14.937 0.5000000000
4701  22.509  -67.680  15.649 0.5000000000
4712  21.007  -67.217  14.834 0.4000000060
5149  21.454  -66.050  18.319 0.5000000000
131777  22.085  -66.767  17.077 0.5000000000
4724  22.172  -66.600  14.839 0.5000000000
5199  20.121  -65.290  15.395 0.5000000000
5161  21.851  -65.551  17.149 0.6000000238
5174  22.455  -66.456  15.782 0.5000000000
5700  21.178  -64.982  15.153 0.5000000000
8126  18.449  -61.000  17.578 0.5000000000
127406  22.371  -65.402  15.797 0.6000000238
6855  18.985  -62.922  16.409 0.5000000000
7465  18.732  -62.087  16.729 0.5000000000
5694  22.289  -65.131  15.334 0.6000000238
5701  20.143  -64.314  15.524 0.6000000238
6262  19.256  -63.788  16.160 0.5000000000
5674  21.602  -64.469  17.576 0.6000000238
6261  22.206  -64.178  15.501 0.6000000238
137533  22.067  -64.666  15.238 0.6000000238
7464  19.671  -61.738  16.521 0.6000000238
6260  22.477  -63.031  15.625 0.6000000238
7457  18.997  -61.416  17.075 0.5000000000
8109  19.030  -60.534  18.037 0.5000000000
6854  20.857  -62.865  15.661 0.6000000238
6272  19.974  -63.366  15.825 0.6000000238
10852  16.080  -56.886  28.096 0.5000000000
11619  16.025  -55.504  29.038 0.5000000000
11635  16.948  -55.431  27.997 0.5000000000
8782  20.611  -59.481  18.239 0.6000000238
7472  21.634  -62.152  15.614 0.6000000238
8124  20.089  -60.309  17.628 0.6000000238
144411  20.448  -62.127  16.074 0.6000000238
8139  20.028  -60.996  16.825 0.6000000238
148925  21.639  -61.358  15.846 0.6000000238
134850  13.861  -51.876  24.753 0.3000000119
15618  5.313  -50.736  29.115 0.3000000119
682  25.369  -76.014  26.403 0.4000000060
702  24.740  -75.938  24.963 0.5000000000
137288  18.526  -80.575  26.082 0.5000000000
63  18.300  -80.593  25.196 0.5000000000
1000  25.266  -75.592  22.889 0.4000000060
161  18.744  -80.126  23.998 0.4000000060
1022  24.993  -75.402  20.602 0.4000000060
474  17.352  -77.446  26.721 0.4000000060
141474  18.409  -77.646  25.239 0.4000000060
473  18.153  -77.117  26.284 0.4000000060
303  17.405  -78.963  25.262 0.4000000060
311  17.870  -79.434  24.503 0.4000000060
1598  24.831  -73.711  18.129 0.4000000060
1303  23.782  -74.413  17.618 0.4000000060
1034  22.828  -75.372  18.114 0.4000000060
672  17.974  -75.865  27.498 0.4000000060
1589  24.467  -74.762  19.184 0.4000000060
1297  23.976  -74.970  18.514 0.4000000060
1600  23.020  -73.712  18.251 0.4000000060
136439  23.373  -72.835  19.104 0.5000000000
134898  23.132  -61.630  15.572 0.5000000000
7461  23.522  -60.970  15.783 0.5000000000
8142  23.208  -61.036  15.628 0.5000000000
8135  23.575  -60.609  15.866 0.5000000000
125891  23.495  -59.130  16.554 0.5000000000
8805  22.562  -59.248  16.322 0.5000000000
10224  23.391  -57.437  16.714 0.5000000000
149273  16.067  -54.829  29.167 0.4000000060
13208  15.543  -53.784  29.195 0.4000000060
8804  23.416  -59.538  16.313 0.5000000000
8806  21.741  -59.974  16.334 0.5000000000
739  23.853  -76.352  20.205 0.5000000000
1287  24.432  -75.260  19.652 0.4000000060
1304  23.160  -74.636  17.738 0.4000000060
564  12.707  -76.098  41.977 0.4000000060
123819  12.418  -77.175  41.671 0.4000000060
144670  12.396  -77.441  38.830 0.4000000060
559  13.704  -77.256  43.854 0.4000000060
563  13.126  -77.334  42.738 0.4000000060
137245  13.334  -77.892  38.947 0.4000000060
371  12.920  -78.299  42.143 0.4000000060
578  16.006  -77.114  39.275 0.4000000060
149248  14.993  -78.464  39.409 0.4000000060
216  13.658  -79.283  39.119 0.4000000060
357  14.907  -77.419  44.572 0.5000000000
363  14.071  -77.844  43.795 0.5000000000
362  14.665  -77.757  43.917 0.4000000060
370  13.581  -78.076  43.008 0.4000000060
215  14.744  -78.682  39.503 0.4000000060
550  16.261  -76.720  45.473 0.5000000000
808  16.660  -76.607  44.622 0.5000000000
557  15.926  -77.059  44.451 0.5000000000
194  14.987  -78.322  42.199 0.4000000060
195  14.080  -78.590  42.235 0.4000000060
562  16.226  -76.681  42.725 0.4000000060
367  15.707  -77.440  43.205 0.4000000060
576  17.365  -76.644  39.267 0.4000000060
387  16.855  -77.594  39.628 0.4000000060
382  16.389  -78.011  39.957 0.4000000060
207  15.023  -78.744  40.110 0.4000000060
202  14.327  -78.859  41.047 0.4000000060
388  16.644  -77.666  39.563 0.4000000060
389  15.645  -78.168  39.522 0.4000000060
128108  16.548  -75.823  42.271 0.5000000000
133546  16.002  -77.569  42.030 0.4000000060
376  15.585  -77.969  42.178 0.4000000060
136552  14.676  -78.570  41.662 0.4000000060
826  17.444  -74.899  41.293 0.5000000000
827  16.833  -75.643  41.340 0.4000000060
381  16.640  -77.727  40.164 0.4000000060
375  16.071  -78.082  41.020 0.4000000060
1136  18.906  -73.708  38.299 0.3000000119
1145  19.118  -73.912  37.505 0.3000000119
1413  19.352  -73.835  38.111 0.4000000060
1125  18.151  -74.249  39.612 0.3000000119
1122  20.657  -75.227  39.430 0.4000000060
1123  19.665  -74.198  39.399 0.4000000060
598  20.568  -76.297  35.967 0.3000000119
879  20.067  -75.265  36.393 0.4000000060
1144  19.807  -74.278  37.639 0.4000000060
1143  20.667  -75.078  37.927 0.4000000060
878  21.057  -75.927  36.828 0.4000000060
1156  20.460  -74.891  37.139 0.4000000060
854  21.687  -75.980  38.570 0.4000000060
853  22.290  -76.002  38.895 0.3000000119
1119  17.740  -74.589  40.383 0.3000000119
839  21.252  -75.721  40.268 0.3000000119
1116  20.245  -75.041  40.254 0.4000000060
613  20.896  -77.166  35.631 0.4000000060
130699  21.713  -75.907  39.458 0.3000000119
877  21.981  -76.349  37.285 0.4000000060
592  22.720  -76.168  37.448 0.4000000060
860  22.758  -75.957  38.291 0.4000000060
1109  18.093  -74.539  41.089 0.4000000060
140001  18.810  -74.475  40.841 0.4000000060
414  20.125  -77.831  35.186 0.4000000060
147077  22.165  -75.764  39.935 0.3000000119
139582  21.886  -77.753  34.829 0.4000000060
413  21.068  -77.757  35.108 0.4000000060
412  22.591  -77.678  34.519 0.4000000060
411  22.981  -77.194  35.172 0.4000000060
597  21.605  -76.617  36.319 0.4000000060
124135  17.113  -75.375  42.218 0.4000000060
825  18.003  -74.918  42.117 0.4000000060
835  20.784  -75.601  40.992 0.3000000119
1108  18.940  -74.787  41.585 0.4000000060
834  21.250  -75.629  40.818 0.3000000119
247  22.048  -78.289  33.890 0.4000000060
263  21.877  -78.292  32.640 0.4000000060
420  22.772  -77.962  33.593 0.4000000060
619  23.550  -76.884  34.861 0.4000000060
595  23.002  -76.315  36.640 0.4000000060
807  17.345  -76.071  44.343 0.4000000060
140756  20.465  -75.493  42.108 0.3000000119
147465  17.750  -76.095  45.081 0.4000000060
817  16.737  -75.910  43.303 0.4000000060
806  18.235  -75.750  44.323 0.4000000060
816  17.569  -75.523  43.171 0.4000000060
815  18.750  -75.460  43.133 0.4000000060
1961  23.314  -72.677  20.247 0.4000000060
612  21.845  -77.198  35.644 0.4000000060
42  18.862  -79.896  28.200 0.4000000060
64  17.682  -80.545  25.447 0.6000000238
65  16.995  -80.401  25.743 0.5000000000
69  18.851  -80.441  24.669 0.5000000000
124  19.072  -79.161  28.824 0.4000000060
132  20.137  -79.109  28.148 0.5000000000
133  19.342  -79.407  28.380 0.5000000000
137  21.714  -78.359  27.700 0.5000000000
140  14.715  -79.535  27.214 0.5000000000
145  19.237  -80.231  26.158 0.6000000238
152  20.946  -79.179  24.975 0.6999999881
154  19.539  -80.098  25.242 0.6000000238
162  18.124  -80.126  24.335 0.4000000060
166  18.988  -79.564  23.435 0.6000000238
196  13.249  -78.647  42.083 0.4000000060
201  15.262  -78.523  41.102 0.4000000060
206  15.750  -78.372  40.310 0.4000000060
214  15.749  -78.290  39.762 0.4000000060
253  22.368  -78.286  32.982 0.4000000060
271  19.419  -78.469  28.860 0.4000000060
279  21.922  -78.049  28.085 0.4000000060
284  20.909  -78.724  27.938 0.4000000060
286  14.989  -78.369  27.353 0.5000000000
291  22.387  -78.151  26.702 0.5000000000
295  15.561  -79.163  27.054 0.5000000000
310  18.398  -79.592  23.911 0.6000000238
322  21.849  -78.436  22.349 0.8000000119
324  20.585  -78.650  21.970 0.8000000119
325  19.967  -78.752  22.307 0.6999999881
331  20.938  -78.426  21.455 0.8000000119
361  15.300  -77.476  44.099 0.5000000000
368  15.120  -77.938  43.176 0.4000000060
369  14.355  -78.175  43.188 0.4000000060
390  14.264  -78.593  39.144 0.4000000060
394  13.224  -79.172  38.789 0.4000000060
425  23.040  -78.012  32.798 0.4000000060
450  19.591  -77.589  28.952 0.4000000060
458  22.509  -77.653  27.827 0.3000000119
463  23.781  -77.219  27.115 0.5000000000
486  22.405  -77.701  24.679 0.6999999881
496  19.556  -78.076  22.826 0.6999999881
509  22.397  -77.448  20.332 0.6999999881
510  21.779  -77.910  20.798 0.8000000119
511  21.222  -77.998  20.867 0.8000000119
551  15.473  -77.053  45.111 0.5000000000
552  14.792  -77.012  45.030 0.5000000000
558  14.362  -77.401  44.367 0.5000000000
567  16.502  -77.107  41.245 0.4000000060
572  17.275  -75.385  40.357 0.3000000119
573  17.097  -77.057  39.900 0.4000000060
596  22.379  -76.517  36.659 0.4000000060
610  23.175  -76.627  35.783 0.5000000000
611  22.602  -76.831  35.928 0.4000000060
614  19.843  -77.113  35.513 0.4000000060
623  24.546  -77.040  33.076 0.5000000000
636  25.438  -76.389  31.696 0.5000000000
638  23.635  -77.118  31.790 0.5000000000
639  22.904  -77.589  32.096 0.5000000000
647  25.221  -76.363  31.272 0.4000000060
648  24.823  -76.889  31.710 0.5000000000
670  23.742  -77.073  27.360 0.4000000060
671  23.022  -77.287  27.623 0.3000000119
673  17.143  -76.244  27.642 0.5000000000
687  17.746  -76.705  27.139 0.5000000000
693  19.846  -76.365  24.770 0.6000000238
705  19.623  -77.091  23.932 0.6999999881
723  23.758  -76.568  22.132 0.6999999881
724  20.836  -77.101  21.168 0.8000000119
732  23.189  -77.155  21.221 0.6999999881
734  20.849  -77.785  20.924 0.8000000119
746  23.379  -76.221  19.262 0.6999999881
748  22.132  -76.325  19.046 0.6000000238
776  20.101  -75.115  46.678 0.3000000119
777  19.509  -75.195  46.669 0.3000000119
787  17.487  -75.878  46.313 0.3000000119
788  16.084  -76.123  46.390 0.4000000060
793  20.987  -75.411  45.250 0.4000000060
794  20.632  -75.500  44.354 0.4000000060
799  14.098  -75.856  44.738 0.5000000000
804  20.334  -75.517  43.477 0.4000000060
813  20.741  -75.461  42.380 0.4000000060
822  21.103  -75.492  41.493 0.4000000060
824  20.265  -75.445  41.660 0.4000000060
833  21.813  -75.749  40.149 0.3000000119
838  22.211  -75.837  39.607 0.3000000119
861  22.246  -76.197  38.108 0.4000000060
862  21.395  -75.892  37.699 0.4000000060
876  23.313  -75.823  36.829 0.5000000000
898  18.896  -75.201  34.075 0.3000000119
908  25.400  -76.375  32.284 0.4000000060
913  19.289  -76.163  33.560 0.3000000119
924  26.068  -75.780  31.576 0.4000000060
938  19.148  -75.304  29.822 0.3000000119
958  24.419  -75.878  27.154 0.4000000060
959  23.735  -76.218  27.418 0.4000000060
972  25.498  -75.743  26.545 0.5000000000
973  24.913  -76.177  26.847 0.5000000000
975  18.821  -75.738  27.046 0.6000000238
982  19.799  -75.379  26.008 0.6999999881
992  25.407  -75.579  24.207 0.5000000000
993  20.568  -75.298  24.691 0.6000000238
1023  21.695  -76.283  19.619 0.6999999881
1027  23.741  -75.593  18.945 0.4000000060
1029  22.524  -75.801  18.463 0.6000000238
1033  23.301  -75.171  18.134 0.4000000060
1035  22.611  -75.208  18.157 0.6000000238
1066  23.192  -74.114  46.138 0.3000000119
1067  22.567  -74.360  46.225 0.3000000119
1068  20.402  -74.963  46.746 0.3000000119
1074  22.276  -74.728  45.791 0.3000000119
1079  15.569  -75.572  45.985 0.4000000060
1080  14.750  -75.526  45.284 0.4000000060
1087  21.710  -75.061  45.061 0.3000000119
1094  22.437  -74.575  44.163 0.3000000119
1115  21.515  -75.521  40.822 0.3000000119
1117  19.733  -74.980  40.989 0.4000000060
1118  18.473  -74.275  40.250 0.3000000119
1124  18.890  -73.786  39.350 0.3000000119
1134  20.963  -75.515  38.778 0.3000000119
1135  20.033  -74.367  38.525 0.4000000060
1142  22.966  -75.152  38.196 0.5000000000
1157  19.564  -74.440  36.905 0.4000000060
1167  23.967  -74.421  34.617 0.4000000060
1168  21.194  -73.375  34.382 0.4000000060
1170  18.425  -74.109  34.447 0.3000000119
1188  26.811  -75.165  31.249 0.3000000119
1191  22.634  -74.442  32.854 0.3000000119
1195  26.855  -75.162  30.992 0.3000000119
1196  26.199  -75.547  30.938 0.4000000060
1213  20.249  -74.597  29.752 0.3000000119
1214  19.792  -75.117  29.732 0.3000000119
1220  21.602  -74.514  28.790 0.4000000060
1222  17.247  -74.228  28.398 0.6000000238
1224  15.914  -74.262  28.058 0.5000000000
1233  23.527  -75.072  27.296 0.4000000060
1234  22.712  -74.313  27.800 0.4000000060
1235  15.634  -74.660  27.777 0.5000000000
1244  25.352  -75.072  26.660 0.5000000000
1288  22.021  -74.632  19.953 0.6000000238
1347  23.044  -73.894  46.339 0.3000000119
1349  21.082  -74.599  46.503 0.3000000119
1355  19.872  -74.414  46.474 0.3000000119
1407  19.315  -73.785  38.710 0.4000000060
1435  23.294  -73.699  35.698 0.4000000060
1443  29.141  -73.501  34.616 0.3000000119
1444  28.669  -73.331  34.084 0.3000000119
1457  29.259  -73.379  33.442 0.3000000119
1468  29.398  -73.228  32.765 0.3000000119
1478  27.894  -74.068  31.309 0.3000000119
1481  25.227  -73.813  30.935 0.3000000119
1482  24.430  -73.999  31.322 0.3000000119
1495  19.385  -73.685  30.636 0.3000000119
1514  22.957  -73.411  27.791 0.4000000060
1516  21.730  -73.775  28.894 0.4000000060
1517  17.405  -73.427  28.529 0.6999999881
1519  16.045  -73.615  28.088 0.5000000000
1532  18.361  -73.229  28.336 0.8000000119
1551  20.611  -73.880  25.397 0.8000000119
1563  21.560  -73.553  23.757 0.8000000119
1590  22.925  -73.429  19.463 0.5000000000
1599  24.330  -74.348  18.117 0.4000000060
1610  23.389  -73.969  17.384 0.4000000060
1682  22.389  -73.462  46.319 0.3000000119
1690  23.388  -72.542  46.033 0.3000000119
1691  22.592  -72.540  45.947 0.3000000119
1760  22.381  -72.278  39.719 0.3000000119
1772  22.456  -72.314  37.394 0.3000000119
1799  24.026  -71.548  35.468 0.3000000119
1810  19.243  -71.740  34.687 0.3000000119
1833  29.717  -72.825  32.876 0.3000000119
1837  23.772  -72.619  32.250 0.3000000119
1838  23.206  -72.963  32.715 0.3000000119
1851  27.426  -73.609  31.073 0.3000000119
1855  20.259  -72.336  31.035 0.5000000000
1870  19.889  -73.088  30.794 0.4000000060
1881  22.378  -72.630  28.712 0.4000000060
1883  18.888  -72.006  28.335 0.8000000119
1884  18.297  -72.466  28.635 0.8000000119
1885  16.927  -72.775  28.633 0.6999999881
1899  16.069  -72.939  28.007 0.6000000238
1926  21.645  -72.844  24.340 0.6999999881
1952  23.289  -72.208  21.850 0.5000000000
1953  22.672  -72.978  21.670 0.6000000238
2085  24.180  -72.646  46.102 0.3000000119
2199  22.844  -71.582  36.766 0.3000000119
2213  20.206  -70.765  34.717 0.4000000060
2214  19.543  -71.050  34.597 0.4000000060
2227  22.470  -71.695  33.714 0.3000000119
2228  21.724  -72.047  34.275 0.4000000060
2231  16.928  -71.535  33.967 0.3000000119
2235  29.334  -72.369  32.660 0.3000000119
2242  19.428  -71.083  32.738 0.4000000060
2252  26.939  -72.543  31.396 0.3000000119
2255  19.887  -71.720  31.795 0.3000000119
2259  22.026  -70.967  30.150 0.4000000060
2275  24.244  -71.249  28.124 0.4000000060
2276  23.522  -71.520  28.390 0.4000000060
2280  16.740  -71.963  28.725 0.6999999881
2291  23.916  -71.983  27.652 0.4000000060
2305  16.541  -71.614  26.646 0.6000000238
2310  21.575  -71.731  25.600 0.6000000238
2311  20.924  -72.070  25.945 0.8000000119
2321  21.828  -72.147  24.851 0.6000000238
2323  16.262  -71.044  24.208 0.6000000238
2332  22.875  -71.973  23.611 0.5000000000
2628  21.020  -70.463  34.672 0.3000000119
2630  19.275  -70.790  34.249 0.3000000119
2635  30.132  -70.696  33.522 0.3000000119
2641  23.836  -69.733  33.474 0.3000000119
2650  27.954  -71.306  32.653 0.3000000119
2666  21.701  -70.516  30.794 0.5000000000
2671  22.705  -70.670  29.731 0.4000000060
2674  16.829  -70.404  29.348 0.6999999881
2688  19.223  -70.642  28.621 0.8000000119
2701  21.165  -70.309  27.265 0.6000000238
2703  19.728  -70.933  27.861 0.6999999881
2722  21.992  -71.102  25.976 0.6000000238
2723  16.440  -70.437  25.736 0.6000000238
2724  16.015  -70.070  25.247 0.6000000238
2737  23.592  -70.677  24.534 0.5000000000
2781  20.029  -70.779  19.387 0.5000000000
2794  19.631  -71.205  18.291 0.5000000000
2820  20.105  -70.911  17.041 0.5000000000
3066  22.018  -69.272  33.966 0.3000000119
3074  27.719  -69.719  33.383 0.3000000119
3079  21.276  -69.009  33.590 0.4000000060
3080  20.653  -69.414  33.868 0.3000000119
3084  20.659  -69.294  33.318 0.4000000060
3090  21.596  -68.933  32.238 0.4000000060
3096  17.744  -69.145  30.098 0.6999999881
3118  16.299  -68.921  29.138 0.6000000238
3126  20.725  -69.923  27.858 0.8000000119
3128  15.831  -68.591  27.445 0.6000000238
3135  22.693  -69.763  26.681 0.5000000000
3138  15.939  -69.244  26.649 0.5000000000
3151  23.075  -70.157  26.014 0.5000000000
3166  15.310  -69.595  24.930 0.6000000238
3167  14.336  -68.949  24.721 0.6000000238
3186  20.207  -69.321  21.910 0.6999999881
3197  21.057  -69.669  20.585 0.6999999881
3215  20.548  -70.286  19.970 0.5000000000
3240  21.616  -70.212  16.566 0.6000000238
3520  19.709  -68.008  30.226 0.8999999762
3524  16.716  -67.704  30.076 0.6999999881
3541  16.633  -68.507  29.713 0.6999999881
3570  22.708  -68.661  27.718 0.6000000238
3607  14.896  -68.009  25.946 0.6000000238
3618  20.232  -67.878  23.920 0.6000000238
3640  17.504  -68.143  22.391 0.5000000000
3657  17.056  -68.415  21.850 0.6000000238
3720  21.934  -69.257  15.287 0.5000000000
3996  27.902  -67.647  33.236 0.3000000119
4045  19.132  -67.377  30.729 0.8000000119
4062  21.424  -67.570  29.733 0.6000000238
4077  21.842  -67.943  29.012 0.6000000238
4088  23.777  -67.781  27.600 0.6000000238
4090  15.371  -66.784  27.263 0.6000000238
4101  24.726  -67.751  26.747 0.6000000238
4102  24.086  -68.063  27.050 0.6000000238
4114  25.824  -67.792  25.677 0.6000000238
4115  19.634  -67.460  25.041 0.6000000238
4118  14.518  -67.502  25.397 0.5000000000
4130  16.990  -66.659  24.093 0.5000000000
4141  18.140  -67.444  23.964 0.6000000238
4142  17.388  -67.195  23.597 0.6000000238
4145  14.140  -67.209  23.756 0.6000000238
4146  13.425  -67.680  23.344 0.6000000238
4156  14.840  -67.253  22.936 0.6000000238
4179  21.940  -68.793  19.095 0.6000000238
4204  22.429  -68.922  15.822 0.5000000000
4215  22.318  -68.291  14.981 0.5000000000
4223  21.969  -67.509  14.755 0.5000000000
4551  21.060  -65.838  31.299 0.6999999881
4552  20.335  -66.043  31.329 0.6999999881
4597  22.875  -67.058  29.150 0.6000000238
4598  15.846  -66.252  28.511 0.6000000238
4616  20.318  -66.389  25.901 0.6000000238
4633  17.961  -66.481  25.545 0.6000000238
4634  16.018  -66.085  25.298 0.6000000238
4666  21.126  -67.023  21.350 0.6000000238
4711  22.474  -67.164  14.999 0.5000000000
5012  19.579  -65.364  31.373 0.8000000119
5027  22.696  -65.588  30.768 0.5000000000
5029  17.892  -65.420  30.858 0.8000000119
5031  16.748  -65.615  30.018 0.5000000000
5047  16.596  -65.469  29.325 0.5000000000
5057  17.072  -65.064  28.843 0.6000000238
5066  25.890  -65.745  28.009 0.5000000000
5083  19.989  -65.938  26.646 0.6000000238
5084  18.723  -66.031  26.847 0.6000000238
5086  16.523  -65.576  27.452 0.6000000238
5097  20.792  -66.208  25.327 0.6999999881
5129  20.153  -65.489  21.719 0.6000000238
5186  22.387  -66.077  15.171 0.6000000238
5198  22.137  -65.623  15.011 0.6000000238
5526  20.734  -64.463  31.427 0.5000000000
5528  18.932  -64.652  31.071 0.6999999881
5561  19.620  -64.076  28.537 0.5000000000
5562  18.555  -64.297  28.984 0.6000000238
5570  20.760  -64.489  27.074 0.5000000000
5591  20.835  -65.157  25.790 0.6000000238
5599  20.546  -65.214  24.835 0.6000000238
5606  19.773  -64.921  22.957 0.6000000238
5615  19.761  -64.847  22.065 0.6000000238
5629  19.642  -64.078  21.548 0.6999999881
5645  19.842  -64.018  20.739 0.6999999881
5660  20.624  -64.617  19.418 0.6000000238
5695  19.483  -64.589  15.945 0.5000000000
6107  20.681  -63.280  30.883 0.5000000000
6119  19.593  -63.534  29.954 0.5000000000
6142  20.836  -64.316  26.891 0.6000000238
6143  20.476  -63.920  26.512 0.6000000238
6156  19.665  -63.643  25.648 0.6000000238
6207  19.423  -63.433  21.859 0.6999999881
6249  22.480  -63.584  15.798 0.6999999881
6270  22.120  -63.851  15.415 0.6000000238
6271  21.307  -63.900  15.351 0.6000000238
6706  22.327  -61.958  29.143 0.5000000000
6806  19.744  -62.604  20.741 0.6000000238
6819  20.565  -62.784  19.375 0.6000000238
6860  22.930  -62.129  15.527 0.5000000000
6861  22.682  -62.299  15.506 0.5000000000
6862  22.026  -63.082  15.440 0.6000000238
7275  22.553  -61.261  28.588 0.5000000000
7298  21.258  -61.137  27.916 0.5000000000
7311  18.775  -61.276  26.152 0.6000000238
7329  18.724  -61.868  25.601 0.6000000238
7344  18.560  -61.538  24.897 0.5000000000
7375  19.116  -61.419  22.301 0.5000000000
7388  19.886  -61.192  21.183 0.5000000000
7408  19.600  -61.968  21.209 0.5000000000
7423  21.417  -61.512  19.082 0.5000000000
7424  20.669  -61.993  19.592 0.5000000000
7454  23.482  -60.827  16.575 0.5000000000
7455  23.334  -61.659  16.139 0.5000000000
7458  18.138  -61.596  17.374 0.5000000000
7462  23.210  -61.595  15.612 0.5000000000
7463  20.692  -61.493  16.218 0.6000000238
7466  18.186  -62.099  17.101 0.5000000000
7470  23.423  -61.055  15.734 0.5000000000
7471  22.610  -61.614  15.554 0.6000000238
7970  19.247  -60.322  26.844 0.5000000000
7980  18.604  -60.704  25.850 0.5000000000
8012  18.725  -60.674  23.590 0.5000000000
8032  19.548  -60.810  21.880 0.5000000000
8106  23.620  -60.152  16.880 0.5000000000
8125  19.270  -60.892  17.400 0.5000000000
8127  17.752  -61.015  17.793 0.5000000000
8136  22.960  -60.191  15.825 0.5000000000
8137  22.267  -60.822  15.803 0.6000000238
8138  21.143  -60.802  16.308 0.6000000238
8638  20.075  -59.785  27.181 0.5000000000
8639  19.512  -59.867  26.962 0.5000000000
8659  18.610  -60.050  25.829 0.5000000000
8688  19.047  -59.200  24.744 0.5000000000
8733  15.668  -59.528  21.035 0.5000000000
8750  17.882  -59.474  20.122 0.5000000000
8752  15.980  -59.705  20.304 0.5000000000
8771  17.175  -59.800  19.448 0.5000000000
8783  19.657  -59.863  18.521 0.6000000238
8784  18.599  -60.110  18.720 0.6000000238
8785  17.642  -60.197  18.857 0.6000000238
8793  23.617  -59.529  16.602 0.5000000000
8794  21.607  -59.103  16.892 0.6000000238
8795  21.020  -59.724  17.295 0.6999999881
8803  23.631  -60.049  16.118 0.5000000000
8813  23.578  -60.551  15.933 0.5000000000
9367  16.006  -58.037  26.489 0.6000000238
9368  15.009  -58.264  26.337 0.6000000238
9421  17.661  -58.156  23.654 0.6000000238
9422  17.082  -58.630  23.622 0.5000000000
9434  18.413  -57.976  22.349 0.6000000238
9436  16.921  -58.980  22.739 0.5000000000
9456  18.753  -58.039  21.674 0.6000000238
9473  20.007  -58.079  20.329 0.6000000238
9482  20.531  -58.249  19.565 0.6999999881
9484  18.828  -59.277  20.007 0.6000000238
9489  23.699  -58.429  17.835 0.5000000000
9495  23.595  -58.207  16.832 0.5000000000
9503  23.399  -58.412  16.596 0.5000000000
10118  17.498  -57.028  26.409 0.5000000000
10142  18.069  -57.545  24.117 0.6000000238
10198  19.971  -57.237  20.743 0.6999999881
10211  21.165  -57.715  18.270 0.8000000119
10216  21.704  -57.634  16.871 0.6999999881
10225  23.094  -57.560  16.427 0.6000000238
10226  22.384  -57.802  16.505 0.6000000238
10836  16.442  -55.947  28.418 0.5000000000
10866  17.460  -56.257  26.891 0.5000000000
10867  17.119  -57.028  27.041 0.6000000238
10908  18.666  -56.284  23.543 0.6000000238
10925  18.941  -56.068  22.642 0.6000000238
10934  19.701  -56.310  21.206 0.6999999881
10958  20.740  -56.435  17.430 0.8000000119
10968  23.374  -56.517  16.812 0.5000000000
10970  22.059  -56.146  16.535 0.6999999881
10971  21.155  -55.935  16.865 0.6000000238
11618  16.548  -54.933  28.564 0.6999999881
11634  17.337  -55.401  27.321 0.6000000238
11659  18.453  -55.393  23.959 0.6000000238
11660  17.995  -54.736  24.183 0.6000000238
11684  19.255  -55.836  21.875 0.5000000000
11685  18.797  -55.325  22.286 0.5000000000
11696  18.994  -55.085  20.972 0.6999999881
11703  18.977  -55.238  19.927 0.6999999881
11709  19.617  -55.720  19.495 0.8000000119
11718  19.401  -55.570  18.521 0.8000000119
11719  18.746  -55.102  18.527 0.8000000119
11730  19.344  -55.306  18.002 0.6999999881
12354  16.468  -54.225  28.262 0.6999999881
12355  16.139  -54.276  28.909 0.4000000060
12372  17.346  -54.715  26.851 0.6999999881
12374  11.661  -54.167  26.991 0.4000000060
12384  17.597  -54.755  26.047 0.6000000238
12385  17.082  -54.213  26.300 0.6999999881
12390  9.192  -54.430  26.080 0.6000000238
12391  8.369  -54.029  25.507 0.6000000238
12400  17.783  -54.770  25.169 0.6999999881
12406  9.598  -54.418  25.399 0.6999999881
12407  8.371  -53.733  24.739 0.6000000238
12421  14.613  -53.640  24.753 0.6999999881
12422  13.682  -53.803  24.555 0.6999999881
12426  9.330  -54.153  24.007 0.6999999881
12427  8.334  -53.159  24.120 0.6999999881
12440  17.839  -54.526  23.274 0.6000000238
12441  17.032  -54.195  23.026 0.6000000238
12448  9.597  -53.527  23.293 0.6000000238
12460  15.425  -54.096  22.482 0.8000000119
12462  13.027  -54.481  21.854 0.6999999881
12463  11.488  -54.148  21.904 0.6999999881
12464  10.909  -53.696  22.522 0.5000000000
12472  18.260  -54.675  21.081 0.6999999881
12478  11.898  -54.145  21.465 0.6999999881
12479  11.436  -53.976  21.852 0.6999999881
12487  16.501  -54.607  19.953 0.8000000119
12488  15.635  -54.432  19.877 0.8000000119
12489  14.931  -54.409  20.312 0.8000000119
12490  12.931  -54.173  20.918 0.6999999881
12491  12.339  -54.131  21.170 0.6999999881
12501  17.929  -54.928  18.877 0.8000000119
12504  14.807  -54.168  19.996 0.8000000119
12512  17.325  -54.500  18.873 0.8000000119
12513  16.568  -54.377  19.004 0.8000000119
12528  20.858  -54.179  17.094 0.8000000119
12540  22.813  -54.408  16.903 0.5000000000
12541  22.521  -54.608  16.676 0.6000000238
12542  21.809  -54.268  16.752 0.6000000238
13209  14.635  -53.321  29.468 0.5000000000
13229  15.124  -53.430  28.566 0.5000000000
13230  13.730  -53.331  28.254 0.5000000000
13250  16.327  -53.834  27.506 0.5000000000
13254  11.365  -53.902  27.546 0.4000000060
13258  7.180  -53.084  26.913 0.6000000238
13266  14.494  -53.566  26.845 0.5000000000
13267  13.471  -53.708  26.874 0.5000000000
13268  12.532  -53.898  26.908 0.5000000000
13270  7.156  -53.190  26.016 0.6000000238
13281  15.590  -53.590  25.899 0.8000000119
13282  14.710  -53.569  26.067 0.6000000238
13285  7.258  -53.019  25.036 0.5000000000
13299  16.558  -53.850  25.024 0.6999999881
13300  15.629  -53.634  25.036 0.6999999881
13302  7.688  -52.914  24.572 0.5000000000
13314  10.005  -53.258  23.046 0.6000000238
13315  9.355  -53.033  23.284 0.6999999881
13325  10.539  -53.216  22.771 0.5000000000
13331  12.090  -53.979  21.279 0.6000000238
13341  13.383  -53.880  20.584 0.6999999881
13347  16.474  -53.664  19.094 0.8000000119
13348  15.718  -53.649  19.446 0.8000000119
13359  19.564  -52.331  18.014 0.6999999881
13360  18.780  -53.489  18.294 0.8000000119
13362  16.986  -54.081  18.830 0.8000000119
13377  19.715  -53.315  17.867 0.6999999881
13390  22.321  -53.857  16.961 0.6000000238
14039  7.925  -52.876  28.665 0.5000000000
14040  7.090  -52.453  28.326 0.5000000000
14055  6.765  -52.508  27.332 0.6000000238
14063  11.060  -52.278  26.259 0.5000000000
14064  10.095  -52.318  26.166 0.5000000000
14068  6.385  -51.901  25.765 0.5000000000
14080  11.322  -52.400  25.297 0.5000000000
14085  7.207  -52.487  25.060 0.5000000000
14104  8.862  -52.947  23.714 0.6999999881
14105  8.301  -52.997  24.176 0.5000000000
14113  12.555  -52.379  23.018 0.5000000000
14115  10.429  -52.874  23.096 0.5000000000
14117  9.255  -52.984  23.389 0.6000000238
14122  12.746  -52.464  22.328 0.6000000238
14124  11.321  -53.193  22.361 0.5000000000
14130  12.859  -52.650  21.628 0.6000000238
14137  20.901  -52.416  19.505 0.5000000000
14138  13.880  -52.995  20.545 0.6999999881
14139  13.150  -53.043  20.953 0.6999999881
14147  21.132  -51.834  18.321 0.6000000238
14149  15.341  -52.737  19.841 0.8000000119
14150  14.635  -52.873  20.212 0.6999999881
14164  16.983  -52.573  19.204 0.6999999881
14176  21.128  -52.341  17.594 0.8000000119
14834  5.803  -51.161  28.470 0.5000000000
14869  9.792  -51.874  26.659 0.5000000000
14870  8.771  -51.673  26.243 0.4000000060
14871  7.708  -51.425  25.710 0.4000000060
14872  6.211  -51.162  26.163 0.6000000238
14890  14.419  -51.622  25.597 0.3000000119
14892  12.005  -52.154  26.096 0.6000000238
14920  14.244  -51.649  21.682 0.6000000238
14927  19.833  -50.865  20.855 0.5000000000
14928  14.198  -51.643  21.041 0.6000000238
14938  15.020  -51.226  20.365 0.6999999881
14939  14.394  -51.923  20.615 0.6000000238
14948  20.808  -51.069  18.038 0.6000000238
14950  17.052  -50.898  19.244 0.6999999881
14963  20.623  -51.021  17.860 0.6000000238
14979  20.665  -51.668  17.747 0.6999999881
15617  5.518  -50.347  28.830 0.3000000119
15631  13.724  -50.150  28.239 0.3000000119
15632  12.971  -49.874  28.154 0.3000000119
15649  10.814  -50.856  27.466 0.5000000000
15650  10.125  -50.701  27.086 0.4000000060
15651  5.941  -50.546  27.321 0.6000000238
15693  6.761  -49.911  25.403 0.4000000060
15711  18.424  -50.358  23.743 0.3000000119
15714  16.233  -51.164  23.090 0.3000000119
15721  18.253  -50.296  22.861 0.3000000119
15723  16.573  -50.759  22.328 0.3000000119
15725  14.893  -51.203  21.664 0.6000000238
15731  20.073  -50.396  21.408 0.4000000060
15733  16.098  -50.466  21.370 0.5000000000
15743  19.960  -49.944  19.244 0.5000000000
15756  16.179  -50.481  19.730 0.6999999881
15757  15.524  -50.655  20.115 0.6999999881
16455  9.161  -49.157  30.399 0.4000000060
16483  6.583  -49.735  27.612 0.4000000060
16497  13.705  -49.428  28.077 0.3000000119
16498  11.511  -50.565  27.702 0.4000000060
16499  10.776  -50.323  27.260 0.4000000060
16522  7.275  -48.768  26.091 0.4000000060
16524  6.521  -49.663  25.890 0.5000000000
16542  9.458  -49.485  25.078 0.3000000119
16545  6.905  -49.058  25.159 0.5000000000
16551  9.021  -48.665  23.880 0.3000000119
16552  8.353  -48.572  23.887 0.3000000119
16560  18.951  -49.743  23.910 0.3000000119
16577  17.413  -49.633  20.977 0.4000000060
16591  16.829  -49.198  20.149 0.6000000238
16593  15.912  -50.243  20.490 0.5000000000
16599  20.085  -48.225  18.701 0.4000000060
16602  16.440  -49.407  19.973 0.6999999881
16608  19.657  -48.246  18.347 0.4000000060
16609  19.290  -48.648  18.304 0.6000000238
16610  18.628  -49.060  18.353 0.6000000238
16611  17.804  -49.505  18.696 0.6000000238
17346  9.275  -48.291  31.155 0.3000000119
17347  7.713  -48.467  31.755 0.3000000119
17376  10.719  -48.344  29.714 0.3000000119
17377  10.004  -48.883  30.068 0.3000000119
17383  10.840  -48.370  28.806 0.3000000119
17402  13.713  -48.807  27.680 0.3000000119
17404  10.576  -48.058  27.595 0.3000000119
17432  7.028  -48.602  25.084 0.3000000119
17461  9.728  -48.167  23.301 0.3000000119
17471  9.882  -47.731  23.017 0.3000000119
17500  20.694  -48.144  19.532 0.3000000119
17501  18.213  -48.248  20.252 0.4000000060
17503  16.882  -49.148  19.818 0.6999999881
17513  18.055  -47.935  19.255 0.5000000000
17514  17.590  -48.546  19.338 0.5000000000
17520  19.762  -47.383  18.278 0.4000000060
17523  17.872  -48.600  18.749 0.6000000238
18306  11.156  -47.720  29.732 0.3000000119
18437  19.042  -46.326  18.651 0.4000000060
18438  18.569  -47.099  18.684 0.5000000000
18449  19.257  -46.732  18.247 0.5000000000
18450  18.774  -47.217  18.428 0.5000000000
19315  19.491  -46.056  18.355 0.4000000060
124084  19.252  -74.269  40.194 0.4000000060
124261  12.100  -49.734  27.714 0.3000000119
125523  11.866  -54.404  23.188 0.6999999881
125848  20.526  -68.173  23.208 0.6000000238
126122  16.205  -76.756  43.745 0.5000000000
126369  16.734  -72.420  34.487 0.3000000119
126403  17.538  -54.746  20.076 0.8000000119
126470  19.053  -76.988  29.279 0.4000000060
126554  17.282  -59.133  21.873 0.5000000000
126637  20.675  -66.447  23.048 0.6000000238
126638  13.546  -67.834  22.451 0.6000000238
127229  22.790  -71.934  28.708 0.4000000060
127888  15.697  -66.092  26.221 0.6000000238
128032  18.666  -73.835  27.940 0.8000000119
128392  19.338  -58.794  26.161 0.5000000000
128439  17.663  -57.621  24.991 0.6000000238
128605  19.301  -50.569  18.146 0.6999999881
128734  18.872  -62.125  22.686 0.6999999881
128766  22.368  -64.533  15.782 0.6000000238
128829  11.372  -52.519  23.864 0.4000000060
129259  19.561  -75.344  42.336 0.3000000119
129510  16.956  -72.442  25.551 0.5000000000
129545  18.582  -54.868  21.749 0.6000000238
129553  20.155  -63.913  19.998 0.6999999881
129562  6.545  -49.801  28.602 0.4000000060
129848  20.777  -60.365  16.842 0.5000000000
129957  22.125  -73.757  21.787 0.6999999881
130038  21.687  -69.606  19.167 0.6999999881
130217  24.721  -75.841  20.763 0.4000000060
130279  20.409  -79.425  23.203 0.6999999881
130281  16.913  -75.601  28.034 0.5000000000
130410  19.180  -74.254  27.305 0.6999999881
130427  6.781  -50.837  25.585 0.4000000060
131068  17.908  -56.967  25.643 0.5000000000
131271  15.250  -66.486  25.015 0.5000000000
132032  10.796  -54.409  24.663 0.6000000238
132254  23.526  -76.393  35.599 0.5000000000
132432  11.626  -54.299  24.745 0.8000000119
132465  18.077  -58.661  21.806 0.5000000000
132590  22.778  -74.092  37.466 0.5000000000
132649  20.179  -50.554  17.917 0.6000000238
132971  20.478  -55.782  17.323 0.6000000238
133020  23.700  -58.725  17.085 0.5000000000
133226  12.916  -53.978  24.694 0.6000000238
133261  18.060  -50.729  24.260 0.3000000119
133482  9.857  -54.359  24.575 0.6999999881
133707  12.022  -54.439  21.701 0.6999999881
134105  16.303  -72.242  28.191 0.6999999881
134115  7.025  -48.685  31.881 0.3000000119
134230  22.895  -74.481  45.490 0.3000000119
134308  22.310  -78.152  27.316 0.5000000000
134309  21.705  -74.551  21.665 0.6000000238
134413  23.504  -74.085  45.715 0.3000000119
134987  26.813  -74.639  26.575 0.4000000060
135230  19.666  -59.251  26.705 0.5000000000
135298  7.169  -48.759  24.783 0.3000000119
135311  16.450  -49.674  19.780 0.6999999881
135399  18.565  -60.512  25.331 0.5000000000
135533  11.981  -52.704  22.460 0.6000000238
136254  16.783  -65.600  26.689 0.6000000238
136604  20.010  -65.008  23.860 0.5000000000
136606  21.114  -79.077  23.952 0.6999999881
136633  22.741  -69.606  33.841 0.3000000119
137036  16.651  -53.946  23.689 0.6999999881
137562  19.531  -64.122  31.010 0.6000000238
137982  16.348  -57.414  27.276 0.6000000238
138117  9.212  -47.791  31.179 0.3000000119
138187  22.368  -67.857  16.873 0.5000000000
138250  8.957  -53.925  24.413 0.6999999881
138340  8.680  -48.808  31.165 0.4000000060
138849  24.462  -76.675  31.506 0.5000000000
138939  27.892  -68.652  33.451 0.3000000119
139004  19.703  -62.501  16.231 0.6000000238
139279  16.462  -69.740  29.096 0.6999999881
139544  19.674  -79.364  23.001 0.6000000238
139573  22.959  -77.757  27.157 0.5000000000
139819  23.226  -77.495  34.299 0.5000000000
139823  18.682  -71.291  33.025 0.3000000119
139958  12.192  -51.307  27.582 0.3000000119
140129  22.595  -68.978  33.729 0.3000000119
140179  16.025  -54.196  19.201 0.8000000119
140193  26.339  -70.454  32.762 0.3000000119
140572  20.183  -68.483  29.536 0.6999999881
140717  25.587  -75.909  31.025 0.4000000060
140828  30.166  -72.989  34.313 0.3000000119
140875  21.487  -52.891  17.390 0.6000000238
140886  20.224  -63.228  19.830 0.6000000238
141163  20.779  -66.733  24.528 0.6999999881
141263  19.283  -63.497  22.396 0.6999999881
141403  22.128  -75.760  32.806 0.4000000060
141925  20.363  -74.735  46.676 0.3000000119
141939  23.990  -76.024  24.378 0.6000000238
142296  19.649  -72.385  34.792 0.3000000119
142354  14.128  -51.777  22.443 0.6000000238
142643  16.724  -76.022  46.532 0.4000000060
142710  13.181  -73.149  42.839 0.3000000119
142893  22.431  -77.337  35.254 0.4000000060
142928  17.730  -71.403  33.910 0.3000000119
142957  17.689  -77.915  25.755 0.5000000000
143462  17.598  -64.676  30.014 0.6999999881
143833  18.412  -80.384  24.561 0.5000000000
144092  5.986  -50.956  26.824 0.6000000238
144103  21.000  -68.147  22.559 0.6999999881
144294  18.665  -62.123  23.428 0.6999999881
144300  15.560  -66.388  27.476 0.6000000238
144695  21.764  -78.427  33.182 0.4000000060
144738  22.982  -54.954  16.703 0.6999999881
144770  6.731  -52.023  25.336 0.5000000000
144808  20.066  -71.964  27.022 0.8000000119
145567  19.288  -58.654  20.396 0.6000000238
145568  22.117  -64.783  16.572 0.6000000238
145612  21.436  -69.443  20.085 0.6999999881
145689  21.171  -66.135  14.882 0.5000000000
146180  18.305  -54.739  22.601 0.6000000238
146540  18.454  -56.795  24.133 0.6000000238
146643  11.388  -52.447  24.568 0.6000000238
146651  22.055  -78.195  24.061 0.6999999881
146694  20.974  -62.416  27.620 0.5000000000
146797  21.287  -74.116  29.239 0.4000000060
146822  18.346  -64.976  30.988 0.8000000119
146956  30.156  -71.503  33.398 0.3000000119
147083  11.685  -54.413  22.264 0.6999999881
147170  23.363  -77.709  33.498 0.5000000000
147207  17.911  -78.467  25.016 0.4000000060
147397  28.583  -73.273  31.834 0.3000000119
147410  22.531  -74.211  39.755 0.4000000060
147444  21.606  -66.900  14.739 0.5000000000
147530  13.627  -53.932  23.838 0.6999999881
147546  17.909  -73.568  34.544 0.3000000119
147559  15.514  -78.224  41.611 0.4000000060
147702  20.938  -75.375  29.034 0.4000000060
148274  22.065  -68.536  32.470 0.4000000060
148308  21.479  -52.281  17.932 0.6000000238
148321  23.175  -65.350  30.605 0.5000000000
148711  13.695  -78.801  41.675 0.4000000060
148803  18.340  -71.206  33.787 0.4000000060
148999  24.946  -76.662  32.690 0.5000000000
149366  16.440  -67.851  29.687 0.6999999881
149731  12.766  -52.082  25.730 0.4000000060
149836  13.642  -50.822  28.009 0.3000000119
149839  22.151  -76.808  36.182 0.4000000060
