#!ascii label  , from subject sub-v1s18x0051223_ses-1 vox2ras=TkReg
919
92511  43.937  36.479  17.145 0.0000000000
96708  45.032  44.048  21.881 0.0000000000
89010  51.863  32.330  16.843 0.0000000000
90464  39.180  32.997  17.075 0.0000000000
88343  42.342  30.193  16.145 0.0000000000
95638  45.827  42.087  13.787 0.0000000000
95589  41.102  41.503  19.124 0.0000000000
97846  43.733  45.775  13.862 0.0000000000
87015  53.055  27.801  17.699 0.0000000000
87070  51.217  29.374  10.557 0.0000000000
118546  45.936  41.091  19.115 0.0000000000
91132  47.502  34.733  18.397 0.0000000000
92455  49.370  37.111  21.050 0.0000000000
118902  50.353  32.103  22.114 0.0000000000
96261  44.004  43.028  10.135 0.0000000000
98357  47.780  46.816  15.548 0.0000000000
88381  47.156  30.433  13.207 0.0000000000
91825  42.058  34.940  16.870 0.0000000000
89014  40.670  31.229  17.285 0.0000000000
90453  43.171  33.160  18.158 0.0000000000
95054  43.966  40.244  16.118 0.0000000000
93178  42.758  37.168  15.217 0.0000000000
95640  40.220  41.944  15.071 0.0000000000
85767  52.960  25.783  17.769 0.0000000000
85072  54.347  25.861  14.759 0.0000000000
112201  51.120  25.479  14.769 0.0000000000
95118  47.755  41.136  6.140 0.0000000000
95558  46.876  42.383  21.456 0.0000000000
94433  48.194  39.597  20.493 0.0000000000
94403  47.596  40.196  21.550 0.0000000000
126309  45.545  32.992  20.672 0.0000000000
90420  47.542  34.095  21.223 0.0000000000
108045  47.881  31.139  21.578 0.0000000000
87595  51.029  30.136  22.495 0.0000000000
96755  44.145  44.242  17.269 0.0000000000
98360  45.510  47.487  14.407 0.0000000000
97802  46.634  46.088  19.317 0.0000000000
96744  46.830  44.118  18.475 0.0000000000
90448  49.362  33.618  18.095 0.0000000000
87626  46.629  29.699  17.438 0.0000000000
87637  48.661  29.500  16.735 0.0000000000
88388  40.170  31.153  13.598 0.0000000000
89067  42.140  31.393  12.154 0.0000000000
95673  49.667  41.401  12.910 0.0000000000
111788  45.515  39.392  11.198 0.0000000000
96156  42.697  42.445  20.427 0.0000000000
94419  44.394  39.472  20.673 0.0000000000
97873  38.801  45.665  10.274 0.0000000000
98387  40.817  47.176  11.028 0.0000000000
119972  42.464  42.744  16.453 0.0000000000
88325  52.396  30.584  16.620 0.0000000000
87030  51.042  28.736  14.238 0.0000000000
86424  53.708  27.333  14.432 0.0000000000
86458  54.101  27.079  10.210 0.0000000000
94454  45.068  39.185  17.699 0.0000000000
91818  45.152  35.672  18.050 0.0000000000
116548  46.990  37.756  18.391 0.0000000000
120737  49.223  36.174  18.364 0.0000000000
91123  50.689  34.838  18.402 0.0000000000
92467  47.585  36.398  21.225 0.0000000000
91099  49.672  34.956  21.595 0.0000000000
89660  51.418  32.457  19.248 0.0000000000
117256  51.501  30.193  20.040 0.0000000000
87001  52.500  26.831  19.837 0.0000000000
95121  44.228  41.050  6.253 0.0000000000
96274  46.691  42.557  9.641 0.0000000000
97859  46.815  46.070  11.684 0.0000000000
97318  49.032  44.469  12.305 0.0000000000
96770  48.993  43.473  14.993 0.0000000000
120357  45.565  42.639  16.822 0.0000000000
88318  44.766  30.747  18.295 0.0000000000
87666  44.805  30.005  14.948 0.0000000000
89075  44.510  31.487  10.762 0.0000000000
113067  48.995  29.895  12.133 0.0000000000
91824  42.955  35.142  17.135 0.0000000000
127689  42.272  34.095  17.502 0.0000000000
91139  43.638  34.812  17.668 0.0000000000
116996  43.601  37.980  16.327 0.0000000000
93833  43.371  38.505  15.601 0.0000000000
93174  43.055  36.899  15.853 0.0000000000
92517  42.003  35.942  15.933 0.0000000000
109668  51.268  25.942  17.414 0.0000000000
85066  52.363  25.565  16.220 0.0000000000
85780  50.415  25.985  16.549 0.0000000000
87064  41.401  28.792  11.595 0.0000000000
96144  46.299  43.711  22.129 0.0000000000
95550  47.090  41.814  22.075 0.0000000000
94993  46.543  41.420  21.990 0.0000000000
88984  45.828  31.762  20.994 0.0000000000
89652  46.782  32.092  21.108 0.0000000000
96731  44.261  44.276  19.627 0.0000000000
97273  45.616  45.542  17.675 0.0000000000
97249  45.373  44.979  20.511 0.0000000000
97237  46.524  45.217  20.694 0.0000000000
89011  51.266  32.594  17.132 0.0000000000
122497  48.981  30.864  17.902 0.0000000000
87624  49.594  29.789  16.847 0.0000000000
90466  37.784  32.960  16.345 0.0000000000
89022  38.715  31.833  16.497 0.0000000000
88335  41.553  30.752  17.268 0.0000000000
88356  40.453  30.634  15.647 0.0000000000
114834  41.099  30.557  15.084 0.0000000000
89057  41.647  31.227  12.961 0.0000000000
88369  42.748  30.641  14.227 0.0000000000
95674  47.836  41.900  13.193 0.0000000000
95691  47.634  40.871  12.156 0.0000000000
95084  46.376  40.920  12.078 0.0000000000
91832  39.557  34.968  16.441 0.0000000000
128557  38.208  34.088  16.443 0.0000000000
95572  41.615  41.703  19.697 0.0000000000
95006  42.460  41.189  20.403 0.0000000000
112800  41.323  40.463  19.771 0.0000000000
95615  40.661  41.399  16.679 0.0000000000
96207  41.125  42.256  15.319 0.0000000000
96192  41.889  42.019  17.731 0.0000000000
96179  42.885  43.015  18.183 0.0000000000
87622  52.784  29.254  16.944 0.0000000000
87644  52.580  29.449  15.821 0.0000000000
86416  53.867  27.151  15.960 0.0000000000
85119  53.734  25.469  12.322 0.0000000000
85818  55.011  25.879  11.850 0.0000000000
85131  54.755  25.733  10.585 0.0000000000
94449  45.184  39.740  17.889 0.0000000000
93804  46.237  38.292  18.194 0.0000000000
94447  46.725  39.099  18.822 0.0000000000
93773  48.999  38.631  20.872 0.0000000000
93152  48.682  37.372  18.876 0.0000000000
92481  49.870  36.701  19.430 0.0000000000
91812  50.360  35.409  18.068 0.0000000000
91787  50.080  36.127  20.127 0.0000000000
93129  45.025  37.587  20.666 0.0000000000
121892  46.072  37.856  20.846 0.0000000000
93128  45.850  37.038  20.754 0.0000000000
89649  49.652  32.692  22.044 0.0000000000
126162  48.738  34.376  21.625 0.0000000000
90419  50.062  33.672  21.933 0.0000000000
90426  50.510  33.774  21.018 0.0000000000
88983  51.188  31.858  20.791 0.0000000000
128321  51.485  31.618  19.629 0.0000000000
88965  51.200  30.976  21.473 0.0000000000
87579  51.257  28.893  22.885 0.0000000000
125168  51.430  28.318  21.865 0.0000000000
109789  43.892  41.544  7.804 0.0000000000
95712  45.661  41.631  8.314 0.0000000000
96275  45.491  42.526  9.657 0.0000000000
116480  42.335  47.100  12.467 0.0000000000
98839  42.101  48.405  11.127 0.0000000000
98378  42.896  48.484  12.420 0.0000000000
98358  47.010  47.819  14.700 0.0000000000
98816  46.254  48.708  13.247 0.0000000000
128877  47.467  46.948  13.038 0.0000000000
97311  48.088  45.275  11.944 0.0000000000
97304  48.905  45.130  13.914 0.0000000000
96777  49.687  43.483  14.046 0.0000000000
97289  48.867  44.754  15.728 0.0000000000
96730  46.327  43.314  18.831 0.0000000000
120547  46.004  43.093  17.658 0.0000000000
95601  45.355  41.716  18.064 0.0000000000
95038  44.930  40.441  17.648 0.0000000000
91133  46.459  34.500  18.449 0.0000000000
90450  45.233  33.380  18.524 0.0000000000
107708  45.977  32.897  18.594 0.0000000000
107640  46.968  29.589  15.066 0.0000000000
87640  45.674  29.551  16.541 0.0000000000
88365  45.934  30.270  14.175 0.0000000000
88398  44.848  31.289  12.501 0.0000000000
89064  45.629  31.444  11.976 0.0000000000
87049  50.836  28.767  12.535 0.0000000000
87041  49.484  29.210  13.406 0.0000000000
87681  50.229  29.303  11.949 0.0000000000
91145  40.281  34.385  16.849 0.0000000000
90460  39.916  32.511  17.333 0.0000000000
90459  40.731  32.952  17.561 0.0000000000
89013  41.392  31.494  17.680 0.0000000000
89012  42.176  31.113  17.822 0.0000000000
111983  44.456  41.426  15.052 0.0000000000
91831  40.631  35.181  16.422 0.0000000000
85757  53.499  26.038  18.224 0.0000000000
86413  54.008  26.263  16.701 0.0000000000
85065  53.454  25.618  16.052 0.0000000000
85092  52.479  25.428  14.595 0.0000000000
95570  46.526  41.695  20.121 0.0000000000
116219  47.413  39.940  19.949 0.0000000000
95017  47.687  40.663  21.164 0.0000000000
94416  48.268  39.783  21.246 0.0000000000
93763  48.538  38.348  21.448 0.0000000000
91112  45.307  34.169  20.613 0.0000000000
91789  46.379  35.164  20.836 0.0000000000
89662  46.917  33.210  21.021 0.0000000000
89651  47.588  32.657  21.301 0.0000000000
88967  49.609  31.663  22.178 0.0000000000
88292  50.920  30.774  22.185 0.0000000000
88283  49.874  30.353  22.576 0.0000000000
87581  50.353  29.786  22.859 0.0000000000
86977  50.640  28.176  23.676 0.0000000000
96278  42.721  43.183  9.423 0.0000000000
97293  43.781  44.407  15.128 0.0000000000
97845  44.552  46.569  14.165 0.0000000000
97291  45.415  45.906  15.813 0.0000000000
97833  46.528  46.674  16.489 0.0000000000
98344  47.488  46.574  17.201 0.0000000000
97825  48.131  45.879  17.093 0.0000000000
97800  47.305  45.918  19.443 0.0000000000
96717  46.569  43.715  20.044 0.0000000000
90449  48.165  33.969  18.385 0.0000000000
89000  47.037  31.807  18.562 0.0000000000
88315  48.139  30.812  18.161 0.0000000000
87625  48.087  29.710  17.313 0.0000000000
87664  47.736  29.410  15.018 0.0000000000
87709  51.589  29.843  8.952 0.0000000000
87702  50.921  30.159  9.681 0.0000000000
88389  38.415  31.020  12.898 0.0000000000
88346  39.765  30.897  16.152 0.0000000000
88372  39.476  31.098  14.349 0.0000000000
88401  39.661  30.941  11.935 0.0000000000
88400  40.377  30.771  11.485 0.0000000000
110057  41.006  30.559  11.093 0.0000000000
87707  42.391  30.704  10.735 0.0000000000
94495  48.909  39.440  11.308 0.0000000000
94505  47.158  38.852  10.629 0.0000000000
96155  43.262  43.053  20.756 0.0000000000
95004  45.205  41.664  21.699 0.0000000000
95005  43.367  41.131  20.761 0.0000000000
94420  43.376  39.521  20.429 0.0000000000
107661  44.050  37.031  20.528 0.0000000000
107667  43.847  36.030  20.532 0.0000000000
107690  44.629  33.969  20.549 0.0000000000
97871  40.149  46.616  10.746 0.0000000000
97855  40.878  45.655  11.791 0.0000000000
97306  42.104  44.398  13.362 0.0000000000
96772  43.029  43.776  14.861 0.0000000000
96756  43.519  43.680  16.663 0.0000000000
96732  43.511  43.646  18.835 0.0000000000
88326  52.198  31.551  16.804 0.0000000000
87635  51.686  30.235  16.083 0.0000000000
87645  52.107  29.639  15.600 0.0000000000
87029  52.096  28.620  14.365 0.0000000000
87047  52.456  27.986  13.019 0.0000000000
86423  54.340  26.283  14.638 0.0000000000
86439  53.719  27.147  12.614 0.0000000000
87069  52.925  27.939  11.044 0.0000000000
93813  44.643  37.979  17.352 0.0000000000
91822  44.527  36.086  17.632 0.0000000000
92509  45.626  37.043  17.894 0.0000000000
123215  46.267  36.635  18.146 0.0000000000
109918  47.502  36.363  18.358 0.0000000000
93802  47.607  38.170  18.839 0.0000000000
92496  48.085  36.831  18.456 0.0000000000
91131  48.859  35.167  18.168 0.0000000000
110386  49.444  34.547  17.981 0.0000000000
107608  50.760  34.013  17.644 0.0000000000
89679  51.290  33.323  17.402 0.0000000000
94417  46.809  39.427  21.377 0.0000000000
93774  47.844  38.478  21.491 0.0000000000
92456  48.668  36.878  21.418 0.0000000000
91788  47.268  35.488  21.134 0.0000000000
91777  48.336  35.902  21.392 0.0000000000
91775  49.762  35.784  21.232 0.0000000000
91108  50.506  34.609  20.054 0.0000000000
89676  51.333  33.364  18.450 0.0000000000
89675  51.727  32.812  17.701 0.0000000000
110857  52.186  31.545  17.614 0.0000000000
87614  52.231  30.239  18.034 0.0000000000
87008  52.241  28.801  18.726 0.0000000000
88291  51.265  30.239  21.939 0.0000000000
108848  51.871  28.394  19.655 0.0000000000
121512  52.445  27.647  19.143 0.0000000000
86399  53.102  26.013  19.559 0.0000000000
95119  46.003  40.907  6.283 0.0000000000
95718  47.410  41.477  7.710 0.0000000000
95702  48.535  42.115  9.072 0.0000000000
98825  44.687  49.277  12.332 0.0000000000
97332  44.550  44.655  11.106 0.0000000000
96809  46.333  43.973  10.720 0.0000000000
96808  48.029  43.590  10.468 0.0000000000
96257  49.642  42.792  10.434 0.0000000000
96231  50.234  42.320  13.009 0.0000000000
96219  49.119  42.593  14.006 0.0000000000
96212  47.056  42.658  14.274 0.0000000000
96753  48.091  44.255  16.256 0.0000000000
96762  46.494  43.194  15.910 0.0000000000
127705  45.910  42.717  15.440 0.0000000000
116327  44.383  40.889  16.399 0.0000000000
94463  44.083  39.597  16.683 0.0000000000
91135  44.257  34.382  18.116 0.0000000000
127984  44.008  32.173  18.491 0.0000000000
88333  43.406  30.390  17.585 0.0000000000
88331  45.644  30.549  18.234 0.0000000000
128712  44.653  29.867  17.303 0.0000000000
107712  43.193  30.253  14.956 0.0000000000
88385  43.421  30.971  13.439 0.0000000000
118983  43.493  31.385  10.883 0.0000000000
124880  50.069  29.266  15.676 0.0000000000
111824  48.763  29.402  13.995 0.0000000000
87683  47.900  30.128  13.078 0.0000000000
87703  49.435  30.913  9.786 0.0000000000
88407  47.255  31.282  11.516 0.0000000000
85093  50.031  25.543  14.349 0.0000000000
85121  50.056  25.535  12.729 0.0000000000
91828  43.253  35.962  16.793 0.0000000000
91823  43.779  35.630  17.367 0.0000000000
93165  43.934  37.409  16.925 0.0000000000
93173  43.426  37.312  16.267 0.0000000000
92515  43.430  36.714  16.529 0.0000000000
92516  42.783  36.265  16.175 0.0000000000
96698  45.929  44.001  22.289 0.0000000000
120872  46.200  42.496  22.226 0.0000000000
96146  45.463  43.321  22.191 0.0000000000
96718  44.491  44.213  20.849 0.0000000000
97239  45.406  44.627  21.433 0.0000000000
97228  45.901  44.560  21.977 0.0000000000
113009  51.085  31.551  16.982 0.0000000000
89693  38.518  32.569  16.676 0.0000000000
89023  37.986  32.199  16.171 0.0000000000
88344  41.583  30.429  16.448 0.0000000000
125975  41.098  30.467  15.900 0.0000000000
88355  41.741  30.363  15.589 0.0000000000
88370  41.864  30.536  14.653 0.0000000000
88354  42.500  30.286  15.235 0.0000000000
95657  46.867  42.089  13.348 0.0000000000
115614  47.061  41.532  12.661 0.0000000000
95675  45.818  41.490  12.847 0.0000000000
91146  39.357  33.965  16.826 0.0000000000
91147  38.709  34.402  16.505 0.0000000000
90465  38.455  33.512  16.651 0.0000000000
95019  41.729  41.192  20.027 0.0000000000
95020  41.122  41.108  19.580 0.0000000000
95604  40.691  41.294  17.636 0.0000000000
95614  41.324  41.678  17.163 0.0000000000
95603  41.241  41.618  18.186 0.0000000000
96169  41.751  42.086  18.884 0.0000000000
87017  53.151  28.030  17.026 0.0000000000
114292  53.510  27.595  16.590 0.0000000000
85118  54.804  25.687  11.564 0.0000000000
95037  45.710  40.270  18.536 0.0000000000
94448  45.785  39.243  18.236 0.0000000000
94434  46.401  39.831  19.031 0.0000000000
93125  49.233  37.975  20.909 0.0000000000
93124  49.572  37.316  20.187 0.0000000000
92466  49.762  36.772  20.410 0.0000000000
107981  44.841  36.509  20.597 0.0000000000
92469  45.724  36.021  20.710 0.0000000000
121401  49.210  33.538  21.806 0.0000000000
90418  50.411  32.947  21.720 0.0000000000
89648  50.776  32.297  21.545 0.0000000000
88966  50.860  31.579  21.875 0.0000000000
86985  51.420  27.808  22.750 0.0000000000
96282  43.142  42.379  8.895 0.0000000000
95714  43.143  41.885  8.126 0.0000000000
96281  43.973  42.217  9.181 0.0000000000
95705  44.881  41.982  8.970 0.0000000000
96276  44.447  42.546  9.659 0.0000000000
97852  43.104  46.851  13.158 0.0000000000
98365  47.472  47.245  14.063 0.0000000000
97844  48.084  46.125  13.450 0.0000000000
97838  48.381  46.015  14.568 0.0000000000
97297  49.106  44.729  14.924 0.0000000000
123347  48.590  45.651  15.406 0.0000000000
95587  45.778  41.828  19.015 0.0000000000
96178  45.712  42.409  18.322 0.0000000000
95588  45.374  41.061  18.294 0.0000000000
107686  46.951  33.745  18.523 0.0000000000
107685  46.090  33.676  18.520 0.0000000000
87675  46.815  29.976  14.186 0.0000000000
107547  46.161  29.793  14.930 0.0000000000
88382  46.326  30.668  13.389 0.0000000000
108883  45.664  31.096  12.900 0.0000000000
88397  46.278  31.159  12.546 0.0000000000
87060  51.125  28.914  11.539 0.0000000000
91144  41.197  34.698  16.843 0.0000000000
91142  40.934  33.892  17.247 0.0000000000
90457  42.673  33.679  17.825 0.0000000000
90454  42.341  32.859  18.013 0.0000000000
89005  42.119  31.903  18.032 0.0000000000
89685  42.911  32.305  18.243 0.0000000000
95061  44.139  40.858  15.580 0.0000000000
120426  43.979  40.809  14.804 0.0000000000
95062  43.638  40.092  15.149 0.0000000000
93834  43.026  37.877  14.991 0.0000000000
93838  43.198  38.621  14.699 0.0000000000
91830  41.569  35.363  16.417 0.0000000000
85766  53.842  25.961  17.376 0.0000000000
85778  53.292  25.719  16.868 0.0000000000
85074  52.301  25.481  15.460 0.0000000000
123499  52.760  25.403  13.859 0.0000000000
85106  51.634  25.421  13.915 0.0000000000
95128  46.694  40.862  5.595 0.0000000000
95135  46.919  40.661  4.530 0.0000000000
96153  46.522  43.093  20.609 0.0000000000
95569  47.311  41.440  21.385 0.0000000000
94992  47.378  41.010  21.837 0.0000000000
94991  47.771  40.368  21.489 0.0000000000
94402  48.060  39.841  21.470 0.0000000000
125093  48.487  39.087  21.350 0.0000000000
93764  47.759  39.348  21.545 0.0000000000
91111  46.105  34.430  20.750 0.0000000000
90429  45.927  33.545  20.721 0.0000000000
107983  47.751  31.936  21.408 0.0000000000
88968  48.681  31.844  21.791 0.0000000000
88293  49.493  30.893  22.274 0.0000000000
88294  48.734  30.999  21.924 0.0000000000
87582  49.320  29.437  22.690 0.0000000000
86987  50.433  29.061  23.248 0.0000000000
96763  44.147  44.372  16.132 0.0000000000
97292  44.556  45.101  15.399 0.0000000000
97285  44.837  44.894  16.938 0.0000000000
97260  45.746  45.595  18.777 0.0000000000
97827  46.424  46.275  17.446 0.0000000000
97826  47.010  46.773  17.378 0.0000000000
120527  46.930  46.599  18.049 0.0000000000
98334  47.219  46.531  18.065 0.0000000000
97801  47.118  46.148  19.482 0.0000000000
96707  46.609  43.923  21.061 0.0000000000
96716  46.708  44.702  20.634 0.0000000000
120310  46.407  42.349  20.032 0.0000000000
89681  48.795  32.435  18.291 0.0000000000
88999  47.966  31.657  18.440 0.0000000000
125018  48.868  29.877  17.255 0.0000000000
88328  48.478  30.256  17.674 0.0000000000
87638  47.792  29.439  16.636 0.0000000000
87648  48.382  29.316  15.803 0.0000000000
89059  38.826  31.205  13.548 0.0000000000
89015  39.956  31.715  17.199 0.0000000000
89021  39.435  31.470  16.707 0.0000000000
89020  40.068  31.139  16.861 0.0000000000
88371  40.350  30.815  14.670 0.0000000000
88357  39.830  30.846  15.288 0.0000000000
128144  39.494  31.218  13.318 0.0000000000
108712  39.921  31.240  12.629 0.0000000000
89069  40.472  31.216  11.923 0.0000000000
89068  41.303  31.337  12.007 0.0000000000
89076  41.877  31.274  11.328 0.0000000000
87696  41.659  30.326  10.869 0.0000000000
88409  42.565  31.116  10.885 0.0000000000
95689  50.067  40.846  12.344 0.0000000000
95091  49.614  40.113  11.820 0.0000000000
95093  46.991  40.256  11.549 0.0000000000
94496  47.674  39.510  11.140 0.0000000000
94497  46.504  39.518  11.086 0.0000000000
94506  46.094  38.813  10.685 0.0000000000
119415  43.312  42.527  20.963 0.0000000000
95561  42.915  41.886  20.722 0.0000000000
119616  42.939  40.355  20.408 0.0000000000
93778  43.640  38.580  20.446 0.0000000000
107660  43.201  36.774  20.488 0.0000000000
107676  43.806  35.055  20.534 0.0000000000
98400  39.675  46.513  9.834 0.0000000000
97872  39.430  46.190  10.408 0.0000000000
97314  40.340  44.960  11.762 0.0000000000
97313  41.063  44.900  12.289 0.0000000000
97312  41.720  45.094  12.669 0.0000000000
107260  41.888  42.430  15.878 0.0000000000
96765  42.539  43.096  15.544 0.0000000000
97300  42.663  44.051  14.070 0.0000000000
96764  43.338  43.712  15.730 0.0000000000
123890  42.962  43.254  16.269 0.0000000000
96180  42.464  42.642  19.047 0.0000000000
125721  42.990  43.152  19.212 0.0000000000
96719  43.507  43.559  20.087 0.0000000000
88341  52.112  30.947  16.461 0.0000000000
87634  52.292  30.238  16.149 0.0000000000
128682  52.934  28.305  14.557 0.0000000000
87020  52.607  28.912  15.124 0.0000000000
87038  52.746  28.089  13.884 0.0000000000
85788  54.420  25.990  15.107 0.0000000000
85776  54.272  26.085  15.924 0.0000000000
85803  54.477  25.952  14.256 0.0000000000
86447  55.007  26.166  11.085 0.0000000000
86438  54.780  26.235  12.217 0.0000000000
86448  53.957  27.041  11.549 0.0000000000
87076  53.396  27.766  8.990 0.0000000000
92510  44.743  37.028  17.544 0.0000000000
93164  45.480  37.716  17.772 0.0000000000
93154  46.290  37.406  18.109 0.0000000000
127803  46.897  36.507  18.292 0.0000000000
91816  46.712  35.966  18.319 0.0000000000
92497  47.130  37.003  18.269 0.0000000000
93793  47.608  38.988  19.385 0.0000000000
93792  48.096  38.589  19.426 0.0000000000
92495  48.959  36.684  18.613 0.0000000000
110586  48.411  36.246  18.370 0.0000000000
91814  48.874  35.836  18.268 0.0000000000
91813  49.781  35.791  18.124 0.0000000000
124593  50.552  34.685  17.813 0.0000000000
126338  50.833  34.389  17.756 0.0000000000
90446  51.019  34.064  17.690 0.0000000000
95003  45.238  40.519  21.288 0.0000000000
94418  45.617  39.459  21.031 0.0000000000
93127  46.890  37.692  21.122 0.0000000000
93775  46.903  38.560  21.247 0.0000000000
93126  47.959  37.522  21.395 0.0000000000
91110  46.949  34.682  21.038 0.0000000000
126388  49.617  34.220  21.785 0.0000000000
91100  49.013  35.405  21.636 0.0000000000
91776  49.255  36.280  21.412 0.0000000000
91109  50.205  35.263  20.724 0.0000000000
90427  50.165  34.437  21.411 0.0000000000
89661  50.944  32.960  20.407 0.0000000000
90443  50.848  33.953  19.315 0.0000000000
88997  52.127  32.357  17.153 0.0000000000
88994  51.839  32.025  18.348 0.0000000000
88982  51.393  30.958  20.392 0.0000000000
88309  51.742  30.887  19.088 0.0000000000
87609  51.778  29.649  19.332 0.0000000000
87613  52.586  29.018  17.806 0.0000000000
86999  51.621  28.017  20.643 0.0000000000
86398  53.061  26.504  19.095 0.0000000000
95122  43.703  41.015  5.575 0.0000000000
95732  43.256  41.062  4.837 0.0000000000
95138  43.995  40.828  4.958 0.0000000000
95120  45.111  40.914  6.203 0.0000000000
95704  46.105  42.075  9.000 0.0000000000
120478  46.289  41.436  7.795 0.0000000000
95703  47.315  42.117  9.045 0.0000000000
95710  47.948  41.772  8.478 0.0000000000
96273  47.941  42.572  9.596 0.0000000000
98368  44.782  48.315  13.549 0.0000000000
98817  45.249  49.104  13.040 0.0000000000
97851  46.718  47.162  11.941 0.0000000000
98383  45.744  48.173  11.876 0.0000000000
97860  45.914  46.462  11.696 0.0000000000
97321  46.221  45.347  11.428 0.0000000000
97331  45.646  44.591  11.103 0.0000000000
97319  48.402  44.547  11.433 0.0000000000
117536  48.573  44.062  10.906 0.0000000000
96807  49.138  43.507  10.701 0.0000000000
96795  49.449  43.793  11.668 0.0000000000
96784  50.169  42.942  12.287 0.0000000000
96785  49.906  43.391  13.021 0.0000000000
96769  49.424  43.742  14.755 0.0000000000
96778  49.403  43.097  14.380 0.0000000000
96211  48.536  42.871  14.481 0.0000000000
96771  47.988  43.235  15.097 0.0000000000
97272  47.675  44.939  18.182 0.0000000000
97283  47.966  44.807  17.109 0.0000000000
96754  46.234  43.243  16.700 0.0000000000
96197  45.670  42.668  16.104 0.0000000000
96205  45.121  42.157  15.428 0.0000000000
96198  45.094  42.101  16.396 0.0000000000
94455  44.651  39.687  17.346 0.0000000000
95046  44.406  40.297  16.886 0.0000000000
93824  44.464  38.874  17.216 0.0000000000
91138  44.373  35.256  17.851 0.0000000000
107546  45.013  34.863  18.235 0.0000000000
110201  45.268  32.319  18.607 0.0000000000
89683  44.419  32.734  18.509 0.0000000000
89002  44.454  31.651  18.512 0.0000000000
88319  43.860  30.868  18.203 0.0000000000
88332  44.270  30.287  17.743 0.0000000000
88316  47.224  30.872  18.354 0.0000000000
88317  46.322  31.079  18.475 0.0000000000
88330  46.518  30.297  18.102 0.0000000000
87651  45.395  29.703  15.599 0.0000000000
87628  45.309  29.698  17.222 0.0000000000
87652  44.541  29.807  15.690 0.0000000000
87653  43.865  29.841  16.197 0.0000000000
88352  43.934  30.058  15.186 0.0000000000
88368  43.677  30.512  14.312 0.0000000000
88367  44.382  30.356  14.432 0.0000000000
89065  44.947  31.533  11.487 0.0000000000
111611  44.180  31.533  11.632 0.0000000000
89082  44.103  31.150  10.422 0.0000000000
88418  43.258  30.998  10.547 0.0000000000
117171  43.922  30.787  10.326 0.0000000000
87646  51.030  29.344  15.631 0.0000000000
87636  50.394  29.641  16.260 0.0000000000
87661  50.357  28.980  14.928 0.0000000000
87050  49.517  29.464  12.430 0.0000000000
107189  48.946  29.614  12.744 0.0000000000
87673  48.533  29.666  13.288 0.0000000000
87682  48.402  30.205  12.421 0.0000000000
88425  50.013  30.605  8.602 0.0000000000
88413  50.083  30.723  9.223 0.0000000000
88420  49.216  30.928  9.166 0.0000000000
91141  41.746  34.293  17.226 0.0000000000
112261  42.388  34.577  17.247 0.0000000000
91140  42.926  34.400  17.570 0.0000000000
90456  43.514  33.975  17.998 0.0000000000
94464  43.606  39.462  15.887 0.0000000000
93177  43.234  37.596  15.682 0.0000000000
92518  42.394  36.559  15.547 0.0000000000
91829  42.448  35.593  16.527 0.0000000000
117581  52.007  25.830  18.189 0.0000000000
85779  51.881  25.714  16.784 0.0000000000
85067  51.109  25.617  15.834 0.0000000000
96152  46.605  43.387  21.697 0.0000000000
115579  46.551  42.815  22.087 0.0000000000
89663  46.020  32.670  20.813 0.0000000000
96745  44.167  44.246  18.393 0.0000000000
97274  44.887  44.841  17.994 0.0000000000
97261  45.015  44.931  19.180 0.0000000000
97248  46.011  45.607  19.855 0.0000000000
97791  46.763  45.784  20.034 0.0000000000
118595  46.279  45.398  20.599 0.0000000000
96706  46.418  44.334  21.568 0.0000000000
89680  50.108  32.805  17.746 0.0000000000
88998  48.940  31.627  18.157 0.0000000000
88314  49.986  31.592  17.637 0.0000000000
88327  49.652  30.488  17.378 0.0000000000
88345  40.699  30.699  16.588 0.0000000000
88387  41.125  30.898  13.949 0.0000000000
89058  40.759  31.262  12.813 0.0000000000
88386  41.992  30.864  13.792 0.0000000000
89056  42.572  31.180  13.093 0.0000000000
109645  48.363  41.428  12.783 0.0000000000
95690  49.023  40.761  12.341 0.0000000000
95094  45.865  40.213  11.546 0.0000000000
91833  38.731  35.102  16.232 0.0000000000
91148  37.746  33.803  16.284 0.0000000000
96168  42.153  42.306  19.789 0.0000000000
95571  42.141  41.855  20.275 0.0000000000
120341  42.093  40.426  20.116 0.0000000000
95626  40.527  41.641  15.810 0.0000000000
95625  41.283  41.869  16.223 0.0000000000
96199  41.916  42.165  16.763 0.0000000000
96191  42.430  42.552  17.373 0.0000000000
119116  42.316  42.428  18.217 0.0000000000
88312  52.575  30.170  17.190 0.0000000000
87633  52.580  29.808  16.270 0.0000000000
123092  52.972  28.853  16.369 0.0000000000
87019  53.220  28.476  15.768 0.0000000000
87028  53.454  27.953  15.156 0.0000000000
85090  54.433  25.828  13.773 0.0000000000
85104  54.635  25.753  12.658 0.0000000000
85827  55.151  25.902  10.876 0.0000000000
86457  54.860  26.132  10.225 0.0000000000
93812  45.294  38.529  17.750 0.0000000000
93803  47.019  38.421  18.638 0.0000000000
94415  48.638  39.206  20.826 0.0000000000
93791  48.705  38.642  20.064 0.0000000000
93142  49.215  37.977  19.908 0.0000000000
92482  49.416  37.112  19.186 0.0000000000
92494  49.637  36.372  18.600 0.0000000000
91802  50.154  36.103  18.650 0.0000000000
91801  50.405  35.447  19.238 0.0000000000
93777  44.718  38.559  20.662 0.0000000000
93776  45.841  38.548  20.877 0.0000000000
113895  46.741  36.744  20.989 0.0000000000
123885  48.076  33.419  21.418 0.0000000000
87580  50.971  29.539  22.983 0.0000000000
87594  51.261  29.526  22.403 0.0000000000
95721  43.159  41.597  7.334 0.0000000000
95726  43.964  41.314  7.023 0.0000000000
95720  44.544  41.379  7.461 0.0000000000
95719  45.401  41.327  7.489 0.0000000000
110101  44.702  41.566  8.132 0.0000000000
120562  46.109  43.151  10.258 0.0000000000
98386  41.541  47.720  11.350 0.0000000000
98392  41.479  47.822  10.639 0.0000000000
98379  42.258  48.264  11.783 0.0000000000
98827  42.905  48.966  11.888 0.0000000000
98359  46.358  47.799  14.657 0.0000000000
98367  45.801  48.524  13.854 0.0000000000
116896  46.468  48.286  14.004 0.0000000000
98376  47.028  47.946  13.076 0.0000000000
119432  47.121  47.171  12.380 0.0000000000
97850  47.344  46.189  11.951 0.0000000000
97849  47.713  46.133  12.456 0.0000000000
97310  48.525  45.227  12.815 0.0000000000
97309  49.394  44.332  13.427 0.0000000000
96759  49.198  43.984  15.344 0.0000000000
114770  46.944  43.995  17.429 0.0000000000
96189  45.252  42.112  17.347 0.0000000000
95613  44.760  41.467  16.775 0.0000000000
95602  44.963  41.274  17.529 0.0000000000
91817  45.926  35.250  18.306 0.0000000000
91134  45.587  34.305  18.418 0.0000000000
119399  45.425  31.334  18.532 0.0000000000
87639  46.971  29.471  16.654 0.0000000000
128901  46.310  29.484  16.751 0.0000000000
87650  46.398  29.505  15.901 0.0000000000
87665  45.483  30.001  14.746 0.0000000000
88366  45.117  30.437  14.128 0.0000000000
88384  44.363  30.824  13.559 0.0000000000
88383  45.136  30.857  13.340 0.0000000000
87031  50.169  28.899  14.099 0.0000000000
87040  50.643  28.752  13.412 0.0000000000
121738  50.110  29.020  12.770 0.0000000000
87691  49.512  30.011  11.457 0.0000000000
90463  40.036  33.452  17.205 0.0000000000
116176  40.628  31.999  17.576 0.0000000000
90458  41.711  33.475  17.631 0.0000000000
89688  41.452  32.433  17.809 0.0000000000
124225  42.179  30.348  16.877 0.0000000000
95639  44.973  41.850  14.425 0.0000000000
95658  44.933  41.431  13.551 0.0000000000
95073  43.695  40.314  14.082 0.0000000000
94475  43.392  39.230  15.146 0.0000000000
91835  41.105  35.794  15.886 0.0000000000
95616  39.966  41.164  16.268 0.0000000000
95047  40.033  40.884  17.229 0.0000000000
116313  40.241  40.940  18.074 0.0000000000
86411  53.588  26.580  17.501 0.0000000000
85777  54.119  25.904  16.538 0.0000000000
85789  54.265  25.910  15.661 0.0000000000
85073  53.545  25.549  15.173 0.0000000000
85091  53.711  25.529  14.290 0.0000000000
85105  53.768  25.480  13.373 0.0000000000
95018  46.702  40.755  19.876 0.0000000000
95016  48.138  40.186  21.047 0.0000000000
95002  47.421  41.011  21.786 0.0000000000
93762  48.905  38.457  21.277 0.0000000000
91790  45.538  35.062  20.655 0.0000000000
128638  46.024  35.516  20.741 0.0000000000
90428  46.657  33.991  20.931 0.0000000000
89650  48.492  32.680  21.631 0.0000000000
88961  50.330  31.148  22.329 0.0000000000
88282  50.672  30.295  22.546 0.0000000000
86986  51.054  28.494  23.428 0.0000000000
86976  51.139  27.771  23.929 0.0000000000
96812  43.329  43.436  10.090 0.0000000000
97298  44.176  45.309  14.598 0.0000000000
97840  45.055  46.111  14.931 0.0000000000
97284  45.585  45.686  16.706 0.0000000000
97839  46.104  47.005  15.354 0.0000000000
98351  46.996  47.387  15.773 0.0000000000
98350  47.410  46.890  16.419 0.0000000000
97831  48.402  45.814  16.187 0.0000000000
97258  47.630  45.791  18.630 0.0000000000
97259  47.453  45.269  19.190 0.0000000000
97790  47.028  45.819  19.936 0.0000000000
97247  47.078  45.480  20.003 0.0000000000
96729  46.895  44.454  19.614 0.0000000000
96166  46.188  42.714  19.380 0.0000000000
127179  47.411  33.296  18.523 0.0000000000
89682  47.898  32.756  18.501 0.0000000000
88329  47.474  30.097  17.838 0.0000000000
125787  47.379  29.616  17.242 0.0000000000
87649  47.370  29.421  15.854 0.0000000000
124614  47.343  29.652  14.573 0.0000000000
87701  51.820  29.291  9.762 0.0000000000
110139  38.126  30.414  12.504 0.0000000000
89692  39.229  32.153  17.015 0.0000000000
128135  39.069  31.314  16.132 0.0000000000
89030  39.183  31.129  15.396 0.0000000000
89070  39.165  31.115  12.675 0.0000000000
87699  39.262  30.426  11.798 0.0000000000
89077  41.103  31.059  11.354 0.0000000000
109151  41.706  29.527  11.135 0.0000000000
95092  48.284  40.188  11.670 0.0000000000
94504  48.340  38.837  10.738 0.0000000000
95676  44.880  40.951  12.873 0.0000000000
95085  45.325  40.676  12.212 0.0000000000
96154  44.183  43.068  21.518 0.0000000000
95559  44.970  42.521  21.874 0.0000000000
95560  43.943  41.991  21.304 0.0000000000
125035  44.279  41.091  21.166 0.0000000000
117300  43.910  40.322  20.717 0.0000000000
108415  44.117  37.860  20.527 0.0000000000
107668  44.718  35.541  20.574 0.0000000000
107677  44.656  34.664  20.561 0.0000000000
97864  39.761  45.721  11.112 0.0000000000
97863  40.437  46.197  11.300 0.0000000000
107436  41.106  46.660  11.549 0.0000000000
98380  41.692  47.038  11.953 0.0000000000
97853  42.387  45.670  12.927 0.0000000000
97305  42.981  45.085  13.541 0.0000000000
96213  41.404  42.809  14.626 0.0000000000
96779  42.026  43.647  13.936 0.0000000000
97299  43.423  44.633  14.296 0.0000000000
96190  42.958  43.141  17.083 0.0000000000
96746  43.524  43.634  17.704 0.0000000000
96709  43.999  43.593  21.086 0.0000000000
112173  51.930  31.585  16.628 0.0000000000
122999  51.846  30.880  16.396 0.0000000000
87021  51.596  29.014  14.943 0.0000000000
87039  51.674  28.458  13.646 0.0000000000
87048  51.708  28.424  12.337 0.0000000000
87059  52.031  28.417  11.599 0.0000000000
86415  54.078  26.751  15.252 0.0000000000
85812  54.663  25.923  13.088 0.0000000000
116443  54.393  26.404  13.115 0.0000000000
86431  53.636  27.261  13.523 0.0000000000
87058  52.747  27.870  12.062 0.0000000000
118210  51.943  28.721  10.786 0.0000000000
115124  52.802  28.323  9.916 0.0000000000
92499  45.347  36.419  17.917 0.0000000000
92498  45.866  36.005  18.155 0.0000000000
107982  46.856  35.245  18.395 0.0000000000
93143  48.354  38.045  19.177 0.0000000000
93153  47.782  37.480  18.588 0.0000000000
91815  47.806  35.656  18.354 0.0000000000
91130  50.123  35.112  17.855 0.0000000000
90447  50.327  34.502  17.730 0.0000000000
89678  51.774  32.709  17.102 0.0000000000
94404  46.675  40.377  21.612 0.0000000000
93115  48.921  37.821  21.401 0.0000000000
92468  46.585  35.875  20.916 0.0000000000
91101  47.976  34.977  21.337 0.0000000000
92454  49.676  36.438  20.946 0.0000000000
117363  51.384  33.234  17.434 0.0000000000
89009  52.090  32.225  16.879 0.0000000000
111764  52.286  31.928  16.966 0.0000000000
88313  52.397  31.168  17.064 0.0000000000
88307  51.401  30.205  20.982 0.0000000000
119031  51.404  29.353  21.422 0.0000000000
87606  51.542  29.327  20.346 0.0000000000
87007  52.772  27.690  18.469 0.0000000000
86406  53.347  26.447  18.375 0.0000000000
86407  53.289  26.007  19.004 0.0000000000
85758  53.083  25.854  18.728 0.0000000000
117761  46.841  41.062  6.402 0.0000000000
119232  45.528  41.081  6.776 0.0000000000
95113  46.400  41.166  7.064 0.0000000000
95112  47.547  41.221  6.921 0.0000000000
124336  49.043  41.786  8.623 0.0000000000
96272  49.169  42.481  9.677 0.0000000000
116086  43.275  44.235  10.430 0.0000000000
96811  44.027  43.807  10.643 0.0000000000
114913  43.983  47.137  13.578 0.0000000000
98826  43.676  49.195  12.230 0.0000000000
98824  45.557  49.018  12.463 0.0000000000
96810  45.226  43.816  10.689 0.0000000000
115793  47.033  43.553  10.483 0.0000000000
97320  47.345  45.178  11.456 0.0000000000
96796  47.507  44.255  10.864 0.0000000000
96259  47.374  43.022  10.127 0.0000000000
96258  48.585  43.047  10.102 0.0000000000
96271  50.159  42.007  10.167 0.0000000000
96256  50.341  42.057  11.188 0.0000000000
120370  50.026  41.905  13.314 0.0000000000
96232  49.858  42.612  13.739 0.0000000000
96233  49.138  42.005  13.472 0.0000000000
96220  48.065  42.374  13.786 0.0000000000
97290  48.516  44.877  16.399 0.0000000000
117826  47.225  43.847  16.506 0.0000000000
96761  47.548  43.587  15.757 0.0000000000
96203  46.763  43.010  15.156 0.0000000000
96204  45.849  42.478  14.707 0.0000000000
95624  44.619  41.507  15.932 0.0000000000
125474  44.623  40.878  17.058 0.0000000000
93825  43.764  38.812  16.479 0.0000000000
93814  44.034  38.233  16.898 0.0000000000
90452  43.867  33.358  18.309 0.0000000000
107639  44.893  34.122  18.377 0.0000000000
89684  43.651  32.591  18.387 0.0000000000
89003  43.498  31.679  18.359 0.0000000000
88320  42.978  30.934  18.029 0.0000000000
88342  43.016  30.051  16.788 0.0000000000
107709  46.802  32.804  18.581 0.0000000000
89001  46.124  32.012  18.626 0.0000000000
124077  45.847  29.922  17.740 0.0000000000
124722  45.072  30.126  17.817 0.0000000000
87642  43.955  29.896  17.074 0.0000000000
88353  43.122  30.015  15.767 0.0000000000
119254  42.800  31.417  12.247 0.0000000000
88399  43.906  31.283  12.635 0.0000000000
89066  43.368  31.495  11.882 0.0000000000
112121  42.687  31.414  11.471 0.0000000000
87623  50.898  30.486  16.666 0.0000000000
114063  49.367  29.368  16.150 0.0000000000
87662  49.437  29.124  14.429 0.0000000000
87663  48.568  29.284  14.776 0.0000000000
87674  47.838  29.700  14.012 0.0000000000
87690  50.374  29.789  10.823 0.0000000000
127722  49.710  30.478  10.542 0.0000000000
88405  49.061  30.781  10.656 0.0000000000
88421  48.218  31.063  9.244 0.0000000000
88414  48.468  31.185  9.856 0.0000000000
87692  48.752  30.513  11.525 0.0000000000
88395  48.055  30.963  11.553 0.0000000000
88396  47.635  30.714  12.407 0.0000000000
111439  46.914  31.046  12.392 0.0000000000
88408  46.398  31.416  11.629 0.0000000000
89074  45.552  31.506  10.827 0.0000000000
108426  50.094  25.622  15.172 0.0000000000
85107  50.015  25.526  13.539 0.0000000000
121485  50.681  25.463  13.966 0.0000000000
85146  54.615  25.864  9.916 0.0000000000
85836  54.957  25.950  10.273 0.0000000000
86430  54.328  26.324  13.906 0.0000000000
87627  45.940  29.579  17.177 0.0000000000
87641  44.753  29.695  16.536 0.0000000000
87647  49.331  29.198  15.304 0.0000000000
88334  42.521  30.560  17.447 0.0000000000
88410  41.725  30.951  10.951 0.0000000000
89004  42.700  31.511  18.143 0.0000000000
90451  44.443  33.647  18.371 0.0000000000
94432  48.350  39.072  20.046 0.0000000000
95114  44.790  41.170  6.860 0.0000000000
95672  50.248  41.592  12.742 0.0000000000
95711  46.751  41.722  8.390 0.0000000000
95713  43.932  41.842  8.567 0.0000000000
96145  46.188  43.329  22.303 0.0000000000
96167  42.762  42.882  19.949 0.0000000000
96260  44.844  43.065  10.248 0.0000000000
96277  43.569  42.726  9.602 0.0000000000
96697  46.142  44.313  22.047 0.0000000000
96760  48.627  43.941  15.716 0.0000000000
96794  50.011  42.971  11.355 0.0000000000
96813  42.747  44.117  9.959 0.0000000000
97227  46.157  44.720  21.641 0.0000000000
97238  46.057  45.075  21.365 0.0000000000
97271  47.913  45.584  17.829 0.0000000000
97303  49.455  44.224  14.296 0.0000000000
97330  46.596  44.639  11.090 0.0000000000
97813  47.671  46.204  17.989 0.0000000000
97814  47.028  46.441  18.755 0.0000000000
97815  46.458  46.178  18.368 0.0000000000
97832  47.129  46.950  16.696 0.0000000000
97854  41.397  45.855  12.123 0.0000000000
98322  47.303  46.232  18.794 0.0000000000
98349  47.898  46.488  16.548 0.0000000000
98366  46.841  48.171  13.813 0.0000000000
98369  43.728  48.467  12.983 0.0000000000
98377  46.466  48.182  12.444 0.0000000000
98391  42.443  48.153  10.411 0.0000000000
98818  44.396  49.138  12.805 0.0000000000
98832  42.651  48.712  11.457 0.0000000000
112262  45.647  30.676  13.597 0.0000000000
113780  41.907  46.093  12.434 0.0000000000
121820  43.219  31.307  12.678 0.0000000000
122246  51.410  28.481  13.015 0.0000000000
123737  44.879  45.096  16.135 0.0000000000
124492  45.306  38.731  10.856 0.0000000000
126492  46.432  33.274  18.557 0.0000000000
127002  46.674  30.837  12.906 0.0000000000
127273  50.132  30.595  9.961 0.0000000000
127557  44.020  33.860  18.197 0.0000000000
