#!ascii label  , from subject sub-v1s18x0051218_ses-1 vox2ras=TkReg
1211
71920  -45.973  13.586  8.864 0.0000000000
71276  -56.015  13.966  -3.471 0.0000000000
75630  -51.046  20.287  16.021 0.0000000000
69597  -52.069  11.876  1.801 0.0000000000
67925  -50.864  9.219  8.601 0.0000000000
74929  -52.164  18.740  3.170 0.0000000000
115859  -51.780  22.578  4.227 0.0000000000
80886  -42.102  27.077  3.039 0.0000000000
65570  -45.223  6.661  13.918 0.0000000000
71195  -47.111  13.477  4.468 0.0000000000
72710  -50.394  15.236  1.175 0.0000000000
73391  -48.099  16.830  6.349 0.0000000000
78734  -49.364  24.910  14.296 0.0000000000
77920  -54.145  23.318  10.903 0.0000000000
77121  -48.173  21.416  9.075 0.0000000000
110315  -46.945  23.387  3.155 0.0000000000
80185  -44.391  25.586  7.171 0.0000000000
74215  -52.838  17.385  -4.793 0.0000000000
72634  -43.932  15.307  11.804 0.0000000000
73349  -48.808  16.164  11.672 0.0000000000
101396  -56.128  10.345  4.977 0.0000000000
69520  -51.807  11.333  5.797 0.0000000000
67939  -46.627  9.706  6.337 0.0000000000
65617  -45.873  6.462  10.033 0.0000000000
74194  -54.905  17.372  -2.405 0.0000000000
77244  -56.396  21.457  -0.517 0.0000000000
75647  -51.936  19.272  9.344 0.0000000000
77176  -56.345  21.443  5.795 0.0000000000
79572  -54.627  25.136  -0.204 0.0000000000
80248  -48.699  25.494  -1.806 0.0000000000
80243  -43.366  25.589  -1.845 0.0000000000
71180  -45.636  13.231  6.423 0.0000000000
72683  -47.503  15.315  4.739 0.0000000000
72661  -46.464  15.219  7.370 0.0000000000
78752  -46.472  24.107  12.231 0.0000000000
77907  -48.658  22.484  11.862 0.0000000000
77110  -45.857  21.892  9.983 0.0000000000
107498  -45.141  21.990  7.816 0.0000000000
72041  -54.685  15.241  -4.215 0.0000000000
112399  -42.503  17.008  13.070 0.0000000000
74078  -44.857  17.287  13.122 0.0000000000
68734  -51.575  10.600  7.294 0.0000000000
67957  -48.853  9.989  5.872 0.0000000000
67130  -49.117  8.571  7.585 0.0000000000
65596  -45.446  6.335  11.670 0.0000000000
67898  -42.088  9.615  10.946 0.0000000000
109309  -41.583  12.755  11.482 0.0000000000
69479  -40.363  11.408  11.644 0.0000000000
70450  -53.910  12.816  0.633 0.0000000000
74154  -51.204  17.666  2.207 0.0000000000
73442  -52.377  16.704  -0.564 0.0000000000
74943  -52.813  18.258  0.212 0.0000000000
74952  -55.127  19.352  -1.405 0.0000000000
104922  -54.369  20.139  1.918 0.0000000000
74858  -50.014  18.205  12.685 0.0000000000
74091  -50.338  17.957  10.585 0.0000000000
75640  -52.223  19.383  11.788 0.0000000000
77949  -52.998  22.710  7.671 0.0000000000
77939  -55.682  22.270  8.441 0.0000000000
77976  -54.793  23.247  5.917 0.0000000000
78833  -56.143  23.403  2.943 0.0000000000
79534  -53.766  24.522  1.953 0.0000000000
100590  -52.183  25.579  -1.125 0.0000000000
116312  -51.020  24.137  1.740 0.0000000000
79517  -44.141  24.288  3.383 0.0000000000
80219  -45.108  25.153  0.780 0.0000000000
80217  -43.261  25.735  0.528 0.0000000000
80242  -41.694  26.116  -1.077 0.0000000000
110018  -41.103  27.859  -0.302 0.0000000000
70411  -49.216  12.238  3.134 0.0000000000
70432  -50.802  12.993  1.067 0.0000000000
71966  -48.832  14.421  2.631 0.0000000000
73406  -49.152  16.486  3.533 0.0000000000
74129  -49.882  17.897  4.978 0.0000000000
78701  -51.588  24.013  15.736 0.0000000000
77102  -53.296  21.621  13.001 0.0000000000
78746  -52.720  24.016  13.457 0.0000000000
77926  -50.867  22.198  10.143 0.0000000000
77162  -50.285  21.665  6.670 0.0000000000
78003  -49.518  22.544  3.816 0.0000000000
102492  -47.623  21.511  6.233 0.0000000000
102629  -44.240  23.244  5.310 0.0000000000
80869  -42.598  26.064  5.202 0.0000000000
74971  -52.364  18.169  -3.820 0.0000000000
110350  -45.924  13.779  11.469 0.0000000000
71911  -47.468  14.585  10.952 0.0000000000
72628  -47.015  15.265  12.142 0.0000000000
74072  -47.652  17.681  13.243 0.0000000000
75629  -49.080  19.145  15.489 0.0000000000
75589  -46.892  19.092  16.938 0.0000000000
76326  -49.249  20.329  16.457 0.0000000000
105566  -54.224  11.150  4.058 0.0000000000
114284  -53.971  11.213  5.185 0.0000000000
69552  -52.062  11.345  4.076 0.0000000000
69549  -49.259  11.411  4.276 0.0000000000
69534  -46.532  11.728  5.422 0.0000000000
67116  -50.939  8.728  10.084 0.0000000000
65586  -47.766  6.747  13.050 0.0000000000
66367  -48.813  7.279  10.962 0.0000000000
66385  -48.563  7.478  9.278 0.0000000000
66398  -46.171  7.918  7.880 0.0000000000
70365  -44.951  11.901  10.331 0.0000000000
72743  -58.275  15.233  -2.943 0.0000000000
71992  -52.039  14.688  -0.330 0.0000000000
72731  -55.337  15.547  -2.131 0.0000000000
73463  -57.390  16.536  -3.873 0.0000000000
74975  -56.927  18.475  -3.960 0.0000000000
75756  -56.125  19.788  -4.045 0.0000000000
76474  -55.635  21.280  -2.458 0.0000000000
73365  -48.297  16.826  8.918 0.0000000000
74873  -50.016  18.410  7.808 0.0000000000
75674  -52.216  19.459  6.399 0.0000000000
76373  -54.328  20.674  10.564 0.0000000000
76389  -54.516  20.295  7.897 0.0000000000
75698  -54.017  20.120  4.197 0.0000000000
77214  -56.332  21.688  2.352 0.0000000000
78044  -56.198  23.263  0.295 0.0000000000
77242  -53.684  21.918  -0.869 0.0000000000
79544  -47.681  24.566  1.382 0.0000000000
80260  -46.097  25.559  -2.434 0.0000000000
78855  -44.262  24.032  -2.025 0.0000000000
78846  -41.977  23.553  -0.680 0.0000000000
78838  -39.892  23.268  0.852 0.0000000000
71928  -45.652  13.811  7.863 0.0000000000
71937  -46.145  14.645  6.680 0.0000000000
119128  -46.033  14.244  8.309 0.0000000000
77904  -45.918  23.238  11.355 0.0000000000
77924  -44.697  22.820  9.588 0.0000000000
107667  -55.397  14.616  -3.836 0.0000000000
67933  -51.310  9.924  8.034 0.0000000000
67931  -49.585  9.077  7.208 0.0000000000
67131  -49.775  8.746  7.815 0.0000000000
111325  -41.584  8.841  11.268 0.0000000000
68697  -41.102  10.553  11.434 0.0000000000
69598  -53.011  11.920  1.791 0.0000000000
70434  -52.532  12.354  1.139 0.0000000000
74928  -51.641  18.236  2.675 0.0000000000
74936  -51.859  18.054  1.809 0.0000000000
103299  -52.321  18.592  2.327 0.0000000000
75722  -53.738  19.533  1.408 0.0000000000
75713  -52.894  19.170  2.797 0.0000000000
75633  -50.369  19.352  13.977 0.0000000000
74859  -50.839  18.491  12.431 0.0000000000
75637  -51.684  19.957  13.213 0.0000000000
77961  -52.806  22.569  6.606 0.0000000000
101124  -54.527  23.112  7.071 0.0000000000
77993  -53.520  22.946  4.578 0.0000000000
120065  -53.965  23.457  3.669 0.0000000000
78816  -52.763  23.264  3.248 0.0000000000
78828  -51.840  23.797  2.184 0.0000000000
78815  -51.768  23.198  2.917 0.0000000000
79516  -42.724  25.314  3.844 0.0000000000
79541  -43.894  25.205  1.805 0.0000000000
80209  -42.415  26.301  1.544 0.0000000000
80891  -41.750  27.300  0.242 0.0000000000
80885  -41.680  27.646  1.117 0.0000000000
70410  -48.517  12.578  3.471 0.0000000000
102644  -48.859  12.964  2.906 0.0000000000
71201  -48.074  13.770  3.478 0.0000000000
73390  -47.632  16.281  5.945 0.0000000000
72684  -48.147  15.759  4.252 0.0000000000
108137  -48.462  16.493  4.703 0.0000000000
74135  -49.488  17.436  4.635 0.0000000000
74905  -49.347  17.675  5.559 0.0000000000
78709  -51.017  24.757  15.338 0.0000000000
78736  -52.404  24.364  14.472 0.0000000000
78745  -51.436  24.230  13.897 0.0000000000
77113  -48.326  21.608  10.391 0.0000000000
77917  -50.026  21.886  10.596 0.0000000000
77122  -49.727  21.590  9.026 0.0000000000
77133  -50.657  21.798  8.397 0.0000000000
77132  -49.694  21.538  8.066 0.0000000000
77161  -49.257  21.509  6.384 0.0000000000
100331  -47.894  21.390  7.092 0.0000000000
78772  -44.369  23.317  7.523 0.0000000000
77959  -44.572  22.729  6.536 0.0000000000
78779  -43.765  23.785  6.319 0.0000000000
79501  -43.172  24.578  5.427 0.0000000000
80191  -43.192  24.901  5.983 0.0000000000
74204  -52.388  17.672  -4.477 0.0000000000
72635  -44.831  14.893  11.772 0.0000000000
71910  -46.458  14.186  11.524 0.0000000000
72627  -45.491  15.428  12.059 0.0000000000
104008  -45.616  17.877  15.267 0.0000000000
74071  -46.625  17.583  13.343 0.0000000000
74852  -47.215  18.168  14.134 0.0000000000
74853  -48.059  18.247  13.859 0.0000000000
74838  -47.603  18.696  16.206 0.0000000000
76323  -45.866  20.070  15.220 0.0000000000
76325  -48.078  20.241  16.250 0.0000000000
113070  -48.450  21.499  15.420 0.0000000000
77862  -48.916  22.874  15.473 0.0000000000
77875  -47.108  23.100  14.935 0.0000000000
68788  -55.835  10.800  3.745 0.0000000000
68775  -55.470  10.609  4.587 0.0000000000
69540  -53.885  11.523  5.943 0.0000000000
100624  -52.506  11.498  5.520 0.0000000000
119662  -52.509  11.416  4.796 0.0000000000
69538  -51.817  11.347  4.958 0.0000000000
69550  -50.088  11.316  4.207 0.0000000000
68773  -50.439  11.125  4.847 0.0000000000
67940  -47.450  9.504  6.272 0.0000000000
68756  -47.598  10.681  5.410 0.0000000000
68741  -46.326  10.525  6.051 0.0000000000
119996  -47.250  6.686  13.387 0.0000000000
65610  -47.077  6.500  11.446 0.0000000000
111812  -47.385  6.701  10.115 0.0000000000
66375  -48.726  7.355  10.078 0.0000000000
65627  -47.185  6.891  9.281 0.0000000000
66392  -47.331  7.426  8.446 0.0000000000
65632  -46.601  7.134  8.743 0.0000000000
70362  -44.619  12.174  10.914 0.0000000000
70358  -43.721  11.911  10.985 0.0000000000
72010  -58.728  14.511  -1.916 0.0000000000
71974  -50.648  14.487  0.894 0.0000000000
71226  -51.817  13.586  0.254 0.0000000000
71981  -51.166  14.606  0.449 0.0000000000
74184  -53.078  16.990  -1.263 0.0000000000
72730  -53.627  15.966  -1.715 0.0000000000
72739  -54.287  16.713  -2.180 0.0000000000
72741  -56.652  16.453  -3.047 0.0000000000
73462  -57.008  17.480  -3.718 0.0000000000
73474  -57.141  17.654  -3.999 0.0000000000
74195  -56.210  17.979  -3.039 0.0000000000
75738  -56.467  20.377  -1.960 0.0000000000
75745  -56.638  20.167  -2.664 0.0000000000
76482  -56.575  20.555  -2.862 0.0000000000
75751  -55.669  20.260  -3.524 0.0000000000
77257  -56.397  21.146  -2.483 0.0000000000
72639  -48.365  15.650  11.278 0.0000000000
114105  -47.840  15.590  9.958 0.0000000000
73352  -48.834  16.243  10.834 0.0000000000
74866  -50.737  18.458  10.066 0.0000000000
118370  -49.785  17.989  9.223 0.0000000000
74874  -50.672  18.778  8.118 0.0000000000
74887  -50.537  18.736  7.237 0.0000000000
75662  -52.095  19.437  7.827 0.0000000000
77911  -54.290  23.128  11.983 0.0000000000
76367  -53.721  21.360  12.101 0.0000000000
77116  -54.689  21.806  10.779 0.0000000000
77164  -56.272  21.383  6.802 0.0000000000
76381  -55.348  20.723  8.444 0.0000000000
113144  -55.739  20.713  6.933 0.0000000000
76397  -54.138  20.103  6.321 0.0000000000
76413  -55.299  20.538  5.491 0.0000000000
76436  -54.967  20.631  3.341 0.0000000000
77201  -56.219  21.494  4.011 0.0000000000
79552  -55.455  24.895  1.023 0.0000000000
78848  -56.239  23.462  1.128 0.0000000000
78867  -55.597  23.866  0.169 0.0000000000
78061  -55.142  23.049  -0.693 0.0000000000
78865  -54.234  24.022  -0.467 0.0000000000
78059  -53.000  22.819  -0.801 0.0000000000
78882  -52.627  24.875  -1.364 0.0000000000
80250  -50.286  25.518  -1.597 0.0000000000
79599  -50.524  25.291  -2.096 0.0000000000
78001  -47.996  22.691  3.734 0.0000000000
78826  -48.874  23.602  2.564 0.0000000000
78824  -47.191  23.823  2.525 0.0000000000
105377  -43.985  25.611  -1.083 0.0000000000
80229  -45.643  25.308  -0.024 0.0000000000
115202  -44.696  25.419  -2.621 0.0000000000
79581  -45.294  25.262  -2.818 0.0000000000
78873  -43.930  24.780  -2.537 0.0000000000
78049  -42.892  23.484  -0.879 0.0000000000
79578  -42.816  25.141  -2.067 0.0000000000
80224  -40.665  26.043  -0.085 0.0000000000
78852  -40.715  24.851  -0.142 0.0000000000
79540  -40.136  25.054  0.704 0.0000000000
78822  -39.172  23.777  1.450 0.0000000000
71194  -46.550  13.511  5.073 0.0000000000
71952  -46.743  14.176  4.997 0.0000000000
71944  -46.515  14.666  5.744 0.0000000000
72669  -46.692  15.356  6.470 0.0000000000
73382  -47.524  16.419  6.766 0.0000000000
77899  -49.289  23.237  12.634 0.0000000000
77906  -47.698  22.711  11.762 0.0000000000
77916  -47.214  22.094  11.116 0.0000000000
77119  -46.606  21.539  9.422 0.0000000000
77129  -46.493  21.480  8.496 0.0000000000
77118  -45.648  21.713  9.061 0.0000000000
78765  -44.427  23.340  8.339 0.0000000000
72760  -54.017  15.944  -4.511 0.0000000000
73341  -43.337  16.963  12.768 0.0000000000
73342  -44.205  16.809  12.588 0.0000000000
74077  -43.973  17.309  13.357 0.0000000000
115158  -51.170  10.616  6.698 0.0000000000
68759  -50.281  10.742  5.568 0.0000000000
68744  -50.518  10.394  6.423 0.0000000000
67942  -49.248  9.511  6.527 0.0000000000
67138  -47.847  8.894  6.753 0.0000000000
115528  -45.749  6.370  12.471 0.0000000000
65607  -44.066  6.460  11.152 0.0000000000
68707  -42.734  10.506  10.795 0.0000000000
117599  -43.050  11.355  10.946 0.0000000000
69480  -41.528  11.284  11.348 0.0000000000
109672  -41.057  11.982  11.507 0.0000000000
73422  -50.325  16.130  1.584 0.0000000000
73432  -51.243  15.950  0.419 0.0000000000
73433  -51.706  16.908  0.336 0.0000000000
74170  -52.430  17.572  -0.092 0.0000000000
74177  -53.509  17.747  -1.178 0.0000000000
74959  -55.306  18.847  -2.032 0.0000000000
74951  -53.526  18.826  -0.112 0.0000000000
75729  -54.992  20.118  -0.191 0.0000000000
76460  -55.541  20.671  0.394 0.0000000000
74083  -49.609  17.447  12.345 0.0000000000
73353  -49.326  16.684  11.289 0.0000000000
74084  -50.265  17.723  12.081 0.0000000000
74867  -51.112  18.435  10.871 0.0000000000
107536  -52.276  19.319  10.331 0.0000000000
77928  -54.117  23.281  9.873 0.0000000000
77929  -55.080  22.909  9.651 0.0000000000
77937  -54.496  23.127  8.447 0.0000000000
77951  -55.188  23.072  7.355 0.0000000000
77965  -56.109  22.620  6.079 0.0000000000
77994  -56.251  22.806  4.390 0.0000000000
78801  -55.835  23.251  4.336 0.0000000000
79519  -55.282  24.229  2.541 0.0000000000
79550  -54.140  25.161  1.127 0.0000000000
80252  -52.818  25.502  -0.929 0.0000000000
79563  -52.359  25.264  0.446 0.0000000000
79562  -51.173  24.977  0.670 0.0000000000
79561  -50.145  25.047  0.432 0.0000000000
78809  -45.593  23.647  3.308 0.0000000000
79528  -45.793  24.134  2.548 0.0000000000
79527  -44.424  24.616  2.513 0.0000000000
80218  -44.266  25.290  0.868 0.0000000000
80227  -43.091  25.889  -0.907 0.0000000000
79577  -42.310  25.520  -1.553 0.0000000000
80226  -42.312  26.393  -0.602 0.0000000000
114344  -41.231  27.094  -0.590 0.0000000000
80903  -40.929  27.098  -0.464 0.0000000000
70418  -50.373  12.231  2.178 0.0000000000
120070  -50.737  12.498  1.607 0.0000000000
70417  -49.601  12.720  2.388 0.0000000000
71213  -49.743  13.546  1.830 0.0000000000
72703  -49.215  15.231  2.408 0.0000000000
72693  -47.774  15.031  4.121 0.0000000000
72702  -48.677  15.188  3.010 0.0000000000
73421  -49.672  16.035  2.267 0.0000000000
74152  -50.124  17.139  2.990 0.0000000000
74144  -50.478  17.675  3.435 0.0000000000
74921  -51.387  18.416  3.563 0.0000000000
116534  -52.011  21.704  16.266 0.0000000000
76352  -52.348  21.215  14.863 0.0000000000
77895  -53.056  23.278  14.643 0.0000000000
78738  -53.619  23.722  13.041 0.0000000000
78755  -53.587  23.744  12.045 0.0000000000
77909  -50.687  22.481  11.968 0.0000000000
109608  -51.679  22.823  11.703 0.0000000000
103989  -52.501  22.914  10.290 0.0000000000
77935  -52.350  22.610  8.947 0.0000000000
77960  -52.076  22.318  7.291 0.0000000000
77973  -51.227  22.162  5.527 0.0000000000
120075  -50.614  22.523  3.985 0.0000000000
77189  -49.667  21.921  5.006 0.0000000000
77188  -48.789  21.785  5.067 0.0000000000
77986  -46.693  22.475  4.452 0.0000000000
77159  -46.282  21.657  6.853 0.0000000000
77970  -45.532  22.395  5.476 0.0000000000
78798  -45.331  23.214  4.133 0.0000000000
79510  -43.956  23.901  4.205 0.0000000000
79508  -42.873  24.920  4.717 0.0000000000
80877  -42.382  26.458  4.323 0.0000000000
71160  -46.437  13.560  10.503 0.0000000000
71915  -46.888  14.254  10.129 0.0000000000
71913  -46.859  14.040  11.100 0.0000000000
72637  -47.153  14.709  11.667 0.0000000000
72629  -47.629  15.377  12.019 0.0000000000
74079  -45.804  17.100  12.826 0.0000000000
112083  -47.405  16.878  12.678 0.0000000000
74081  -48.253  16.965  12.653 0.0000000000
74073  -48.498  17.790  13.074 0.0000000000
74849  -49.134  18.908  14.312 0.0000000000
115171  -49.835  19.512  15.843 0.0000000000
74822  -46.714  18.915  17.007 0.0000000000
75591  -47.907  19.187  16.615 0.0000000000
75592  -48.896  19.716  16.534 0.0000000000
76328  -50.869  20.539  16.383 0.0000000000
109118  -50.526  22.173  15.953 0.0000000000
78699  -50.118  24.260  15.694 0.0000000000
79454  -49.453  25.110  15.331 0.0000000000
69565  -54.463  11.342  3.193 0.0000000000
104755  -52.861  11.429  3.143 0.0000000000
68746  -54.825  11.198  6.234 0.0000000000
68762  -55.334  10.649  5.523 0.0000000000
69554  -53.731  11.252  4.531 0.0000000000
114229  -52.693  11.395  3.685 0.0000000000
69563  -52.167  11.415  3.235 0.0000000000
69561  -50.453  11.490  3.468 0.0000000000
69559  -48.834  11.888  3.766 0.0000000000
70404  -48.074  12.215  4.014 0.0000000000
68757  -48.454  10.567  5.365 0.0000000000
69536  -48.040  11.152  4.918 0.0000000000
69546  -46.978  12.061  4.896 0.0000000000
70394  -45.756  12.622  6.000 0.0000000000
66355  -49.662  7.577  12.218 0.0000000000
65598  -47.508  6.634  12.260 0.0000000000
66354  -48.913  7.261  11.879 0.0000000000
66368  -49.554  7.578  11.325 0.0000000000
66376  -49.453  7.631  10.447 0.0000000000
66387  -50.115  8.143  9.991 0.0000000000
67114  -49.785  8.226  9.041 0.0000000000
67121  -48.685  8.097  8.051 0.0000000000
67128  -47.369  8.409  7.256 0.0000000000
67127  -46.523  8.473  7.316 0.0000000000
70366  -45.532  12.454  9.906 0.0000000000
70360  -45.289  12.527  10.790 0.0000000000
71155  -44.657  13.303  11.414 0.0000000000
71908  -44.136  14.258  11.616 0.0000000000
113354  -43.103  15.604  11.872 0.0000000000
71252  -58.785  13.829  -2.009 0.0000000000
71263  -58.458  14.326  -2.697 0.0000000000
71277  -57.199  14.295  -3.419 0.0000000000
70448  -52.147  12.861  0.569 0.0000000000
71227  -52.628  13.348  0.054 0.0000000000
72723  -52.184  15.327  -0.533 0.0000000000
72004  -53.482  15.130  -1.402 0.0000000000
72006  -55.452  14.903  -1.511 0.0000000000
72732  -56.605  15.553  -2.299 0.0000000000
72742  -57.725  15.625  -3.404 0.0000000000
114123  -56.879  15.118  -3.859 0.0000000000
72762  -56.484  16.421  -4.334 0.0000000000
112668  -55.683  16.745  -4.471 0.0000000000
74217  -54.916  17.977  -4.672 0.0000000000
74960  -56.514  19.405  -2.953 0.0000000000
75757  -56.495  19.151  -4.148 0.0000000000
74981  -54.560  18.400  -4.554 0.0000000000
74973  -54.700  19.471  -3.847 0.0000000000
74965  -53.480  19.238  -3.076 0.0000000000
75743  -53.699  20.403  -2.058 0.0000000000
72644  -46.862  15.012  9.157 0.0000000000
73364  -47.657  16.358  8.545 0.0000000000
73383  -48.005  16.943  7.179 0.0000000000
74093  -48.955  17.218  9.358 0.0000000000
74099  -48.725  17.398  8.430 0.0000000000
74113  -49.131  17.788  6.994 0.0000000000
74898  -49.558  18.080  6.327 0.0000000000
74907  -50.821  18.692  5.587 0.0000000000
75695  -52.177  19.249  4.844 0.0000000000
75638  -52.491  20.574  13.005 0.0000000000
75645  -52.932  19.848  11.409 0.0000000000
75648  -52.888  19.587  9.769 0.0000000000
76377  -55.333  21.055  9.309 0.0000000000
76380  -54.576  20.346  8.844 0.0000000000
75652  -52.962  19.717  8.283 0.0000000000
101858  -52.811  19.657  7.256 0.0000000000
75696  -52.954  19.613  4.921 0.0000000000
105620  -53.246  19.690  4.227 0.0000000000
110197  -54.257  20.207  2.844 0.0000000000
76454  -56.006  21.158  0.989 0.0000000000
78015  -56.444  22.783  2.527 0.0000000000
77236  -56.581  22.312  1.051 0.0000000000
77245  -56.582  21.986  -0.535 0.0000000000
77251  -55.833  21.817  -1.964 0.0000000000
77250  -54.705  21.596  -1.588 0.0000000000
79588  -51.781  25.278  -1.704 0.0000000000
111745  -49.870  23.476  2.588 0.0000000000
79546  -49.597  24.592  1.172 0.0000000000
80232  -48.403  25.484  -0.750 0.0000000000
79543  -46.660  24.647  1.376 0.0000000000
80231  -47.490  25.435  -0.586 0.0000000000
80247  -47.753  25.533  -1.719 0.0000000000
79582  -46.304  25.183  -2.821 0.0000000000
78856  -45.211  23.988  -2.039 0.0000000000
78037  -44.359  22.778  0.020 0.0000000000
78853  -41.692  24.288  -1.015 0.0000000000
78033  -40.701  23.079  0.460 0.0000000000
82064  -42.505  28.182  3.929 0.0000000000
81476  -42.106  27.880  3.081 0.0000000000
81481  -41.260  28.518  0.121 0.0000000000
81486  -41.114  28.420  0.075 0.0000000000
81480  -40.416  28.101  0.577 0.0000000000
113795  -51.915  10.138  8.629 0.0000000000
67932  -50.392  9.299  7.705 0.0000000000
67094  -40.803  8.897  11.736 0.0000000000
75721  -53.012  19.025  1.903 0.0000000000
75634  -51.147  20.023  14.416 0.0000000000
75636  -50.971  19.363  13.202 0.0000000000
100744  -52.152  22.388  5.807 0.0000000000
77974  -53.019  22.651  5.454 0.0000000000
77992  -52.567  22.683  4.456 0.0000000000
78799  -52.989  22.958  3.904 0.0000000000
78005  -52.179  22.814  3.691 0.0000000000
80201  -42.313  26.128  3.589 0.0000000000
80202  -42.589  25.766  2.758 0.0000000000
105381  -42.175  26.728  2.178 0.0000000000
70409  -47.817  13.075  3.803 0.0000000000
73398  -48.257  16.679  5.520 0.0000000000
74134  -48.843  17.119  5.090 0.0000000000
74128  -48.650  17.267  5.916 0.0000000000
78735  -50.439  24.828  14.688 0.0000000000
101264  -51.600  24.689  14.832 0.0000000000
78744  -49.935  24.112  13.641 0.0000000000
120978  -48.420  21.492  9.684 0.0000000000
77114  -49.219  21.586  9.979 0.0000000000
103967  -48.854  21.472  9.246 0.0000000000
77131  -48.808  21.444  8.480 0.0000000000
100332  -48.998  21.451  7.738 0.0000000000
116060  -47.998  21.384  8.417 0.0000000000
79494  -44.062  23.897  7.038 0.0000000000
78780  -44.208  23.291  6.779 0.0000000000
79493  -43.674  24.437  6.500 0.0000000000
79502  -43.405  24.280  5.976 0.0000000000
80184  -43.667  25.194  6.576 0.0000000000
72759  -52.888  15.914  -4.646 0.0000000000
73484  -52.315  16.665  -4.949 0.0000000000
74214  -51.895  17.121  -4.835 0.0000000000
72626  -44.523  15.902  12.067 0.0000000000
74851  -46.383  18.089  14.631 0.0000000000
74846  -47.053  18.400  15.517 0.0000000000
77081  -46.735  21.811  14.708 0.0000000000
77082  -47.528  21.971  14.966 0.0000000000
110275  -56.199  10.474  4.258 0.0000000000
69537  -51.078  11.115  5.232 0.0000000000
68742  -47.110  10.162  5.842 0.0000000000
67938  -45.956  10.104  6.478 0.0000000000
65585  -46.489  6.519  13.156 0.0000000000
65618  -46.621  6.462  10.612 0.0000000000
106243  -46.657  6.582  9.851 0.0000000000
65626  -46.203  6.755  9.314 0.0000000000
69486  -44.259  11.531  10.517 0.0000000000
69485  -43.557  11.041  10.634 0.0000000000
72007  -56.634  14.970  -1.490 0.0000000000
72717  -50.937  15.214  0.618 0.0000000000
74185  -53.964  17.332  -1.871 0.0000000000
73452  -53.505  16.618  -1.642 0.0000000000
73461  -55.625  17.036  -2.740 0.0000000000
76469  -56.104  20.783  -0.890 0.0000000000
111433  -56.592  20.862  -1.904 0.0000000000
76476  -56.557  21.102  -2.265 0.0000000000
76470  -56.488  21.359  -1.286 0.0000000000
72642  -48.279  15.897  10.370 0.0000000000
74870  -50.880  18.722  9.179 0.0000000000
74875  -51.484  19.192  8.387 0.0000000000
74888  -51.303  19.183  7.503 0.0000000000
109634  -54.382  23.112  11.300 0.0000000000
77107  -54.283  22.128  11.641 0.0000000000
77108  -54.520  22.729  11.233 0.0000000000
76399  -55.913  20.804  6.112 0.0000000000
76398  -55.091  20.432  6.251 0.0000000000
76414  -56.005  20.921  5.291 0.0000000000
117589  -56.010  21.072  4.624 0.0000000000
77190  -56.361  21.512  4.889 0.0000000000
79564  -54.862  25.233  0.427 0.0000000000
79565  -55.304  24.733  0.360 0.0000000000
79573  -55.122  24.544  -0.044 0.0000000000
105031  -54.691  24.660  -0.305 0.0000000000
79571  -54.035  25.053  -0.679 0.0000000000
78883  -53.503  24.819  -0.942 0.0000000000
80249  -49.518  25.516  -1.518 0.0000000000
114201  -49.460  25.381  -2.117 0.0000000000
80263  -48.583  25.295  -2.372 0.0000000000
78000  -47.174  22.852  3.743 0.0000000000
78811  -47.636  23.289  3.104 0.0000000000
107909  -44.243  25.580  -1.961 0.0000000000
80258  -44.013  25.355  -2.377 0.0000000000
79593  -44.453  25.318  -2.600 0.0000000000
79579  -43.770  25.190  -2.443 0.0000000000
78872  -43.215  24.836  -2.281 0.0000000000
80215  -40.186  25.866  0.811 0.0000000000
108818  -46.332  13.920  5.488 0.0000000000
71181  -45.956  13.974  6.118 0.0000000000
72670  -47.181  15.921  6.382 0.0000000000
72662  -46.983  15.907  7.124 0.0000000000
77898  -48.190  23.430  12.505 0.0000000000
78753  -47.308  23.645  12.360 0.0000000000
77915  -46.334  22.332  10.885 0.0000000000
77111  -46.839  21.721  10.326 0.0000000000
120860  -45.376  21.977  9.527 0.0000000000
78762  -44.433  23.437  9.213 0.0000000000
79488  -44.384  23.979  7.850 0.0000000000
72029  -54.148  14.376  -3.753 0.0000000000
72040  -53.505  15.097  -4.246 0.0000000000
74076  -43.170  17.270  13.588 0.0000000000
68733  -50.823  10.115  7.185 0.0000000000
67139  -48.764  8.943  6.934 0.0000000000
67106  -42.948  8.297  10.289 0.0000000000
67908  -42.769  9.427  10.480 0.0000000000
68698  -41.861  10.514  11.163 0.0000000000
116286  -40.890  11.199  11.503 0.0000000000
74161  -50.742  17.007  1.820 0.0000000000
73423  -50.996  16.550  1.047 0.0000000000
74162  -51.416  17.358  1.334 0.0000000000
74163  -52.223  17.920  0.860 0.0000000000
74176  -52.831  17.415  -0.727 0.0000000000
74950  -53.155  18.073  -0.473 0.0000000000
100865  -54.134  18.656  -1.077 0.0000000000
75728  -54.005  19.486  0.392 0.0000000000
75723  -54.590  20.101  0.905 0.0000000000
74860  -51.577  19.211  12.448 0.0000000000
74864  -51.467  18.634  11.750 0.0000000000
75644  -51.879  18.982  11.014 0.0000000000
77936  -53.422  22.965  8.720 0.0000000000
102375  -54.498  23.141  9.134 0.0000000000
102911  -53.840  23.009  7.966 0.0000000000
77963  -55.016  23.210  6.597 0.0000000000
77964  -55.631  22.797  6.754 0.0000000000
78781  -55.495  23.153  5.863 0.0000000000
77977  -56.024  22.971  5.205 0.0000000000
117474  -55.536  23.277  5.026 0.0000000000
78817  -55.044  23.902  3.343 0.0000000000
78831  -54.418  24.140  2.696 0.0000000000
79535  -54.774  24.754  1.827 0.0000000000
80220  -53.431  25.423  0.365 0.0000000000
79549  -53.081  24.898  1.217 0.0000000000
79548  -52.010  24.497  1.391 0.0000000000
79547  -50.383  24.552  1.202 0.0000000000
79518  -45.009  24.118  2.916 0.0000000000
79526  -42.996  25.645  1.771 0.0000000000
109748  -43.827  25.600  -0.053 0.0000000000
80898  -41.637  27.031  -0.495 0.0000000000
80897  -41.106  27.477  -0.493 0.0000000000
69578  -49.961  11.905  2.843 0.0000000000
71207  -48.572  13.703  2.969 0.0000000000
71208  -49.142  13.586  2.436 0.0000000000
71967  -49.414  14.394  2.053 0.0000000000
71945  -46.993  14.863  5.067 0.0000000000
71953  -47.334  14.459  4.414 0.0000000000
119536  -48.663  16.329  4.026 0.0000000000
113821  -48.640  15.829  3.527 0.0000000000
72695  -49.146  15.939  2.903 0.0000000000
73412  -49.666  16.609  2.934 0.0000000000
74136  -50.139  17.787  4.257 0.0000000000
74920  -50.761  18.190  4.018 0.0000000000
77865  -51.862  22.635  16.123 0.0000000000
77068  -52.501  22.603  15.674 0.0000000000
77876  -52.282  23.667  15.556 0.0000000000
78737  -53.169  23.979  13.844 0.0000000000
78747  -53.477  23.873  12.893 0.0000000000
78754  -52.806  23.703  12.328 0.0000000000
77900  -50.464  23.104  12.741 0.0000000000
77908  -49.738  22.356  11.951 0.0000000000
112312  -50.780  22.342  11.057 0.0000000000
77918  -51.700  22.645  10.646 0.0000000000
77910  -52.786  23.304  11.220 0.0000000000
77124  -51.794  22.484  9.637 0.0000000000
77927  -52.912  22.978  9.631 0.0000000000
77147  -50.520  21.705  7.535 0.0000000000
77148  -51.417  22.030  7.848 0.0000000000
77163  -51.214  21.935  7.002 0.0000000000
104720  -51.754  22.213  6.419 0.0000000000
77175  -50.972  21.928  6.265 0.0000000000
77990  -50.435  22.082  5.006 0.0000000000
77174  -50.166  21.769  5.752 0.0000000000
77160  -48.389  21.445  6.538 0.0000000000
77172  -48.506  21.540  5.831 0.0000000000
77187  -47.812  21.756  5.204 0.0000000000
77987  -47.516  22.306  4.403 0.0000000000
77972  -47.049  21.994  4.966 0.0000000000
77128  -45.680  21.678  8.148 0.0000000000
77143  -46.414  21.526  7.624 0.0000000000
77142  -45.665  21.789  7.383 0.0000000000
77969  -44.710  22.727  5.766 0.0000000000
77169  -45.248  22.303  6.283 0.0000000000
77985  -45.839  22.634  4.639 0.0000000000
77984  -44.987  22.861  4.950 0.0000000000
78797  -44.502  23.403  4.530 0.0000000000
78796  -43.873  23.655  4.886 0.0000000000
80190  -42.806  25.315  5.338 0.0000000000
79509  -43.407  24.198  4.818 0.0000000000
80195  -42.530  25.702  4.568 0.0000000000
74203  -51.582  17.534  -4.211 0.0000000000
105142  -52.748  18.678  -3.144 0.0000000000
71157  -46.235  13.574  11.151 0.0000000000
72636  -46.416  14.909  11.996 0.0000000000
73343  -45.157  16.497  12.428 0.0000000000
74080  -46.644  16.760  12.635 0.0000000000
74848  -48.513  18.690  14.630 0.0000000000
75632  -49.713  19.293  14.674 0.0000000000
75607  -46.357  19.506  16.322 0.0000000000
75588  -46.168  18.907  17.063 0.0000000000
74823  -47.399  18.965  16.885 0.0000000000
76316  -47.582  19.400  16.615 0.0000000000
76317  -48.342  19.683  16.554 0.0000000000
76327  -49.962  20.078  16.601 0.0000000000
77065  -50.596  20.939  16.429 0.0000000000
114851  -48.382  23.872  15.389 0.0000000000
77863  -49.916  23.134  15.740 0.0000000000
78698  -49.177  24.204  15.560 0.0000000000
79444  -49.571  24.775  15.542 0.0000000000
79443  -49.013  24.956  15.484 0.0000000000
69567  -56.380  11.278  2.983 0.0000000000
68787  -54.965  10.931  3.947 0.0000000000
69566  -55.443  11.235  3.138 0.0000000000
69582  -53.531  11.570  2.618 0.0000000000
69564  -53.479  11.354  3.663 0.0000000000
68761  -54.507  11.056  5.537 0.0000000000
68774  -54.575  10.879  4.792 0.0000000000
69553  -52.950  11.390  4.312 0.0000000000
69562  -51.346  11.427  3.382 0.0000000000
69560  -49.619  11.660  3.578 0.0000000000
69548  -48.449  11.573  4.383 0.0000000000
68743  -49.717  10.170  6.122 0.0000000000
68758  -49.333  10.579  5.436 0.0000000000
68755  -46.798  10.928  5.573 0.0000000000
69535  -47.256  11.378  5.110 0.0000000000
70395  -46.219  12.411  5.511 0.0000000000
65587  -48.448  7.072  13.332 0.0000000000
66343  -49.737  7.565  13.074 0.0000000000
66342  -49.039  7.305  12.765 0.0000000000
65597  -46.527  6.429  12.170 0.0000000000
65611  -48.067  6.831  11.491 0.0000000000
66377  -50.037  7.892  10.834 0.0000000000
66386  -49.309  7.747  9.585 0.0000000000
66394  -49.044  7.875  8.779 0.0000000000
67122  -49.440  8.361  8.282 0.0000000000
66391  -46.529  7.532  8.249 0.0000000000
66400  -47.810  7.901  7.839 0.0000000000
66399  -46.931  7.886  7.757 0.0000000000
69496  -44.947  11.664  9.355 0.0000000000
70372  -45.330  12.391  8.778 0.0000000000
70359  -44.200  12.661  11.235 0.0000000000
114400  -44.922  12.704  11.188 0.0000000000
70357  -41.931  12.029  11.308 0.0000000000
69482  -42.782  12.012  11.150 0.0000000000
114649  -42.397  12.731  11.391 0.0000000000
71906  -42.315  14.198  11.584 0.0000000000
72633  -42.680  14.947  11.659 0.0000000000
72624  -42.268  15.734  12.003 0.0000000000
70471  -58.460  13.065  -1.675 0.0000000000
71253  -58.940  14.055  -1.553 0.0000000000
72017  -58.492  14.818  -2.556 0.0000000000
72016  -58.340  15.031  -3.114 0.0000000000
71278  -58.030  14.559  -3.220 0.0000000000
70433  -51.506  12.480  1.228 0.0000000000
70447  -51.452  13.080  0.669 0.0000000000
71241  -52.307  14.030  -0.296 0.0000000000
73441  -51.797  16.007  -0.242 0.0000000000
105003  -52.356  15.936  -0.753 0.0000000000
112407  -54.240  15.518  -1.830 0.0000000000
72005  -54.392  14.893  -1.505 0.0000000000
105612  -57.414  16.006  -3.181 0.0000000000
72751  -57.584  15.880  -3.729 0.0000000000
72750  -57.148  16.025  -4.185 0.0000000000
72763  -57.321  16.675  -4.056 0.0000000000
74205  -56.871  18.070  -4.152 0.0000000000
73487  -56.699  17.355  -4.278 0.0000000000
108030  -55.374  17.345  -4.558 0.0000000000
74218  -56.055  17.982  -4.443 0.0000000000
74966  -56.015  18.616  -2.731 0.0000000000
75752  -56.642  19.929  -3.332 0.0000000000
116821  -56.577  19.701  -3.774 0.0000000000
74974  -55.390  19.106  -4.369 0.0000000000
115897  -54.278  18.787  -4.296 0.0000000000
76480  -55.079  20.688  -2.798 0.0000000000
75750  -54.300  19.951  -2.971 0.0000000000
75749  -53.294  19.647  -2.415 0.0000000000
76473  -54.531  21.032  -2.062 0.0000000000
71916  -47.471  14.994  10.052 0.0000000000
73356  -47.999  16.188  9.449 0.0000000000
72645  -47.442  15.677  9.199 0.0000000000
73373  -47.482  16.431  7.629 0.0000000000
73374  -48.051  16.969  8.034 0.0000000000
74090  -49.787  17.287  10.854 0.0000000000
73358  -49.225  16.918  10.325 0.0000000000
74094  -49.661  17.631  9.818 0.0000000000
74869  -49.991  18.284  8.665 0.0000000000
102462  -49.398  17.741  8.884 0.0000000000
74100  -49.333  17.939  7.918 0.0000000000
74112  -48.596  17.423  7.548 0.0000000000
74886  -49.762  18.293  7.114 0.0000000000
111049  -51.238  19.117  6.527 0.0000000000
75686  -51.702  19.179  5.593 0.0000000000
74914  -51.316  18.700  4.630 0.0000000000
76364  -52.725  21.371  13.962 0.0000000000
76370  -54.097  21.023  11.359 0.0000000000
76369  -53.382  20.498  11.740 0.0000000000
76372  -53.589  20.207  10.980 0.0000000000
117305  -52.999  19.687  10.620 0.0000000000
75649  -53.682  19.975  10.137 0.0000000000
77930  -55.391  22.372  9.189 0.0000000000
77125  -55.277  21.985  9.849 0.0000000000
77126  -55.606  21.702  8.967 0.0000000000
104896  -53.843  20.020  8.394 0.0000000000
75663  -53.574  19.926  7.784 0.0000000000
104487  -53.837  19.976  7.103 0.0000000000
76412  -54.411  20.217  5.591 0.0000000000
75688  -53.485  19.851  5.622 0.0000000000
75697  -53.781  19.966  4.914 0.0000000000
75707  -53.550  19.772  3.381 0.0000000000
76437  -55.867  21.246  3.054 0.0000000000
76447  -55.865  21.205  1.985 0.0000000000
77224  -56.390  21.707  1.488 0.0000000000
78802  -56.084  23.228  3.710 0.0000000000
78006  -56.382  22.726  3.484 0.0000000000
78028  -56.500  22.854  1.562 0.0000000000
116650  -56.526  22.831  0.628 0.0000000000
119362  -56.573  22.331  0.225 0.0000000000
78045  -56.450  22.536  -0.237 0.0000000000
78067  -56.314  21.939  -1.582 0.0000000000
78062  -56.063  22.820  -0.624 0.0000000000
78060  -54.055  22.905  -0.719 0.0000000000
77243  -54.919  22.345  -1.189 0.0000000000
76468  -53.661  21.116  -1.279 0.0000000000
111157  -52.587  21.866  -0.588 0.0000000000
120336  -52.399  25.398  -1.257 0.0000000000
99989  -51.952  25.472  -1.423 0.0000000000
78879  -49.694  24.613  -2.153 0.0000000000
78880  -50.702  24.639  -1.980 0.0000000000
107669  -50.093  22.328  4.306 0.0000000000
113233  -50.210  22.806  3.446 0.0000000000
78813  -49.302  23.033  3.204 0.0000000000
79531  -48.358  24.153  1.998 0.0000000000
79532  -49.238  24.118  1.947 0.0000000000
79545  -48.676  24.616  1.206 0.0000000000
79559  -48.096  25.099  0.359 0.0000000000
103127  -45.855  24.539  1.859 0.0000000000
79556  -45.801  24.918  1.078 0.0000000000
80245  -45.907  25.622  -1.456 0.0000000000
80230  -46.592  25.391  -0.400 0.0000000000
80246  -46.839  25.582  -1.624 0.0000000000
80261  -47.017  25.424  -2.433 0.0000000000
79595  -46.225  25.301  -2.723 0.0000000000
78874  -44.773  24.767  -2.665 0.0000000000
78051  -44.777  23.351  -0.978 0.0000000000
78050  -43.846  23.404  -0.939 0.0000000000
78035  -42.493  22.913  0.069 0.0000000000
78034  -41.589  22.977  0.221 0.0000000000
79569  -41.500  25.141  -1.018 0.0000000000
78844  -40.055  24.086  0.594 0.0000000000
78845  -40.632  23.799  0.167 0.0000000000
82078  -42.148  29.173  1.619 0.0000000000
82072  -41.843  28.519  1.731 0.0000000000
82083  -41.107  29.158  0.046 0.0000000000
71936  -45.660  13.944  6.969 0.0000000000
71929  -45.990  14.493  7.568 0.0000000000
111728  -46.401  14.873  8.271 0.0000000000
77905  -46.825  22.984  11.618 0.0000000000
78759  -45.040  23.380  10.894 0.0000000000
117146  -45.148  22.346  9.857 0.0000000000
78758  -44.502  23.574  10.165 0.0000000000
79477  -44.171  24.320  9.619 0.0000000000
109563  -44.272  24.689  8.949 0.0000000000
73339  -42.466  17.172  14.035 0.0000000000
100107  -52.058  10.645  8.004 0.0000000000
67897  -41.335  9.720  11.344 0.0000000000
69599  -53.924  12.080  1.738 0.0000000000
70435  -53.443  12.396  1.155 0.0000000000
70449  -53.015  12.752  0.519 0.0000000000
74937  -52.464  18.478  1.573 0.0000000000
74938  -53.078  18.792  0.902 0.0000000000
75714  -53.612  19.637  2.376 0.0000000000
74856  -50.340  18.879  13.105 0.0000000000
101377  -53.769  22.912  7.233 0.0000000000
77962  -54.014  22.976  6.343 0.0000000000
77975  -54.137  23.079  5.379 0.0000000000
78790  -54.393  23.301  4.625 0.0000000000
78830  -53.339  23.792  2.693 0.0000000000
79533  -52.727  24.148  2.016 0.0000000000
78829  -52.462  23.586  2.610 0.0000000000
110572  -51.188  23.560  2.410 0.0000000000
100829  -43.406  25.010  2.943 0.0000000000
80216  -42.446  26.372  0.433 0.0000000000
117759  -48.374  13.215  3.329 0.0000000000
72676  -47.171  15.519  5.626 0.0000000000
73397  -47.826  16.051  5.113 0.0000000000
73399  -49.043  16.873  4.270 0.0000000000
78710  -52.044  24.506  15.168 0.0000000000
77106  -49.161  21.846  11.097 0.0000000000
116021  -50.037  22.110  11.363 0.0000000000
77115  -50.150  21.793  9.806 0.0000000000
77123  -50.813  21.986  9.273 0.0000000000
77146  -49.560  21.510  7.244 0.0000000000
77145  -48.717  21.424  7.127 0.0000000000
77946  -44.652  22.593  7.909 0.0000000000
77947  -45.020  22.268  7.127 0.0000000000
109663  -44.507  22.812  7.184 0.0000000000
78789  -44.087  23.202  6.058 0.0000000000
78788  -43.628  23.813  5.565 0.0000000000
111851  -43.046  25.669  5.939 0.0000000000
71909  -45.171  13.946  11.562 0.0000000000
113311  -45.761  14.469  11.757 0.0000000000
73344  -46.245  16.006  12.314 0.0000000000
74070  -45.627  17.669  13.791 0.0000000000
74847  -47.767  18.509  14.999 0.0000000000
74839  -48.256  18.832  15.836 0.0000000000
76324  -47.016  20.040  15.958 0.0000000000
77064  -49.659  21.755  15.803 0.0000000000
77861  -47.977  22.951  15.190 0.0000000000
69539  -53.147  11.634  5.922 0.0000000000
104796  -53.230  11.418  5.166 0.0000000000
69551  -51.036  11.277  4.290 0.0000000000
68772  -49.724  11.034  4.875 0.0000000000
67956  -47.967  9.993  5.783 0.0000000000
69519  -46.168  11.241  5.869 0.0000000000
119343  -46.197  6.371  11.325 0.0000000000
120102  -47.490  6.643  10.835 0.0000000000
65619  -48.109  6.953  10.532 0.0000000000
65628  -47.998  7.091  9.709 0.0000000000
66384  -47.899  7.261  9.029 0.0000000000
66393  -48.261  7.623  8.544 0.0000000000
69495  -44.444  10.793  9.397 0.0000000000
116562  -44.550  11.315  10.005 0.0000000000
72734  -58.445  14.955  -2.209 0.0000000000
72733  -57.761  15.392  -2.483 0.0000000000
71214  -50.393  13.653  1.252 0.0000000000
71225  -51.104  13.806  0.641 0.0000000000
71982  -51.620  14.316  0.090 0.0000000000
73451  -52.889  16.247  -1.244 0.0000000000
72740  -54.842  16.215  -2.360 0.0000000000
74196  -56.953  18.324  -3.900 0.0000000000
75737  -55.612  20.008  -1.215 0.0000000000
75744  -56.160  19.735  -2.070 0.0000000000
76486  -56.477  20.172  -3.488 0.0000000000
76481  -56.217  20.767  -3.082 0.0000000000
72641  -47.928  15.231  10.734 0.0000000000
73357  -48.612  16.552  9.851 0.0000000000
74095  -50.195  18.197  9.583 0.0000000000
75673  -51.918  19.387  7.086 0.0000000000
77103  -53.974  22.434  12.465 0.0000000000
77149  -56.103  21.702  7.735 0.0000000000
76378  -55.694  21.188  8.638 0.0000000000
76391  -56.111  21.083  7.534 0.0000000000
76390  -55.508  20.683  7.693 0.0000000000
107540  -54.826  20.357  7.034 0.0000000000
76426  -54.641  20.349  4.871 0.0000000000
76427  -54.809  20.504  4.123 0.0000000000
112827  -55.460  20.692  4.753 0.0000000000
76428  -55.621  20.924  4.007 0.0000000000
78832  -55.772  24.005  2.378 0.0000000000
78841  -56.201  23.487  2.031 0.0000000000
78840  -55.831  24.162  1.527 0.0000000000
78847  -55.801  24.105  0.782 0.0000000000
78866  -55.186  23.824  -0.205 0.0000000000
78864  -53.269  23.900  -0.821 0.0000000000
80251  -51.298  25.523  -1.503 0.0000000000
80265  -51.213  25.378  -1.856 0.0000000000
80264  -50.442  25.432  -1.986 0.0000000000
80270  -49.766  25.215  -2.254 0.0000000000
78002  -48.813  22.574  3.764 0.0000000000
78812  -48.449  23.159  3.128 0.0000000000
78825  -48.028  23.695  2.549 0.0000000000
79530  -47.677  24.128  2.096 0.0000000000
80228  -44.613  25.414  -0.029 0.0000000000
80244  -44.930  25.573  -1.177 0.0000000000
80259  -45.199  25.599  -2.345 0.0000000000
79594  -45.381  25.375  -2.736 0.0000000000
119357  -44.864  25.351  -2.719 0.0000000000
79580  -44.607  25.116  -2.779 0.0000000000
103500  -43.366  24.179  -1.873 0.0000000000
78854  -42.496  24.409  -1.611 0.0000000000
80241  -41.140  25.794  -0.643 0.0000000000
120502  -39.581  23.676  1.070 0.0000000000
79539  -39.586  24.345  1.211 0.0000000000
79525  -39.058  24.392  1.872 0.0000000000
77105  -48.088  21.912  11.187 0.0000000000
77112  -47.597  21.691  10.571 0.0000000000
77120  -47.612  21.504  9.760 0.0000000000
77130  -47.374  21.407  8.842 0.0000000000
77934  -45.018  22.050  8.503 0.0000000000
77925  -44.993  22.201  9.226 0.0000000000
77933  -44.633  22.700  8.805 0.0000000000
79487  -44.231  24.684  7.279 0.0000000000
73485  -53.477  16.901  -4.803 0.0000000000
72625  -43.625  16.220  12.178 0.0000000000
74068  -43.823  17.425  14.383 0.0000000000
74069  -44.731  17.601  14.329 0.0000000000
68745  -51.768  11.096  6.574 0.0000000000
68760  -51.116  10.898  6.032 0.0000000000
67943  -50.074  9.708  6.833 0.0000000000
67941  -48.360  9.445  6.341 0.0000000000
67137  -46.948  8.957  6.712 0.0000000000
65584  -45.533  6.445  13.166 0.0000000000
65583  -44.678  6.427  13.079 0.0000000000
65595  -44.993  6.339  12.363 0.0000000000
100301  -44.545  6.360  11.684 0.0000000000
65608  -44.807  6.385  11.011 0.0000000000
68708  -43.335  10.171  10.293 0.0000000000
69481  -42.326  11.293  11.141 0.0000000000
73431  -50.764  15.826  0.945 0.0000000000
74186  -55.044  18.018  -2.280 0.0000000000
114681  -54.321  18.113  -1.684 0.0000000000
75736  -54.525  19.418  -0.590 0.0000000000
73347  -49.239  16.723  12.035 0.0000000000
74087  -49.768  17.182  11.707 0.0000000000
74088  -50.211  17.588  11.389 0.0000000000
74863  -50.748  18.065  11.578 0.0000000000
74871  -51.443  18.838  10.128 0.0000000000
77921  -54.755  22.868  10.547 0.0000000000
77938  -55.163  22.934  8.877 0.0000000000
77950  -54.538  23.139  7.720 0.0000000000
108586  -55.241  23.005  8.125 0.0000000000
77952  -55.738  22.499  7.597 0.0000000000
77150  -56.148  22.192  6.900 0.0000000000
77177  -56.407  22.055  6.234 0.0000000000
77191  -56.419  22.295  5.301 0.0000000000
78818  -55.648  23.651  3.352 0.0000000000
78800  -55.190  23.528  4.265 0.0000000000
79536  -55.379  24.606  1.697 0.0000000000
79551  -54.961  25.177  1.081 0.0000000000
80221  -54.282  25.401  0.394 0.0000000000
80253  -53.738  25.352  -0.537 0.0000000000
80237  -53.603  25.492  -0.293 0.0000000000
80236  -52.743  25.522  -0.471 0.0000000000
80235  -51.650  25.535  -0.499 0.0000000000
114199  -50.826  25.589  -0.946 0.0000000000
80233  -49.973  25.463  -0.647 0.0000000000
118316  -49.148  25.527  -0.917 0.0000000000
78823  -46.396  23.730  2.871 0.0000000000
119315  -45.242  24.442  2.281 0.0000000000
79542  -44.967  24.825  1.616 0.0000000000
80257  -43.149  25.463  -1.999 0.0000000000
102470  -42.391  25.980  -1.319 0.0000000000
80904  -41.661  26.642  -0.843 0.0000000000
80225  -41.229  26.603  -0.685 0.0000000000
100475  -40.444  26.743  0.288 0.0000000000
70419  -51.164  11.965  1.973 0.0000000000
70431  -50.200  12.888  1.658 0.0000000000
71973  -50.025  14.416  1.465 0.0000000000
72709  -49.781  15.267  1.774 0.0000000000
71200  -47.585  13.830  3.922 0.0000000000
71959  -47.857  14.434  3.763 0.0000000000
71960  -48.352  14.429  3.229 0.0000000000
72694  -48.217  15.119  3.627 0.0000000000
73413  -50.181  16.740  2.347 0.0000000000
74153  -50.619  17.373  2.621 0.0000000000
74143  -49.696  17.191  3.698 0.0000000000
74145  -51.025  17.929  2.993 0.0000000000
76329  -51.652  20.974  16.344 0.0000000000
76351  -51.738  20.738  15.302 0.0000000000
77067  -52.252  21.519  15.846 0.0000000000
77083  -52.826  22.051  14.967 0.0000000000
77099  -53.251  22.447  13.913 0.0000000000
78711  -52.665  24.089  14.828 0.0000000000
77896  -53.509  23.411  13.533 0.0000000000
77902  -53.935  23.326  12.775 0.0000000000
78748  -53.903  23.615  12.472 0.0000000000
78760  -53.640  23.471  11.285 0.0000000000
77901  -51.620  23.306  12.705 0.0000000000
77919  -53.379  23.293  10.513 0.0000000000
77948  -52.277  22.460  8.189 0.0000000000
77134  -51.554  22.226  8.700 0.0000000000
77991  -51.951  22.469  4.997 0.0000000000
111813  -51.016  22.373  4.518 0.0000000000
77989  -49.212  22.186  4.385 0.0000000000
77173  -49.260  21.640  5.602 0.0000000000
77988  -48.360  22.172  4.406 0.0000000000
77144  -47.361  21.392  7.892 0.0000000000
101824  -47.066  21.468  7.004 0.0000000000
115699  -46.807  21.619  6.355 0.0000000000
77158  -45.649  21.939  6.735 0.0000000000
77170  -46.112  21.911  6.065 0.0000000000
77171  -46.950  21.753  5.654 0.0000000000
77971  -46.356  22.149  5.203 0.0000000000
78810  -46.281  23.118  3.743 0.0000000000
78808  -44.731  23.709  3.725 0.0000000000
108801  -43.380  24.577  4.015 0.0000000000
71162  -46.074  13.134  9.833 0.0000000000
71163  -46.395  13.719  9.702 0.0000000000
72638  -47.795  15.159  11.517 0.0000000000
73348  -48.243  15.716  11.899 0.0000000000
106414  -47.200  15.980  12.368 0.0000000000
73345  -47.997  16.086  12.315 0.0000000000
73346  -48.643  16.375  12.190 0.0000000000
74082  -48.968  17.154  12.527 0.0000000000
74074  -49.256  17.999  12.892 0.0000000000
74854  -48.827  18.440  13.632 0.0000000000
74855  -49.646  18.766  13.539 0.0000000000
106476  -50.414  19.732  15.288 0.0000000000
74837  -47.042  18.685  16.594 0.0000000000
74824  -47.961  18.966  16.553 0.0000000000
75608  -48.561  19.309  16.391 0.0000000000
75609  -49.469  19.645  16.394 0.0000000000
75610  -50.299  19.932  16.384 0.0000000000
77066  -51.563  21.298  16.348 0.0000000000
77864  -50.938  23.288  15.918 0.0000000000
78700  -50.794  24.344  15.664 0.0000000000
79445  -50.161  24.805  15.503 0.0000000000
79468  -50.096  25.066  15.213 0.0000000000
79467  -49.393  25.264  14.910 0.0000000000
79453  -48.597  25.332  15.150 0.0000000000
110485  -55.202  11.646  2.549 0.0000000000
69583  -54.570  11.830  2.228 0.0000000000
69581  -52.525  11.567  2.525 0.0000000000
69580  -51.647  11.592  2.575 0.0000000000
69579  -50.795  11.691  2.700 0.0000000000
70403  -47.360  12.546  4.407 0.0000000000
68771  -48.881  11.045  4.863 0.0000000000
69547  -47.669  11.800  4.575 0.0000000000
70402  -46.643  12.767  4.959 0.0000000000
71188  -46.074  13.214  5.607 0.0000000000
71171  -45.413  13.185  7.309 0.0000000000
71166  -45.495  13.088  8.262 0.0000000000
67918  -51.266  9.235  9.408 0.0000000000
66356  -50.336  7.912  12.612 0.0000000000
104182  -47.136  6.579  12.828 0.0000000000
65599  -48.311  6.938  12.476 0.0000000000
66369  -50.299  8.010  11.661 0.0000000000
67107  -50.623  8.361  10.834 0.0000000000
67115  -50.542  8.660  9.234 0.0000000000
67123  -50.171  8.686  8.418 0.0000000000
67129  -48.278  8.443  7.375 0.0000000000
67930  -46.050  9.224  6.889 0.0000000000
66383  -44.898  7.341  9.120 0.0000000000
65631  -45.773  7.360  8.615 0.0000000000
66397  -45.606  7.986  8.088 0.0000000000
67120  -45.166  8.522  8.017 0.0000000000
67126  -45.807  8.511  7.563 0.0000000000
116624  -45.694  12.913  9.126 0.0000000000
71159  -45.920  12.990  10.670 0.0000000000
71156  -45.533  13.168  11.229 0.0000000000
105639  -43.289  12.684  11.297 0.0000000000
71907  -43.184  14.174  11.580 0.0000000000
120421  -43.403  14.867  11.653 0.0000000000
113148  -42.764  16.402  12.367 0.0000000000
108427  -41.905  16.456  12.614 0.0000000000
73338  -41.721  16.828  13.485 0.0000000000
70486  -58.162  13.447  -2.362 0.0000000000
71264  -58.719  14.369  -2.179 0.0000000000
70485  -57.129  12.992  -2.465 0.0000000000
71262  -57.676  13.772  -3.000 0.0000000000
71228  -53.512  13.268  0.051 0.0000000000
72718  -51.518  15.158  0.024 0.0000000000
72729  -52.831  15.507  -1.152 0.0000000000
71994  -53.685  14.387  -0.980 0.0000000000
71995  -54.659  14.323  -0.893 0.0000000000
72752  -57.981  15.349  -3.337 0.0000000000
72031  -57.903  15.096  -3.494 0.0000000000
72030  -55.989  15.571  -4.234 0.0000000000
72761  -55.222  16.052  -4.440 0.0000000000
73486  -54.638  16.701  -4.592 0.0000000000
110256  -54.364  17.395  -4.698 0.0000000000
74216  -53.851  17.748  -4.742 0.0000000000
74967  -56.635  18.751  -3.444 0.0000000000
105015  -56.717  19.136  -3.735 0.0000000000
74983  -56.539  18.503  -4.257 0.0000000000
74982  -55.688  18.583  -4.469 0.0000000000
74972  -53.358  18.152  -4.493 0.0000000000
106367  -53.475  18.714  -3.794 0.0000000000
103593  -46.431  14.275  9.063 0.0000000000
72653  -46.972  15.706  8.177 0.0000000000
74120  -48.557  17.345  6.716 0.0000000000
74121  -49.030  17.648  6.306 0.0000000000
74906  -50.016  18.241  5.606 0.0000000000
74899  -50.309  18.550  6.390 0.0000000000
74913  -50.463  18.265  4.842 0.0000000000
74922  -52.037  19.006  4.018 0.0000000000
76363  -52.044  20.579  14.111 0.0000000000
106892  -52.152  19.820  12.509 0.0000000000
76366  -53.100  20.785  12.379 0.0000000000
75641  -52.740  20.099  12.143 0.0000000000
120997  -52.488  19.434  11.055 0.0000000000
76374  -54.983  21.154  10.108 0.0000000000
76376  -54.486  20.437  9.720 0.0000000000
75653  -53.617  19.885  9.166 0.0000000000
108193  -52.720  19.581  9.023 0.0000000000
75651  -52.196  19.436  8.582 0.0000000000
75675  -53.161  19.754  6.379 0.0000000000
75687  -52.588  19.534  5.619 0.0000000000
120763  -52.601  19.380  4.322 0.0000000000
75706  -52.726  19.307  3.643 0.0000000000
75708  -54.281  20.265  3.588 0.0000000000
76461  -56.157  21.135  0.078 0.0000000000
77202  -56.510  22.133  4.213 0.0000000000
77215  -56.526  22.007  3.108 0.0000000000
77225  -56.579  22.216  2.029 0.0000000000
77235  -56.462  21.745  0.392 0.0000000000
77253  -56.455  21.572  -1.850 0.0000000000
77252  -56.429  21.457  -2.094 0.0000000000
78066  -55.879  22.428  -1.266 0.0000000000
79589  -53.174  25.272  -0.994 0.0000000000
79587  -51.043  25.192  -2.113 0.0000000000
78004  -51.201  22.740  3.627 0.0000000000
78814  -50.801  23.197  2.863 0.0000000000
78827  -50.583  23.665  2.302 0.0000000000
78839  -50.099  24.086  1.855 0.0000000000
79560  -49.138  25.202  0.166 0.0000000000
79529  -46.519  24.225  2.188 0.0000000000
110141  -47.144  24.278  1.920 0.0000000000
79557  -46.391  25.067  0.569 0.0000000000
79558  -47.167  25.050  0.497 0.0000000000
80262  -47.898  25.347  -2.419 0.0000000000
79596  -47.154  25.184  -2.709 0.0000000000
78876  -46.763  24.697  -2.604 0.0000000000
78875  -45.728  24.754  -2.687 0.0000000000
78857  -46.170  23.932  -1.981 0.0000000000
78052  -45.678  23.328  -1.002 0.0000000000
78036  -43.433  22.829  0.032 0.0000000000
78025  -43.039  22.416  0.894 0.0000000000
79570  -42.108  24.944  -1.575 0.0000000000
115500  -41.153  24.283  -0.474 0.0000000000
105742  -41.269  23.633  -0.241 0.0000000000
78837  -39.176  23.215  1.322 0.0000000000
80870  -43.102  26.516  5.804 0.0000000000
81462  -42.612  26.843  4.991 0.0000000000
81467  -42.354  27.284  4.111 0.0000000000
82629  -42.858  29.115  3.579 0.0000000000
81475  -41.797  27.869  1.897 0.0000000000
82651  -41.621  29.324  0.333 0.0000000000
80896  -40.873  27.642  -0.220 0.0000000000
67926  -51.513  9.643  8.827 0.0000000000
75590  -47.258  18.986  16.942 0.0000000000
76382  -55.946  21.100  8.122 0.0000000000
76475  -56.636  20.615  -2.429 0.0000000000
77100  -53.700  22.727  13.170 0.0000000000
77135  -55.860  21.554  8.372 0.0000000000
78063  -56.460  22.039  -1.158 0.0000000000
78756  -54.073  23.437  11.748 0.0000000000
78791  -54.992  23.413  5.241 0.0000000000
79586  -50.155  25.112  -2.298 0.0000000000
79597  -48.042  25.134  -2.644 0.0000000000
80234  -50.744  25.395  -0.176 0.0000000000
80238  -54.284  25.443  -0.113 0.0000000000
100333  -48.289  21.394  7.789 0.0000000000
111725  -51.219  21.988  16.126 0.0000000000
114015  -50.902  18.080  3.493 0.0000000000
114740  -46.593  12.238  5.191 0.0000000000
119355  -52.683  23.466  15.214 0.0000000000
120456  -45.732  25.248  -2.808 0.0000000000
