#!ascii label  , from subject sub-v1s18x0051218_ses-1 vox2ras=TkReg
973
50257  -28.483  -12.922  -32.924 0.4285714328
51068  -29.149  -11.459  -32.846 0.2857142985
51076  -28.558  -11.887  -33.361 0.4285714328
112899  -29.930  -10.805  -31.601 0.4285714328
51904  -29.025  -10.100  -33.360 0.2857142985
52729  -29.377  -9.557  -32.365 0.4285714328
53590  -29.221  -8.340  -33.489 0.4285714328
54424  -29.598  -7.740  -32.710 0.4285714328
54433  -29.451  -7.481  -33.911 0.4285714328
55367  -29.890  -6.728  -34.057 0.4285714328
56278  -30.141  -6.002  -35.091 0.5714285970
55375  -30.173  -6.217  -34.668 0.5714285970
56267  -30.382  -6.030  -33.858 0.4285714328
56280  -30.865  -5.331  -33.706 0.2857142985
56287  -30.399  -5.376  -35.288 0.7142857313
57130  -30.892  -5.150  -35.249 0.7142857313
57914  -31.897  -3.624  -35.278 0.7142857313
57901  -31.934  -3.320  -34.148 0.4285714328
57143  -31.167  -4.538  -35.423 0.7142857313
57913  -31.569  -4.132  -34.918 0.5714285970
58709  -33.084  -2.620  -35.709 0.5714285970
57927  -31.588  -3.903  -35.712 0.5714285970
58722  -32.773  -2.984  -36.340 0.5714285970
58723  -33.420  -2.662  -36.709 0.5714285970
59584  -33.725  -2.189  -36.019 0.5714285970
57928  -32.154  -3.461  -36.042 0.5714285970
59593  -34.695  -2.076  -37.048 0.5714285970
60464  -36.002  -1.313  -37.048 0.5714285970
58730  -33.552  -2.233  -37.309 0.7142857313
59594  -35.273  -1.634  -37.125 0.7142857313
59595  -35.861  -1.243  -37.156 0.7142857313
60465  -36.744  -0.692  -37.181 0.5714285970
58729  -34.154  -2.320  -37.167 0.5714285970
114430  -32.058  -1.584  -36.990 0.5714285970
60471  -34.428  -0.681  -37.530 0.8571428657
60474  -37.205  -0.238  -37.408 0.7142857313
60466  -37.755  -0.268  -37.178 0.5714285970
60470  -33.708  -0.686  -37.505 0.7142857313
60469  -33.090  -0.240  -37.390 0.5714285970
62041  -36.829  0.945  -37.714 0.7142857313
116036  -38.173  0.285  -37.458 0.5714285970
60472  -35.247  -0.648  -37.549 0.7142857313
61266  -36.514  0.116  -37.664 0.7142857313
62841  -38.195  1.792  -37.630 0.5714285970
61265  -35.406  0.069  -37.635 0.7142857313
107031  -34.594  0.625  -37.517 0.5714285970
62040  -35.697  0.784  -37.698 0.7142857313
62840  -37.391  1.823  -37.923 0.7142857313
63583  -38.046  3.426  -37.600 0.7142857313
108802  -37.806  2.661  -37.855 0.7142857313
62838  -35.365  2.382  -37.904 0.7142857313
62843  -37.051  2.688  -38.174 0.7142857313
63582  -37.453  3.612  -38.232 0.7142857313
99550  -37.604  4.993  -38.245 0.7142857313
64334  -37.797  4.199  -37.957 0.5714285970
63586  -36.789  3.381  -38.417 0.7142857313
62039  -33.999  1.113  -37.260 0.5714285970
99750  -37.514  5.937  -37.899 0.5714285970
115338  -37.725  6.931  -36.678 0.5714285970
63585  -35.853  3.517  -38.351 0.8571428657
113606  -37.605  6.801  -37.570 0.7142857313
113591  -37.414  6.497  -38.877 0.7142857313
64348  -36.902  4.290  -38.722 0.8571428657
99889  -37.272  5.049  -38.972 0.7142857313
67547  -37.044  8.661  -39.205 0.8571428657
67539  -37.469  8.326  -37.674 0.5714285970
114230  -37.285  7.226  -39.543 0.8571428657
99674  -36.526  6.701  -40.015 0.8571428657
65223  -36.680  5.225  -39.186 0.8571428657
99715  -37.106  5.902  -39.345 0.8571428657
116332  -36.539  9.339  -40.289 0.8571428657
69161  -36.472  10.747  -39.053 0.8571428657
70015  -35.555  11.468  -40.237 0.8571428657
113592  -36.838  7.280  -40.093 0.8571428657
69179  -36.278  9.671  -40.958 0.8571428657
69177  -35.144  10.097  -41.639 1.0000000000
69178  -35.762  10.050  -41.373 1.0000000000
67561  -36.297  9.007  -41.001 0.8571428657
70025  -35.335  10.698  -41.333 1.0000000000
68371  -35.697  9.462  -41.389 1.0000000000
70853  -34.356  11.957  -41.718 1.0000000000
70851  -32.813  11.591  -42.271 0.7142857313
70024  -34.506  10.948  -41.829 1.0000000000
70023  -33.701  11.701  -42.296 1.0000000000
71657  -30.445  13.790  -43.980 1.0000000000
71646  -30.320  13.294  -43.032 0.8571428657
72350  -29.490  14.998  -42.939 0.8571428657
72357  -29.723  14.846  -43.812 1.0000000000
74528  -28.924  17.927  -42.190 0.8571428657
73778  -29.291  16.284  -41.564 0.8571428657
73785  -29.601  16.268  -42.612 1.0000000000
106105  -27.921  19.198  -42.386 0.8571428657
75270  -28.539  18.666  -42.603 0.8571428657
106276  -28.407  19.298  -41.024 0.7142857313
75247  -28.743  18.566  -40.290 0.5714285970
116262  -28.308  20.018  -40.412 0.7142857313
105230  -27.817  20.718  -41.030 0.5714285970
106278  -28.510  20.193  -37.691 0.5714285970
76018  -28.659  19.478  -39.545 0.5714285970
77490  -28.568  21.968  -38.098 0.4285714328
78325  -28.296  22.580  -39.117 0.4285714328
101057  -28.019  21.282  -35.460 0.2857142985
105578  -28.254  21.126  -36.398 0.2857142985
116606  -28.166  21.786  -34.747 0.2857142985
51077  -28.824  -10.973  -33.412 0.2857142985
59592  -34.095  -2.476  -36.927 0.5714285970
61267  -37.507  0.202  -37.599 0.5714285970
66782  -37.687  7.646  -36.987 0.5714285970
113576  -37.385  5.648  -38.752 0.7142857313
99909  -37.305  8.120  -38.781 0.8571428657
68357  -36.919  9.427  -39.188 0.8571428657
117741  -36.835  10.203  -38.785 0.8571428657
69171  -36.056  10.628  -40.302 0.8571428657
70859  -32.890  12.617  -42.975 0.8571428657
77457  -28.685  22.180  -33.161 0.1428571492
52743  -28.687  -9.656  -34.053 0.2857142985
52744  -29.102  -9.200  -33.333 0.2857142985
53577  -29.444  -8.592  -32.397 0.4285714328
54425  -30.082  -7.113  -32.262 0.4285714328
53589  -28.850  -8.857  -34.073 0.2857142985
107487  -30.232  -6.522  -33.028 0.4285714328
119900  -29.504  -6.986  -34.376 0.5714285970
57131  -31.181  -4.922  -34.637 0.4285714328
57141  -29.863  -4.801  -35.516 0.2857142985
57142  -30.663  -4.710  -35.525 0.7142857313
57929  -31.727  -3.371  -36.316 0.5714285970
60434  -35.495  -0.564  -34.586 0.4285714328
58726  -32.341  -2.672  -36.840 0.7142857313
59585  -34.434  -1.798  -36.364 0.7142857313
59586  -35.275  -1.594  -36.797 0.5714285970
60451  -35.689  -0.569  -35.836 0.4285714328
59600  -35.122  -1.308  -37.403 0.7142857313
60473  -36.239  -0.544  -37.470 0.7142857313
59596  -32.568  -0.641  -37.242 0.5714285970
59597  -33.223  -1.205  -37.460 0.5714285970
108664  -38.443  2.607  -37.320 0.5714285970
61263  -33.325  0.175  -37.352 0.5714285970
62043  -38.463  0.917  -37.332 0.5714285970
62839  -36.210  1.800  -38.005 0.7142857313
68358  -37.224  8.957  -38.304 0.5714285970
113528  -36.081  7.441  -40.245 1.0000000000
70014  -34.962  11.376  -41.258 1.0000000000
99955  -34.899  9.563  -41.461 1.0000000000
70843  -31.282  12.023  -41.215 0.7142857313
70857  -32.149  12.622  -43.345 1.0000000000
71648  -32.362  13.411  -43.287 1.0000000000
71640  -30.964  12.645  -42.506 0.7142857313
72358  -30.185  14.508  -43.929 0.8571428657
74519  -29.163  17.079  -41.865 0.8571428657
73786  -29.970  15.855  -43.058 1.0000000000
73065  -29.728  15.385  -43.348 1.0000000000
106319  -28.603  21.012  -37.945 0.7142857313
75235  -28.903  18.611  -38.934 0.5714285970
118289  -28.559  20.133  -39.573 0.7142857313
76739  -28.459  20.702  -39.773 0.7142857313
75995  -28.342  19.442  -37.307 0.4285714328
106320  -28.477  21.574  -37.229 0.4285714328
77505  -28.255  21.634  -40.043 0.4285714328
78320  -28.422  22.921  -38.197 0.4285714328
107483  -28.385  22.117  -35.463 0.2857142985
109307  -28.505  22.594  -37.398 0.4285714328
57926  -30.303  -4.028  -35.739 0.4285714328
58721  -30.777  -3.316  -36.185 0.4285714328
76718  -28.403  20.810  -37.202 0.4285714328
118261  -28.274  21.625  -35.926 0.2857142985
50258  -29.228  -12.186  -32.676 0.4285714328
111099  -28.257  -11.182  -33.932 0.2857142985
51048  -29.643  -11.482  -32.127 0.4285714328
51889  -29.365  -10.618  -32.419 0.4285714328
51903  -28.488  -10.445  -34.031 0.2857142985
53595  -28.984  -8.064  -34.197 0.2857142985
54434  -29.845  -7.127  -33.216 0.4285714328
54441  -29.100  -7.248  -34.486 0.4285714328
55374  -29.648  -6.550  -34.731 0.4285714328
119791  -29.840  -5.517  -35.296 0.2857142985
56279  -30.645  -5.668  -34.815 0.4285714328
105262  -31.069  -4.025  -35.893 0.5714285970
57930  -32.469  -3.004  -36.489 0.5714285970
58728  -33.726  -2.581  -37.056 0.5714285970
60450  -34.871  -0.953  -35.447 0.4285714328
59599  -34.579  -1.701  -37.344 0.7142857313
60452  -36.554  -0.393  -36.244 0.5714285970
59591  -32.818  -1.962  -37.274 0.7142857313
59598  -33.875  -1.698  -37.470 0.7142857313
114389  -33.801  -0.039  -37.504 0.5714285970
62042  -37.779  0.956  -37.628 0.5714285970
106332  -33.712  0.507  -37.331 0.7142857313
105157  -34.961  1.385  -37.589 0.8571428657
64349  -37.415  4.454  -38.486 0.7142857313
62837  -34.349  1.970  -37.366 0.8571428657
66787  -37.514  7.448  -38.230 0.8571428657
113531  -36.278  8.252  -40.359 0.8571428657
99787  -36.634  8.735  -40.064 0.8571428657
99740  -36.395  6.035  -39.466 0.8571428657
69176  -33.581  10.850  -41.851 1.0000000000
70850  -31.787  12.195  -42.658 0.8571428657
74518  -28.927  17.816  -41.067 0.8571428657
75257  -28.592  18.564  -41.661 0.8571428657
106277  -28.616  20.314  -38.756 0.5714285970
76006  -28.700  19.431  -38.301 0.5714285970
116537  -27.626  19.513  -36.566 0.4285714328
76711  -28.096  20.241  -36.748 0.4285714328
77497  -28.521  21.339  -38.905 0.4285714328
76693  -27.693  21.304  -34.478 0.2857142985
77456  -28.255  21.865  -33.812 0.1428571492
71647  -31.217  13.081  -43.579 1.0000000000
114835  -26.612  26.448  -38.707 0.2857142985
80496  -27.605  26.073  -37.516 0.1428571492
79124  -27.925  23.839  -38.655 0.2857142985
80518  -26.599  26.367  -39.076 0.2857142985
79825  -27.571  25.576  -37.503 0.1428571492
79816  -27.782  25.879  -36.745 0.1428571492
78315  -28.413  23.448  -36.794 0.1428571492
79120  -28.152  23.722  -37.718 0.2857142985
79844  -27.116  25.323  -40.524 0.2857142985
79842  -26.984  24.974  -39.093 0.2857142985
115184  -27.737  23.208  -44.018 0.2857142985
79140  -27.215  23.555  -42.607 0.2857142985
79131  -27.778  23.782  -39.664 0.2857142985
77527  -26.992  21.779  -42.678 0.2857142985
79130  -27.185  24.743  -40.119 0.2857142985
77539  -28.423  21.189  -43.292 0.1428571492
78355  -26.948  22.602  -43.044 0.2857142985
78342  -27.110  22.703  -42.287 0.2857142985
106178  -28.161  24.733  -36.738 0.1428571492
78331  -27.506  22.781  -41.325 0.2857142985
78333  -30.999  22.331  -40.959 0.1428571492
78344  -30.243  22.564  -41.941 0.1428571492
105781  -27.701  21.108  -43.489 0.4285714328
77515  -27.095  21.935  -41.961 0.2857142985
75258  -30.410  18.733  -41.371 0.2857142985
76044  -28.268  19.318  -43.197 0.4285714328
76760  -27.310  20.921  -43.002 0.2857142985
76027  -30.926  18.749  -40.102 0.1428571492
111949  -29.793  20.127  -41.776 0.2857142985
76768  -27.766  20.062  -43.190 0.4285714328
76035  -28.925  18.940  -43.046 0.5714285970
108498  -27.838  19.424  -43.000 0.7142857313
75259  -31.331  18.013  -39.857 0.1428571492
76043  -28.142  19.034  -42.996 0.7142857313
119301  -27.343  20.321  -41.920 0.4285714328
75272  -29.881  18.315  -42.294 0.4285714328
74508  -32.027  17.330  -38.593 0.2857142985
73772  -31.806  16.608  -40.106 0.7142857313
74535  -29.029  18.139  -42.619 0.7142857313
73066  -29.947  15.128  -43.738 0.8571428657
74521  -30.593  17.043  -42.017 0.8571428657
75283  -29.711  17.739  -42.501 0.5714285970
73037  -32.908  16.014  -37.705 0.2857142985
73758  -32.445  16.693  -38.047 0.2857142985
74529  -30.005  16.937  -42.780 0.7142857313
74512  -29.107  17.041  -40.551 0.5714285970
115795  -29.867  16.724  -42.723 0.8571428657
73780  -31.818  15.926  -41.081 0.7142857313
117066  -33.320  15.449  -37.545 0.1428571492
99561  -32.677  8.440  -39.170 0.5714285970
99733  -34.200  10.163  -41.488 0.8571428657
115777  -33.220  10.163  -41.108 0.8571428657
69170  -32.632  9.873  -40.329 0.4285714328
70013  -32.617  10.580  -41.065 0.5714285970
72359  -31.150  14.064  -43.948 0.8571428657
102774  -33.792  13.573  -41.037 0.8571428657
73068  -31.489  14.804  -43.003 0.8571428657
72326  -34.210  14.191  -38.077 0.2857142985
72344  -32.718  14.812  -40.942 0.8571428657
102246  -34.455  13.947  -37.207 0.4285714328
73051  -33.010  15.103  -39.449 0.7142857313
73050  -32.359  15.752  -40.084 0.7142857313
99560  -32.257  7.882  -38.536 0.2857142985
100052  -33.684  9.016  -40.253 0.5714285970
99558  -32.990  8.978  -39.797 0.5714285970
70852  -33.620  12.353  -42.493 0.8571428657
71649  -33.352  13.125  -42.386 0.8571428657
72353  -33.104  13.998  -41.948 0.8571428657
72352  -32.222  14.374  -42.766 0.8571428657
71635  -34.531  13.570  -38.812 0.4285714328
71641  -34.054  13.892  -39.627 0.8571428657
72345  -33.431  14.352  -40.239 0.8571428657
71622  -34.843  13.336  -37.293 0.4285714328
113269  -32.945  3.161  -37.326 0.7142857313
64332  -32.000  4.169  -37.441 0.4285714328
63580  -33.853  2.608  -37.415 0.7142857313
65222  -34.384  5.494  -38.644 0.8571428657
64344  -32.977  5.494  -38.064 0.5714285970
101878  -32.585  7.185  -38.341 0.5714285970
99559  -31.176  6.720  -37.716 0.4285714328
99657  -34.594  6.330  -39.248 0.8571428657
99553  -33.285  6.952  -38.723 0.5714285970
116925  -33.064  7.732  -39.103 0.5714285970
67552  -35.423  8.150  -40.368 0.8571428657
99777  -34.526  8.016  -40.062 0.7142857313
66800  -33.768  7.872  -39.687 0.5714285970
70005  -36.086  11.441  -39.191 0.7142857313
70838  -35.666  12.175  -39.192 0.7142857313
71642  -34.449  13.015  -40.299 0.7142857313
69984  -36.057  12.013  -36.726 0.2857142985
70814  -35.741  12.396  -37.271 0.4285714328
70824  -35.488  12.607  -38.204 0.5714285970
114589  -33.268  0.630  -37.115 0.4285714328
110629  -32.671  1.458  -36.808 0.4285714328
101983  -32.093  2.393  -36.898 0.4285714328
64347  -35.823  4.653  -38.698 0.7142857313
108365  -34.954  4.954  -38.550 0.7142857313
99768  -35.466  5.568  -39.090 0.7142857313
99554  -35.350  6.864  -39.912 0.8571428657
69162  -36.679  10.695  -38.136 0.7142857313
69985  -36.368  11.338  -36.703 0.2857142985
69992  -36.403  11.285  -37.625 0.5714285970
60468  -32.696  0.107  -37.100 0.4285714328
61257  -32.136  0.609  -36.688 0.5714285970
62835  -33.125  1.513  -36.936 0.5714285970
108240  -33.255  2.315  -37.167 0.5714285970
63584  -34.930  4.103  -38.272 0.7142857313
67532  -37.584  8.501  -36.696 0.4285714328
68334  -37.212  9.956  -36.792 0.4285714328
69138  -36.774  10.587  -36.295 0.4285714328
69144  -36.779  10.650  -37.228 0.4285714328
58725  -31.418  -2.488  -36.580 0.5714285970
61259  -38.756  0.104  -37.103 0.4285714328
62813  -39.007  2.562  -36.502 0.4285714328
99874  -37.914  6.545  -36.086 0.4285714328
99804  -37.754  5.423  -37.182 0.4285714328
99815  -37.901  6.871  -35.389 0.4285714328
56257  -30.741  -5.761  -32.715 0.1428571492
63564  -38.523  3.432  -36.738 0.4285714328
64317  -38.597  4.256  -36.032 0.4285714328
99763  -38.084  6.012  -35.468 0.4285714328
57123  -31.274  -4.734  -33.531 0.1428571492
57109  -31.670  -4.332  -32.821 0.1428571492
59567  -33.429  -1.829  -34.733 0.2857142985
60437  -39.608  -0.563  -35.222 0.2857142985
62005  -39.781  1.590  -34.335 0.2857142985
61248  -39.800  0.129  -36.033 0.2857142985
107830  -37.216  -0.180  -35.671 0.4285714328
62801  -39.494  2.226  -34.947 0.2857142985
62814  -39.397  1.922  -35.864 0.2857142985
61247  -39.358  -0.063  -36.478 0.2857142985
63535  -39.241  3.190  -34.649 0.2857142985
63548  -39.214  2.882  -35.539 0.4285714328
56268  -31.269  -5.040  -32.759 0.1428571492
58675  -32.480  -3.023  -33.289 0.2857142985
58691  -32.561  -2.583  -33.926 0.2857142985
59552  -36.103  -1.225  -33.161 0.2857142985
118345  -37.905  -0.700  -34.214 0.2857142985
107458  -37.132  -0.625  -33.907 0.2857142985
115887  -38.837  -0.513  -35.430 0.2857142985
106075  -34.728  -2.654  -32.484 0.2857142985
57886  -33.034  -3.417  -32.458 0.2857142985
59537  -34.917  -2.020  -32.789 0.2857142985
58676  -33.167  -2.595  -33.045 0.2857142985
59551  -35.264  -1.491  -33.145 0.2857142985
51873  -29.856  -9.972  -31.571 0.2857142985
55359  -30.603  -6.445  -32.079 0.1428571492
49311  -29.295  -12.992  -32.371 0.2857142985
49294  -29.280  -13.732  -32.040 0.2857142985
116136  -28.668  -13.597  -32.462 0.2857142985
52730  -29.831  -9.002  -31.553 0.2857142985
106617  -30.041  -13.176  -31.919 0.1428571492
49293  -28.439  -14.156  -32.076 0.2857142985
48411  -28.333  -14.507  -31.324 0.1428571492
57885  -32.069  -3.610  -33.054 0.1428571492
57887  -34.089  -3.114  -32.384 0.2857142985
59538  -35.815  -1.940  -32.676 0.2857142985
60421  -38.885  -0.851  -34.527 0.2857142985
60420  -36.171  -0.630  -33.845 0.2857142985
102741  -40.203  -0.023  -35.302 0.2857142985
60467  -38.709  -0.090  -36.944 0.4285714328
62827  -39.185  1.661  -36.550 0.4285714328
63534  -38.914  4.061  -34.276 0.2857142985
112270  -33.111  4.326  -37.745 0.7142857313
64305  -38.661  4.637  -35.058 0.4285714328
114113  -33.634  7.322  -39.256 0.5714285970
99732  -37.682  6.238  -36.900 0.4285714328
68343  -37.388  9.174  -37.259 0.4285714328
69977  -35.966  11.830  -36.028 0.2857142985
117886  -36.189  11.842  -37.285 0.5714285970
73056  -29.534  15.652  -42.487 0.7142857313
70837  -35.040  12.828  -39.115 0.7142857313
73067  -30.577  14.876  -43.676 0.8571428657
73793  -29.439  17.303  -42.421 0.7142857313
71623  -35.235  12.887  -37.505 0.2857142985
73057  -31.311  15.547  -42.359 0.8571428657
73794  -29.550  17.549  -42.517 0.8571428657
73765  -32.131  16.509  -39.063 0.5714285970
77516  -27.640  21.775  -41.112 0.2857142985
76036  -29.656  19.096  -42.273 0.4285714328
79809  -28.462  25.068  -35.983 0.1428571492
77529  -29.452  21.557  -42.394 0.1428571492
105507  -27.427  24.716  -41.833 0.2857142985
50235  -29.908  -12.309  -32.054 0.1428571492
50266  -28.018  -12.493  -33.400 0.2857142985
53578  -29.997  -7.942  -31.565 0.1428571492
55360  -31.063  -5.979  -31.911 0.1428571492
107187  -31.870  -4.796  -32.027 0.1428571492
57111  -33.366  -4.244  -31.878 0.1428571492
103992  -32.874  -2.332  -34.596 0.2857142985
58692  -33.295  -2.038  -33.748 0.2857142985
60419  -35.291  -0.907  -33.711 0.2857142985
103009  -38.051  -1.055  -33.699 0.2857142985
59568  -34.108  -1.340  -35.053 0.2857142985
60438  -40.144  -0.479  -34.888 0.2857142985
61261  -32.570  0.484  -36.835 0.5714285970
60435  -36.537  -0.309  -34.886 0.2857142985
112713  -31.541  2.283  -36.783 0.2857142985
110106  -39.191  3.350  -33.923 0.2857142985
64295  -38.524  4.941  -34.237 0.2857142985
63579  -33.477  3.350  -37.524 0.7142857313
113686  -34.129  3.669  -37.841 0.5714285970
65205  -30.826  5.329  -37.563 0.4285714328
65207  -32.434  4.868  -37.681 0.5714285970
99755  -31.370  7.911  -38.168 0.2857142985
99544  -38.343  5.456  -34.867 0.2857142985
99547  -38.121  4.929  -36.556 0.4285714328
99791  -33.612  6.097  -38.640 0.7142857313
67546  -31.910  8.470  -38.624 0.2857142985
99540  -37.668  7.238  -34.623 0.1428571492
113420  -37.243  9.135  -35.465 0.4285714328
68329  -36.696  9.703  -35.013 0.1428571492
71650  -33.950  12.799  -41.674 0.8571428657
69134  -36.552  10.457  -35.456 0.1428571492
69991  -36.080  11.936  -38.160 0.5714285970
70823  -34.974  13.168  -38.110 0.5714285970
72337  -33.674  14.526  -38.858 0.7142857313
109427  -30.349  15.896  -42.901 0.8571428657
108410  -33.933  14.974  -36.493 0.2857142985
72311  -33.619  15.211  -37.012 0.1428571492
77474  -28.416  22.151  -36.444 0.2857142985
73045  -33.182  15.270  -38.318 0.4285714328
72312  -34.019  14.566  -37.162 0.4285714328
112421  -32.977  16.958  -37.026 0.1428571492
108476  -30.782  17.911  -41.011 0.5714285970
74513  -31.665  17.358  -39.513 0.1428571492
75248  -31.470  18.815  -39.163 0.1428571492
79108  -28.574  23.837  -35.952 0.1428571492
74520  -30.202  17.791  -42.179 0.5714285970
74507  -31.758  18.099  -38.898 0.1428571492
76026  -30.725  19.481  -40.314 0.1428571492
111287  -28.848  20.662  -42.920 0.2857142985
111713  -30.350  19.798  -41.074 0.2857142985
76752  -30.428  20.863  -40.831 0.1428571492
77517  -30.870  21.647  -40.537 0.1428571492
77530  -30.312  21.651  -41.327 0.1428571492
78356  -27.639  22.293  -43.721 0.2857142985
78357  -28.282  22.823  -43.920 0.2857142985
78358  -29.721  23.176  -42.993 0.1428571492
51049  -30.460  -11.547  -31.446 0.1428571492
55343  -31.217  -6.464  -31.397 0.1428571492
79141  -30.796  23.212  -42.137 0.1428571492
79154  -28.177  24.009  -44.519 0.2857142985
50256  -27.579  -13.150  -33.067 0.2857142985
57900  -31.515  -4.088  -33.793 0.2857142985
58708  -32.418  -3.051  -35.206 0.4285714328
102481  -37.357  -0.400  -36.753 0.4285714328
62038  -33.400  0.995  -37.007 0.4285714328
66772  -37.815  7.309  -36.114 0.4285714328
63581  -34.710  3.031  -37.790 0.7142857313
113609  -35.631  6.271  -39.558 0.7142857313
70844  -35.053  12.165  -40.323 0.7142857313
113544  -34.077  9.468  -40.813 0.8571428657
67560  -35.796  8.803  -41.099 0.8571428657
117769  -35.217  9.115  -41.221 0.8571428657
70032  -33.161  12.069  -42.798 0.8571428657
76761  -27.453  20.040  -42.567 0.5714285970
77528  -27.134  20.973  -42.131 0.2857142985
78332  -27.958  22.693  -40.321 0.2857142985
68342  -37.118  9.915  -37.938 0.4285714328
60433  -34.731  -0.854  -34.385 0.2857142985
107656  -38.915  3.415  -36.014 0.4285714328
99808  -34.060  8.540  -40.180 0.5714285970
79834  -26.577  25.970  -38.756 0.2857142985
79824  -26.909  26.170  -38.239 0.1428571492
79835  -27.272  25.054  -38.148 0.2857142985
79841  -26.721  25.742  -39.471 0.2857142985
119750  -27.911  24.526  -37.367 0.1428571492
78367  -27.233  22.630  -43.481 0.2857142985
77538  -27.244  21.850  -43.289 0.2857142985
79136  -27.644  23.638  -40.603 0.2857142985
79135  -27.436  24.006  -41.417 0.2857142985
76769  -28.166  20.204  -43.344 0.2857142985
78343  -29.014  22.191  -43.153 0.1428571492
119107  -30.888  22.768  -41.526 0.1428571492
76763  -29.625  20.799  -41.951 0.1428571492
108147  -28.080  21.826  -43.653 0.1428571492
75282  -28.648  18.722  -42.984 0.5714285970
76762  -28.938  19.739  -42.922 0.4285714328
76019  -31.307  19.719  -39.389 0.1428571492
75271  -29.256  18.318  -42.644 0.5714285970
105191  -31.245  17.214  -40.614 0.4285714328
74514  -31.869  16.937  -39.261 0.5714285970
73779  -31.246  16.398  -41.520 0.7142857313
73044  -32.600  15.853  -38.704 0.5714285970
73058  -32.064  15.235  -41.686 0.8571428657
100119  -33.348  8.429  -39.737 0.5714285970
99739  -33.305  9.546  -40.511 0.5714285970
99562  -32.355  9.011  -39.221 0.4285714328
119190  -34.153  14.066  -38.811 0.4285714328
116747  -32.581  3.937  -37.516 0.4285714328
64333  -33.706  4.239  -37.906 0.7142857313
64345  -33.657  5.112  -38.201 0.7142857313
65221  -32.230  5.794  -37.881 0.4285714328
99556  -32.799  6.373  -38.276 0.5714285970
99557  -32.042  6.604  -37.885 0.4285714328
99565  -30.534  6.125  -37.681 0.2857142985
99820  -34.324  7.212  -39.671 0.7142857313
100910  -35.080  7.518  -40.053 0.8571428657
62037  -33.108  1.010  -36.868 0.5714285970
62036  -32.670  0.862  -36.758 0.5714285970
68335  -37.388  9.219  -36.305 0.4285714328
69978  -36.363  11.174  -35.795 0.2857142985
61260  -39.311  0.267  -36.580 0.2857142985
99543  -37.975  5.729  -36.273 0.4285714328
111724  -37.708  7.973  -36.217 0.4285714328
59550  -34.279  -1.409  -33.682 0.2857142985
60455  -39.867  -0.167  -35.731 0.2857142985
60454  -39.275  -0.253  -36.096 0.2857142985
62020  -39.756  1.046  -35.343 0.2857142985
60453  -38.144  -0.197  -36.129 0.2857142985
60436  -37.765  -0.393  -34.903 0.2857142985
63547  -38.953  3.770  -35.256 0.4285714328
56258  -31.393  -5.451  -31.984 0.1428571492
57110  -32.447  -4.158  -32.268 0.1428571492
58677  -34.027  -2.224  -32.948 0.2857142985
112150  -30.056  -13.904  -31.608 0.1428571492
48412  -29.190  -14.253  -31.543 0.1428571492
105726  -37.055  9.870  -35.878 0.2857142985
50236  -30.683  -12.540  -31.630 0.1428571492
51874  -30.646  -10.422  -30.941 0.1428571492
73043  -29.615  15.460  -39.448 0.5714285970
72342  -29.899  14.577  -39.888 0.4285714328
120593  -29.686  15.062  -40.426 0.4285714328
73049  -29.482  15.504  -41.277 0.5714285970
72343  -29.962  13.767  -41.624 0.4285714328
112786  -29.683  14.660  -41.612 0.5714285970
71639  -30.612  12.968  -40.868 0.4285714328
71634  -30.385  13.245  -39.289 0.4285714328
72351  -29.791  14.166  -43.457 0.5714285970
61974  -39.705  1.603  -32.565 0.1428571492
62785  -39.457  2.587  -34.069 0.1428571492
63516  -38.901  3.751  -33.380 0.1428571492
56277  -29.397  -5.938  -35.056 0.2857142985
111143  -40.173  0.592  -34.650 0.1428571492
117526  -39.496  1.441  -31.714 0.1428571492
61209  -40.175  0.760  -32.684 0.1428571492
61962  -38.952  1.890  -31.123 0.1428571492
62748  -38.600  2.511  -30.567 0.1428571492
106611  -28.849  -6.517  -34.762 0.2857142985
59555  -40.232  -1.427  -33.687 0.1428571492
60422  -40.617  -0.671  -33.517 0.1428571492
59570  -40.369  -0.896  -34.086 0.1428571492
61210  -40.517  -0.116  -32.559 0.1428571492
61168  -39.253  0.302  -30.288 0.1428571492
61194  -39.948  0.683  -31.769 0.1428571492
61129  -39.306  0.846  -26.926 0.1428571492
61929  -38.572  1.356  -28.740 0.1428571492
61914  -38.912  1.399  -27.454 0.1428571492
54440  -28.324  -7.192  -34.521 0.2857142985
59540  -37.357  -2.023  -32.646 0.1428571492
115212  -38.136  -2.348  -32.701 0.1428571492
59541  -38.145  -1.707  -33.070 0.1428571492
59553  -37.130  -1.262  -33.139 0.1428571492
59554  -39.315  -1.501  -33.661 0.1428571492
59526  -41.001  -1.404  -31.971 0.1428571492
58695  -40.491  -1.810  -33.191 0.1428571492
60377  -40.567  -0.828  -31.261 0.1428571492
59542  -40.866  -1.668  -32.724 0.1428571492
60361  -39.387  -0.481  -29.715 0.1428571492
59464  -39.128  -0.940  -27.936 0.1428571492
110917  -39.171  0.231  -27.107 0.1428571492
61154  -38.700  0.592  -28.510 0.1428571492
54439  -27.931  -7.892  -34.432 0.2857142985
53588  -27.736  -8.617  -34.366 0.2857142985
57888  -35.114  -3.321  -32.150 0.1428571492
57890  -37.024  -3.464  -32.181 0.1428571492
58680  -37.617  -2.817  -32.433 0.1428571492
58693  -39.061  -2.261  -32.941 0.1428571492
114471  -41.054  -2.014  -32.157 0.1428571492
58694  -40.036  -2.123  -33.227 0.1428571492
59484  -40.509  -1.800  -30.135 0.1428571492
60350  -39.243  -0.943  -28.925 0.1428571492
59483  -39.785  -1.311  -29.532 0.1428571492
61130  -40.323  0.790  -26.365 0.1428571492
119375  -39.730  0.972  -26.596 0.1428571492
57889  -36.038  -3.388  -32.102 0.1428571492
57113  -35.582  -4.107  -31.954 0.1428571492
57891  -38.043  -3.585  -32.284 0.1428571492
57879  -41.014  -3.467  -31.658 0.1428571492
58670  -41.105  -2.650  -31.748 0.1428571492
58682  -39.841  -2.975  -32.708 0.1428571492
58651  -41.140  -2.431  -30.819 0.1428571492
59465  -39.354  -1.366  -26.960 0.1428571492
58629  -40.033  -2.028  -29.327 0.1428571492
59449  -39.676  -0.903  -26.419 0.1428571492
57099  -35.166  -4.801  -31.905 0.1428571492
57102  -37.914  -4.997  -31.843 0.1428571492
57101  -36.911  -4.938  -31.954 0.1428571492
57116  -38.502  -4.315  -32.082 0.1428571492
57115  -37.460  -4.244  -32.062 0.1428571492
57105  -41.303  -4.044  -30.945 0.1428571492
57878  -40.557  -4.171  -31.668 0.1428571492
100097  -41.143  -3.179  -30.239 0.1428571492
58615  -40.111  -2.718  -29.065 0.1428571492
57864  -41.294  -3.278  -30.957 0.1428571492
100170  -39.377  -1.854  -27.826 0.1428571492
58630  -40.675  -2.539  -29.846 0.1428571492
56248  -37.342  -5.687  -31.831 0.1428571492
56247  -36.402  -5.704  -32.024 0.1428571492
57100  -36.011  -4.905  -32.018 0.1428571492
56250  -39.529  -5.545  -31.463 0.1428571492
56249  -38.401  -5.815  -31.626 0.1428571492
117378  -40.809  -4.606  -31.230 0.1428571492
57104  -39.995  -4.820  -31.598 0.1428571492
57844  -41.005  -3.744  -29.689 0.1428571492
57117  -39.563  -4.308  -32.016 0.1428571492
57893  -40.678  -3.062  -32.278 0.1428571492
60304  -40.075  -0.609  -26.126 0.1428571492
61900  -40.919  1.524  -26.456 0.1428571492
60339  -39.236  -0.487  -27.015 0.1428571492
60376  -39.857  -0.308  -30.692 0.1428571492
60349  -38.925  -0.273  -28.699 0.1428571492
62766  -39.295  2.540  -32.595 0.1428571492
53594  -28.440  -8.430  -34.377 0.2857142985
100101  -39.577  -2.788  -28.021 0.1428571492
58607  -39.470  -2.271  -26.950 0.1428571492
60325  -40.544  -0.037  -26.141 0.1428571492
62697  -41.418  2.229  -26.707 0.1428571492
70011  -31.371  11.426  -39.969 0.4285714328
62696  -40.549  2.287  -26.642 0.1428571492
61142  -38.869  0.706  -27.609 0.1428571492
62695  -39.752  2.268  -26.795 0.1428571492
109775  -38.500  1.951  -28.983 0.1428571492
62716  -39.086  2.164  -27.353 0.1428571492
108976  -38.905  3.354  -32.632 0.1428571492
64275  -38.606  4.548  -33.474 0.1428571492
73771  -29.355  16.270  -39.999 0.4285714328
74506  -29.204  17.026  -39.069 0.4285714328
79155  -29.341  24.091  -44.677 0.1428571492
116773  -28.576  -7.796  -34.392 0.2857142985
79153  -27.744  23.944  -44.276 0.1428571492
61993  -39.631  2.059  -33.400 0.1428571492
59539  -36.589  -1.771  -32.714 0.1428571492
120181  -33.908  -3.823  -32.040 0.1428571492
58678  -35.526  -2.654  -32.387 0.1428571492
59569  -39.931  -1.007  -34.426 0.1428571492
117260  -38.224  5.597  -34.201 0.1428571492
99539  -37.967  6.272  -34.581 0.1428571492
60439  -40.429  -0.174  -34.328 0.1428571492
61224  -40.161  0.947  -33.649 0.1428571492
63517  -39.265  2.971  -33.312 0.1428571492
118618  -39.854  1.142  -32.174 0.1428571492
61955  -39.240  1.056  -30.874 0.1428571492
100229  -39.699  0.331  -31.017 0.1428571492
61225  -40.459  0.119  -33.402 0.1428571492
61181  -38.754  0.940  -29.976 0.1428571492
62765  -38.859  2.932  -31.916 0.1428571492
120259  -38.526  3.115  -30.466 0.1428571492
61944  -38.574  1.503  -29.513 0.1428571492
59556  -40.618  -1.293  -33.363 0.1428571492
61167  -38.862  0.323  -29.420 0.1428571492
60397  -40.756  -0.695  -32.052 0.1428571492
61913  -38.612  1.198  -28.063 0.1428571492
58679  -36.565  -2.574  -32.388 0.1428571492
58683  -40.659  -2.375  -32.655 0.1428571492
59503  -40.194  -1.036  -30.379 0.1428571492
59504  -40.887  -1.572  -31.025 0.1428571492
58681  -38.618  -2.956  -32.567 0.1428571492
113834  -41.115  -2.027  -31.586 0.1428571492
110107  -39.674  -2.197  -28.611 0.1428571492
57112  -34.711  -3.965  -31.946 0.1428571492
57114  -36.493  -4.177  -32.016 0.1428571492
57892  -40.196  -3.671  -32.210 0.1428571492
109882  -39.124  -3.672  -32.341 0.1428571492
110497  -41.339  -3.908  -30.342 0.1428571492
114071  -40.678  -3.137  -29.543 0.1428571492
57827  -40.249  -3.491  -28.820 0.1428571492
57103  -38.978  -4.980  -31.811 0.1428571492
49276  -26.904  -14.308  -31.235 0.1428571492
49310  -27.857  -13.830  -32.617 0.1428571492
49291  -26.741  -14.008  -31.989 0.1428571492
49309  -27.022  -13.809  -32.595 0.1428571492
50265  -27.371  -12.441  -33.348 0.1428571492
51902  -27.589  -11.130  -33.965 0.1428571492
107506  -27.397  -10.258  -34.109 0.1428571492
120882  -28.021  -10.635  -34.261 0.1428571492
51915  -28.139  -9.971  -34.379 0.1428571492
51901  -26.672  -10.956  -33.572 0.1428571492
52742  -27.610  -9.388  -34.299 0.1428571492
54432  -27.052  -7.936  -34.054 0.1428571492
55373  -27.744  -6.276  -34.462 0.1428571492
54438  -27.451  -7.141  -34.246 0.1428571492
112784  -28.367  -5.531  -34.827 0.1428571492
56286  -29.149  -5.162  -35.219 0.1428571492
57925  -29.485  -3.939  -35.513 0.2857142985
60461  -30.497  -0.578  -36.426 0.4285714328
60463  -32.211  0.015  -36.838 0.4285714328
69169  -32.185  10.103  -40.065 0.2857142985
70022  -32.023  11.333  -41.257 0.2857142985
72334  -29.218  13.966  -38.002 0.2857142985
72324  -29.353  14.809  -38.052 0.2857142985
73036  -29.417  15.531  -38.245 0.4285714328
56276  -27.424  -5.392  -34.541 0.1428571492
57129  -27.608  -4.721  -34.762 0.2857142985
105837  -26.715  -12.301  -33.177 0.1428571492
109106  -26.555  -10.097  -33.606 0.1428571492
53586  -26.292  -8.509  -33.507 0.1428571492
112220  -26.748  -7.118  -33.830 0.1428571492
55372  -26.859  -6.449  -33.986 0.1428571492
56275  -26.810  -5.671  -34.223 0.1428571492
57140  -28.920  -4.324  -35.251 0.2857142985
121014  -28.392  -4.724  -35.008 0.2857142985
57139  -27.954  -3.952  -34.977 0.2857142985
58724  -30.371  -2.270  -36.280 0.4285714328
69160  -32.119  9.552  -39.446 0.2857142985
69159  -31.697  10.007  -39.396 0.2857142985
70012  -31.878  10.638  -40.154 0.2857142985
100966  -30.428  10.744  -38.686 0.2857142985
110171  -30.784  11.575  -39.069 0.2857142985
70842  -30.807  12.291  -39.710 0.2857142985
71633  -29.878  13.293  -38.469 0.2857142985
111782  -27.878  12.829  -37.642 0.2857142985
72335  -29.993  14.164  -38.768 0.2857142985
99567  -31.512  9.478  -38.894 0.2857142985
70004  -31.243  10.693  -39.241 0.2857142985
68356  -31.088  9.247  -38.494 0.2857142985
70835  -29.632  12.409  -38.355 0.2857142985
70836  -30.377  12.475  -38.831 0.2857142985
71632  -28.940  13.071  -37.922 0.2857142985
72336  -30.278  13.788  -39.868 0.2857142985
69157  -29.588  10.355  -38.468 0.2857142985
70002  -28.487  11.050  -38.305 0.2857142985
116738  -30.209  11.751  -38.634 0.2857142985
100348  -31.160  -1.240  -36.573 0.4285714328
117069  -31.991  -0.565  -36.874 0.4285714328
52749  -28.312  -9.184  -34.385 0.1428571492
51075  -27.869  -11.848  -33.700 0.1428571492
50255  -26.804  -12.948  -32.926 0.1428571492
51074  -27.073  -11.755  -33.528 0.1428571492
52741  -26.818  -9.418  -33.853 0.1428571492
53587  -27.096  -8.777  -34.072 0.1428571492
59590  -30.059  -1.385  -36.320 0.4285714328
70833  -27.578  11.993  -37.908 0.2857142985
61255  -30.680  0.684  -36.435 0.2857142985
61256  -31.707  0.408  -36.631 0.2857142985
62834  -32.114  1.436  -36.702 0.2857142985
80548  -29.933  25.857  -42.686 0.1428571492
80555  -29.569  25.822  -43.859 0.1428571492
80546  -28.086  25.332  -42.808 0.1428571492
79851  -27.762  24.691  -43.504 0.1428571492
80541  -30.855  25.721  -42.215 0.1428571492
80538  -27.336  25.640  -40.963 0.1428571492
80510  -27.886  26.370  -38.562 0.1428571492
62028  -31.679  1.003  -36.589 0.2857142985
62825  -31.247  1.827  -36.643 0.2857142985
79856  -28.260  24.607  -45.052 0.1428571492
103141  -29.177  25.793  -44.926 0.1428571492
79152  -27.441  23.186  -43.837 0.1428571492
80553  -28.129  25.158  -44.170 0.1428571492
79855  -27.915  24.544  -44.484 0.1428571492
79145  -27.186  23.324  -43.372 0.1428571492
79854  -27.448  23.942  -43.890 0.1428571492
80540  -28.671  26.109  -41.443 0.1428571492
80520  -28.409  26.282  -39.350 0.1428571492
80530  -27.215  26.129  -40.356 0.1428571492
81148  -26.617  26.486  -38.866 0.1428571492
80509  -26.952  26.423  -38.387 0.1428571492
81155  -26.795  26.362  -39.438 0.1428571492
79850  -27.389  24.204  -42.994 0.1428571492
79847  -27.648  25.102  -42.254 0.1428571492
60462  -31.556  -0.201  -36.656 0.2857142985
80547  -28.736  25.639  -43.261 0.1428571492
100329  -30.106  25.858  -41.644 0.1428571492
80554  -28.564  25.548  -44.696 0.1428571492
112550  -28.339  25.851  -42.263 0.1428571492
80539  -27.738  25.865  -41.523 0.1428571492
68354  -28.869  9.182  -38.428 0.1428571492
69158  -31.020  9.827  -38.700 0.1428571492
119864  -30.275  9.798  -38.480 0.1428571492
70830  -23.679  12.134  -37.839 0.1428571492
71629  -24.965  13.033  -37.604 0.1428571492
99830  -31.560  9.003  -38.655 0.1428571492
111783  -26.822  12.658  -37.576 0.1428571492
72330  -24.058  13.583  -37.467 0.1428571492
72320  -24.490  14.573  -37.220 0.1428571492
65206  -31.670  5.141  -37.600 0.2857142985
64330  -30.346  4.627  -37.451 0.1428571492
99885  -30.420  7.834  -38.017 0.1428571492
67545  -31.011  8.406  -38.204 0.1428571492
108738  -30.659  8.795  -38.281 0.1428571492
71613  -34.742  13.614  -36.361 0.1428571492
69156  -28.930  9.973  -38.492 0.1428571492
71631  -27.120  13.467  -37.493 0.1428571492
72323  -27.742  15.160  -37.412 0.1428571492
72321  -25.580  14.747  -37.235 0.1428571492
73033  -25.861  15.565  -36.933 0.2857142985
73756  -28.359  16.422  -37.501 0.2857142985
75215  -26.276  18.416  -36.071 0.2857142985
78306  -28.568  22.861  -35.968 0.1428571492
76686  -26.994  20.647  -32.927 0.1428571492
73764  -29.371  16.246  -38.610 0.2857142985
110906  -26.931  15.734  -37.125 0.2857142985
73763  -28.989  16.982  -37.861 0.2857142985
74505  -28.890  17.783  -38.444 0.2857142985
74497  -27.947  17.383  -37.215 0.2857142985
74486  -25.769  17.715  -36.118 0.2857142985
75226  -28.610  18.567  -37.800 0.2857142985
74488  -27.345  18.216  -36.724 0.2857142985
76701  -27.819  20.679  -36.013 0.1428571492
75200  -24.981  19.075  -34.933 0.2857142985
78291  -28.566  22.378  -34.549 0.1428571492
74472  -25.105  18.429  -35.529 0.1428571492
74485  -24.729  17.767  -35.881 0.1428571492
73032  -24.802  15.470  -36.934 0.2857142985
75205  -25.737  18.949  -35.554 0.2857142985
75975  -26.605  19.870  -35.507 0.1428571492
75974  -25.757  19.512  -35.137 0.2857142985
76700  -27.246  20.612  -35.206 0.1428571492
75970  -26.230  20.103  -34.545 0.1428571492
72318  -22.825  14.516  -37.185 0.2857142985
75969  -25.155  19.584  -34.338 0.1428571492
75965  -25.686  19.897  -33.516 0.1428571492
71609  -20.098  13.544  -35.319 0.1428571492
103935  -34.295  14.402  -36.407 0.1428571492
116219  -35.912  11.658  -35.189 0.1428571492
99805  -30.834  7.340  -37.835 0.1428571492
67543  -29.155  8.053  -38.215 0.1428571492
72304  -34.621  14.321  -35.588 0.1428571492
108739  -28.703  8.453  -38.357 0.1428571492
113823  -27.196  9.661  -38.466 0.1428571492
69154  -26.676  10.454  -38.416 0.1428571492
70001  -27.221  11.176  -38.238 0.1428571492
70831  -24.765  12.176  -37.908 0.1428571492
71621  -23.108  13.648  -37.481 0.1428571492
72332  -26.351  14.115  -37.433 0.1428571492
117300  -23.232  14.926  -37.062 0.2857142985
73022  -26.149  16.361  -36.670 0.1428571492
73748  -26.291  17.043  -36.493 0.2857142985
74487  -26.834  17.552  -36.561 0.1428571492
75964  -24.741  19.482  -33.456 0.1428571492
75966  -26.294  20.179  -32.972 0.1428571492
76692  -27.010  20.770  -34.080 0.1428571492
107051  -35.228  13.039  -35.905 0.1428571492
72305  -34.942  13.645  -35.518 0.1428571492
75216  -26.936  18.989  -36.313 0.2857142985
119958  -26.930  19.566  -36.094 0.2857142985
75976  -27.358  20.101  -36.078 0.2857142985
99566  -31.751  7.323  -37.978 0.1428571492
119438  -30.390  6.776  -37.731 0.1428571492
74511  -28.968  17.792  -39.672 0.2857142985
117811  -36.219  11.044  -35.069 0.1428571492
116354  -28.529  14.584  -37.611 0.1428571492
73035  -28.691  15.506  -37.660 0.1428571492
110321  -30.434  9.225  -38.366 0.1428571492
69155  -27.915  10.089  -38.451 0.1428571492
70000  -26.110  11.291  -38.227 0.1428571492
68353  -27.981  9.058  -38.436 0.1428571492
113815  -25.681  11.899  -37.931 0.1428571492
112517  -25.799  12.506  -37.675 0.1428571492
71630  -26.043  13.272  -37.484 0.1428571492
67544  -30.053  8.247  -38.166 0.1428571492
72319  -23.531  14.426  -37.250 0.1428571492
72331  -25.236  13.875  -37.396 0.1428571492
73755  -27.239  16.616  -36.967 0.2857142985
73757  -29.051  16.133  -37.863 0.2857142985
73034  -27.853  15.899  -37.350 0.2857142985
119825  -26.261  18.954  -35.940 0.2857142985
75217  -27.904  18.794  -36.943 0.2857142985
75206  -26.320  19.302  -35.771 0.2857142985
76687  -27.659  21.204  -33.437 0.1428571492
74498  -28.538  17.763  -37.684 0.2857142985
115765  -28.088  18.146  -37.280 0.2857142985
79102  -28.866  23.147  -34.408 0.1428571492
73021  -25.115  16.301  -36.582 0.1428571492
73747  -25.400  17.063  -36.326 0.2857142985
116248  -26.405  20.362  -33.668 0.1428571492
57128  -25.712  -4.600  -34.258 0.1428571492
58718  -27.807  -3.122  -35.193 0.1428571492
57910  -25.205  -3.434  -34.559 0.1428571492
57922  -25.931  -3.024  -34.984 0.1428571492
58717  -26.521  -2.236  -35.302 0.1428571492
102244  -26.909  -2.963  -35.168 0.1428571492
59581  -27.226  -1.485  -35.571 0.1428571492
106829  -27.549  -2.289  -35.322 0.1428571492
58719  -28.546  -2.589  -35.489 0.1428571492
59587  -26.935  -0.696  -35.877 0.1428571492
59582  -28.291  -1.630  -35.645 0.1428571492
59583  -29.337  -1.948  -35.913 0.1428571492
59589  -29.210  -0.905  -36.105 0.1428571492
59580  -26.089  -1.415  -35.733 0.1428571492
60459  -27.612  -0.065  -36.108 0.1428571492
101631  -29.923  -0.021  -36.334 0.1428571492
118296  -30.031  1.116  -36.396 0.1428571492
62824  -30.220  2.193  -36.597 0.1428571492
111771  -31.169  3.267  -37.087 0.1428571492
73030  -22.989  15.420  -36.847 0.1428571492
58720  -29.633  -3.100  -35.794 0.1428571492
56274  -25.995  -5.244  -34.088 0.1428571492
57911  -25.979  -3.916  -34.586 0.1428571492
75204  -24.333  18.773  -34.897 0.1428571492
63577  -31.775  3.449  -37.210 0.1428571492
119361  -30.992  0.105  -36.480 0.1428571492
57912  -26.984  -4.039  -34.778 0.1428571492
115480  -26.620  -4.791  -34.488 0.1428571492
109582  -28.713  -3.487  -35.342 0.1428571492
57924  -27.233  -3.499  -35.006 0.1428571492
57923  -26.595  -3.478  -34.906 0.1428571492
58707  -24.947  -2.770  -34.759 0.1428571492
59588  -27.980  -0.774  -35.832 0.1428571492
60460  -28.673  -0.112  -36.207 0.1428571492
59579  -25.188  -1.601  -35.450 0.1428571492
57122  -25.171  -4.939  -33.836 0.1428571492
56242  -31.578  -5.946  -31.497 0.1428571492
57087  -41.431  -4.494  -30.309 0.1428571492
58727  -33.103  -2.740  -36.971 0.5714285970
59474  -39.486  -1.563  -28.704 0.1428571492
60338  -38.902  -0.049  -27.784 0.1428571492
60396  -40.266  -0.115  -31.529 0.1428571492
60410  -40.883  -1.026  -32.770 0.1428571492
61258  -38.093  -0.040  -37.379 0.5714285970
61262  -32.948  0.454  -37.061 0.4285714328
61264  -34.422  0.034  -37.570 0.5714285970
61898  -39.474  1.549  -26.859 0.1428571492
61899  -40.029  1.565  -26.521 0.1428571492
61954  -38.676  1.669  -30.316 0.1428571492
62029  -32.226  0.881  -36.664 0.5714285970
62030  -39.003  0.933  -36.834 0.4285714328
62031  -39.437  0.974  -36.222 0.2857142985
62715  -38.508  1.951  -28.104 0.1428571492
62754  -39.199  2.177  -31.855 0.1428571492
62826  -38.790  1.762  -37.114 0.4285714328
62833  -30.696  2.744  -36.836 0.1428571492
62836  -33.591  1.662  -37.098 0.5714285970
62842  -36.288  2.751  -38.258 0.7142857313
63578  -32.372  3.183  -37.210 0.4285714328
64335  -38.095  4.156  -36.995 0.4285714328
64346  -34.267  4.642  -38.242 0.7142857313
65220  -31.408  5.981  -37.724 0.2857142985
67525  -37.525  8.532  -35.879 0.4285714328
68355  -29.670  8.709  -38.301 0.1428571492
69172  -36.557  10.027  -39.749 0.8571428657
70003  -29.530  11.440  -38.383 0.2857142985
70006  -36.351  11.240  -38.395 0.5714285970
70806  -35.618  12.430  -36.341 0.1428571492
70832  -26.536  11.938  -37.851 0.1428571492
70834  -28.650  12.160  -38.063 0.2857142985
70858  -32.546  12.214  -42.945 0.8571428657
71594  -19.754  13.580  -34.730 0.1428571492
71614  -35.206  12.926  -36.760 0.2857142985
72322  -26.655  14.931  -37.319 0.1428571492
72325  -33.659  14.841  -37.818 0.1428571492
72333  -27.452  14.324  -37.482 0.1428571492
73031  -23.745  15.344  -36.929 0.1428571492
80529  -26.836  26.067  -39.842 0.1428571492
99542  -38.303  5.292  -33.578 0.2857142985
99545  -38.343  5.187  -35.699 0.4285714328
99548  -37.863  4.727  -37.386 0.5714285970
99563  -34.449  9.079  -40.709 1.0000000000
99677  -36.899  8.050  -39.657 0.8571428657
99724  -33.866  6.794  -39.084 0.5714285970
99827  -32.673  9.413  -39.831 0.4285714328
99873  -34.878  8.665  -40.611 0.8571428657
99941  -40.692  -4.160  -29.132 0.1428571492
102597  -34.618  13.649  -37.890 0.5714285970
105919  -22.510  13.631  -37.400 0.1428571492
106198  -29.664  9.425  -38.412 0.1428571492
109172  -38.658  0.939  -29.247 0.1428571492
110191  -29.731  14.936  -38.754 0.2857142985
112624  -32.762  2.222  -37.010 0.5714285970
112965  -28.227  13.702  -37.581 0.1428571492
113486  -37.127  6.634  -39.800 0.8571428657
113685  -36.948  6.359  -39.755 0.8571428657
114486  -39.685  0.106  -26.486 0.1428571492
114795  -27.659  19.851  -41.626 0.4285714328
115683  -26.253  9.691  -38.503 0.1428571492
118457  -36.613  -0.897  -33.449 0.2857142985
