#!ascii label  , from subject sub-v1s18x0051260_ses-1 vox2ras=TkReg
1410
87213  -47.956  11.396  49.805 0.0000000000
101792  -40.753  38.101  41.212 0.0000000000
94537  -38.226  23.717  46.489 0.0000000000
120720  -45.167  18.607  37.611 0.0000000000
98576  -41.577  30.662  36.269 0.0000000000
125820  -42.130  27.195  36.969 0.0000000000
95240  -42.776  24.310  33.776 0.0000000000
92856  -38.340  20.059  37.787 0.0000000000
82149  -44.433  4.325  58.071 0.0000000000
85804  -43.996  9.538  51.910 0.0000000000
103429  -34.573  42.287  43.933 0.0000000000
101814  -33.086  37.206  38.784 0.0000000000
101407  -39.368  36.655  35.519 0.0000000000
91562  -43.445  19.400  50.761 0.0000000000
98475  -38.802  30.309  44.440 0.0000000000
95169  -43.327  24.110  42.463 0.0000000000
118751  -46.017  16.867  45.187 0.0000000000
90502  -41.663  16.443  44.590 0.0000000000
90498  -36.970  16.723  45.046 0.0000000000
86545  -45.618  10.483  48.892 0.0000000000
99089  -41.439  31.587  32.927 0.0000000000
97532  -44.272  29.128  33.395 0.0000000000
96928  -41.589  27.226  34.388 0.0000000000
125629  -39.759  23.844  37.263 0.0000000000
131269  -43.513  4.676  51.997 0.0000000000
85105  -41.635  8.489  50.630 0.0000000000
133591  -33.750  41.146  47.447 0.0000000000
101394  -36.566  36.544  36.642 0.0000000000
92092  -42.004  19.614  52.650 0.0000000000
92773  -41.845  21.601  48.132 0.0000000000
101788  -36.758  37.842  41.895 0.0000000000
99983  -40.350  33.646  43.650 0.0000000000
94600  -44.512  22.906  37.243 0.0000000000
111693  -41.805  24.467  39.105 0.0000000000
93450  -44.158  21.373  39.773 0.0000000000
92799  -43.936  20.552  43.744 0.0000000000
131697  -45.066  17.906  41.506 0.0000000000
90503  -44.158  15.995  43.878 0.0000000000
91652  -43.810  17.539  40.217 0.0000000000
92807  -37.639  19.895  42.034 0.0000000000
99527  -40.661  32.912  40.327 0.0000000000
117817  -43.214  32.812  40.687 0.0000000000
98055  -44.442  30.619  37.104 0.0000000000
130207  -44.410  25.776  34.627 0.0000000000
135401  -43.685  20.121  34.144 0.0000000000
92870  -41.382  20.077  37.572 0.0000000000
113413  -39.622  18.624  33.954 0.0000000000
92880  -35.936  19.561  35.298 0.0000000000
81352  -47.553  3.321  55.000 0.0000000000
83714  -45.725  6.293  51.433 0.0000000000
130650  -46.534  10.111  52.312 0.0000000000
130266  -35.472  38.732  48.727 0.0000000000
102589  -35.493  40.218  45.052 0.0000000000
132827  -37.911  41.778  40.595 0.0000000000
101371  -36.935  36.845  40.617 0.0000000000
116624  -37.224  33.275  38.540 0.0000000000
134275  -38.947  33.546  36.188 0.0000000000
100065  -40.270  33.883  33.070 0.0000000000
113792  -40.315  36.235  33.542 0.0000000000
88610  -41.830  13.642  51.264 0.0000000000
89274  -44.323  15.175  53.331 0.0000000000
89296  -45.565  14.364  50.785 0.0000000000
96275  -36.857  26.416  44.238 0.0000000000
134885  -39.913  28.749  40.148 0.0000000000
95748  -39.291  25.713  41.421 0.0000000000
95143  -41.084  24.474  44.792 0.0000000000
93413  -43.607  22.057  47.146 0.0000000000
91588  -43.878  18.267  47.124 0.0000000000
89305  -46.381  14.636  48.175 0.0000000000
88653  -44.551  13.915  47.080 0.0000000000
88650  -41.898  13.708  46.841 0.0000000000
88648  -39.943  13.546  46.544 0.0000000000
92830  -40.063  20.022  41.002 0.0000000000
91052  -39.127  17.406  44.503 0.0000000000
88662  -37.853  13.454  45.833 0.0000000000
85818  -48.471  9.585  50.268 0.0000000000
86547  -48.047  10.267  49.045 0.0000000000
87222  -46.740  11.360  49.090 0.0000000000
98617  -40.924  31.460  32.254 0.0000000000
97529  -41.785  28.851  33.171 0.0000000000
98085  -40.214  29.230  33.739 0.0000000000
96919  -40.245  27.461  35.378 0.0000000000
93974  -39.772  22.908  46.687 0.0000000000
101790  -38.996  37.810  41.969 0.0000000000
130426  -45.007  20.560  37.064 0.0000000000
94023  -44.687  22.099  38.243 0.0000000000
92848  -44.662  20.220  39.134 0.0000000000
92202  -44.441  19.444  40.541 0.0000000000
118386  -45.301  17.931  39.342 0.0000000000
91086  -45.043  17.075  40.575 0.0000000000
92223  -44.842  17.862  38.674 0.0000000000
99047  -40.582  31.401  38.512 0.0000000000
99049  -43.578  32.081  38.607 0.0000000000
99074  -43.860  31.331  36.937 0.0000000000
96357  -43.820  26.401  33.053 0.0000000000
96937  -44.350  26.969  33.501 0.0000000000
95245  -44.112  24.288  33.349 0.0000000000
94056  -44.224  22.465  34.094 0.0000000000
94054  -42.724  22.439  33.825 0.0000000000
92279  -41.723  19.039  33.629 0.0000000000
94049  -41.617  22.017  34.895 0.0000000000
93467  -37.827  21.178  36.632 0.0000000000
124971  -43.671  6.976  51.361 0.0000000000
82222  -44.993  4.849  51.882 0.0000000000
121030  -45.071  8.008  51.634 0.0000000000
85097  -46.027  8.407  51.733 0.0000000000
85798  -45.333  10.487  52.575 0.0000000000
103869  -34.595  42.151  46.085 0.0000000000
102993  -36.770  40.582  46.768 0.0000000000
103430  -37.253  42.129  44.503 0.0000000000
126054  -36.739  42.234  42.680 0.0000000000
103446  -35.739  42.339  42.297 0.0000000000
135453  -32.909  37.681  40.100 0.0000000000
102213  -35.325  38.256  40.469 0.0000000000
100932  -34.452  36.115  40.044 0.0000000000
100462  -36.416  34.276  40.268 0.0000000000
100949  -35.168  35.244  38.869 0.0000000000
101829  -37.184  37.112  36.138 0.0000000000
100500  -37.960  34.672  36.694 0.0000000000
100981  -39.208  35.448  35.780 0.0000000000
116684  -39.895  34.159  34.930 0.0000000000
100982  -40.070  35.532  35.063 0.0000000000
100991  -40.190  35.305  33.208 0.0000000000
101841  -40.110  37.153  35.096 0.0000000000
91005  -37.656  17.867  51.825 0.0000000000
127522  -37.890  15.154  50.467 0.0000000000
125060  -39.304  15.445  50.583 0.0000000000
88620  -40.858  13.534  50.735 0.0000000000
90439  -40.132  16.916  51.456 0.0000000000
92094  -43.296  19.779  52.432 0.0000000000
90974  -43.233  18.103  53.689 0.0000000000
124204  -43.740  17.406  53.172 0.0000000000
119219  -44.457  15.270  52.306 0.0000000000
90458  -43.511  16.592  50.477 0.0000000000
98453  -37.204  30.059  45.460 0.0000000000
97408  -36.686  28.693  45.540 0.0000000000
97420  -37.404  28.038  43.576 0.0000000000
98032  -43.140  30.209  38.861 0.0000000000
98517  -41.910  30.559  40.619 0.0000000000
97462  -41.110  28.648  38.436 0.0000000000
128830  -42.511  24.114  40.443 0.0000000000
95759  -40.204  25.408  40.293 0.0000000000
115134  -41.593  24.314  41.821 0.0000000000
95166  -40.404  24.471  42.926 0.0000000000
95144  -42.060  24.581  44.287 0.0000000000
95124  -42.969  24.504  46.498 0.0000000000
94551  -43.389  23.794  44.419 0.0000000000
124187  -45.095  18.807  44.934 0.0000000000
130169  -44.472  19.071  45.776 0.0000000000
91039  -45.341  17.767  45.902 0.0000000000
90462  -45.516  15.962  48.031 0.0000000000
90473  -45.997  16.242  46.518 0.0000000000
88639  -46.146  14.198  47.850 0.0000000000
89903  -45.536  15.299  46.009 0.0000000000
90510  -42.837  16.175  44.240 0.0000000000
89917  -43.096  15.256  45.388 0.0000000000
118924  -42.198  15.380  45.454 0.0000000000
127497  -40.734  13.603  46.665 0.0000000000
89915  -40.814  15.521  45.607 0.0000000000
92869  -40.258  20.112  37.525 0.0000000000
120533  -41.234  20.376  39.101 0.0000000000
92844  -39.695  20.512  39.411 0.0000000000
91624  -37.489  18.670  43.640 0.0000000000
91625  -38.351  18.563  43.593 0.0000000000
123734  -37.964  16.690  45.132 0.0000000000
89335  -38.296  14.984  45.750 0.0000000000
89912  -37.519  15.283  45.566 0.0000000000
88661  -37.038  13.518  45.464 0.0000000000
83727  -48.278  6.425  49.935 0.0000000000
86544  -44.450  10.270  48.613 0.0000000000
98598  -41.261  31.094  34.353 0.0000000000
98589  -43.276  30.826  35.088 0.0000000000
98611  -42.811  30.651  32.993 0.0000000000
96934  -42.345  27.887  33.425 0.0000000000
95808  -41.945  25.685  34.584 0.0000000000
125636  -41.410  23.970  35.514 0.0000000000
95802  -40.732  25.421  35.952 0.0000000000
82194  -44.382  4.283  54.763 0.0000000000
82210  -42.261  4.493  52.504 0.0000000000
85094  -42.584  8.911  51.146 0.0000000000
103879  -32.534  42.661  45.380 0.0000000000
101385  -35.094  36.410  37.596 0.0000000000
117688  -37.273  38.479  35.459 0.0000000000
102661  -38.964  39.100  34.774 0.0000000000
91533  -39.960  19.058  52.721 0.0000000000
92749  -41.599  20.443  49.762 0.0000000000
92751  -43.388  21.369  50.538 0.0000000000
98992  -39.841  31.346  44.294 0.0000000000
95228  -43.101  24.769  36.659 0.0000000000
95782  -41.744  25.758  37.650 0.0000000000
94594  -43.401  23.696  38.254 0.0000000000
121844  -43.892  23.382  39.868 0.0000000000
129415  -43.612  22.878  41.519 0.0000000000
128330  -43.410  22.282  43.216 0.0000000000
121062  -43.605  20.618  41.941 0.0000000000
92190  -44.208  19.279  42.063 0.0000000000
91628  -45.371  17.495  43.168 0.0000000000
90505  -45.628  16.455  44.353 0.0000000000
91077  -45.076  16.832  42.065 0.0000000000
91080  -43.963  16.819  41.478 0.0000000000
91639  -42.594  17.748  42.046 0.0000000000
117942  -38.266  20.526  39.960 0.0000000000
95117  -36.199  25.106  46.742 0.0000000000
100451  -40.687  35.446  41.285 0.0000000000
100453  -41.929  35.299  41.546 0.0000000000
120987  -43.237  33.357  39.994 0.0000000000
98547  -44.312  30.920  38.733 0.0000000000
97488  -43.374  28.944  36.652 0.0000000000
98076  -44.727  29.977  34.823 0.0000000000
96921  -44.211  28.595  35.521 0.0000000000
135378  -43.491  26.670  35.804 0.0000000000
95235  -44.038  24.689  35.545 0.0000000000
93491  -44.638  21.794  35.750 0.0000000000
92262  -44.622  18.873  35.938 0.0000000000
92229  -43.881  18.574  37.438 0.0000000000
92260  -42.621  18.859  35.189 0.0000000000
92258  -39.873  18.590  34.565 0.0000000000
92239  -38.640  18.742  35.359 0.0000000000
93483  -39.839  21.065  35.844 0.0000000000
92882  -37.389  19.092  34.662 0.0000000000
82204  -45.369  4.021  53.395 0.0000000000
82214  -46.570  4.005  52.203 0.0000000000
82985  -47.106  5.100  51.086 0.0000000000
83716  -47.024  7.115  51.054 0.0000000000
85098  -47.385  9.108  51.533 0.0000000000
87201  -47.349  11.286  51.468 0.0000000000
114341  -33.279  38.551  45.983 0.0000000000
102583  -35.595  39.271  46.780 0.0000000000
102194  -33.312  38.870  44.254 0.0000000000
102600  -35.233  39.683  42.307 0.0000000000
119070  -36.852  39.617  41.507 0.0000000000
102205  -38.580  39.557  40.568 0.0000000000
103012  -33.415  41.151  41.944 0.0000000000
117172  -36.152  41.423  40.419 0.0000000000
101802  -37.604  38.923  40.256 0.0000000000
100936  -38.643  36.924  40.811 0.0000000000
100449  -38.142  34.861  41.014 0.0000000000
99540  -38.762  32.288  39.672 0.0000000000
99060  -39.424  31.392  37.787 0.0000000000
100959  -36.417  35.323  37.436 0.0000000000
100050  -38.442  33.101  36.826 0.0000000000
99072  -39.425  31.908  36.302 0.0000000000
99581  -40.431  32.324  34.407 0.0000000000
99097  -40.936  32.079  32.472 0.0000000000
100070  -40.136  33.890  32.895 0.0000000000
100998  -39.912  35.298  32.865 0.0000000000
102259  -39.947  39.061  34.665 0.0000000000
86520  -41.966  10.851  51.085 0.0000000000
124148  -42.912  10.887  51.597 0.0000000000
90440  -42.386  16.863  52.930 0.0000000000
135219  -43.269  13.979  52.325 0.0000000000
87191  -44.231  12.215  52.604 0.0000000000
87879  -45.294  12.626  52.892 0.0000000000
88604  -46.153  12.767  52.205 0.0000000000
87898  -47.187  12.689  50.515 0.0000000000
95128  -37.291  24.708  45.544 0.0000000000
99505  -42.097  33.253  42.231 0.0000000000
130403  -40.930  31.565  43.216 0.0000000000
112543  -39.189  29.487  42.094 0.0000000000
96312  -40.378  26.580  39.071 0.0000000000
96876  -39.249  27.396  40.681 0.0000000000
97430  -38.178  27.878  42.271 0.0000000000
95737  -37.900  26.215  42.879 0.0000000000
95141  -38.523  24.638  44.511 0.0000000000
95121  -39.715  24.145  46.082 0.0000000000
94540  -41.526  24.054  46.789 0.0000000000
93403  -43.157  22.825  48.474 0.0000000000
92761  -43.553  21.367  49.413 0.0000000000
120601  -43.856  21.030  45.097 0.0000000000
120953  -43.548  20.696  47.490 0.0000000000
124763  -43.122  18.387  48.809 0.0000000000
90461  -44.441  16.341  48.581 0.0000000000
89299  -46.200  14.529  49.408 0.0000000000
88624  -46.929  13.437  49.265 0.0000000000
118940  -46.469  13.184  48.713 0.0000000000
87906  -44.604  12.717  48.200 0.0000000000
87905  -43.447  12.469  48.016 0.0000000000
89341  -44.454  14.891  45.902 0.0000000000
88652  -43.540  13.695  47.168 0.0000000000
119256  -42.125  11.858  47.746 0.0000000000
87231  -40.926  11.758  47.255 0.0000000000
87924  -40.341  12.105  46.890 0.0000000000
92847  -42.083  19.918  39.150 0.0000000000
92212  -41.541  19.721  40.468 0.0000000000
91627  -41.079  18.176  43.143 0.0000000000
92201  -39.153  19.959  41.455 0.0000000000
91626  -40.095  18.482  43.245 0.0000000000
90501  -40.229  16.668  44.887 0.0000000000
89336  -39.668  15.044  45.926 0.0000000000
89320  -39.120  13.897  46.301 0.0000000000
124839  -48.174  10.981  50.184 0.0000000000
85822  -48.440  9.865  49.189 0.0000000000
86537  -48.233  10.608  49.557 0.0000000000
86536  -47.706  11.071  49.333 0.0000000000
130782  -40.047  31.078  32.599 0.0000000000
98090  -40.055  30.121  33.142 0.0000000000
98084  -39.401  29.573  34.037 0.0000000000
93411  -39.517  21.927  46.791 0.0000000000
93973  -38.951  22.660  46.717 0.0000000000
101791  -40.251  38.271  41.509 0.0000000000
101360  -39.744  37.229  42.360 0.0000000000
101362  -41.162  37.358  41.752 0.0000000000
92872  -45.230  19.320  37.204 0.0000000000
93469  -44.958  20.709  37.761 0.0000000000
92861  -45.197  19.428  38.103 0.0000000000
92224  -45.269  18.569  38.745 0.0000000000
92231  -45.178  18.380  38.212 0.0000000000
91658  -45.120  17.643  39.362 0.0000000000
92230  -45.004  18.279  37.820 0.0000000000
98559  -41.368  30.780  37.191 0.0000000000
99048  -42.373  31.483  37.984 0.0000000000
98560  -42.645  31.126  37.038 0.0000000000
124715  -43.139  24.977  33.391 0.0000000000
95814  -44.126  25.645  33.177 0.0000000000
95244  -43.488  24.299  33.403 0.0000000000
94629  -43.686  23.489  33.513 0.0000000000
94623  -42.541  23.510  34.099 0.0000000000
94053  -42.191  21.890  34.225 0.0000000000
125387  -42.018  22.829  34.580 0.0000000000
82173  -44.980  4.320  56.945 0.0000000000
84409  -43.905  7.873  51.475 0.0000000000
84410  -44.440  7.041  51.480 0.0000000000
85096  -44.479  8.837  51.804 0.0000000000
85806  -45.445  9.018  51.977 0.0000000000
85805  -44.892  9.681  52.243 0.0000000000
103881  -35.042  42.300  45.328 0.0000000000
103882  -36.403  42.364  45.038 0.0000000000
103894  -36.589  42.426  44.196 0.0000000000
103438  -36.728  42.355  43.590 0.0000000000
103436  -35.174  42.334  43.105 0.0000000000
101813  -32.408  37.619  38.943 0.0000000000
101809  -32.265  37.902  39.648 0.0000000000
101810  -32.904  37.374  39.484 0.0000000000
101368  -33.403  37.206  40.062 0.0000000000
101376  -34.114  36.288  39.413 0.0000000000
100941  -34.687  35.689  39.565 0.0000000000
101406  -38.258  36.878  35.815 0.0000000000
101396  -38.637  36.021  35.992 0.0000000000
134944  -39.525  36.013  35.534 0.0000000000
101408  -40.148  36.360  35.103 0.0000000000
101840  -39.143  37.554  35.339 0.0000000000
120555  -36.826  19.132  51.884 0.0000000000
90988  -37.941  18.746  52.304 0.0000000000
90454  -38.015  16.813  50.929 0.0000000000
90455  -39.114  16.550  50.851 0.0000000000
90456  -40.117  15.895  50.876 0.0000000000
92107  -43.502  20.323  51.513 0.0000000000
90991  -43.514  18.398  52.573 0.0000000000
91008  -43.304  18.402  51.173 0.0000000000
116211  -43.424  17.429  51.536 0.0000000000
91007  -43.147  18.353  50.288 0.0000000000
98468  -38.580  30.616  44.951 0.0000000000
97982  -38.228  29.891  44.884 0.0000000000
97981  -37.566  29.648  45.239 0.0000000000
97991  -38.311  29.556  43.874 0.0000000000
98053  -42.483  29.262  37.805 0.0000000000
98041  -42.070  29.453  38.468 0.0000000000
96900  -41.146  27.886  37.964 0.0000000000
95179  -43.330  24.089  41.712 0.0000000000
95178  -42.261  24.179  41.212 0.0000000000
95168  -42.530  24.279  42.135 0.0000000000
95167  -41.545  24.352  42.676 0.0000000000
129174  -42.706  24.337  42.977 0.0000000000
120017  -43.165  24.233  44.149 0.0000000000
94557  -43.374  24.007  43.542 0.0000000000
91600  -45.678  17.978  44.654 0.0000000000
91599  -45.202  18.271  45.461 0.0000000000
91040  -45.744  17.541  45.286 0.0000000000
91031  -45.906  17.062  46.018 0.0000000000
121897  -46.034  16.393  45.811 0.0000000000
89904  -46.035  15.799  46.311 0.0000000000
91055  -42.178  16.854  43.894 0.0000000000
89929  -42.015  15.887  44.954 0.0000000000
89916  -41.500  15.554  45.461 0.0000000000
90486  -41.203  16.024  45.165 0.0000000000
92868  -39.096  19.602  36.918 0.0000000000
92857  -39.432  20.372  38.313 0.0000000000
92843  -38.777  20.534  39.093 0.0000000000
91610  -37.033  18.063  44.264 0.0000000000
91611  -37.889  18.041  44.190 0.0000000000
91050  -37.444  17.368  44.656 0.0000000000
90482  -37.315  16.060  45.390 0.0000000000
126041  -36.944  14.874  45.526 0.0000000000
89911  -36.794  15.508  45.427 0.0000000000
114828  -48.355  7.401  50.139 0.0000000000
127283  -45.117  9.615  48.659 0.0000000000
98610  -41.847  31.136  32.641 0.0000000000
133383  -42.523  30.819  33.129 0.0000000000
114570  -42.067  30.904  32.559 0.0000000000
97515  -41.287  28.149  34.028 0.0000000000
96929  -42.481  27.050  33.605 0.0000000000
96347  -41.481  26.373  35.004 0.0000000000
95803  -41.352  25.563  35.368 0.0000000000
96346  -40.801  26.200  35.641 0.0000000000
96338  -39.700  26.200  36.493 0.0000000000
82200  -41.708  4.484  53.295 0.0000000000
84408  -43.067  7.341  51.188 0.0000000000
127614  -42.297  7.778  50.823 0.0000000000
103867  -32.761  42.697  46.208 0.0000000000
102244  -36.363  38.575  35.663 0.0000000000
103077  -37.274  39.965  34.849 0.0000000000
103081  -36.828  40.806  34.759 0.0000000000
92772  -40.966  20.816  47.786 0.0000000000
92759  -40.778  20.244  48.532 0.0000000000
92760  -41.879  21.092  48.817 0.0000000000
93380  -42.838  21.546  49.993 0.0000000000
93389  -42.894  22.262  49.151 0.0000000000
101787  -34.702  37.479  42.342 0.0000000000
99496  -39.798  32.701  44.161 0.0000000000
94599  -43.948  23.633  36.760 0.0000000000
95217  -43.226  24.064  37.236 0.0000000000
116918  -43.924  23.466  37.546 0.0000000000
94013  -44.455  22.219  39.013 0.0000000000
94585  -44.477  22.832  38.843 0.0000000000
94012  -44.126  22.313  39.706 0.0000000000
94005  -44.002  23.122  40.222 0.0000000000
93445  -43.623  22.022  40.592 0.0000000000
123428  -43.415  21.744  41.671 0.0000000000
92818  -43.721  20.719  41.047 0.0000000000
92203  -44.819  18.528  41.042 0.0000000000
126655  -43.985  19.763  41.350 0.0000000000
92191  -45.048  17.863  42.405 0.0000000000
91067  -45.287  16.734  43.224 0.0000000000
91640  -45.213  17.147  41.405 0.0000000000
91647  -44.480  16.955  40.710 0.0000000000
91075  -43.276  16.960  42.471 0.0000000000
91646  -43.196  17.623  41.113 0.0000000000
100016  -40.245  33.542  40.792 0.0000000000
100017  -41.614  33.964  40.740 0.0000000000
99528  -42.311  33.440  40.210 0.0000000000
113286  -43.851  31.882  38.440 0.0000000000
99555  -43.997  32.205  38.970 0.0000000000
98548  -44.364  31.206  38.275 0.0000000000
98042  -43.993  30.423  38.360 0.0000000000
98065  -44.375  29.908  36.783 0.0000000000
124087  -44.157  30.395  33.639 0.0000000000
113438  -44.462  30.533  35.017 0.0000000000
98086  -44.609  29.795  33.966 0.0000000000
96349  -44.573  26.397  34.193 0.0000000000
124921  -44.580  28.035  34.315 0.0000000000
96922  -44.435  27.236  34.660 0.0000000000
125961  -43.927  27.458  35.491 0.0000000000
96348  -44.150  26.419  35.152 0.0000000000
95804  -44.036  25.501  35.335 0.0000000000
95805  -44.375  25.049  34.620 0.0000000000
94055  -43.771  21.753  33.793 0.0000000000
121747  -44.197  20.309  34.692 0.0000000000
123246  -44.604  20.628  35.588 0.0000000000
92281  -43.818  19.380  34.509 0.0000000000
119701  -43.551  18.817  35.029 0.0000000000
92274  -43.243  18.937  34.301 0.0000000000
134953  -40.160  18.716  33.794 0.0000000000
116628  -40.341  18.621  33.836 0.0000000000
112290  -39.479  18.566  34.016 0.0000000000
92257  -39.019  18.581  34.481 0.0000000000
125637  -40.373  23.868  36.679 0.0000000000
94609  -40.673  23.031  36.225 0.0000000000
94040  -39.553  21.885  36.744 0.0000000000
93481  -37.110  20.144  35.379 0.0000000000
92883  -38.136  19.982  35.264 0.0000000000
82202  -43.589  4.319  53.397 0.0000000000
81350  -45.157  4.032  54.301 0.0000000000
82203  -44.469  4.221  53.402 0.0000000000
82983  -45.346  5.509  51.598 0.0000000000
113820  -45.852  4.845  51.757 0.0000000000
82984  -46.290  5.583  51.368 0.0000000000
120463  -46.547  4.758  51.527 0.0000000000
82994  -47.049  6.048  50.918 0.0000000000
132135  -46.440  6.426  51.231 0.0000000000
119026  -46.482  9.277  51.991 0.0000000000
130050  -46.788  8.570  51.601 0.0000000000
85807  -47.210  9.932  51.862 0.0000000000
85808  -47.938  9.738  51.106 0.0000000000
130737  -46.907  10.787  52.176 0.0000000000
102165  -35.025  38.807  49.636 0.0000000000
102164  -33.642  38.579  49.884 0.0000000000
102175  -34.101  38.524  48.407 0.0000000000
102174  -33.374  38.436  47.410 0.0000000000
126726  -34.553  38.573  47.734 0.0000000000
102972  -34.488  40.218  49.066 0.0000000000
102981  -35.737  40.458  48.061 0.0000000000
102999  -37.205  40.964  45.901 0.0000000000
102584  -36.456  39.618  47.339 0.0000000000
135164  -35.151  39.568  45.817 0.0000000000
102588  -34.271  39.465  44.864 0.0000000000
102593  -34.121  39.543  43.737 0.0000000000
102597  -35.132  40.325  43.322 0.0000000000
103013  -36.940  42.220  41.749 0.0000000000
102606  -36.661  41.102  41.748 0.0000000000
112496  -37.426  40.883  41.343 0.0000000000
102204  -38.151  40.559  40.870 0.0000000000
102608  -38.263  40.938  40.219 0.0000000000
103021  -34.558  41.316  41.065 0.0000000000
112613  -34.958  40.801  40.538 0.0000000000
101801  -36.206  37.902  40.489 0.0000000000
123013  -37.114  39.693  40.012 0.0000000000
113703  -36.827  37.615  40.521 0.0000000000
101803  -37.888  38.239  40.456 0.0000000000
101372  -38.217  37.647  40.599 0.0000000000
100928  -38.962  35.991  41.102 0.0000000000
100935  -37.724  35.444  40.898 0.0000000000
100035  -36.654  33.637  39.189 0.0000000000
99524  -37.598  33.131  40.056 0.0000000000
100028  -37.292  33.135  39.368 0.0000000000
99554  -38.353  32.133  38.954 0.0000000000
131809  -38.195  32.331  38.266 0.0000000000
101393  -35.680  36.805  36.906 0.0000000000
100958  -35.748  35.213  38.008 0.0000000000
101386  -35.938  35.972  37.340 0.0000000000
119242  -38.536  34.038  36.461 0.0000000000
99572  -38.865  32.374  36.844 0.0000000000
99573  -39.126  32.825  36.209 0.0000000000
99081  -39.987  31.840  35.467 0.0000000000
99580  -39.776  32.564  35.392 0.0000000000
131539  -40.310  34.268  33.915 0.0000000000
99589  -40.626  32.857  33.031 0.0000000000
99600  -40.897  32.113  32.486 0.0000000000
99596  -40.437  32.750  32.770 0.0000000000
115641  -40.101  35.839  33.034 0.0000000000
101430  -40.421  37.071  33.748 0.0000000000
102245  -39.548  38.389  34.893 0.0000000000
87207  -40.072  11.409  50.458 0.0000000000
127440  -41.178  14.250  50.952 0.0000000000
87885  -41.264  12.773  50.828 0.0000000000
87197  -41.601  11.882  50.931 0.0000000000
87198  -42.534  11.735  51.469 0.0000000000
87886  -42.179  12.670  51.335 0.0000000000
92085  -41.231  19.136  53.097 0.0000000000
90990  -41.171  18.417  52.976 0.0000000000
90972  -41.808  18.889  53.412 0.0000000000
132635  -43.947  16.763  53.997 0.0000000000
90441  -43.751  16.322  53.763 0.0000000000
89285  -43.862  14.627  53.132 0.0000000000
88612  -43.694  13.644  52.568 0.0000000000
87877  -44.364  13.149  52.830 0.0000000000
87192  -44.944  12.008  52.887 0.0000000000
88602  -44.924  13.444  53.005 0.0000000000
89286  -44.783  14.681  52.207 0.0000000000
89287  -45.241  14.030  52.202 0.0000000000
88621  -45.957  13.777  51.206 0.0000000000
126771  -46.774  12.585  51.401 0.0000000000
96846  -36.607  27.190  44.668 0.0000000000
95710  -36.511  25.758  45.331 0.0000000000
100004  -42.590  33.782  41.262 0.0000000000
99994  -42.369  33.924  41.869 0.0000000000
99514  -42.562  32.761  41.568 0.0000000000
98021  -40.791  29.993  40.440 0.0000000000
98516  -41.106  30.457  41.064 0.0000000000
98012  -40.417  30.069  41.034 0.0000000000
98502  -39.813  30.252  42.315 0.0000000000
98011  -39.807  29.778  41.469 0.0000000000
95209  -41.857  24.676  38.440 0.0000000000
95773  -40.818  25.991  38.646 0.0000000000
95767  -41.174  25.031  39.027 0.0000000000
95749  -39.983  25.184  41.013 0.0000000000
95765  -39.877  26.062  40.045 0.0000000000
96298  -39.150  26.560  40.946 0.0000000000
96869  -38.816  27.263  41.299 0.0000000000
96297  -38.754  26.494  41.577 0.0000000000
96862  -37.965  27.103  42.475 0.0000000000
95747  -38.799  25.906  41.957 0.0000000000
95154  -40.226  24.424  43.971 0.0000000000
95153  -39.555  24.620  43.376 0.0000000000
95142  -40.028  24.415  44.939 0.0000000000
95130  -39.173  24.356  45.273 0.0000000000
135511  -39.870  24.336  45.574 0.0000000000
94539  -40.639  24.035  46.383 0.0000000000
95122  -41.460  24.367  46.321 0.0000000000
93976  -43.489  23.427  46.879 0.0000000000
94529  -42.960  24.013  47.373 0.0000000000
93967  -43.429  23.047  47.660 0.0000000000
93391  -43.395  22.248  48.878 0.0000000000
93404  -43.451  22.382  48.260 0.0000000000
93430  -43.578  21.431  43.488 0.0000000000
93423  -43.754  21.343  44.391 0.0000000000
92794  -44.027  20.572  44.459 0.0000000000
91591  -43.994  18.936  46.572 0.0000000000
92146  -43.799  19.777  46.516 0.0000000000
92142  -43.516  19.585  47.497 0.0000000000
91584  -43.291  18.926  48.215 0.0000000000
91021  -43.464  17.835  48.056 0.0000000000
91017  -43.200  17.594  48.927 0.0000000000
91018  -43.827  17.020  48.255 0.0000000000
135434  -46.107  15.588  47.647 0.0000000000
89892  -46.039  15.392  48.256 0.0000000000
89304  -46.347  14.847  48.514 0.0000000000
89300  -46.626  14.242  48.916 0.0000000000
87908  -46.740  12.426  49.067 0.0000000000
88629  -46.555  13.941  48.539 0.0000000000
89312  -45.704  14.390  47.163 0.0000000000
88638  -45.197  13.593  47.642 0.0000000000
133035  -43.984  12.162  48.376 0.0000000000
116318  -43.992  13.251  47.638 0.0000000000
90504  -44.920  15.834  44.361 0.0000000000
89919  -44.947  15.424  45.195 0.0000000000
89931  -43.926  15.546  44.709 0.0000000000
89339  -42.461  14.881  45.976 0.0000000000
89340  -43.363  14.833  45.965 0.0000000000
88651  -42.711  13.842  46.906 0.0000000000
88637  -43.003  13.178  47.500 0.0000000000
88636  -42.132  13.172  47.305 0.0000000000
87232  -41.583  11.431  47.538 0.0000000000
87917  -41.610  12.368  47.446 0.0000000000
89322  -40.602  14.290  46.412 0.0000000000
88649  -40.484  12.929  46.827 0.0000000000
87923  -39.751  12.525  46.589 0.0000000000
87242  -39.707  11.595  46.496 0.0000000000
92871  -42.397  19.634  37.521 0.0000000000
92860  -42.827  19.266  38.285 0.0000000000
92859  -41.803  20.179  38.423 0.0000000000
92831  -40.752  20.129  40.452 0.0000000000
122110  -41.105  19.593  41.249 0.0000000000
91645  -41.914  18.705  41.685 0.0000000000
92189  -40.922  19.160  42.158 0.0000000000
92817  -38.177  20.183  41.424 0.0000000000
92200  -38.427  19.718  42.100 0.0000000000
91612  -38.735  18.001  44.074 0.0000000000
120925  -39.173  18.512  43.484 0.0000000000
91063  -39.598  17.917  43.923 0.0000000000
91053  -39.984  17.301  44.435 0.0000000000
90500  -39.427  16.820  44.931 0.0000000000
132174  -38.376  14.148  46.039 0.0000000000
124031  -39.052  14.691  46.035 0.0000000000
88647  -38.532  13.438  46.167 0.0000000000
87930  -38.275  12.574  45.910 0.0000000000
85106  -48.725  8.970  49.946 0.0000000000
85823  -48.681  9.488  49.449 0.0000000000
85832  -48.476  9.527  48.843 0.0000000000
98618  -41.411  31.399  32.394 0.0000000000
98101  -41.885  30.722  32.437 0.0000000000
98100  -41.246  30.956  32.280 0.0000000000
97528  -40.925  28.862  33.600 0.0000000000
97514  -40.438  28.453  34.335 0.0000000000
96927  -40.725  27.727  34.795 0.0000000000
97502  -39.975  28.094  35.051 0.0000000000
93400  -40.129  21.102  47.150 0.0000000000
93401  -41.203  21.674  47.449 0.0000000000
101789  -37.786  37.705  42.011 0.0000000000
124980  -38.605  36.688  42.527 0.0000000000
100432  -40.922  34.865  43.184 0.0000000000
94032  -44.870  21.833  37.343 0.0000000000
132957  -44.650  22.540  37.790 0.0000000000
93458  -44.733  21.053  38.553 0.0000000000
93451  -44.402  21.501  39.246 0.0000000000
92832  -44.186  20.486  40.067 0.0000000000
92833  -45.065  18.960  39.571 0.0000000000
92213  -45.249  18.106  40.142 0.0000000000
91648  -45.208  17.402  40.739 0.0000000000
91654  -45.174  17.459  39.975 0.0000000000
91653  -44.859  17.250  40.014 0.0000000000
91657  -44.401  17.637  39.442 0.0000000000
99032  -41.477  31.972  39.085 0.0000000000
99542  -41.189  32.476  39.684 0.0000000000
120363  -41.608  31.582  38.482 0.0000000000
99061  -43.622  31.624  37.839 0.0000000000
99075  -44.254  31.133  36.893 0.0000000000
96936  -44.051  27.449  33.119 0.0000000000
114965  -44.413  27.957  33.577 0.0000000000
96358  -44.212  26.340  33.283 0.0000000000
95815  -44.340  25.729  33.430 0.0000000000
114434  -44.286  25.018  33.415 0.0000000000
95241  -44.497  24.633  33.840 0.0000000000
94063  -44.140  23.535  33.640 0.0000000000
94062  -43.847  22.630  33.659 0.0000000000
121038  -43.309  20.664  33.818 0.0000000000
92896  -42.529  19.664  33.786 0.0000000000
93497  -42.607  21.037  33.758 0.0000000000
93496  -41.828  20.933  34.233 0.0000000000
93490  -41.133  20.854  34.841 0.0000000000
94031  -38.991  22.277  37.340 0.0000000000
81335  -46.902  3.567  56.152 0.0000000000
127145  -43.620  5.190  51.650 0.0000000000
82221  -44.179  4.771  51.947 0.0000000000
82982  -44.453  5.404  51.651 0.0000000000
83713  -44.844  6.218  51.512 0.0000000000
84411  -45.350  7.065  51.497 0.0000000000
83715  -46.150  7.078  51.368 0.0000000000
129086  -45.834  7.689  51.548 0.0000000000
85799  -45.808  9.866  52.374 0.0000000000
102155  -35.403  39.298  50.131 0.0000000000
103416  -35.322  41.659  46.587 0.0000000000
103401  -36.088  41.056  47.232 0.0000000000
103417  -36.524  41.507  46.367 0.0000000000
103424  -37.278  41.682  45.207 0.0000000000
103003  -37.042  41.725  44.339 0.0000000000
103002  -36.486  41.475  43.457 0.0000000000
103437  -36.783  42.311  43.525 0.0000000000
125064  -36.691  42.269  42.204 0.0000000000
103455  -37.042  42.280  41.122 0.0000000000
102209  -31.875  38.623  40.107 0.0000000000
102617  -33.699  39.736  40.536 0.0000000000
101799  -33.485  37.956  40.401 0.0000000000
130095  -34.860  36.783  40.429 0.0000000000
101370  -35.861  36.567  40.547 0.0000000000
115720  -36.621  34.977  40.623 0.0000000000
100461  -35.754  34.807  40.171 0.0000000000
100473  -35.650  34.676  39.370 0.0000000000
100484  -36.152  34.212  38.856 0.0000000000
100969  -36.889  35.778  36.876 0.0000000000
101395  -37.553  36.314  36.349 0.0000000000
100971  -38.522  35.306  36.227 0.0000000000
100057  -39.201  34.169  35.821 0.0000000000
100058  -39.542  33.440  35.500 0.0000000000
100509  -39.590  34.833  35.448 0.0000000000
100510  -40.198  34.815  34.497 0.0000000000
100518  -40.284  34.725  33.460 0.0000000000
100990  -40.393  35.282  34.041 0.0000000000
101417  -40.425  35.920  34.198 0.0000000000
101409  -40.445  36.745  34.405 0.0000000000
91572  -36.390  18.869  50.737 0.0000000000
91542  -36.568  18.921  52.109 0.0000000000
90438  -36.961  17.281  51.474 0.0000000000
88619  -40.185  13.476  50.566 0.0000000000
89881  -40.051  15.073  50.639 0.0000000000
89882  -41.002  15.181  51.035 0.0000000000
92093  -43.007  19.850  52.669 0.0000000000
123630  -42.736  18.708  53.666 0.0000000000
91535  -43.146  18.857  53.592 0.0000000000
90424  -43.630  17.098  53.812 0.0000000000
90442  -44.052  16.714  53.602 0.0000000000
89873  -44.463  15.322  53.563 0.0000000000
89872  -44.239  15.994  53.203 0.0000000000
89883  -44.073  15.712  51.080 0.0000000000
97970  -36.948  29.388  45.529 0.0000000000
97413  -36.908  28.195  44.628 0.0000000000
96854  -37.029  27.234  43.893 0.0000000000
98530  -43.375  30.670  39.657 0.0000000000
98505  -42.770  31.310  40.901 0.0000000000
98529  -42.387  30.399  39.999 0.0000000000
98022  -41.446  29.963  39.850 0.0000000000
97452  -40.489  28.494  39.078 0.0000000000
95203  -42.282  24.176  39.649 0.0000000000
95202  -41.480  24.552  39.608 0.0000000000
95190  -41.531  24.393  40.360 0.0000000000
95177  -41.146  24.413  41.211 0.0000000000
95176  -40.462  24.693  41.334 0.0000000000
95165  -39.686  24.753  42.585 0.0000000000
133265  -40.167  24.616  42.323 0.0000000000
95155  -41.171  24.397  43.652 0.0000000000
95132  -41.561  24.571  45.716 0.0000000000
95133  -42.830  24.578  45.693 0.0000000000
95134  -43.161  24.363  45.909 0.0000000000
93978  -43.575  23.248  45.991 0.0000000000
92161  -44.790  19.287  44.446 0.0000000000
92786  -44.288  20.140  44.925 0.0000000000
129197  -44.595  19.484  45.147 0.0000000000
91592  -44.650  18.322  46.235 0.0000000000
91030  -44.970  17.555  46.525 0.0000000000
91022  -44.366  17.317  47.387 0.0000000000
91023  -45.456  16.792  46.870 0.0000000000
90466  -45.912  16.085  47.262 0.0000000000
89897  -46.162  15.503  47.090 0.0000000000
89313  -46.304  14.916  47.454 0.0000000000
89327  -46.045  15.135  46.737 0.0000000000
89326  -45.138  14.592  46.486 0.0000000000
124583  -43.456  15.838  44.374 0.0000000000
89930  -42.897  15.677  44.824 0.0000000000
89324  -42.087  14.326  46.477 0.0000000000
89323  -41.330  14.026  46.601 0.0000000000
89338  -41.407  14.900  46.036 0.0000000000
89337  -40.380  14.973  46.006 0.0000000000
129899  -41.004  20.377  38.346 0.0000000000
92858  -40.359  20.478  38.777 0.0000000000
92845  -40.550  20.399  39.687 0.0000000000
92829  -39.927  20.359  40.244 0.0000000000
92171  -37.423  19.259  43.114 0.0000000000
92172  -38.072  19.103  43.150 0.0000000000
91051  -38.308  17.403  44.595 0.0000000000
90499  -38.729  16.935  44.925 0.0000000000
90483  -38.848  16.367  45.310 0.0000000000
126786  -38.184  15.848  45.500 0.0000000000
89334  -37.512  14.348  45.693 0.0000000000
87929  -37.411  12.730  45.423 0.0000000000
125948  -36.628  14.263  45.422 0.0000000000
82995  -47.873  5.519  50.453 0.0000000000
98587  -40.913  30.759  35.577 0.0000000000
132355  -42.568  30.680  34.474 0.0000000000
116437  -43.704  30.525  33.529 0.0000000000
97545  -43.926  29.732  32.876 0.0000000000
98092  -42.327  29.774  32.640 0.0000000000
97544  -43.284  29.634  32.694 0.0000000000
97531  -43.790  28.724  32.925 0.0000000000
96935  -43.301  27.170  33.116 0.0000000000
95809  -42.670  25.698  33.699 0.0000000000
124725  -42.395  25.004  34.172 0.0000000000
94617  -41.833  23.704  34.929 0.0000000000
124716  -41.775  24.941  34.951 0.0000000000
125368  -41.215  24.690  35.658 0.0000000000
95227  -40.579  24.677  36.318 0.0000000000
96339  -40.330  26.037  36.165 0.0000000000
95795  -40.150  25.434  36.499 0.0000000000
131401  -43.928  4.524  55.846 0.0000000000
82193  -43.179  4.473  54.525 0.0000000000
114278  -42.758  4.366  53.253 0.0000000000
82211  -43.128  4.470  52.498 0.0000000000
82219  -41.852  4.886  51.688 0.0000000000
82980  -42.248  5.510  51.302 0.0000000000
82981  -43.017  5.680  51.351 0.0000000000
83711  -43.085  6.502  51.221 0.0000000000
123132  -43.081  8.129  51.240 0.0000000000
85095  -43.563  8.795  51.542 0.0000000000
103399  -32.802  41.673  47.404 0.0000000000
103415  -33.908  41.795  46.760 0.0000000000
103880  -33.895  42.362  45.538 0.0000000000
103892  -34.172  42.322  44.757 0.0000000000
101378  -33.764  36.689  38.633 0.0000000000
125664  -36.229  37.331  36.386 0.0000000000
101838  -36.756  37.862  35.874 0.0000000000
101839  -37.791  37.697  35.619 0.0000000000
127514  -37.800  39.169  35.017 0.0000000000
113678  -40.621  19.753  50.237 0.0000000000
92118  -41.607  20.182  51.002 0.0000000000
92738  -42.646  20.377  51.792 0.0000000000
92739  -43.355  21.067  51.211 0.0000000000
92740  -43.630  21.099  50.945 0.0000000000
99480  -38.394  31.966  44.539 0.0000000000
98469  -39.239  30.921  44.643 0.0000000000
96327  -42.456  26.414  36.718 0.0000000000
96326  -41.851  26.416  37.320 0.0000000000
95783  -42.225  25.674  37.172 0.0000000000
117010  -42.544  24.351  37.927 0.0000000000
95210  -42.488  24.162  38.759 0.0000000000
94595  -44.434  23.056  38.193 0.0000000000
117294  -44.148  23.263  39.043 0.0000000000
94583  -43.283  23.754  39.261 0.0000000000
94574  -43.295  23.840  40.176 0.0000000000
94568  -43.591  23.848  41.386 0.0000000000
125700  -43.571  23.710  41.801 0.0000000000
93991  -43.437  23.333  43.401 0.0000000000
93995  -43.474  22.819  42.420 0.0000000000
93435  -43.421  21.542  42.600 0.0000000000
92808  -43.726  20.510  42.840 0.0000000000
92174  -44.278  19.537  43.126 0.0000000000
92175  -44.866  18.796  43.533 0.0000000000
91613  -45.417  18.323  44.059 0.0000000000
91068  -45.660  17.395  43.861 0.0000000000
129395  -45.571  16.780  43.860 0.0000000000
90511  -45.071  16.279  43.691 0.0000000000
90515  -44.750  16.482  42.986 0.0000000000
91081  -44.885  16.814  41.191 0.0000000000
91076  -44.476  16.706  42.097 0.0000000000
91066  -43.595  16.440  43.213 0.0000000000
132266  -42.507  17.139  43.235 0.0000000000
91074  -42.057  17.715  42.847 0.0000000000
92842  -37.787  20.478  38.968 0.0000000000
118651  -37.324  20.525  39.939 0.0000000000
92816  -37.316  20.307  41.419 0.0000000000
92187  -37.178  19.620  42.599 0.0000000000
131871  -36.981  19.056  43.405 0.0000000000
91623  -36.658  18.620  43.776 0.0000000000
91049  -36.561  17.384  44.620 0.0000000000
100930  -41.246  36.699  41.512 0.0000000000
100926  -41.538  36.355  41.749 0.0000000000
100452  -41.631  35.682  41.525 0.0000000000
100465  -42.238  34.558  41.144 0.0000000000
99529  -43.575  33.156  39.984 0.0000000000
99544  -43.509  32.865  39.640 0.0000000000
99530  -43.828  32.523  39.512 0.0000000000
98519  -43.815  31.517  39.980 0.0000000000
98546  -43.982  30.739  39.047 0.0000000000
120796  -43.076  29.743  38.233 0.0000000000
96911  -42.608  28.024  36.703 0.0000000000
98578  -44.049  31.090  35.990 0.0000000000
98591  -44.337  30.803  35.937 0.0000000000
119801  -44.510  30.483  35.810 0.0000000000
97516  -44.491  29.019  34.174 0.0000000000
97503  -44.484  28.951  34.909 0.0000000000
97490  -44.561  29.757  35.758 0.0000000000
97489  -44.072  29.104  36.106 0.0000000000
96912  -43.531  28.185  36.108 0.0000000000
125819  -42.965  27.184  36.284 0.0000000000
96340  -43.011  26.360  36.231 0.0000000000
95797  -43.479  25.135  36.052 0.0000000000
94611  -44.430  23.122  36.211 0.0000000000
95236  -44.404  24.174  34.750 0.0000000000
94618  -44.468  23.180  35.053 0.0000000000
94042  -44.702  22.303  36.516 0.0000000000
122907  -44.874  21.166  36.469 0.0000000000
92884  -44.872  19.634  36.346 0.0000000000
92245  -44.983  18.668  36.813 0.0000000000
92244  -44.515  18.591  36.731 0.0000000000
92261  -44.410  18.753  35.931 0.0000000000
92243  -43.361  18.878  36.511 0.0000000000
92242  -41.964  19.533  36.472 0.0000000000
92272  -41.437  18.776  33.772 0.0000000000
92259  -41.126  18.727  34.864 0.0000000000
92241  -40.719  19.432  36.195 0.0000000000
92240  -39.551  19.117  35.791 0.0000000000
127213  -38.288  19.182  36.334 0.0000000000
94616  -41.361  23.129  35.473 0.0000000000
93489  -40.434  20.884  35.364 0.0000000000
93488  -39.640  19.702  34.689 0.0000000000
93468  -38.695  21.383  36.625 0.0000000000
93482  -39.082  20.436  35.524 0.0000000000
92888  -38.722  18.977  34.189 0.0000000000
81351  -46.162  3.772  54.627 0.0000000000
82212  -44.719  4.411  52.525 0.0000000000
82213  -45.607  4.295  52.423 0.0000000000
81360  -46.408  3.699  53.446 0.0000000000
82223  -47.216  4.229  51.522 0.0000000000
82228  -47.929  4.399  50.864 0.0000000000
83726  -47.750  6.697  50.542 0.0000000000
119482  -47.793  7.522  50.734 0.0000000000
84412  -46.547  7.843  51.429 0.0000000000
84413  -47.456  8.185  51.168 0.0000000000
85099  -48.145  8.957  50.862 0.0000000000
86533  -48.305  10.322  50.295 0.0000000000
87209  -47.737  11.436  50.578 0.0000000000
102156  -35.980  39.295  49.398 0.0000000000
102974  -36.576  39.851  48.195 0.0000000000
102574  -36.502  39.408  48.165 0.0000000000
132499  -35.594  38.695  48.041 0.0000000000
102191  -34.334  38.965  46.108 0.0000000000
102190  -33.390  38.783  45.233 0.0000000000
102193  -32.716  38.240  43.873 0.0000000000
102197  -33.494  38.831  43.369 0.0000000000
102199  -33.960  38.761  42.668 0.0000000000
102200  -34.802  38.501  42.282 0.0000000000
103007  -36.213  41.082  42.564 0.0000000000
102203  -35.939  39.524  41.765 0.0000000000
101794  -35.822  38.357  41.891 0.0000000000
135557  -37.968  38.654  41.559 0.0000000000
126340  -39.014  38.848  41.421 0.0000000000
101805  -40.348  39.180  40.845 0.0000000000
103445  -34.284  41.787  42.591 0.0000000000
103453  -34.832  41.779  41.849 0.0000000000
103464  -35.934  41.817  40.753 0.0000000000
103031  -36.898  41.443  40.153 0.0000000000
118648  -35.769  39.682  40.257 0.0000000000
102619  -37.068  40.776  39.879 0.0000000000
102620  -37.950  40.875  39.888 0.0000000000
102214  -38.254  40.196  39.957 0.0000000000
101373  -39.677  38.692  40.579 0.0000000000
101364  -40.123  37.785  40.782 0.0000000000
100929  -40.368  36.544  41.208 0.0000000000
100450  -39.176  34.904  41.157 0.0000000000
118371  -39.051  33.342  40.701 0.0000000000
100463  -37.212  34.301  40.663 0.0000000000
100015  -38.151  33.417  40.556 0.0000000000
99526  -39.386  32.707  40.321 0.0000000000
99030  -39.198  31.765  39.114 0.0000000000
99046  -39.650  31.449  38.474 0.0000000000
98574  -39.779  31.142  37.016 0.0000000000
116129  -35.217  35.713  38.048 0.0000000000
100483  -35.756  34.741  38.619 0.0000000000
100042  -36.760  33.872  38.272 0.0000000000
100960  -37.107  35.028  37.139 0.0000000000
100492  -37.220  34.250  37.475 0.0000000000
99563  -37.822  32.950  37.810 0.0000000000
99564  -38.480  32.344  37.537 0.0000000000
99059  -39.069  31.776  37.288 0.0000000000
98575  -40.660  30.745  36.595 0.0000000000
99082  -40.572  31.457  34.957 0.0000000000
117380  -40.883  31.885  33.573 0.0000000000
99588  -40.307  33.450  34.161 0.0000000000
99098  -41.176  31.651  32.404 0.0000000000
99103  -41.064  31.881  32.351 0.0000000000
99096  -40.667  31.875  32.357 0.0000000000
100519  -40.121  34.534  32.915 0.0000000000
100525  -40.079  34.704  32.873 0.0000000000
102246  -40.055  37.842  34.864 0.0000000000
101850  -40.395  37.699  34.434 0.0000000000
85816  -41.338  9.337  50.613 0.0000000000
87897  -40.707  12.064  50.633 0.0000000000
87208  -40.984  11.173  50.659 0.0000000000
130881  -41.903  9.138  50.808 0.0000000000
85817  -42.070  9.784  51.000 0.0000000000
85803  -42.783  9.691  51.388 0.0000000000
86522  -43.380  10.130  51.738 0.0000000000
113531  -40.044  18.201  52.368 0.0000000000
89869  -41.147  16.306  51.608 0.0000000000
89870  -42.253  15.762  52.166 0.0000000000
90973  -42.385  18.074  53.520 0.0000000000
89871  -43.213  15.222  52.755 0.0000000000
128143  -42.804  14.259  52.046 0.0000000000
87887  -43.295  12.618  52.032 0.0000000000
87199  -43.482  11.573  52.023 0.0000000000
86523  -44.368  10.430  52.316 0.0000000000
86515  -45.064  11.204  52.755 0.0000000000
86516  -45.710  11.160  52.762 0.0000000000
87194  -46.225  11.482  52.584 0.0000000000
89276  -45.004  13.765  52.889 0.0000000000
87880  -45.839  12.322  52.696 0.0000000000
87200  -46.865  11.517  52.010 0.0000000000
87889  -47.244  12.005  51.153 0.0000000000
87901  -47.606  12.086  50.143 0.0000000000
95707  -36.150  25.767  46.181 0.0000000000
95127  -36.628  25.139  45.818 0.0000000000
95119  -37.794  24.198  46.162 0.0000000000
100443  -41.824  35.835  42.058 0.0000000000
99984  -41.094  33.847  43.324 0.0000000000
99013  -42.134  31.851  41.903 0.0000000000
99003  -41.666  32.267  42.606 0.0000000000
99497  -40.563  32.723  43.817 0.0000000000
98477  -40.237  31.060  43.634 0.0000000000
98490  -39.855  30.549  43.116 0.0000000000
97992  -38.884  29.978  43.607 0.0000000000
126322  -41.458  27.142  37.633 0.0000000000
96889  -40.653  27.891  38.563 0.0000000000
97451  -39.978  28.278  39.760 0.0000000000
95766  -40.400  25.764  39.499 0.0000000000
96311  -39.962  26.667  39.662 0.0000000000
97443  -39.520  28.298  40.495 0.0000000000
114251  -39.285  28.902  41.269 0.0000000000
132188  -38.646  28.591  42.011 0.0000000000
98002  -38.642  29.390  42.850 0.0000000000
97429  -37.776  27.790  42.849 0.0000000000
96861  -37.512  27.132  43.146 0.0000000000
96284  -37.347  26.368  43.589 0.0000000000
95164  -39.004  25.021  42.918 0.0000000000
95729  -38.345  25.407  43.232 0.0000000000
95719  -38.062  25.140  43.943 0.0000000000
95140  -37.674  24.917  44.698 0.0000000000
95129  -38.169  24.440  45.366 0.0000000000
95120  -38.716  24.115  46.049 0.0000000000
126682  -39.977  23.633  46.440 0.0000000000
93975  -40.795  23.301  46.762 0.0000000000
93964  -41.550  22.735  47.271 0.0000000000
125436  -42.115  24.445  46.793 0.0000000000
93965  -42.707  23.491  47.657 0.0000000000
93402  -42.362  22.490  47.988 0.0000000000
93390  -43.318  22.224  49.037 0.0000000000
92752  -43.488  21.454  50.118 0.0000000000
92119  -43.720  20.972  50.160 0.0000000000
123748  -43.504  22.469  44.181 0.0000000000
93415  -43.677  22.171  45.318 0.0000000000
117810  -43.705  21.529  46.001 0.0000000000
92785  -43.862  20.654  45.599 0.0000000000
92782  -43.664  20.846  46.530 0.0000000000
128784  -43.554  21.592  47.635 0.0000000000
128675  -43.500  20.763  48.378 0.0000000000
92131  -43.453  20.235  48.871 0.0000000000
91575  -43.092  18.398  49.643 0.0000000000
91015  -43.116  17.574  50.062 0.0000000000
90460  -43.546  16.798  49.229 0.0000000000
114095  -44.774  15.387  49.850 0.0000000000
89891  -45.071  15.707  48.874 0.0000000000
89885  -45.373  14.868  49.953 0.0000000000
89297  -46.598  13.839  49.995 0.0000000000
115627  -47.081  13.251  50.055 0.0000000000
87900  -47.302  12.717  49.747 0.0000000000
87212  -47.445  11.905  49.542 0.0000000000
87221  -45.646  11.584  48.840 0.0000000000
88628  -45.828  13.376  48.250 0.0000000000
87907  -45.669  12.518  48.603 0.0000000000
115368  -44.843  11.032  48.725 0.0000000000
116289  -44.175  11.062  48.576 0.0000000000
87219  -43.590  11.564  48.383 0.0000000000
90487  -45.693  16.062  45.010 0.0000000000
89918  -43.937  15.156  45.403 0.0000000000
89325  -43.741  14.298  46.558 0.0000000000
87218  -42.761  11.768  48.061 0.0000000000
86556  -42.464  10.338  47.833 0.0000000000
86555  -41.716  10.571  47.508 0.0000000000
122758  -41.276  13.209  47.031 0.0000000000
112701  -44.093  18.353  38.164 0.0000000000
92222  -43.357  18.584  38.991 0.0000000000
132380  -43.199  18.372  39.823 0.0000000000
92221  -42.259  19.472  39.884 0.0000000000
132495  -42.388  18.925  40.713 0.0000000000
91638  -41.513  18.446  42.466 0.0000000000
91065  -41.553  17.499  43.558 0.0000000000
118373  -39.131  20.479  40.062 0.0000000000
134628  -38.483  19.367  42.681 0.0000000000
92188  -39.233  19.424  42.399 0.0000000000
91636  -40.100  19.105  42.576 0.0000000000
91637  -40.714  18.702  42.724 0.0000000000
91064  -40.533  17.748  43.775 0.0000000000
91054  -41.012  17.068  44.346 0.0000000000
90485  -40.462  16.097  45.291 0.0000000000
89914  -40.020  15.568  45.636 0.0000000000
89321  -39.788  14.435  46.270 0.0000000000
89913  -39.119  15.541  45.639 0.0000000000
82172  -44.040  4.648  57.207 0.0000000000
82220  -42.803  4.865  51.753 0.0000000000
83712  -43.868  6.127  51.433 0.0000000000
86514  -44.292  11.346  52.483 0.0000000000
86517  -46.131  10.652  52.596 0.0000000000
86521  -42.613  10.252  51.380 0.0000000000
86524  -47.730  10.657  51.157 0.0000000000
86532  -41.202  10.230  50.657 0.0000000000
86534  -48.492  10.016  49.681 0.0000000000
86543  -43.613  10.643  48.421 0.0000000000
87193  -45.565  11.844  52.809 0.0000000000
87220  -44.582  11.814  48.584 0.0000000000
87233  -42.246  11.157  47.841 0.0000000000
87878  -44.868  12.719  52.989 0.0000000000
87888  -46.540  12.115  52.127 0.0000000000
87896  -39.857  12.252  50.480 0.0000000000
87916  -40.905  12.493  47.146 0.0000000000
87918  -42.504  12.482  47.674 0.0000000000
88601  -44.443  14.156  53.030 0.0000000000
88603  -45.418  13.027  52.810 0.0000000000
88611  -42.799  13.448  51.832 0.0000000000
88613  -45.718  13.397  52.194 0.0000000000
88622  -46.568  13.220  51.050 0.0000000000
89273  -44.201  15.635  53.704 0.0000000000
89275  -44.572  14.565  52.973 0.0000000000
89284  -42.018  14.704  51.584 0.0000000000
89295  -40.321  14.248  50.637 0.0000000000
89858  -43.909  16.095  53.823 0.0000000000
89884  -44.752  14.998  50.940 0.0000000000
89887  -44.081  16.019  49.590 0.0000000000
89888  -45.758  15.150  49.083 0.0000000000
89920  -45.799  15.784  45.616 0.0000000000
90423  -43.479  17.242  53.745 0.0000000000
90457  -43.786  16.574  52.205 0.0000000000
90465  -44.913  16.588  47.711 0.0000000000
90484  -39.682  16.203  45.336 0.0000000000
90975  -43.374  18.207  53.493 0.0000000000
90987  -37.033  18.725  52.191 0.0000000000
91006  -38.481  17.610  51.609 0.0000000000
91056  -45.862  17.208  44.503 0.0000000000
91082  -45.137  16.936  41.080 0.0000000000
91534  -42.555  19.215  53.391 0.0000000000
91536  -43.398  19.145  53.106 0.0000000000
91546  -40.540  18.950  53.002 0.0000000000
91547  -43.478  19.430  52.087 0.0000000000
91659  -45.199  17.998  38.686 0.0000000000
92086  -43.185  19.371  53.166 0.0000000000
92091  -40.719  19.458  52.439 0.0000000000
92106  -41.490  19.863  51.888 0.0000000000
92153  -44.069  19.960  45.700 0.0000000000
92160  -44.379  19.867  44.054 0.0000000000
92173  -38.804  19.032  43.071 0.0000000000
92256  -38.418  18.689  34.607 0.0000000000
92273  -42.456  18.780  34.126 0.0000000000
92275  -44.059  18.899  35.171 0.0000000000
92278  -40.796  18.765  33.766 0.0000000000
92280  -42.384  18.946  33.784 0.0000000000
92732  -43.321  20.403  51.642 0.0000000000
92750  -42.743  21.097  50.904 0.0000000000
92774  -43.533  21.777  48.643 0.0000000000
92827  -37.800  20.453  40.742 0.0000000000
92846  -41.401  20.126  39.829 0.0000000000
92889  -40.331  19.308  33.900 0.0000000000
92890  -44.429  19.470  35.355 0.0000000000
92895  -41.320  19.692  33.967 0.0000000000
92897  -43.169  19.439  33.919 0.0000000000
93381  -43.329  21.733  49.721 0.0000000000
93382  -43.413  21.884  49.389 0.0000000000
93412  -40.502  22.189  46.945 0.0000000000
93480  -36.247  20.317  35.586 0.0000000000
93498  -43.893  21.136  34.134 0.0000000000
93504  -43.338  21.864  33.708 0.0000000000
93955  -43.271  22.637  48.491 0.0000000000
93966  -43.147  23.315  47.858 0.0000000000
93985  -43.508  23.111  45.080 0.0000000000
94001  -43.696  23.445  41.016 0.0000000000
94041  -40.312  22.005  36.299 0.0000000000
94048  -40.975  22.046  35.649 0.0000000000
94061  -43.372  22.722  33.631 0.0000000000
94528  -42.360  24.141  47.166 0.0000000000
94530  -43.227  23.774  47.309 0.0000000000
94538  -39.110  23.526  46.461 0.0000000000
94541  -42.699  24.431  46.955 0.0000000000
94542  -43.329  24.056  46.525 0.0000000000
94544  -43.407  23.929  45.519 0.0000000000
94563  -43.463  23.899  42.657 0.0000000000
94575  -43.673  23.613  40.669 0.0000000000
94584  -44.313  22.970  39.475 0.0000000000
94608  -40.082  22.942  36.906 0.0000000000
94610  -44.194  23.887  35.824 0.0000000000
94624  -43.076  23.166  33.624 0.0000000000
94625  -44.414  23.721  33.964 0.0000000000
95123  -42.341  24.624  46.273 0.0000000000
95131  -40.596  24.374  45.747 0.0000000000
95145  -42.785  24.525  44.757 0.0000000000
95146  -43.148  24.318  45.104 0.0000000000
95152  -38.791  24.808  43.681 0.0000000000
95156  -42.782  24.432  43.815 0.0000000000
95157  -43.248  24.149  43.266 0.0000000000
95175  -39.898  24.878  41.820 0.0000000000
95189  -40.640  24.742  40.663 0.0000000000
95191  -43.293  24.016  40.961 0.0000000000
95201  -40.808  24.860  39.873 0.0000000000
95215  -42.000  25.056  37.718 0.0000000000
95216  -42.607  24.867  37.191 0.0000000000
95229  -43.621  24.351  36.365 0.0000000000
95234  -41.663  24.332  35.162 0.0000000000
95239  -42.164  24.316  34.541 0.0000000000
95246  -44.278  24.285  33.568 0.0000000000
95718  -37.326  25.636  44.190 0.0000000000
95728  -37.761  25.713  43.527 0.0000000000
95738  -38.571  25.685  42.534 0.0000000000
95739  -39.217  25.329  42.210 0.0000000000
95758  -39.605  25.907  40.630 0.0000000000
95774  -41.473  25.444  38.232 0.0000000000
95796  -42.853  25.584  36.531 0.0000000000
95810  -44.553  25.558  33.798 0.0000000000
95813  -43.543  25.661  33.170 0.0000000000
96292  -38.379  26.423  42.195 0.0000000000
96305  -39.542  26.669  40.299 0.0000000000
96317  -40.770  27.036  38.377 0.0000000000
96318  -41.334  26.300  37.962 0.0000000000
96341  -43.474  25.944  35.859 0.0000000000
96345  -40.116  26.830  35.921 0.0000000000
96352  -42.190  26.439  34.149 0.0000000000
96353  -43.011  26.388  33.258 0.0000000000
96354  -44.467  26.312  33.641 0.0000000000
96868  -38.405  27.171  41.881 0.0000000000
96883  -39.686  27.462  39.989 0.0000000000
96888  -40.217  27.478  39.205 0.0000000000
96901  -41.828  27.942  37.339 0.0000000000
96920  -40.854  26.980  35.269 0.0000000000
96930  -44.561  27.118  33.887 0.0000000000
97409  -37.227  29.028  45.221 0.0000000000
97421  -38.008  28.638  43.035 0.0000000000
97437  -38.560  27.811  41.691 0.0000000000
97438  -38.967  28.053  41.204 0.0000000000
97444  -40.428  29.202  39.792 0.0000000000
97475  -41.750  28.675  37.819 0.0000000000
97476  -42.506  28.741  37.238 0.0000000000
97530  -42.835  28.786  32.816 0.0000000000
97990  -37.609  29.036  44.367 0.0000000000
98003  -39.263  30.052  42.940 0.0000000000
98020  -39.942  29.295  40.615 0.0000000000
98030  -41.192  29.356  39.084 0.0000000000
98031  -42.268  30.014  39.332 0.0000000000
98054  -44.325  30.489  37.624 0.0000000000
98066  -44.487  30.435  36.487 0.0000000000
98091  -41.126  29.903  32.790 0.0000000000
98093  -44.337  30.017  33.384 0.0000000000
98102  -43.490  30.081  32.738 0.0000000000
98467  -37.903  30.291  45.197 0.0000000000
98476  -39.483  30.598  43.901 0.0000000000
98491  -40.544  30.851  42.789 0.0000000000
98492  -41.367  31.296  42.368 0.0000000000
98503  -40.707  30.542  41.796 0.0000000000
98504  -41.913  31.077  41.501 0.0000000000
98518  -43.128  30.980  40.417 0.0000000000
98531  -44.158  31.467  39.310 0.0000000000
98532  -44.271  31.514  38.799 0.0000000000
98544  -40.078  31.100  37.855 0.0000000000
98545  -41.022  31.033  37.906 0.0000000000
98558  -40.538  30.843  37.325 0.0000000000
98561  -44.393  30.858  38.160 0.0000000000
98562  -44.463  30.929  37.632 0.0000000000
98577  -42.952  30.969  36.044 0.0000000000
98579  -44.435  30.851  36.818 0.0000000000
98588  -41.917  30.605  35.103 0.0000000000
98590  -44.164  30.803  35.049 0.0000000000
98599  -42.072  30.791  33.756 0.0000000000
98600  -43.303  30.665  33.947 0.0000000000
98601  -44.164  30.577  34.248 0.0000000000
98602  -44.524  30.278  34.188 0.0000000000
98609  -40.660  30.725  32.507 0.0000000000
98612  -43.697  30.296  33.013 0.0000000000
98619  -42.838  30.402  32.678 0.0000000000
98980  -37.980  31.159  45.006 0.0000000000
98981  -38.864  31.338  44.806 0.0000000000
98982  -39.434  31.547  44.567 0.0000000000
98993  -40.461  31.856  43.984 0.0000000000
98994  -41.020  32.268  43.493 0.0000000000
99014  -42.804  31.990  41.190 0.0000000000
99021  -43.541  32.134  40.417 0.0000000000
99022  -43.950  32.357  39.619 0.0000000000
99031  -40.210  31.694  39.177 0.0000000000
99033  -42.814  32.311  38.907 0.0000000000
99034  -43.709  32.453  39.203 0.0000000000
99035  -44.100  32.085  39.112 0.0000000000
99045  -38.819  31.744  38.245 0.0000000000
99050  -44.126  31.686  38.501 0.0000000000
99062  -44.105  31.469  37.789 0.0000000000
99063  -44.305  31.226  37.677 0.0000000000
99073  -40.136  31.234  35.991 0.0000000000
99481  -39.279  32.021  44.592 0.0000000000
99482  -39.915  32.047  44.413 0.0000000000
99498  -41.372  33.024  43.103 0.0000000000
99506  -42.537  33.535  41.525 0.0000000000
99515  -42.837  33.465  40.768 0.0000000000
99525  -38.396  32.810  40.198 0.0000000000
99539  -37.943  32.625  39.519 0.0000000000
99541  -39.802  32.161  39.775 0.0000000000
99543  -42.585  32.869  39.563 0.0000000000
99553  -37.719  32.652  38.757 0.0000000000
99993  -41.781  33.967  42.513 0.0000000000
100001  -39.805  34.207  41.127 0.0000000000
100002  -41.185  34.672  41.159 0.0000000000
100003  -41.927  34.925  41.201 0.0000000000
100014  -36.829  33.609  40.040 0.0000000000
100018  -42.401  34.036  40.833 0.0000000000
100019  -42.502  33.996  40.898 0.0000000000
100043  -37.339  33.589  37.822 0.0000000000
100049  -37.866  33.754  37.134 0.0000000000
100444  -42.150  34.881  41.881 0.0000000000
100445  -42.320  34.503  41.342 0.0000000000
100464  -38.069  34.096  40.875 0.0000000000
100474  -36.183  34.152  39.712 0.0000000000
100491  -36.388  34.609  37.931 0.0000000000
100501  -38.851  34.797  36.108 0.0000000000
100924  -41.118  36.798  42.332 0.0000000000
100925  -41.508  36.769  41.979 0.0000000000
100933  -35.147  35.703  40.234 0.0000000000
100934  -36.112  35.668  40.565 0.0000000000
100942  -35.243  35.188  39.698 0.0000000000
100970  -37.771  35.515  36.528 0.0000000000
101361  -40.829  37.549  41.966 0.0000000000
101365  -40.437  38.828  40.964 0.0000000000
101366  -41.172  37.268  41.611 0.0000000000
101369  -33.970  36.644  40.070 0.0000000000
101375  -33.492  36.829  39.416 0.0000000000
101379  -34.526  36.041  38.542 0.0000000000
101384  -34.312  36.927  37.718 0.0000000000
101795  -37.439  39.136  41.475 0.0000000000
101796  -38.788  39.550  41.053 0.0000000000
101797  -39.877  39.008  41.289 0.0000000000
101800  -34.141  37.448  40.414 0.0000000000
101804  -39.590  39.223  40.675 0.0000000000
101808  -31.904  38.015  39.048 0.0000000000
102173  -32.359  38.194  47.162 0.0000000000
102176  -36.286  38.964  48.620 0.0000000000
102184  -32.841  38.358  46.546 0.0000000000
102185  -33.871  38.588  46.809 0.0000000000
102186  -35.027  38.764  47.220 0.0000000000
102210  -32.817  38.516  40.366 0.0000000000
102211  -33.756  38.946  40.470 0.0000000000
102212  -34.445  38.630  40.459 0.0000000000
102219  -31.675  38.354  39.413 0.0000000000
102573  -36.105  38.948  47.790 0.0000000000
102585  -36.678  39.970  47.569 0.0000000000
102590  -36.202  40.050  46.088 0.0000000000
102591  -36.719  40.298  46.851 0.0000000000
102594  -35.088  40.301  44.066 0.0000000000
102596  -34.493  39.664  42.976 0.0000000000
102607  -37.990  41.493  40.627 0.0000000000
102618  -34.712  39.824  40.389 0.0000000000
102982  -36.402  40.317  47.799 0.0000000000
102983  -36.645  40.257  47.474 0.0000000000
102997  -36.189  40.913  44.353 0.0000000000
102998  -36.816  40.965  45.178 0.0000000000
103004  -37.270  41.607  45.052 0.0000000000
103022  -37.630  42.056  41.051 0.0000000000
103023  -38.032  41.441  40.233 0.0000000000
103032  -37.698  41.401  40.023 0.0000000000
103400  -34.845  41.103  47.291 0.0000000000
103402  -36.633  40.905  47.015 0.0000000000
103418  -37.100  41.244  46.039 0.0000000000
103422  -35.932  42.069  45.859 0.0000000000
103423  -37.003  41.939  45.510 0.0000000000
103428  -33.376  42.089  44.266 0.0000000000
103435  -33.772  41.885  43.441 0.0000000000
103454  -36.017  42.261  41.459 0.0000000000
103456  -37.628  41.826  40.579 0.0000000000
103457  -37.929  41.657  40.344 0.0000000000
103465  -36.826  41.937  40.529 0.0000000000
103868  -33.511  42.353  46.203 0.0000000000
103883  -37.230  42.193  44.686 0.0000000000
103893  -35.419  42.424  44.478 0.0000000000
103895  -37.044  42.234  44.070 0.0000000000
103898  -35.871  42.497  43.639 0.0000000000
103901  -36.350  42.415  42.987 0.0000000000
111503  -40.091  19.577  41.815 0.0000000000
112800  -37.266  36.125  40.756 0.0000000000
112917  -37.873  19.496  42.622 0.0000000000
113042  -38.384  38.392  35.213 0.0000000000
113330  -43.369  19.589  49.590 0.0000000000
113380  -42.872  33.524  40.428 0.0000000000
113847  -40.707  24.461  41.996 0.0000000000
114219  -44.366  21.449  34.853 0.0000000000
114279  -35.948  40.724  40.208 0.0000000000
114549  -42.047  19.937  33.860 0.0000000000
114728  -43.357  28.016  32.987 0.0000000000
114751  -43.907  4.454  52.567 0.0000000000
115044  -40.795  37.827  41.276 0.0000000000
115701  -44.533  14.313  52.931 0.0000000000
115712  -46.368  15.113  47.778 0.0000000000
116216  -42.179  24.690  45.286 0.0000000000
116311  -40.438  12.855  50.591 0.0000000000
117305  -38.703  39.352  40.324 0.0000000000
117500  -38.138  18.923  34.458 0.0000000000
118217  -39.900  39.365  40.885 0.0000000000
119879  -43.521  29.616  37.534 0.0000000000
120134  -43.703  20.574  50.760 0.0000000000
120324  -43.627  22.597  46.513 0.0000000000
121063  -35.730  40.082  49.110 0.0000000000
124025  -44.461  22.320  35.097 0.0000000000
124167  -43.927  24.967  33.145 0.0000000000
125205  -39.362  24.518  44.269 0.0000000000
125271  -41.192  17.438  52.382 0.0000000000
125340  -44.448  28.044  34.975 0.0000000000
125538  -43.113  23.747  33.595 0.0000000000
125628  -40.961  23.912  36.042 0.0000000000
126017  -40.892  16.473  44.873 0.0000000000
126333  -38.477  23.178  46.713 0.0000000000
126564  -34.501  40.527  48.072 0.0000000000
127301  -33.180  42.386  45.039 0.0000000000
127771  -40.117  39.235  40.896 0.0000000000
128718  -37.375  30.655  45.182 0.0000000000
129176  -36.881  19.380  43.055 0.0000000000
129821  -44.204  15.640  53.662 0.0000000000
130395  -43.853  18.688  35.855 0.0000000000
130451  -38.775  33.916  40.964 0.0000000000
130864  -38.981  38.889  40.403 0.0000000000
130988  -43.673  10.833  52.049 0.0000000000
131951  -41.529  18.633  34.083 0.0000000000
132343  -43.561  23.935  41.972 0.0000000000
132541  -42.825  14.460  46.402 0.0000000000
132854  -41.609  7.762  50.584 0.0000000000
133508  -41.789  23.633  47.143 0.0000000000
133805  -42.070  24.457  43.457 0.0000000000
133900  -37.480  33.637  40.447 0.0000000000
134051  -33.501  38.490  48.953 0.0000000000
134097  -39.488  18.937  42.960 0.0000000000
134157  -43.073  24.280  47.047 0.0000000000
134310  -44.535  22.592  35.767 0.0000000000
135332  -42.251  4.403  53.188 0.0000000000
135376  -33.139  42.520  45.690 0.0000000000
135449  -44.155  28.292  33.198 0.0000000000
135668  -43.274  9.414  51.553 0.0000000000
