#!ascii label  , from subject sub-v1s18x0051260_ses-1 vox2ras=TkReg
2049
16818  44.443  -66.017  3.187 0.2000000030
17766  45.275  -66.608  2.371 0.2000000030
18688  46.312  -65.663  1.964 0.2000000030
16838  44.492  -67.009  2.601 0.2000000030
19664  45.590  -63.217  2.735 0.1000000015
16837  45.615  -66.727  2.299 0.3000000119
17765  45.977  -66.243  2.053 0.2000000030
132771  45.564  -64.824  2.704 0.1000000015
119600  44.349  -65.158  3.407 0.2000000030
121145  46.181  -64.460  2.387 0.1000000015
19663  47.000  -63.939  1.975 0.1000000015
123092  47.844  -63.828  1.530 0.1000000015
20769  47.951  -62.812  1.992 0.1000000015
20771  45.929  -62.453  2.570 0.1000000015
23000  49.101  -61.051  2.251 0.1000000015
21894  47.111  -61.645  2.401 0.1000000015
23001  48.147  -60.472  2.285 0.1000000015
24018  48.856  -59.672  2.218 0.2000000030
19661  48.961  -63.699  2.056 0.1000000015
20767  49.908  -62.472  2.426 0.1000000015
18687  47.144  -65.172  1.633 0.2000000030
20768  48.755  -63.073  1.767 0.1000000015
19662  47.986  -64.457  1.445 0.1000000015
21892  48.819  -62.207  2.037 0.1000000015
22999  50.177  -60.508  2.309 0.1000000015
26004  51.021  -58.158  2.849 0.2000000030
24990  51.232  -58.711  2.662 0.2000000030
25994  50.029  -56.990  2.537 0.1000000015
24991  50.603  -58.561  2.371 0.2000000030
25983  49.076  -56.798  4.043 0.2000000030
27020  49.455  -55.955  2.783 0.1000000015
28075  48.153  -54.768  3.909 0.1000000015
21912  49.227  -62.611  1.964 0.1000000015
20766  50.034  -61.826  2.447 0.1000000015
25967  48.781  -57.676  4.710 0.2000000030
26993  48.192  -56.571  4.657 0.2000000030
25969  47.000  -56.379  5.688 0.2000000030
27010  48.626  -55.656  3.975 0.2000000030
26994  47.510  -55.532  5.084 0.1000000015
28076  47.545  -54.693  4.515 0.2000000030
21910  50.235  -61.354  2.439 0.1000000015
21890  50.897  -60.990  2.748 0.1000000015
126079  50.872  -60.542  2.559 0.1000000015
24015  51.632  -59.408  2.967 0.2000000030
24944  50.856  -59.048  4.930 0.2000000030
25982  50.737  -57.834  3.270 0.3000000119
134677  46.543  -56.277  6.109 0.3000000119
28060  47.043  -54.434  5.129 0.2000000030
29122  47.126  -54.378  4.648 0.2000000030
28086  47.244  -55.307  3.374 0.2000000030
24945  49.594  -58.595  5.217 0.3000000119
24977  51.657  -58.896  3.148 0.2000000030
129899  46.766  -57.318  6.115 0.3000000119
25955  46.037  -56.732  6.621 0.3000000119
26967  44.820  -56.137  7.440 0.3000000119
26978  46.196  -55.440  6.312 0.3000000119
28041  46.252  -54.260  5.770 0.2000000030
29135  46.219  -54.178  4.857 0.2000000030
28078  45.706  -54.866  4.633 0.2000000030
24913  44.561  -58.076  8.052 0.4000000060
136908  46.271  -57.726  6.685 0.3000000119
25941  45.687  -57.563  7.095 0.3000000119
24946  48.346  -58.205  5.454 0.2000000030
25968  47.567  -57.162  5.399 0.2000000030
28028  45.102  -54.865  7.125 0.3000000119
30190  45.751  -53.777  5.835 0.2000000030
29091  45.223  -53.911  6.703 0.2000000030
128594  45.604  -53.863  5.561 0.2000000030
25926  43.862  -57.543  8.395 0.3000000119
26954  44.355  -56.975  7.933 0.3000000119
29092  44.643  -54.025  7.323 0.2000000030
121773  44.457  -53.408  6.509 0.2000000030
30185  44.612  -53.462  6.886 0.2000000030
127032  43.887  -53.325  6.374 0.1000000015
30202  45.234  -53.528  6.015 0.2000000030
28063  44.188  -54.834  5.593 0.2000000030
30203  44.745  -53.510  5.949 0.2000000030
28061  45.524  -54.177  5.125 0.2000000030
25927  43.291  -57.008  8.631 0.3000000119
26955  43.455  -56.138  8.402 0.3000000119
132050  43.815  -56.744  8.263 0.3000000119
124566  42.963  -55.328  8.647 0.2000000030
28014  43.738  -55.223  8.153 0.3000000119
27998  42.308  -54.762  9.118 0.2000000030
28029  44.407  -55.095  7.653 0.3000000119
28030  44.005  -54.187  7.843 0.1000000015
29093  44.034  -53.376  7.461 0.1000000015
30193  42.987  -53.074  6.731 0.1000000015
30192  43.567  -52.944  6.883 0.1000000015
30179  43.365  -52.949  7.678 0.1000000015
29108  43.240  -53.936  6.315 0.1000000015
25908  41.866  -56.975  9.633 0.3000000119
26937  42.238  -56.056  9.260 0.2000000030
26938  41.469  -56.290  9.854 0.2000000030
27991  40.664  -55.353  10.744 0.2000000030
29041  40.506  -54.774  11.350 0.1000000015
27999  41.670  -55.306  9.639 0.1000000015
29053  41.267  -54.694  10.136 0.1000000015
29064  41.810  -54.185  9.553 0.1000000015
29077  43.489  -53.450  8.044 0.1000000015
30186  42.657  -52.704  7.529 0.1000000015
30187  42.034  -52.805  7.579 0.1000000015
30158  40.897  -53.975  10.788 0.1000000015
30157  41.400  -52.524  10.694 0.1000000015
117886  41.534  -53.490  10.084 0.1000000015
30169  41.582  -52.510  9.870 0.1000000015
29063  42.304  -53.503  9.025 0.1000000015
31135  41.414  -52.170  9.598 0.1000000015
31149  42.130  -52.557  8.150 0.1000000015
31134  42.016  -52.585  8.683 0.1000000015
31113  41.360  -52.004  11.408 0.1000000015
31136  40.878  -51.971  9.617 0.1000000015
30180  41.479  -52.767  8.264 0.1000000015
30146  41.137  -52.962  11.367 0.1000000015
21893  48.200  -61.643  2.278 0.1000000015
20788  48.548  -63.908  1.276 0.1000000015
27038  49.642  -56.593  1.900 0.1000000015
13816  35.478  -69.417  13.305 0.5000000000
13811  36.507  -69.502  14.553 0.5000000000
13812  35.734  -69.176  14.117 0.5000000000
14820  35.190  -68.643  13.584 0.5000000000
14821  34.728  -67.998  12.963 0.5000000000
12759  38.880  -70.144  16.015 0.2000000030
114084  38.323  -70.130  15.468 0.2000000030
113601  38.364  -69.637  15.888 0.3000000119
13807  37.760  -69.512  15.489 0.3000000119
13808  36.979  -69.142  15.222 0.5000000000
14816  36.203  -68.818  14.860 0.5000000000
14809  35.842  -68.077  15.207 0.5000000000
14817  35.471  -68.408  14.412 0.5000000000
15820  34.673  -67.052  14.246 0.5000000000
15825  34.861  -67.820  13.861 0.5000000000
15829  34.655  -67.295  12.304 0.5000000000
16713  34.452  -66.395  12.425 0.5000000000
15840  35.170  -67.444  11.470 0.5000000000
15845  36.680  -67.735  10.376 0.5000000000
14790  38.383  -68.772  16.755 0.3000000119
14791  37.836  -68.399  16.463 0.3000000119
14808  36.693  -68.431  15.542 0.5000000000
132525  34.459  -66.462  13.869 0.5000000000
16700  34.320  -66.061  13.239 0.5000000000
15841  34.734  -66.659  11.743 0.5000000000
16727  35.152  -66.338  11.042 0.5000000000
14853  39.789  -68.270  9.490 0.4000000060
121133  39.135  -67.877  9.503 0.5000000000
14855  38.456  -67.893  9.658 0.5000000000
14856  37.624  -67.842  9.912 0.5000000000
122734  36.401  -66.755  10.218 0.5000000000
15853  40.373  -67.679  9.109 0.4000000060
13782  38.866  -69.207  17.115 0.3000000119
14783  38.127  -68.138  17.109 0.4000000060
14792  37.156  -68.040  16.185 0.4000000060
15804  35.553  -67.323  15.478 0.5000000000
136477  35.338  -66.676  15.683 0.5000000000
16685  34.893  -66.895  15.083 0.5000000000
16686  34.543  -66.342  14.595 0.5000000000
16669  34.830  -66.069  15.461 0.5000000000
117190  34.426  -65.660  14.789 0.5000000000
17606  34.280  -64.920  14.426 0.5000000000
17626  34.257  -65.182  13.415 0.5000000000
18572  34.601  -64.906  11.788 0.5000000000
130727  35.791  -66.371  10.492 0.6000000238
15856  37.993  -67.068  9.541 0.5000000000
15857  37.154  -66.989  9.848 0.5000000000
16733  36.212  -65.989  10.092 0.5000000000
15852  41.245  -68.020  9.019 0.4000000060
124446  40.665  -68.631  9.465 0.4000000060
15854  39.575  -67.374  9.208 0.5000000000
13740  41.856  -69.496  21.390 0.1000000015
14742  40.504  -68.784  21.689 0.1000000015
14730  39.216  -68.185  21.992 0.1000000015
13742  39.985  -69.299  21.055 0.1000000015
14743  39.268  -68.950  20.637 0.1000000015
14744  38.794  -68.501  21.131 0.1000000015
13753  39.736  -69.478  20.216 0.1000000015
14756  38.644  -68.513  20.182 0.1000000015
15741  38.121  -68.068  20.687 0.1000000015
14772  39.069  -69.013  17.886 0.2000000030
14762  39.137  -68.960  18.758 0.1000000015
14782  38.572  -68.579  17.459 0.3000000119
15785  36.001  -66.909  16.144 0.5000000000
15770  38.299  -68.032  17.762 0.4000000060
15783  37.569  -67.701  16.826 0.4000000060
16656  35.608  -66.153  16.216 0.4000000060
17587  35.194  -65.345  16.148 0.5000000000
18521  34.492  -64.294  15.163 0.5000000000
17657  34.992  -65.309  11.061 0.5000000000
16741  37.491  -66.145  9.478 0.5000000000
15855  38.818  -67.168  9.351 0.5000000000
128210  42.821  -68.750  8.997 0.5000000000
15694  44.757  -67.895  23.655 0.1000000015
14726  43.922  -68.114  22.684 0.1000000015
118074  42.921  -68.321  22.411 0.1000000015
14741  41.448  -68.822  21.813 0.1000000015
14729  40.148  -68.197  22.177 0.1000000015
15724  39.809  -67.549  22.660 0.1000000015
15722  41.657  -67.557  22.858 0.1000000015
14728  41.081  -68.200  22.299 0.1000000015
118347  38.344  -68.010  21.673 0.1000000015
17543  35.993  -65.842  19.788 0.2000000030
17534  35.414  -65.427  20.336 0.2000000030
13764  39.628  -69.533  19.300 0.1000000015
14755  39.155  -68.985  19.708 0.1000000015
15745  38.124  -67.915  19.689 0.1000000015
15742  37.513  -67.521  20.196 0.1000000015
16611  36.373  -66.493  20.192 0.2000000030
14763  38.625  -68.421  19.194 0.2000000030
15746  37.640  -67.390  19.355 0.1000000015
131075  37.478  -67.046  18.799 0.2000000030
112619  36.727  -65.839  18.206 0.2000000030
17544  35.662  -65.140  19.420 0.2000000030
120481  35.112  -64.687  19.994 0.2000000030
15759  38.079  -67.671  18.551 0.2000000030
16648  37.505  -66.948  18.038 0.2000000030
15772  37.262  -66.979  17.245 0.3000000119
17570  36.530  -65.671  17.512 0.3000000119
17571  36.151  -65.036  17.360 0.4000000060
17661  36.148  -65.196  10.060 0.5000000000
18520  34.931  -64.482  16.015 0.4000000060
129219  38.014  -63.066  9.784 0.5000000000
18579  36.895  -63.715  9.989 0.5000000000
18580  36.317  -64.308  10.144 0.5000000000
18594  38.528  -63.775  9.303 0.5000000000
17670  37.312  -65.172  9.476 0.5000000000
135046  36.670  -64.904  9.748 0.5000000000
18548  34.337  -64.339  13.634 0.5000000000
16753  38.976  -65.701  8.860 0.5000000000
18602  38.734  -64.809  8.965 0.5000000000
17669  38.142  -65.457  9.190 0.5000000000
19573  35.734  -63.953  10.785 0.5000000000
15868  40.919  -67.106  8.677 0.5000000000
16739  39.270  -66.544  8.967 0.5000000000
18581  35.571  -64.780  10.570 0.6000000238
16740  38.444  -66.338  9.203 0.5000000000
14865  42.079  -68.306  8.919 0.4000000060
15683  43.632  -68.069  24.812 0.1000000015
15708  43.825  -67.658  23.394 0.1000000015
15709  42.750  -67.223  23.741 0.1000000015
16575  41.766  -66.789  23.918 0.1000000015
116358  39.706  -67.018  25.552 0.1000000015
15721  42.750  -67.629  22.974 0.1000000015
134882  42.035  -67.196  23.433 0.1000000015
15710  41.261  -67.022  23.397 0.1000000015
15712  39.449  -66.904  23.245 0.1000000015
114015  38.847  -67.568  22.516 0.1000000015
15725  37.893  -67.478  22.279 0.1000000015
16598  36.171  -66.494  22.051 0.1000000015
15734  37.547  -67.640  21.245 0.1000000015
16599  35.748  -66.193  21.477 0.2000000030
17532  35.315  -65.653  21.235 0.2000000030
15735  36.845  -67.131  20.695 0.1000000015
16612  35.777  -66.094  20.697 0.2000000030
18487  36.344  -65.055  17.999 0.3000000119
18488  35.952  -64.249  18.145 0.3000000119
119047  35.476  -64.254  19.055 0.2000000030
116754  35.687  -63.539  18.405 0.2000000030
19504  35.527  -63.888  16.577 0.4000000060
118320  35.926  -63.635  17.743 0.3000000119
130554  35.568  -63.173  16.344 0.4000000060
19489  35.959  -63.256  17.099 0.4000000060
20636  37.958  -62.194  11.251 0.5000000000
122874  37.375  -62.567  11.746 0.5000000000
19560  36.751  -62.965  10.898 0.5000000000
19510  34.963  -63.547  15.709 0.5000000000
19547  39.266  -63.928  12.925 0.5000000000
19530  39.238  -63.917  13.001 0.5000000000
133267  37.916  -62.943  12.891 0.5000000000
19561  36.774  -62.834  11.697 0.5000000000
19562  36.047  -63.294  11.282 0.6000000238
19511  34.611  -63.532  14.761 0.5000000000
20602  38.883  -63.468  13.173 0.5000000000
20604  37.177  -62.596  13.049 0.5000000000
20621  36.591  -62.734  12.581 0.6000000238
129004  35.433  -63.817  11.417 0.5000000000
18562  34.433  -64.584  12.702 0.5000000000
126229  35.550  -63.477  11.915 0.5000000000
18561  34.908  -63.982  12.052 0.5000000000
13877  44.431  -69.337  8.955 0.4000000060
14864  43.704  -68.674  8.757 0.4000000060
136519  42.271  -68.843  9.203 0.4000000060
16552  37.513  -66.455  26.185 0.1000000015
15687  38.989  -66.481  25.542 0.1000000015
17492  38.012  -64.957  25.137 0.1000000015
16587  40.881  -66.506  23.859 0.1000000015
16577  40.409  -66.353  24.281 0.1000000015
17502  38.927  -65.664  24.626 0.1000000015
118209  38.419  -65.224  24.882 0.1000000015
16588  40.034  -66.323  23.821 0.1000000015
16589  39.073  -66.066  23.870 0.1000000015
17514  38.225  -65.543  24.299 0.1000000015
16597  37.525  -66.856  22.869 0.1000000015
16590  37.186  -66.155  23.513 0.1000000015
16591  36.229  -66.168  22.906 0.1000000015
18447  35.123  -65.186  22.627 0.2000000030
18455  34.874  -65.138  21.789 0.2000000030
18456  34.395  -64.266  21.363 0.2000000030
18460  34.669  -64.297  20.520 0.2000000030
18470  34.843  -63.872  19.817 0.2000000030
21579  41.160  -61.859  19.898 0.2000000030
132484  35.513  -62.913  18.626 0.2000000030
21599  41.245  -61.809  18.933 0.2000000030
21617  40.792  -61.006  18.367 0.2000000030
22748  40.258  -60.285  17.811 0.2000000030
22749  39.623  -59.769  17.205 0.2000000030
20527  41.762  -62.309  18.346 0.2000000030
21638  41.017  -61.159  16.712 0.2000000030
22768  40.335  -60.309  16.893 0.2000000030
22769  39.591  -60.029  16.279 0.2000000030
23798  38.758  -59.669  16.717 0.3000000119
22789  38.606  -60.139  15.713 0.2000000030
117859  37.660  -60.412  15.761 0.4000000060
20565  41.789  -62.718  16.262 0.2000000030
21637  41.388  -61.913  16.061 0.3000000119
21657  40.259  -61.221  15.321 0.3000000119
22788  39.589  -60.563  15.469 0.4000000060
21659  37.107  -60.875  15.309 0.5000000000
120208  35.931  -62.037  15.965 0.4000000060
20581  35.467  -62.639  15.695 0.5000000000
19516  40.648  -64.184  14.019 0.5000000000
20590  40.653  -63.105  14.529 0.4000000060
21673  40.054  -62.064  14.571 0.4000000060
21674  39.182  -61.696  14.333 0.4000000060
21675  38.288  -61.360  14.271 0.5000000000
21676  37.341  -61.258  14.430 0.5000000000
20591  39.383  -62.774  13.812 0.5000000000
20592  38.599  -62.416  13.657 0.5000000000
21681  37.677  -62.012  13.646 0.5000000000
116700  35.334  -63.239  12.683 0.5000000000
19532  34.925  -63.168  13.439 0.5000000000
19533  34.565  -63.581  13.892 0.5000000000
16535  36.145  -66.850  27.057 0.1000000015
15672  36.970  -67.088  26.727 0.1000000015
16553  36.723  -66.239  26.444 0.1000000015
17472  35.763  -65.185  26.517 0.1000000015
17493  37.216  -64.671  25.414 0.1000000015
18383  36.434  -64.449  25.813 0.1000000015
18404  37.438  -64.476  25.036 0.1000000015
18405  36.824  -64.086  25.141 0.1000000015
17504  36.417  -64.850  24.188 0.1000000015
18419  36.037  -63.980  24.503 0.1000000015
17515  36.523  -65.670  23.636 0.1000000015
18433  35.256  -64.654  23.526 0.2000000030
18434  34.655  -64.048  23.286 0.2000000030
18448  34.575  -64.461  22.477 0.2000000030
19440  34.355  -63.556  20.540 0.2000000030
19452  35.204  -63.356  19.141 0.2000000030
132615  41.044  -61.463  20.432 0.1000000015
21600  40.771  -61.417  19.372 0.2000000030
22736  39.551  -59.892  18.166 0.2000000030
22699  40.763  -60.739  20.938 0.1000000015
125568  40.273  -60.943  20.717 0.1000000015
21580  40.508  -61.329  20.131 0.1000000015
23750  39.283  -60.167  19.229 0.1000000015
22770  37.864  -60.026  16.493 0.2000000030
19469  35.912  -62.871  17.897 0.2000000030
23781  38.056  -59.672  17.341 0.1000000015
22750  37.340  -60.169  17.253 0.1000000015
22771  37.087  -60.685  16.356 0.3000000119
20566  36.241  -61.859  16.582 0.2000000030
20593  35.844  -62.116  14.168 0.5000000000
21677  36.518  -61.475  14.752 0.5000000000
20580  35.865  -61.939  15.191 0.5000000000
20594  35.375  -62.444  14.868 0.5000000000
21682  36.752  -61.856  13.834 0.5000000000
20606  35.515  -62.707  13.427 0.5000000000
19519  34.995  -62.839  14.220 0.5000000000
20605  36.270  -62.435  13.299 0.5000000000
15660  34.969  -67.216  28.000 0.1000000015
134885  34.342  -65.308  27.441 0.1000000015
17455  34.188  -64.770  27.364 0.1000000015
17473  34.894  -65.088  26.999 0.1000000015
18385  34.807  -64.175  26.748 0.1000000015
18370  34.000  -63.847  27.283 0.1000000015
18384  35.633  -64.313  26.319 0.1000000015
20436  35.430  -62.770  25.117 0.1000000015
19362  35.452  -62.943  25.742 0.1000000015
19394  35.810  -63.284  24.795 0.1000000015
19395  34.979  -63.007  24.419 0.2000000030
19419  34.190  -63.657  22.739 0.2000000030
19420  33.794  -63.174  22.152 0.2000000030
19430  33.894  -63.253  21.341 0.2000000030
19431  33.688  -62.684  21.719 0.2000000030
20497  34.154  -62.542  20.532 0.2000000030
19453  34.641  -62.998  19.799 0.2000000030
20513  34.677  -62.098  19.775 0.2000000030
20512  35.141  -62.550  19.178 0.2000000030
22717  39.045  -60.357  20.260 0.1000000015
23771  38.171  -59.534  18.160 0.1000000015
21602  35.757  -61.498  18.560 0.1000000015
21619  36.045  -61.952  17.902 0.2000000030
20528  35.619  -62.251  18.550 0.2000000030
126138  37.618  -59.613  18.706 0.1000000015
23772  37.488  -59.759  18.034 0.1000000015
22751  36.715  -60.785  17.273 0.2000000030
21618  36.371  -61.552  17.290 0.2000000030
20548  36.158  -62.377  17.204 0.2000000030
17441  32.932  -64.847  28.709 0.1000000015
18358  33.408  -64.622  27.974 0.1000000015
20373  32.420  -62.932  29.846 0.1000000015
20393  32.920  -62.159  28.153 0.1000000015
116544  33.523  -62.505  27.527 0.1000000015
20423  34.783  -62.460  26.338 0.1000000015
19363  34.830  -63.282  26.538 0.1000000015
20437  34.846  -62.185  25.609 0.1000000015
133133  34.020  -62.069  24.279 0.1000000015
120714  33.739  -62.116  23.546 0.1000000015
21529  33.716  -61.517  24.112 0.1000000015
20461  33.575  -61.998  22.674 0.1000000015
20474  33.639  -62.551  22.233 0.2000000030
113803  33.928  -61.756  20.930 0.2000000030
21565  34.392  -61.697  20.327 0.2000000030
21564  34.888  -61.226  19.832 0.1000000015
21581  35.265  -61.697  19.165 0.2000000030
24726  41.517  -58.226  20.175 0.1000000015
24727  40.360  -59.090  21.100 0.1000000015
23715  39.391  -60.003  21.258 0.1000000015
22739  35.668  -60.736  19.155 0.2000000030
23716  38.576  -59.793  21.096 0.1000000015
129766  38.362  -59.752  19.234 0.1000000015
22737  36.823  -60.226  18.009 0.1000000015
21601  36.242  -60.982  18.107 0.2000000030
21427  32.437  -61.795  29.817 0.1000000015
21446  32.901  -61.319  28.201 0.1000000015
21463  33.351  -60.824  27.532 0.1000000015
21500  34.321  -61.435  25.840 0.1000000015
21517  33.669  -60.897  24.656 0.1000000015
21530  33.583  -61.359  23.294 0.1000000015
21541  33.625  -61.060  22.375 0.2000000030
22670  34.002  -60.357  21.890 0.1000000015
22685  34.342  -60.443  21.240 0.2000000030
21553  33.870  -61.058  21.411 0.2000000030
22703  34.448  -60.932  20.628 0.2000000030
25758  38.442  -57.697  21.557 0.1000000015
24712  38.066  -58.582  21.562 0.1000000015
23717  37.374  -59.021  21.353 0.1000000015
127832  35.968  -59.200  21.152 0.1000000015
23736  35.715  -59.682  20.515 0.1000000015
22684  34.857  -60.056  20.814 0.1000000015
122197  40.767  -58.272  20.525 0.1000000015
24728  39.975  -58.180  20.969 0.1000000015
123865  38.779  -59.280  21.387 0.1000000015
132331  38.116  -59.274  21.287 0.1000000015
23734  37.595  -59.556  20.719 0.1000000015
23735  36.590  -59.770  19.980 0.1000000015
22701  35.820  -60.086  19.768 0.1000000015
23751  37.485  -59.723  19.637 0.1000000015
23752  36.896  -59.787  18.846 0.1000000015
22738  36.359  -60.290  18.669 0.1000000015
22578  32.820  -60.372  28.415 0.1000000015
22596  33.139  -60.082  27.700 0.1000000015
22617  33.563  -60.093  26.652 0.1000000015
112600  33.610  -59.895  26.036 0.1000000015
22646  33.566  -60.243  24.227 0.1000000015
23700  33.749  -59.782  23.012 0.1000000015
26769  37.373  -56.151  22.185 0.1000000015
26770  36.628  -56.699  22.544 0.1000000015
25746  35.937  -57.536  22.538 0.1000000015
24697  35.437  -58.349  22.277 0.1000000015
23699  34.215  -59.561  22.402 0.1000000015
126512  38.505  -56.051  21.345 0.1000000015
25760  36.851  -57.618  22.175 0.1000000015
24715  35.722  -58.822  21.666 0.1000000015
23719  35.279  -59.429  21.259 0.1000000015
26784  38.784  -56.796  21.234 0.1000000015
25759  37.650  -57.712  21.871 0.1000000015
24714  36.276  -58.228  21.977 0.1000000015
23654  33.553  -59.156  25.605 0.1000000015
25724  33.836  -57.778  24.594 0.1000000015
24682  33.729  -58.816  23.973 0.1000000015
26756  34.712  -56.820  23.874 0.1000000015
25723  34.229  -57.594  24.026 0.1000000015
23683  33.967  -59.079  23.188 0.1000000015
27795  37.477  -55.088  22.260 0.1000000015
26754  36.134  -56.049  23.057 0.1000000015
26755  35.475  -56.402  23.431 0.1000000015
25731  34.744  -57.625  23.393 0.1000000015
24698  34.646  -58.585  22.719 0.1000000015
27810  38.024  -55.613  21.732 0.1000000015
26771  35.912  -56.785  22.910 0.1000000015
14807  37.475  -68.749  15.825 0.4000000060
17644  34.365  -65.484  12.506 0.5000000000
15784  36.834  -67.249  16.533 0.4000000060
13741  40.869  -69.428  21.258 0.1000000015
14773  38.643  -68.427  18.254 0.2000000030
16655  36.549  -66.347  16.868 0.4000000060
17579  36.030  -65.509  16.817 0.4000000060
121734  43.166  -67.443  24.334 0.1000000015
17559  36.324  -65.571  18.832 0.3000000119
18459  34.874  -64.975  20.882 0.2000000030
16610  37.054  -66.889  19.580 0.2000000030
16637  37.064  -66.434  18.587 0.2000000030
18505  35.925  -64.249  17.431 0.3000000119
20637  37.332  -62.537  10.954 0.5000000000
15697  41.634  -66.898  24.380 0.1000000015
116935  41.109  -67.161  24.987 0.1000000015
16568  39.968  -66.334  24.962 0.1000000015
15711  40.388  -66.935  23.319 0.1000000015
15713  38.478  -66.912  23.099 0.1000000015
118815  36.764  -66.644  22.644 0.1000000015
16607  36.908  -67.121  21.874 0.1000000015
16608  36.238  -66.637  21.158 0.1000000015
17524  35.522  -65.842  22.189 0.1000000015
20567  35.913  -62.553  16.501 0.4000000060
20618  38.772  -63.087  12.566 0.5000000000
20619  37.951  -62.715  12.384 0.5000000000
19518  39.484  -63.775  13.311 0.5000000000
16569  38.148  -65.910  25.585 0.1000000015
17470  37.392  -65.557  25.791 0.1000000015
17491  38.716  -65.524  25.103 0.1000000015
113594  38.103  -66.295  23.573 0.1000000015
114491  37.321  -65.231  24.267 0.1000000015
117456  37.324  -64.557  24.759 0.1000000015
17516  35.740  -65.511  23.204 0.1000000015
131751  34.081  -63.808  22.002 0.2000000030
20511  41.753  -62.416  19.430 0.2000000030
21616  41.283  -61.462  17.789 0.2000000030
122948  40.765  -60.782  17.478 0.2000000030
23780  38.848  -59.534  17.617 0.1000000015
20547  41.726  -62.136  17.101 0.2000000030
22787  40.350  -60.640  16.045 0.3000000119
21639  36.432  -61.392  15.810 0.4000000060
20579  40.816  -61.999  15.275 0.5000000000
133022  42.096  -62.923  16.955 0.2000000030
21658  39.639  -61.177  14.873 0.4000000060
22807  38.896  -60.764  14.844 0.5000000000
22790  37.928  -60.617  14.969 0.5000000000
123938  36.580  -61.253  16.660 0.3000000119
19509  41.378  -63.773  14.845 0.5000000000
16536  35.223  -66.564  27.442 0.1000000015
16554  35.873  -66.043  26.723 0.1000000015
17471  36.597  -65.320  26.140 0.1000000015
18418  36.882  -64.114  24.885 0.1000000015
19379  36.095  -63.651  25.522 0.1000000015
19378  36.411  -63.593  25.016 0.1000000015
19407  35.129  -63.780  24.060 0.2000000030
19408  34.457  -63.369  23.584 0.2000000030
22735  40.175  -60.646  19.022 0.1000000015
22716  39.765  -60.823  20.206 0.1000000015
16537  34.434  -66.685  28.074 0.1000000015
17440  33.335  -65.449  28.484 0.1000000015
124805  35.476  -63.579  26.175 0.1000000015
19347  34.170  -62.881  27.013 0.1000000015
118211  34.222  -62.655  23.940 0.2000000030
20473  33.860  -62.843  22.986 0.2000000030
21554  33.629  -61.938  21.756 0.2000000030
23731  41.429  -60.006  20.813 0.1000000015
23732  40.620  -59.961  21.191 0.1000000015
22683  40.082  -60.460  21.180 0.1000000015
125441  39.602  -60.572  20.871 0.1000000015
122474  33.270  -63.791  27.895 0.1000000015
18340  32.607  -64.623  29.382 0.1000000015
18359  32.794  -64.032  28.630 0.1000000015
20394  32.577  -62.522  28.947 0.1000000015
19334  32.575  -63.291  29.010 0.1000000015
19333  32.947  -63.093  28.209 0.1000000015
121577  32.623  -61.785  28.799 0.1000000015
123795  33.456  -61.672  27.515 0.1000000015
20410  34.137  -61.981  26.855 0.1000000015
21482  33.804  -61.326  27.032 0.1000000015
120329  34.549  -61.846  26.213 0.1000000015
20449  34.670  -62.350  24.782 0.1000000015
21516  34.172  -61.620  25.028 0.1000000015
124072  33.571  -60.906  23.907 0.1000000015
22702  35.183  -60.419  20.083 0.1000000015
119253  41.134  -59.085  20.661 0.1000000015
24711  39.549  -59.100  21.373 0.1000000015
22700  38.995  -60.248  20.874 0.1000000015
23733  38.347  -59.970  20.401 0.1000000015
21447  32.574  -61.086  29.037 0.1000000015
133040  33.446  -60.260  27.182 0.1000000015
121998  33.733  -60.772  26.817 0.1000000015
22616  33.855  -60.690  26.086 0.1000000015
21501  33.867  -60.985  25.409 0.1000000015
22635  33.630  -60.182  25.243 0.1000000015
22659  33.609  -60.464  23.288 0.1000000015
23720  34.574  -59.801  21.555 0.1000000015
25757  39.268  -57.664  21.182 0.1000000015
121876  38.912  -58.509  21.459 0.1000000015
24713  37.150  -58.332  21.747 0.1000000015
23718  36.532  -58.825  21.483 0.1000000015
115466  36.641  -59.330  20.881 0.1000000015
22718  36.216  -60.056  19.261 0.1000000015
23600  32.928  -59.471  28.189 0.1000000015
23617  33.278  -59.508  27.301 0.1000000015
23634  33.471  -59.310  26.501 0.1000000015
23673  33.583  -59.411  24.596 0.1000000015
23684  33.644  -59.626  23.707 0.1000000015
25745  37.315  -57.034  22.146 0.1000000015
27796  36.799  -55.615  22.666 0.1000000015
135322  34.726  -58.080  23.100 0.1000000015
25730  35.333  -57.173  23.134 0.1000000015
23698  34.946  -59.067  21.950 0.1000000015
26785  38.011  -56.746  21.741 0.1000000015
25706  33.666  -57.671  25.296 0.1000000015
121499  33.637  -58.471  24.835 0.1000000015
24681  34.278  -58.268  23.498 0.1000000015
122312  34.511  -56.153  24.668 0.1000000015
28841  36.964  -54.628  22.857 0.1000000015
27780  35.675  -55.539  23.650 0.1000000015
10015  40.102  -73.165  15.528 0.1000000015
10023  39.381  -73.422  15.066 0.1000000015
10888  39.494  -72.663  15.218 0.1000000015
10876  38.781  -72.198  14.790 0.1000000015
11790  38.963  -71.348  15.245 0.1000000015
10874  40.219  -72.451  15.707 0.1000000015
11762  39.859  -71.229  16.215 0.1000000015
9215  39.950  -74.027  15.505 0.2000000030
12758  39.482  -70.547  16.421 0.1000000015
124228  38.642  -73.621  14.440 0.2000000030
115292  38.955  -72.921  14.746 0.1000000015
9223  38.322  -74.452  13.928 0.2000000030
12778  38.302  -70.742  15.019 0.1000000015
121951  38.580  -75.190  14.106 0.2000000030
10032  37.955  -73.733  13.664 0.2000000030
11791  38.169  -71.469  14.614 0.2000000030
10889  37.844  -72.267  14.121 0.2000000030
11804  37.319  -71.599  13.945 0.2000000030
12779  37.543  -70.855  14.455 0.3000000119
112958  37.183  -69.716  14.918 0.3000000119
12780  36.840  -70.243  14.332 0.3000000119
119398  37.577  -73.028  13.461 0.2000000030
10902  37.111  -72.345  13.280 0.2000000030
9237  37.868  -74.438  12.037 0.2000000030
12787  36.768  -70.978  13.769 0.2000000030
9230  37.539  -73.760  12.716 0.2000000030
7773  40.828  -76.540  11.015 0.1000000015
115802  38.379  -75.251  13.347 0.2000000030
9229  37.942  -74.530  12.980 0.2000000030
132802  36.263  -70.473  13.590 0.3000000119
13815  36.055  -69.862  13.818 0.4000000060
7775  39.843  -77.053  11.776 0.1000000015
9236  38.416  -75.390  12.349 0.1000000015
10915  36.750  -72.224  12.333 0.2000000030
11805  36.609  -71.670  13.101 0.2000000030
7774  40.218  -77.238  11.252 0.1000000015
12789  35.682  -70.233  12.953 0.4000000060
8503  39.262  -75.981  11.754 0.2000000030
10914  37.197  -72.969  12.527 0.2000000030
9246  38.613  -74.974  11.568 0.2000000030
8514  40.959  -75.900  11.044 0.1000000015
9256  41.359  -75.068  10.567 0.2000000030
8502  40.463  -76.515  11.325 0.1000000015
9257  40.257  -74.887  10.926 0.1000000015
10055  38.125  -74.095  11.383 0.2000000030
10927  36.880  -71.839  11.610 0.2000000030
11816  36.407  -71.429  12.250 0.2000000030
12797  36.067  -70.651  12.220 0.4000000060
9245  39.717  -75.504  11.360 0.1000000015
12808  36.648  -70.927  11.444 0.4000000060
13820  35.478  -69.475  12.493 0.4000000060
128839  38.527  -73.723  10.944 0.3000000119
10074  37.868  -73.273  11.202 0.3000000119
9258  38.956  -74.512  11.047 0.2000000030
10073  39.389  -73.855  10.745 0.4000000060
13819  36.183  -70.112  11.588 0.4000000060
124573  35.361  -68.854  12.122 0.4000000060
118344  37.394  -72.103  11.178 0.3000000119
125738  38.745  -71.162  10.591 0.4000000060
10946  38.636  -72.907  10.745 0.3000000119
22696  43.257  -60.775  20.151 0.1000000015
21563  41.950  -61.703  20.395 0.1000000015
13829  35.766  -69.331  11.729 0.4000000060
12828  36.850  -70.116  10.957 0.4000000060
14833  36.024  -68.825  11.221 0.5000000000
12826  38.285  -70.515  10.589 0.4000000060
11836  38.100  -71.909  10.731 0.3000000119
11825  37.329  -71.443  11.030 0.4000000060
13846  37.720  -69.955  10.637 0.4000000060
20494  42.921  -61.619  20.274 0.1000000015
20496  41.750  -62.141  20.031 0.1000000015
14843  35.896  -68.061  10.971 0.4000000060
14842  36.585  -68.709  10.763 0.5000000000
15846  35.789  -67.131  10.707 0.5000000000
20510  42.425  -62.804  19.625 0.1000000015
19451  43.019  -63.309  19.518 0.1000000015
20546  42.179  -62.894  17.793 0.1000000015
10014  40.795  -73.685  15.938 0.1000000015
10875  39.462  -72.028  15.328 0.1000000015
12769  38.779  -70.635  15.495 0.1000000015
11775  39.711  -71.610  15.692 0.1000000015
131183  40.566  -73.055  15.791 0.1000000015
11761  40.469  -71.606  16.710 0.1000000015
12743  39.691  -70.348  17.147 0.1000000015
14823  35.153  -68.790  12.769 0.4000000060
8467  39.818  -75.080  15.456 0.1000000015
12788  36.143  -70.988  13.005 0.3000000119
10043  37.508  -73.577  11.866 0.2000000030
135096  35.728  -70.020  12.164 0.4000000060
130454  42.980  -62.215  20.175 0.1000000015
20526  42.171  -63.028  18.907 0.1000000015
10843  41.199  -72.339  16.960 0.1000000015
13863  31.338  -69.661  9.525 0.1000000015
13883  31.158  -69.665  8.754 0.1000000015
11885  31.647  -72.817  6.808 0.1000000015
13884  30.341  -69.321  8.538 0.1000000015
11868  32.127  -72.438  7.489 0.1000000015
13864  30.582  -69.281  9.585 0.1000000015
13865  29.682  -68.875  9.298 0.1000000015
119459  27.349  -69.272  9.477 0.1000000015
13885  29.386  -69.133  8.426 0.1000000015
3181  34.454  -83.515  15.267 0.1000000015
10047  27.689  -73.278  12.459 0.1000000015
10919  27.031  -72.103  12.549 0.1000000015
12846  32.520  -70.509  9.407 0.1000000015
12804  27.061  -70.796  12.198 0.1000000015
12847  31.869  -70.052  9.013 0.1000000015
13834  27.684  -69.636  11.001 0.1000000015
11867  33.001  -71.628  8.558 0.1000000015
13851  26.859  -69.628  10.260 0.1000000015
10983  32.515  -73.289  7.248 0.1000000015
2590  34.070  -84.765  16.646 0.1000000015
3789  33.872  -83.171  14.275 0.1000000015
4447  33.931  -82.499  14.466 0.1000000015
3137  34.607  -84.334  18.382 0.1000000015
2571  34.330  -84.819  17.357 0.1000000015
3164  34.649  -84.132  16.184 0.1000000015
3777  34.516  -83.068  14.990 0.1000000015
5086  33.091  -81.150  13.618 0.1000000015
7750  30.243  -76.630  12.818 0.1000000015
9239  28.786  -74.728  12.863 0.1000000015
12830  31.815  -69.995  9.985 0.1000000015
13848  31.071  -69.652  10.316 0.1000000015
127357  29.833  -69.082  10.081 0.1000000015
11850  33.693  -71.813  9.501 0.1000000015
10982  32.889  -74.142  7.159 0.1000000015
10994  32.677  -73.663  6.769 0.1000000015
5073  33.821  -81.536  15.258 0.1000000015
3120  35.475  -84.186  19.072 0.1000000015
132507  34.813  -84.624  17.794 0.1000000015
3149  35.127  -84.116  16.738 0.1000000015
128894  35.278  -82.722  16.107 0.1000000015
5072  34.151  -81.166  16.011 0.1000000015
5085  33.405  -81.290  14.559 0.1000000015
6355  32.403  -79.359  14.528 0.1000000015
7016  31.485  -77.971  14.326 0.1000000015
7030  31.286  -77.890  13.419 0.1000000015
7017  30.930  -77.319  14.161 0.1000000015
7739  29.801  -75.866  14.247 0.1000000015
8490  29.385  -75.366  13.929 0.1000000015
9225  29.034  -74.641  14.312 0.1000000015
10036  27.905  -72.743  13.263 0.1000000015
13822  28.884  -69.841  12.265 0.1000000015
11851  33.185  -70.926  10.006 0.1000000015
12810  31.493  -70.104  10.960 0.1000000015
13849  30.294  -69.398  10.560 0.1000000015
13832  29.147  -69.527  11.504 0.1000000015
13833  28.326  -69.728  11.638 0.1000000015
126319  34.179  -72.770  9.163 0.1000000015
10962  33.319  -72.952  8.151 0.1000000015
119442  33.833  -80.178  16.429 0.1000000015
3101  35.585  -83.870  19.786 0.1000000015
3136  35.680  -84.184  18.041 0.1000000015
118450  35.554  -83.991  17.202 0.1000000015
4413  35.612  -82.458  16.744 0.1000000015
5708  32.781  -79.476  15.334 0.1000000015
130662  32.266  -78.093  15.777 0.1000000015
7737  31.269  -77.383  14.988 0.1000000015
116408  30.732  -75.560  16.104 0.1000000015
3100  36.220  -83.899  19.457 0.1000000015
3737  36.753  -83.216  18.704 0.1000000015
3752  36.503  -83.268  17.935 0.1000000015
4394  36.047  -82.262  17.563 0.1000000015
4395  35.245  -81.522  17.143 0.1000000015
7738  30.705  -76.720  14.879 0.1000000015
8483  30.153  -76.016  14.869 0.1000000015
135237  28.696  -72.735  15.209 0.1000000015
10035  28.354  -73.325  13.857 0.1000000015
10893  28.564  -72.228  14.818 0.1000000015
10905  28.293  -72.407  14.072 0.1000000015
118214  28.481  -71.029  13.660 0.1000000015
11808  28.510  -71.630  14.255 0.1000000015
117185  30.431  -70.271  13.255 0.1000000015
12793  29.072  -70.535  13.702 0.1000000015
12794  27.996  -71.045  13.103 0.1000000015
12809  32.016  -70.527  11.816 0.1000000015
12811  31.060  -70.082  11.813 0.1000000015
12800  30.399  -70.019  12.441 0.1000000015
11837  33.538  -71.479  10.604 0.1000000015
10949  34.052  -72.061  10.486 0.1000000015
10103  33.489  -74.713  7.350 0.1000000015
10961  33.385  -73.963  7.694 0.1000000015
10087  34.154  -74.753  8.083 0.1000000015
136112  34.048  -73.848  8.384 0.1000000015
5690  33.648  -79.426  16.788 0.1000000015
5691  33.267  -79.470  16.124 0.1000000015
3086  36.429  -83.636  20.102 0.1000000015
4347  37.274  -82.552  20.202 0.1000000015
4362  36.978  -82.565  19.246 0.1000000015
4379  36.419  -81.659  18.899 0.1000000015
5020  35.554  -80.791  18.447 0.1000000015
5041  34.862  -80.526  17.656 0.1000000015
5689  34.197  -79.863  17.151 0.1000000015
122330  32.703  -78.187  16.342 0.1000000015
7004  31.743  -77.424  15.710 0.1000000015
8470  31.196  -76.162  16.137 0.1000000015
3724  36.920  -83.292  19.536 0.1000000015
4393  36.609  -82.508  18.377 0.1000000015
8460  31.000  -75.025  16.619 0.1000000015
8461  30.325  -74.834  16.185 0.1000000015
9218  29.690  -74.588  15.653 0.1000000015
9210  29.899  -74.001  16.342 0.1000000015
10018  29.309  -73.696  15.766 0.1000000015
10008  29.619  -72.966  16.386 0.1000000015
127912  29.027  -72.862  15.725 0.1000000015
12792  30.389  -70.427  14.087 0.1000000015
12775  29.372  -70.987  15.060 0.1000000015
124308  33.244  -71.624  12.073 0.1000000015
11817  33.177  -71.826  12.818 0.1000000015
11818  32.699  -71.194  12.383 0.1000000015
12798  32.027  -70.776  12.909 0.1000000015
129174  29.766  -70.358  13.693 0.1000000015
122929  33.724  -72.297  12.299 0.1000000015
12799  31.233  -70.365  12.647 0.1000000015
11826  33.605  -71.812  11.408 0.1000000015
10928  34.360  -72.916  12.092 0.1000000015
10929  34.144  -72.445  11.409 0.1000000015
9274  34.680  -75.606  7.942 0.1000000015
3692  36.490  -83.096  21.902 0.1000000015
3070  36.377  -83.448  21.086 0.1000000015
3087  35.862  -83.749  20.553 0.1000000015
4992  37.448  -81.981  20.974 0.1000000015
4363  36.865  -81.665  19.962 0.1000000015
136396  33.459  -78.238  17.334 0.1000000015
3691  37.082  -82.714  21.437 0.1000000015
5637  35.239  -79.805  18.946 0.1000000015
6305  34.219  -78.738  18.073 0.1000000015
6994  33.013  -77.878  16.933 0.1000000015
129998  32.793  -77.205  17.122 0.1000000015
8459  31.787  -76.035  16.734 0.1000000015
6985  33.399  -77.469  17.629 0.1000000015
8448  32.466  -75.797  17.444 0.1000000015
9208  31.253  -74.570  17.085 0.1000000015
9209  30.638  -74.284  16.764 0.1000000015
123808  30.345  -73.407  16.857 0.1000000015
9200  31.136  -73.761  17.364 0.1000000015
10007  30.204  -72.590  16.841 0.1000000015
11766  30.486  -71.058  16.405 0.1000000015
11780  29.872  -70.977  15.702 0.1000000015
12783  31.062  -70.493  14.538 0.1000000015
114197  30.214  -70.590  14.999 0.1000000015
11807  32.674  -71.346  13.239 0.1000000015
117056  31.733  -70.652  14.292 0.1000000015
10917  33.683  -72.366  13.194 0.1000000015
11806  33.258  -71.770  13.559 0.1000000015
10916  34.197  -72.893  12.860 0.1000000015
121442  34.525  -73.036  11.353 0.1000000015
10948  34.489  -72.806  10.485 0.1000000015
117260  34.658  -73.495  9.384 0.1000000015
10075  35.144  -74.202  9.326 0.1000000015
116256  34.681  -78.357  19.900 0.1000000015
6960  34.356  -77.634  20.283 0.1000000015
3661  36.709  -82.327  23.141 0.1000000015
4333  37.440  -82.071  21.771 0.1000000015
4977  37.324  -81.584  21.956 0.1000000015
4978  36.780  -80.872  21.809 0.1000000015
5007  35.905  -80.713  19.346 0.1000000015
5638  34.925  -79.005  19.331 0.1000000015
6967  34.372  -77.617  19.554 0.1000000015
7654  34.146  -77.062  19.326 0.1000000015
126676  37.340  -82.416  20.957 0.1000000015
114636  35.384  -79.763  19.651 0.1000000015
5649  34.654  -79.009  18.601 0.1000000015
7673  33.973  -76.876  18.855 0.1000000015
8433  33.459  -75.274  18.711 0.1000000015
9976  32.711  -73.775  18.431 0.1000000015
7697  32.998  -76.600  17.550 0.1000000015
8447  33.247  -75.918  18.084 0.1000000015
9993  31.501  -72.928  17.761 0.1000000015
11757  31.141  -71.195  17.156 0.1000000015
12749  31.451  -70.671  16.740 0.1000000015
12764  31.106  -70.548  16.060 0.1000000015
12781  33.097  -70.624  15.225 0.1000000015
113880  31.544  -70.465  15.670 0.1000000015
10892  34.209  -71.782  14.511 0.1000000015
11793  32.766  -71.295  13.901 0.1000000015
12782  32.414  -70.776  14.586 0.1000000015
10904  33.865  -72.182  13.889 0.1000000015
10903  34.313  -72.783  13.531 0.1000000015
10045  34.609  -73.497  12.604 0.1000000015
6255  35.374  -79.372  22.355 0.1000000015
4950  37.570  -80.898  23.817 0.1000000015
5599  36.515  -79.943  23.163 0.1000000015
6256  34.717  -78.618  22.686 0.1000000015
6266  34.685  -78.642  21.523 0.1000000015
6961  33.971  -77.028  20.662 0.1000000015
4304  36.082  -81.804  23.588 0.1000000015
4303  37.202  -81.378  23.811 0.1000000015
4960  37.426  -80.826  22.918 0.1000000015
5613  36.135  -80.164  22.099 0.1000000015
6265  35.366  -79.486  21.315 0.1000000015
5626  35.062  -79.085  19.919 0.1000000015
7639  34.137  -76.979  19.889 0.1000000015
7640  33.866  -76.301  20.213 0.1000000015
134331  33.640  -75.117  19.326 0.1000000015
7655  33.940  -76.364  19.440 0.1000000015
10831  32.983  -73.072  18.809 0.1000000015
9977  32.259  -73.008  18.281 0.1000000015
10832  32.605  -72.272  18.581 0.1000000015
12748  31.858  -70.783  17.443 0.1000000015
125274  32.258  -70.356  17.062 0.1000000015
12763  31.887  -70.400  16.294 0.1000000015
125642  32.964  -70.198  16.373 0.1000000015
11792  33.338  -71.389  14.316 0.1000000015
10026  34.851  -73.289  13.879 0.1000000015
122179  35.104  -73.961  13.557 0.1000000015
5590  36.795  -79.646  24.146 0.1000000015
6951  33.706  -77.147  21.676 0.1000000015
5598  37.400  -80.377  23.927 0.1000000015
127801  34.131  -77.962  22.090 0.1000000015
8415  33.558  -75.598  20.623 0.1000000015
125395  33.295  -74.817  20.988 0.1000000015
9168  33.407  -74.092  20.450 0.1000000015
9938  33.444  -73.217  20.129 0.1000000015
129925  33.435  -72.577  19.818 0.1000000015
10817  33.201  -72.300  19.221 0.1000000015
11749  33.080  -70.775  18.616 0.1000000015
11750  32.318  -71.330  18.185 0.1000000015
13783  34.191  -69.573  17.659 0.1000000015
12734  32.623  -70.468  17.817 0.1000000015
112520  33.915  -70.062  16.447 0.1000000015
131793  33.692  -69.815  17.097 0.1000000015
11777  35.424  -71.479  15.545 0.1000000015
12772  33.866  -70.489  15.674 0.1000000015
10878  35.724  -72.430  15.216 0.1000000015
10879  35.005  -72.050  14.805 0.1000000015
11778  34.564  -71.207  15.208 0.1000000015
10890  35.257  -72.918  14.519 0.1000000015
8482  35.564  -74.605  13.827 0.1000000015
8496  36.302  -76.233  12.515 0.1000000015
6248  35.651  -79.169  23.432 0.1000000015
6249  35.022  -78.392  23.743 0.1000000015
7608  33.438  -76.816  22.567 0.1000000015
8406  33.171  -75.617  21.555 0.1000000015
132602  32.818  -74.775  21.703 0.1000000015
6241  35.933  -78.986  24.440 0.1000000015
120823  33.354  -76.423  21.854 0.1000000015
131853  33.075  -73.156  20.961 0.1000000015
11728  33.512  -71.658  19.859 0.1000000015
11740  33.284  -71.427  19.197 0.1000000015
12718  33.654  -70.594  19.325 0.1000000015
12732  33.963  -69.823  18.852 0.1000000015
11765  35.853  -70.949  16.324 0.1000000015
12762  34.475  -69.783  16.929 0.1000000015
12771  34.789  -70.463  16.091 0.1000000015
10017  35.893  -73.299  14.953 0.1000000015
10024  36.080  -73.996  14.804 0.1000000015
9224  35.999  -74.659  14.462 0.1000000015
7736  36.744  -77.033  13.598 0.1000000015
7045  38.186  -78.638  12.357 0.1000000015
6919  34.698  -77.472  24.909 0.1000000015
6242  35.250  -78.224  24.657 0.1000000015
128780  33.716  -76.310  24.448 0.1000000015
8374  32.880  -75.492  23.300 0.1000000015
9905  32.428  -73.912  23.042 0.1000000015
8407  32.536  -74.178  22.256 0.1000000015
7596  33.419  -76.362  23.531 0.1000000015
8392  33.088  -76.014  22.515 0.1000000015
10783  32.619  -72.617  21.709 0.1000000015
10782  32.977  -72.236  21.109 0.1000000015
116853  33.330  -71.413  20.907 0.1000000015
114741  34.291  -70.112  19.745 0.1000000015
13772  35.359  -69.589  18.877 0.1000000015
12746  35.013  -69.594  17.573 0.1000000015
8445  39.678  -76.260  17.887 0.1000000015
8446  38.892  -75.688  17.077 0.1000000015
9206  38.535  -74.604  16.864 0.1000000015
9991  38.229  -73.050  17.047 0.1000000015
10005  37.611  -72.967  16.492 0.1000000015
12760  36.274  -70.541  17.096 0.1000000015
12761  35.418  -70.117  16.863 0.1000000015
7695  39.192  -77.032  17.193 0.1000000015
10004  38.115  -73.738  16.650 0.1000000015
11764  36.643  -71.325  16.684 0.1000000015
7694  39.999  -77.615  17.636 0.1000000015
7713  39.597  -78.157  16.931 0.1000000015
7714  38.690  -77.427  16.496 0.1000000015
8458  37.768  -75.645  15.985 0.1000000015
9216  37.101  -74.115  15.677 0.1000000015
10877  36.414  -72.846  15.561 0.1000000015
6984  40.158  -78.078  17.222 0.1000000015
6992  40.113  -78.478  16.660 0.1000000015
7725  38.286  -77.803  15.809 0.1000000015
9217  36.534  -74.502  15.102 0.1000000015
7726  37.481  -77.335  15.167 0.1000000015
8469  36.572  -75.500  14.781 0.1000000015
6352  39.392  -79.160  14.228 0.1000000015
7735  37.050  -77.243  14.360 0.1000000015
6384  38.697  -79.090  12.830 0.1000000015
8349  33.307  -75.416  25.580 0.1000000015
7585  34.145  -76.651  25.003 0.1000000015
9116  33.252  -75.187  24.883 0.1000000015
9127  32.819  -74.475  24.697 0.1000000015
8358  32.866  -74.969  24.052 0.1000000015
8357  33.334  -75.683  24.236 0.1000000015
118577  32.566  -74.179  23.826 0.1000000015
114715  32.388  -72.460  23.223 0.1000000015
10760  32.469  -72.100  22.389 0.1000000015
11696  32.625  -71.209  22.359 0.1000000015
11712  32.766  -71.712  21.693 0.1000000015
12700  33.829  -70.688  20.294 0.1000000015
12717  35.629  -69.822  19.554 0.1000000015
12730  37.346  -70.782  18.394 0.1000000015
120869  35.832  -69.925  17.501 0.1000000015
9197  39.230  -74.857  17.569 0.1000000015
10844  38.514  -72.722  17.735 0.1000000015
10845  37.866  -72.295  17.204 0.1000000015
11756  37.036  -70.948  17.443 0.1000000015
120717  39.723  -75.160  18.246 0.1000000015
8456  40.780  -76.454  16.460 0.1000000015
6991  40.444  -78.047  16.793 0.1000000015
8350  33.067  -75.021  26.027 0.1000000015
113931  32.686  -73.927  25.304 0.1000000015
9117  33.010  -74.749  25.464 0.1000000015
10730  32.417  -72.096  24.767 0.1000000015
11657  32.328  -71.105  24.435 0.1000000015
112618  32.543  -73.639  24.437 0.1000000015
121586  32.407  -72.751  24.138 0.1000000015
10734  32.380  -71.815  23.846 0.1000000015
10744  32.427  -71.541  23.028 0.1000000015
129795  32.548  -70.824  22.940 0.1000000015
12678  33.056  -70.889  21.760 0.1000000015
113353  33.738  -70.570  21.224 0.1000000015
112866  35.039  -69.963  20.146 0.1000000015
12699  34.431  -70.301  20.682 0.1000000015
11739  37.724  -71.148  19.453 0.1000000015
12696  36.965  -70.672  20.091 0.1000000015
12716  36.401  -70.166  19.617 0.1000000015
9196  39.449  -74.178  18.224 0.1000000015
9973  39.532  -73.712  19.094 0.1000000015
11748  38.049  -71.544  18.547 0.1000000015
12731  36.256  -69.874  18.862 0.1000000015
8431  40.939  -76.626  19.016 0.1000000015
9186  40.002  -74.873  19.064 0.1000000015
10830  37.685  -71.502  17.734 0.1000000015
7671  41.037  -77.052  18.386 0.1000000015
7672  40.532  -77.051  18.240 0.1000000015
116733  32.513  -72.636  26.508 0.1000000015
123801  32.483  -72.409  25.671 0.1000000015
11649  32.401  -71.373  25.479 0.1000000015
12626  32.457  -70.246  24.087 0.1000000015
11674  32.395  -70.913  23.581 0.1000000015
12646  33.082  -69.873  23.130 0.1000000015
12661  33.443  -70.059  22.604 0.1000000015
12660  34.099  -70.041  22.425 0.1000000015
113355  34.460  -70.301  21.717 0.1000000015
12697  36.761  -71.036  21.149 0.1000000015
114626  36.020  -70.285  20.460 0.1000000015
11726  38.335  -71.864  20.132 0.1000000015
11727  37.590  -71.437  20.712 0.1000000015
11738  38.354  -71.801  19.260 0.1000000015
8432  40.258  -76.022  18.680 0.1000000015
7692  41.167  -77.134  17.818 0.1000000015
10725  32.484  -71.900  26.244 0.1000000015
13661  32.915  -69.608  26.044 0.1000000015
12611  32.402  -70.414  24.965 0.1000000015
14704  34.017  -68.715  24.966 0.1000000015
13700  32.685  -69.685  24.654 0.1000000015
13716  33.538  -69.503  23.645 0.1000000015
13717  32.838  -69.705  23.828 0.1000000015
13726  33.782  -69.773  22.991 0.1000000015
115441  34.911  -70.249  22.546 0.1000000015
12677  35.413  -70.576  22.081 0.1000000015
112840  36.024  -70.745  21.544 0.1000000015
10828  39.149  -72.915  19.118 0.1000000015
119004  38.796  -72.583  20.523 0.1000000015
8422  40.542  -75.872  19.390 0.1000000015
9957  39.905  -74.259  20.015 0.1000000015
119436  41.232  -75.351  16.488 0.1000000015
9214  40.710  -74.618  15.971 0.1000000015
14703  34.905  -68.611  24.828 0.1000000015
13699  33.355  -69.246  24.421 0.1000000015
13698  34.362  -69.131  24.170 0.1000000015
13715  35.791  -69.663  23.668 0.1000000015
12645  34.426  -69.612  23.412 0.1000000015
12644  35.246  -70.062  23.202 0.1000000015
12659  35.772  -70.668  22.856 0.1000000015
11711  36.616  -71.371  22.026 0.1000000015
11710  37.320  -71.896  21.927 0.1000000015
9195  42.270  -75.295  17.551 0.1000000015
7653  41.439  -76.450  19.157 0.1000000015
10800  39.367  -73.230  20.099 0.1000000015
9204  41.974  -75.158  16.930 0.1000000015
13697  35.377  -69.056  24.220 0.1000000015
115951  36.886  -70.820  23.396 0.1000000015
13714  36.619  -69.795  23.668 0.1000000015
11693  38.021  -72.155  23.010 0.1000000015
11672  37.379  -71.603  23.118 0.1000000015
12643  36.117  -70.485  23.297 0.1000000015
9904  38.838  -73.176  22.430 0.1000000015
11695  36.967  -71.620  22.653 0.1000000015
135605  41.955  -76.195  18.789 0.1000000015
8429  42.084  -76.030  19.436 0.1000000015
8421  41.093  -76.209  19.849 0.1000000015
117596  40.488  -75.342  20.145 0.1000000015
9167  40.250  -74.692  20.845 0.1000000015
10003  42.101  -74.100  16.609 0.1000000015
133442  41.093  -75.895  20.592 0.1000000015
10758  39.527  -73.017  22.569 0.1000000015
11694  37.661  -72.125  22.674 0.1000000015
9920  39.513  -74.064  22.068 0.1000000015
10781  37.943  -72.496  22.229 0.1000000015
8405  41.304  -75.621  21.023 0.1000000015
9156  40.138  -74.640  21.747 0.1000000015
9937  38.964  -73.359  21.545 0.1000000015
9166  40.720  -75.253  21.093 0.1000000015
9936  39.750  -74.011  21.059 0.1000000015
9240  28.584  -74.533  12.125 0.1000000015
11809  27.996  -71.752  13.470 0.1000000015
10918  27.508  -72.107  13.005 0.1000000015
11819  27.413  -71.429  12.737 0.1000000015
12867  31.564  -70.516  8.200 0.1000000015
12803  27.753  -70.648  12.553 0.1000000015
12866  32.271  -70.947  8.398 0.1000000015
120458  28.598  -69.348  10.845 0.1000000015
12812  28.197  -70.119  12.262 0.1000000015
121805  29.049  -68.923  10.057 0.1000000015
13867  27.939  -69.016  9.155 0.1000000015
3165  34.197  -84.231  15.766 0.1000000015
123737  27.439  -72.582  12.729 0.1000000015
10046  28.301  -73.836  12.869 0.1000000015
134521  26.971  -70.465  11.756 0.1000000015
3776  35.051  -83.299  15.797 0.1000000015
5074  32.877  -80.251  14.573 0.1000000015
118158  30.304  -76.577  13.970 0.1000000015
7751  29.763  -76.010  13.427 0.1000000015
12829  32.366  -70.455  10.601 0.1000000015
13831  29.961  -69.529  11.327 0.1000000015
4433  34.587  -82.361  15.525 0.1000000015
4414  34.875  -81.843  16.399 0.1000000015
5058  33.421  -80.430  15.513 0.1000000015
6338  32.296  -78.716  15.204 0.1000000015
134374  32.161  -79.178  13.817 0.1000000015
6324  32.735  -78.760  15.904 0.1000000015
6339  31.778  -78.055  15.114 0.1000000015
8471  30.162  -75.409  15.541 0.1000000015
10027  29.121  -74.244  15.092 0.1000000015
12801  29.513  -70.101  12.941 0.1000000015
12802  28.536  -70.432  12.944 0.1000000015
11838  33.032  -71.039  11.315 0.1000000015
6995  32.376  -77.462  16.451 0.1000000015
6996  31.753  -76.753  16.267 0.1000000015
7728  30.653  -76.124  15.530 0.1000000015
131736  36.084  -81.721  18.189 0.1000000015
12785  28.909  -71.000  14.390 0.1000000015
11781  29.288  -71.540  15.589 0.1000000015
12784  29.565  -70.615  14.359 0.1000000015
12791  31.334  -70.527  13.629 0.1000000015
5667  34.428  -79.477  17.869 0.1000000015
5021  34.862  -79.927  18.339 0.1000000015
7716  32.355  -76.634  16.930 0.1000000015
8449  31.685  -75.239  17.104 0.1000000015
10862  29.904  -71.964  16.536 0.1000000015
12790  32.147  -70.888  13.770 0.1000000015
4993  36.788  -81.198  20.988 0.1000000015
6306  33.837  -78.180  17.912 0.1000000015
6297  34.266  -78.180  18.520 0.1000000015
6974  33.887  -77.499  18.376 0.1000000015
8434  32.880  -75.152  18.058 0.1000000015
9199  31.809  -74.475  17.515 0.1000000015
9992  32.004  -73.736  17.874 0.1000000015
9994  30.755  -72.768  17.293 0.1000000015
114250  31.652  -70.550  14.992 0.1000000015
10034  34.619  -73.445  13.244 0.1000000015
10057  34.766  -73.531  11.808 0.1000000015
10076  34.937  -73.559  10.691 0.1000000015
114106  34.250  -77.752  21.119 0.1000000015
6296  34.570  -78.245  19.113 0.1000000015
4319  37.481  -81.564  22.777 0.1000000015
116384  36.024  -80.294  21.106 0.1000000015
5625  35.426  -79.635  20.422 0.1000000015
114325  33.709  -76.145  18.761 0.1000000015
9187  33.501  -74.530  19.137 0.1000000015
9188  33.107  -74.498  18.549 0.1000000015
10846  31.178  -72.037  17.546 0.1000000015
12773  32.229  -70.458  15.564 0.1000000015
10891  34.551  -72.559  14.183 0.1000000015
10033  34.884  -74.031  12.979 0.1000000015
7621  33.599  -76.366  21.072 0.1000000015
124218  33.552  -74.908  20.327 0.1000000015
10816  33.355  -73.175  19.433 0.1000000015
11741  32.923  -71.647  18.778 0.1000000015
12747  33.061  -70.042  17.390 0.1000000015
10025  35.484  -73.851  14.281 0.1000000015
9231  35.313  -74.528  13.215 0.1000000015
6942  33.775  -77.441  22.525 0.1000000015
6934  33.796  -77.226  23.304 0.1000000015
9922  32.614  -73.445  21.745 0.1000000015
10801  33.319  -72.388  20.426 0.1000000015
12733  33.360  -69.995  18.193 0.1000000015
13774  33.920  -69.607  18.170 0.1000000015
11776  36.324  -71.903  15.934 0.1000000015
8481  36.037  -75.384  14.019 0.1000000015
8489  35.702  -75.192  13.361 0.1000000015
8488  36.238  -76.059  13.366 0.1000000015
7749  36.595  -76.861  12.927 0.1000000015
6933  34.508  -77.652  24.032 0.1000000015
8393  32.710  -75.141  22.393 0.1000000015
13765  34.778  -69.673  19.285 0.1000000015
10016  36.501  -73.672  15.330 0.1000000015
7015  37.318  -77.896  13.751 0.1000000015
118243  36.549  -76.266  14.168 0.1000000015
8480  36.899  -76.502  14.786 0.1000000015
7028  38.061  -78.778  13.402 0.1000000015
9137  32.565  -74.661  23.137 0.1000000015
9990  38.770  -73.719  17.447 0.1000000015
8457  38.271  -75.318  16.504 0.1000000015
118957  37.524  -73.725  16.172 0.1000000015
10006  37.030  -73.295  15.879 0.1000000015
10861  36.941  -72.536  16.152 0.1000000015
11763  37.302  -71.678  16.988 0.1000000015
12744  36.544  -70.176  17.985 0.1000000015
121417  38.434  -76.263  16.518 0.1000000015
9207  37.754  -74.586  16.201 0.1000000015
7693  40.522  -77.529  17.651 0.1000000015
114292  38.976  -78.306  16.314 0.1000000015
121481  37.135  -75.061  15.518 0.1000000015
8468  37.220  -76.126  15.359 0.1000000015
6982  40.732  -77.543  17.296 0.1000000015
7003  38.108  -78.363  15.254 0.1000000015
7014  37.786  -78.396  14.481 0.1000000015
6382  39.413  -79.033  12.987 0.1000000015
6366  38.895  -79.309  13.521 0.1000000015
12715  36.979  -70.414  19.161 0.1000000015
9974  39.086  -73.196  18.327 0.1000000015
10829  38.621  -72.343  18.628 0.1000000015
8455  41.446  -76.295  17.007 0.1000000015
122503  33.584  -70.350  22.020 0.1000000015
12698  35.215  -70.298  21.087 0.1000000015
8430  41.585  -76.604  18.357 0.1000000015
8444  41.744  -76.235  17.611 0.1000000015
124464  38.230  -72.379  21.361 0.1000000015
11673  36.552  -71.197  23.060 0.1000000015
13847  37.142  -69.376  10.676 0.4000000060
124986  39.597  -71.135  10.549 0.3000000119
12825  39.204  -70.497  10.495 0.3000000119
13845  38.684  -69.793  10.439 0.3000000119
127118  37.974  -69.264  10.416 0.4000000060
123059  37.379  -68.615  10.378 0.4000000060
14839  39.197  -69.383  10.181 0.3000000119
14841  38.197  -68.617  10.087 0.4000000060
13922  45.034  -69.254  6.226 0.1000000015
13920  46.454  -68.931  7.683 0.2000000030
15864  45.237  -68.131  8.248 0.3000000119
18601  39.383  -64.242  8.854 0.4000000060
11835  39.364  -72.003  10.571 0.3000000119
15866  42.850  -67.845  8.543 0.4000000060
15867  41.798  -67.406  8.591 0.4000000060
14862  45.868  -68.954  8.449 0.2000000030
15865  44.033  -67.952  8.367 0.3000000119
16749  42.365  -66.784  8.230 0.4000000060
16750  41.492  -66.510  8.406 0.4000000060
16752  39.831  -65.947  8.659 0.4000000060
119056  43.309  -69.360  5.662 0.1000000015
135649  46.397  -68.616  7.734 0.3000000119
16751  40.676  -66.242  8.536 0.4000000060
17679  40.542  -65.331  8.444 0.4000000060
14903  44.817  -68.955  5.313 0.1000000015
19586  39.388  -63.387  9.137 0.5000000000
15877  46.419  -68.292  7.262 0.2000000030
15879  45.644  -67.616  7.712 0.3000000119
16748  43.367  -67.097  8.052 0.3000000119
121688  41.221  -65.807  8.329 0.4000000060
19587  38.764  -62.811  9.643 0.4000000060
19570  38.151  -62.439  10.375 0.4000000060
16762  42.842  -66.182  7.721 0.4000000060
17677  41.955  -65.806  8.022 0.4000000060
18599  40.927  -64.532  8.284 0.4000000060
120175  40.633  -63.736  8.502 0.4000000060
18600  40.169  -64.478  8.566 0.5000000000
14921  44.674  -68.627  4.140 0.2000000030
14901  46.118  -68.108  5.936 0.2000000030
15878  46.285  -67.931  7.501 0.2000000030
14884  46.392  -68.563  6.957 0.2000000030
16761  43.826  -66.484  7.492 0.3000000119
17689  43.326  -65.610  7.204 0.3000000119
14904  43.984  -69.100  4.353 0.1000000015
17691  41.926  -64.993  7.748 0.4000000060
15880  44.474  -67.342  7.855 0.3000000119
17690  42.525  -65.260  7.487 0.4000000060
133462  41.568  -64.421  7.881 0.4000000060
20667  39.602  -62.566  9.472 0.5000000000
21710  38.746  -61.867  10.812 0.4000000060
131773  41.221  -63.929  8.138 0.4000000060
19594  40.121  -63.117  8.940 0.5000000000
20666  40.380  -62.338  9.242 0.5000000000
20650  39.104  -62.123  10.106 0.4000000060
14902  45.353  -68.400  5.160 0.2000000030
15887  46.437  -67.816  6.565 0.2000000030
15888  46.417  -67.539  6.886 0.2000000030
16760  44.983  -66.813  7.293 0.4000000060
16772  45.459  -66.443  6.636 0.2000000030
133156  45.049  -65.740  6.215 0.4000000060
17701  43.649  -65.145  6.650 0.3000000119
20679  40.842  -62.835  8.689 0.5000000000
21747  39.928  -61.885  9.843 0.5000000000
21709  39.260  -61.660  11.275 0.4000000060
17700  44.330  -65.133  6.161 0.4000000060
18616  43.002  -64.722  6.941 0.4000000060
15902  46.345  -67.371  5.482 0.2000000030
134437  45.212  -68.278  4.353 0.2000000030
16770  46.434  -67.079  6.074 0.2000000030
21695  39.437  -61.943  12.024 0.4000000060
17699  45.912  -66.055  6.011 0.2000000030
18617  42.278  -64.292  7.382 0.4000000060
19609  41.773  -63.493  7.796 0.4000000060
16787  46.520  -66.564  4.856 0.2000000030
20635  38.635  -62.072  11.705 0.4000000060
20678  41.636  -62.503  8.327 0.5000000000
21746  40.735  -61.716  9.626 0.5000000000
15921  45.627  -67.496  3.203 0.2000000030
15911  45.690  -67.833  4.578 0.2000000030
19607  42.928  -63.737  6.846 0.4000000060
20694  42.317  -62.601  7.690 0.4000000060
21707  40.907  -61.350  11.110 0.5000000000
21694  40.479  -61.823  12.118 0.4000000060
20578  41.370  -62.739  15.414 0.4000000060
15943  45.268  -67.303  2.499 0.2000000030
16788  46.375  -66.408  5.622 0.2000000030
17712  46.247  -65.787  5.444 0.2000000030
18627  43.654  -64.306  6.331 0.4000000060
20677  41.841  -61.671  8.845 0.5000000000
113785  41.331  -61.360  10.154 0.5000000000
14950  43.685  -68.348  2.723 0.2000000030
18626  44.424  -64.489  5.790 0.4000000060
130134  42.362  -61.834  8.184 0.5000000000
20665  41.117  -62.042  8.960 0.5000000000
21708  40.002  -61.500  11.268 0.5000000000
131941  45.129  -67.096  2.374 0.2000000030
18531  41.123  -64.703  14.049 0.4000000060
19508  41.993  -64.064  15.577 0.2000000030
19529  39.759  -64.220  13.037 0.4000000060
20617  39.653  -63.109  12.505 0.4000000060
15910  46.181  -67.189  4.285 0.2000000030
17713  45.304  -65.121  5.533 0.4000000060
21693  41.429  -62.052  12.305 0.4000000060
20616  40.605  -63.077  12.537 0.4000000060
16817  45.784  -66.939  2.476 0.2000000030
17711  46.659  -65.916  4.871 0.2000000030
117812  46.313  -65.287  5.015 0.2000000030
16816  46.354  -66.694  3.215 0.2000000030
128873  41.333  -64.866  13.645 0.4000000060
124294  40.833  -64.098  12.832 0.4000000060
19545  41.866  -63.945  12.917 0.4000000060
20693  42.992  -62.657  7.100 0.3000000119
21745  42.008  -61.353  9.525 0.5000000000
115651  41.877  -61.351  10.968 0.5000000000
128003  41.592  -63.040  12.606 0.4000000060
18636  44.950  -64.143  5.381 0.4000000060
19613  43.570  -63.207  6.445 0.4000000060
21787  42.776  -61.951  7.605 0.4000000060
19612  44.196  -63.703  5.856 0.4000000060
21744  42.810  -61.245  9.808 0.5000000000
17731  46.840  -65.951  3.761 0.2000000030
127341  42.137  -61.653  11.844 0.5000000000
21692  42.965  -61.988  11.897 0.5000000000
21765  43.096  -61.358  8.084 0.4000000060
119771  42.677  -61.294  8.899 0.5000000000
21706  42.738  -61.538  11.233 0.5000000000
114407  43.668  -61.316  9.774 0.5000000000
119344  43.659  -61.137  8.923 0.5000000000
14840  38.637  -69.165  10.229 0.4000000060
15869  40.079  -66.810  8.790 0.4000000060
18532  40.540  -64.395  13.419 0.4000000060
18560  40.479  -64.358  13.212 0.4000000060
21720  43.442  -61.489  10.634 0.5000000000
122249  41.406  -71.261  10.451 0.3000000119
129985  40.832  -70.541  10.327 0.3000000119
13843  40.477  -70.048  10.201 0.2000000030
13862  39.952  -69.260  9.866 0.2000000030
10943  42.558  -73.037  10.492 0.2000000030
12823  42.363  -70.922  10.233 0.3000000119
13860  41.886  -69.925  9.758 0.3000000119
14852  41.659  -68.947  9.391 0.3000000119
12822  43.474  -71.112  10.036 0.2000000030
13859  43.574  -70.256  9.607 0.2000000030
14851  42.618  -69.457  9.440 0.2000000030
13875  45.882  -69.678  8.395 0.2000000030
128697  43.142  -67.052  3.445 0.1000000015
16820  42.435  -66.660  3.910 0.1000000015
113296  49.936  -61.206  4.241 0.1000000015
127257  40.675  -74.091  10.686 0.1000000015
11834  40.409  -71.614  10.539 0.2000000030
12824  40.217  -70.672  10.447 0.2000000030
124938  41.535  -72.496  10.568 0.2000000030
8513  41.088  -75.821  10.689 0.1000000015
10071  42.300  -74.090  10.257 0.1000000015
124563  42.142  -73.541  10.475 0.2000000030
9255  41.998  -74.597  10.242 0.1000000015
9254  42.422  -74.193  10.117 0.1000000015
14949  44.161  -68.499  2.757 0.1000000015
15923  43.768  -67.505  2.860 0.1000000015
18648  47.684  -64.954  3.315 0.1000000015
19623  47.845  -64.122  3.568 0.1000000015
117579  47.859  -63.232  3.850 0.1000000015
116194  47.476  -62.374  4.321 0.1000000015
18669  48.327  -64.587  2.563 0.1000000015
20732  48.492  -62.620  3.795 0.1000000015
21855  48.223  -61.617  4.411 0.1000000015
21830  47.187  -61.420  4.907 0.1000000015
21854  49.236  -61.809  3.848 0.1000000015
21829  48.317  -60.906  5.152 0.1000000015
22911  48.056  -60.944  6.618 0.1000000015
21804  49.472  -61.388  7.035 0.1000000015
21805  48.684  -61.562  7.610 0.1000000015
10944  41.105  -73.320  10.588 0.2000000030
10072  41.770  -74.215  10.464 0.1000000015
19616  45.512  -63.643  5.049 0.1000000015
20703  43.711  -62.173  6.654 0.3000000119
17748  46.806  -66.040  2.380 0.1000000015
17747  47.369  -65.597  2.965 0.1000000015
17730  46.965  -65.230  4.216 0.1000000015
19625  46.012  -63.038  4.830 0.1000000015
21832  45.530  -61.675  5.702 0.2000000030
21808  44.435  -61.822  6.345 0.3000000119
21764  44.083  -60.987  7.992 0.3000000119
118835  44.787  -61.238  9.031 0.3000000119
16819  43.490  -66.420  3.552 0.1000000015
17764  46.563  -65.785  1.848 0.1000000015
19624  46.990  -63.303  4.320 0.1000000015
21831  46.238  -61.630  5.304 0.1000000015
21833  45.016  -61.593  6.101 0.2000000030
21763  45.333  -61.112  8.365 0.3000000119
17763  47.219  -65.451  1.825 0.1000000015
22912  46.867  -60.787  6.232 0.1000000015
21784  46.736  -61.164  7.700 0.2000000030
21742  46.052  -61.723  9.298 0.3000000119
21783  47.916  -61.675  8.131 0.1000000015
21761  48.493  -62.281  9.084 0.2000000030
21741  47.388  -62.366  9.535 0.4000000060
128534  49.642  -61.728  7.900 0.1000000015
20676  49.369  -62.139  9.003 0.1000000015
20663  48.926  -62.305  9.500 0.3000000119
8478  39.178  -75.741  14.689 0.1000000015
8479  38.679  -76.005  13.808 0.1000000015
132680  43.434  -61.783  11.369 0.4000000060
21743  44.383  -61.376  9.614 0.4000000060
21719  44.548  -61.726  10.428 0.4000000060
21718  46.600  -62.540  10.114 0.4000000060
20648  45.652  -62.418  10.555 0.4000000060
20647  47.466  -63.271  10.689 0.5000000000
20664  48.394  -62.616  9.903 0.3000000119
20646  48.171  -62.968  10.576 0.5000000000
21739  49.586  -61.786  8.810 0.2000000030
20629  48.405  -62.548  10.538 0.4000000060
22895  50.545  -61.138  7.318 0.1000000015
22878  50.018  -61.403  8.171 0.1000000015
22864  49.313  -61.446  9.329 0.2000000030
21740  49.158  -62.085  9.455 0.2000000030
22927  51.125  -60.438  5.974 0.1000000015
23934  50.821  -60.693  6.880 0.1000000015
22879  49.611  -61.243  8.880 0.2000000030
22950  51.515  -59.962  5.006 0.1000000015
112576  50.978  -60.242  6.337 0.1000000015
20615  43.214  -62.820  12.379 0.4000000060
131237  42.401  -63.100  12.632 0.3000000119
20649  45.039  -62.371  11.028 0.4000000060
21705  44.223  -61.990  11.199 0.4000000060
20633  44.862  -62.913  11.602 0.4000000060
129984  46.558  -63.100  10.693 0.4000000060
19569  47.760  -63.451  11.192 0.4000000060
20631  46.996  -63.729  11.167 0.4000000060
20630  48.106  -63.079  11.084 0.5000000000
22843  48.868  -61.623  9.932 0.3000000119
21715  48.798  -62.201  10.065 0.4000000060
21703  48.049  -62.217  11.215 0.4000000060
23937  48.240  -59.496  7.453 0.2000000030
23936  49.549  -60.132  7.740 0.2000000030
22865  48.619  -60.785  9.737 0.2000000030
23967  50.559  -59.531  5.933 0.1000000015
113930  50.199  -59.948  6.997 0.2000000030
24036  48.117  -58.770  1.527 0.1000000015
19543  43.961  -63.814  12.493 0.4000000060
19544  42.888  -63.785  12.798 0.4000000060
19542  45.026  -63.891  12.064 0.4000000060
19558  46.758  -64.192  11.615 0.4000000060
19559  45.810  -63.860  11.606 0.4000000060
19556  47.653  -63.470  11.413 0.4000000060
19557  47.386  -63.983  11.704 0.4000000060
20612  47.798  -62.885  11.565 0.3000000119
21704  47.264  -61.375  11.618 0.4000000060
21689  47.459  -62.194  11.783 0.4000000060
22866  47.608  -60.334  9.963 0.3000000119
22844  48.217  -60.943  10.426 0.3000000119
21716  48.472  -61.814  10.572 0.4000000060
23948  48.891  -59.416  6.838 0.2000000030
119199  47.539  -59.506  7.851 0.2000000030
23901  48.046  -60.197  9.223 0.2000000030
22880  49.123  -60.694  9.080 0.2000000030
24924  49.305  -59.128  6.085 0.2000000030
133178  46.910  -58.646  -0.463 0.1000000015
24035  48.872  -58.334  1.724 0.1000000015
18559  41.350  -64.591  13.321 0.3000000119
118537  43.508  -64.633  12.923 0.4000000060
18557  45.122  -65.053  12.498 0.4000000060
18556  46.436  -65.196  12.395 0.4000000060
19541  46.205  -64.705  11.909 0.4000000060
18570  46.957  -64.711  11.997 0.4000000060
124127  47.262  -63.622  12.249 0.4000000060
19540  47.171  -64.342  12.116 0.4000000060
20613  47.350  -62.864  12.106 0.4000000060
23882  45.673  -59.758  10.369 0.3000000119
22846  46.356  -60.099  10.951 0.3000000119
22827  46.103  -60.212  11.654 0.3000000119
22814  46.561  -60.788  11.865 0.3000000119
21690  46.724  -61.652  12.231 0.3000000119
24911  46.218  -58.485  7.199 0.2000000030
23938  46.613  -59.272  7.779 0.2000000030
23903  45.852  -59.622  9.497 0.3000000119
23881  46.610  -60.004  10.171 0.2000000030
22845  47.262  -60.466  10.695 0.3000000119
22825  47.796  -61.168  11.050 0.3000000119
23949  47.758  -58.928  6.642 0.2000000030
23902  46.915  -59.865  9.350 0.2000000030
24925  48.303  -58.786  6.174 0.2000000030
17605  42.251  -65.724  13.866 0.3000000119
16684  43.142  -66.788  13.827 0.3000000119
17625  42.921  -66.016  13.546 0.3000000119
18546  42.888  -65.212  13.320 0.4000000060
18558  42.373  -64.591  13.185 0.3000000119
17641  46.139  -65.983  12.678 0.3000000119
17642  45.137  -66.184  12.819 0.4000000060
116109  46.489  -65.648  12.810 0.4000000060
17622  46.470  -65.526  12.688 0.4000000060
18544  46.635  -64.893  12.642 0.4000000060
18555  46.603  -64.909  12.303 0.4000000060
126621  46.038  -63.155  13.186 0.3000000119
19526  46.721  -63.861  12.671 0.4000000060
23848  44.414  -59.740  12.188 0.3000000119
22816  44.973  -60.113  12.690 0.2000000030
22809  45.280  -60.714  12.961 0.2000000030
20601  45.570  -62.232  13.337 0.2000000030
20600  46.515  -62.682  12.680 0.3000000119
23883  44.768  -59.632  10.523 0.3000000119
22828  45.314  -59.918  11.980 0.3000000119
22815  45.862  -60.593  12.366 0.2000000030
24912  45.378  -58.247  7.592 0.2000000030
24873  44.321  -59.099  9.139 0.3000000119
23904  44.922  -59.513  9.687 0.3000000119
18530  41.863  -65.390  14.217 0.3000000119
19527  46.147  -64.067  13.297 0.3000000119
21671  44.258  -61.287  14.157 0.2000000030
125709  44.810  -62.017  13.859 0.2000000030
128010  45.179  -63.006  13.885 0.2000000030
22811  43.902  -60.004  13.714 0.2000000030
22810  44.554  -60.448  13.453 0.2000000030
21680  45.064  -61.308  13.446 0.2000000030
18519  41.699  -64.627  14.770 0.2000000030
24962  51.734  -59.104  3.716 0.1000000015
24892  44.603  -58.775  8.587 0.3000000119
24926  47.500  -58.195  5.969 0.2000000030
14854  39.045  -68.694  9.836 0.3000000119
13861  40.961  -69.552  9.789 0.3000000119
14850  43.631  -69.416  9.219 0.2000000030
10945  39.877  -73.077  10.616 0.2000000030
13844  39.630  -69.929  10.322 0.2000000030
18635  45.947  -64.536  4.889 0.1000000015
20702  44.228  -62.724  6.075 0.3000000119
134757  46.604  -64.508  4.511 0.1000000015
19617  44.803  -63.242  5.526 0.3000000119
20717  44.948  -62.304  5.710 0.2000000030
11833  42.481  -72.231  10.528 0.2000000030
13842  41.288  -70.365  10.163 0.3000000119
11832  43.401  -71.950  10.399 0.1000000015
12845  42.728  -70.309  9.792 0.2000000030
124609  40.427  -72.457  10.569 0.2000000030
20750  48.661  -63.748  3.258 0.1000000015
127197  47.134  -64.374  4.124 0.1000000015
20733  46.529  -62.296  4.752 0.1000000015
22929  47.510  -60.817  5.647 0.1000000015
22896  47.335  -61.044  7.194 0.1000000015
20716  45.735  -62.293  5.249 0.2000000030
122095  44.792  -60.963  7.546 0.3000000119
21806  46.064  -61.109  5.902 0.2000000030
115407  45.735  -60.955  7.650 0.3000000119
112998  45.341  -61.750  9.890 0.4000000060
22897  46.085  -60.850  6.793 0.3000000119
21762  46.807  -61.588  8.573 0.3000000119
20634  43.805  -62.390  11.773 0.4000000060
20632  45.939  -63.232  11.147 0.4000000060
23935  50.383  -60.808  7.654 0.2000000030
23916  49.770  -60.778  8.432 0.2000000030
20614  44.154  -63.107  12.114 0.4000000060
23917  47.313  -59.710  8.561 0.2000000030
17643  43.939  -65.644  13.105 0.4000000060
23862  45.497  -59.856  11.185 0.3000000119
23939  45.833  -58.924  7.790 0.2000000030
23918  46.061  -59.427  8.531 0.2000000030
17624  44.271  -66.862  13.283 0.4000000060
22817  44.047  -59.790  13.035 0.2000000030
21691  45.826  -61.486  12.835 0.2000000030
16698  45.259  -67.920  13.487 0.3000000119
17604  42.481  -66.185  14.099 0.2000000030
17603  43.065  -66.855  14.309 0.2000000030
12844  44.318  -71.129  9.696 0.1000000015
11849  44.421  -71.660  9.702 0.1000000015
12843  45.047  -71.048  9.327 0.1000000015
13858  44.677  -70.212  9.298 0.1000000015
12857  45.510  -70.272  8.575 0.1000000015
13876  45.302  -69.618  8.754 0.1000000015
13857  45.408  -70.419  8.862 0.1000000015
19502  42.160  -63.454  16.361 0.1000000015
18511  43.203  -65.035  17.031 0.1000000015
18517  42.942  -65.403  15.905 0.1000000015
17586  42.573  -65.919  14.780 0.1000000015
17585  43.274  -66.558  15.343 0.1000000015
16668  43.903  -67.682  14.760 0.1000000015
16683  43.853  -67.712  14.022 0.1000000015
16699  44.165  -67.632  13.687 0.2000000030
15801  45.638  -69.304  14.566 0.2000000030
17623  46.236  -66.475  13.041 0.2000000030
14806  46.001  -69.428  14.105 0.2000000030
15824  45.890  -68.955  13.653 0.2000000030
16697  46.083  -68.060  13.640 0.2000000030
128812  45.751  -67.009  13.004 0.2000000030
16666  46.474  -69.103  14.804 0.2000000030
14819  46.158  -69.098  13.749 0.2000000030
17601  46.113  -67.455  13.530 0.2000000030
18545  46.309  -65.112  13.285 0.2000000030
19528  45.207  -64.147  14.117 0.1000000015
15800  46.111  -69.450  14.617 0.2000000030
18528  46.339  -66.126  13.235 0.2000000030
18529  45.280  -65.190  14.354 0.1000000015
115027  44.570  -64.188  14.918 0.1000000015
18518  42.292  -64.945  15.259 0.1000000015
119851  42.501  -63.517  17.234 0.1000000015
18512  42.645  -64.317  16.420 0.1000000015
18504  42.969  -64.173  17.609 0.1000000015
17578  43.557  -66.050  16.502 0.1000000015
15818  44.924  -68.436  13.809 0.2000000030
16667  46.280  -68.051  14.360 0.2000000030
24874  43.567  -58.711  9.323 0.2000000030
23905  44.062  -59.356  9.850 0.2000000030
24893  43.984  -58.393  8.694 0.2000000030
24875  42.773  -58.284  9.509 0.2000000030
23864  43.688  -59.545  11.504 0.2000000030
24856  43.212  -59.047  10.021 0.2000000030
23885  42.925  -59.282  10.838 0.2000000030
25906  43.272  -57.925  8.877 0.2000000030
23863  44.621  -59.691  11.362 0.2000000030
24846  42.050  -58.920  11.110 0.1000000015
24857  42.393  -58.622  10.290 0.2000000030
23865  42.723  -59.347  11.676 0.2000000030
23849  43.456  -59.551  12.327 0.2000000030
24858  41.523  -58.243  10.637 0.1000000015
24847  41.235  -58.508  11.471 0.1000000015
23866  41.856  -59.047  11.932 0.1000000015
25893  40.599  -57.121  10.918 0.1000000015
26926  40.869  -56.358  10.469 0.1000000015
127285  45.728  -69.322  15.188 0.1000000015
118929  43.212  -59.547  12.990 0.1000000015
116549  41.100  -58.640  12.292 0.1000000015
23850  42.578  -59.342  12.501 0.1000000015
25889  40.171  -57.316  11.695 0.1000000015
24848  40.496  -58.141  11.910 0.1000000015
26921  39.851  -56.470  12.024 0.1000000015
25886  39.740  -57.073  12.452 0.1000000015
114804  40.286  -54.874  12.127 0.1000000015
16652  46.782  -68.689  16.178 0.1000000015
15779  47.241  -68.566  16.807 0.1000000015
114813  46.314  -69.125  15.584 0.1000000015
22805  43.932  -60.475  14.075 0.1000000015
23839  43.322  -59.684  13.618 0.1000000015
23841  41.749  -58.900  13.433 0.1000000015
23840  42.492  -59.287  13.365 0.1000000015
25880  40.083  -57.779  13.178 0.1000000015
113625  40.120  -55.045  12.985 0.1000000015
27968  39.766  -55.845  13.328 0.1000000015
131320  47.412  -68.487  16.903 0.1000000015
17583  46.481  -68.019  15.401 0.1000000015
23832  42.829  -59.587  15.012 0.1000000015
114763  43.391  -59.986  14.394 0.1000000015
24800  41.874  -58.478  15.292 0.1000000015
23833  42.263  -58.993  14.762 0.1000000015
114750  42.717  -59.416  14.195 0.1000000015
24801  41.058  -57.878  15.139 0.1000000015
24818  41.533  -58.560  14.601 0.1000000015
26871  40.754  -56.356  15.479 0.1000000015
25846  40.576  -57.122  15.226 0.1000000015
24832  40.510  -58.149  13.664 0.1000000015
24819  40.865  -58.216  14.389 0.1000000015
27923  41.144  -55.502  15.498 0.1000000015
26889  40.222  -56.643  14.765 0.1000000015
27924  40.476  -55.811  14.910 0.1000000015
17575  47.333  -67.924  16.603 0.1000000015
22806  43.634  -60.829  14.730 0.1000000015
27907  42.456  -55.588  16.485 0.1000000015
25845  41.152  -57.048  15.776 0.1000000015
27922  41.931  -55.128  15.975 0.1000000015
21672  43.861  -61.690  14.907 0.1000000015
25891  41.980  -57.842  9.822 0.1000000015
25892  41.269  -57.265  10.311 0.1000000015
25866  39.737  -56.946  14.064 0.1000000015
120446  40.199  -55.229  13.727 0.1000000015
24992  46.351  -57.976  2.467 0.1000000015
24978  46.049  -58.341  3.169 0.1000000015
24993  45.885  -58.566  2.297 0.1000000015
25013  45.584  -58.375  0.995 0.1000000015
24038  43.982  -59.379  0.327 0.1000000015
116282  42.753  -59.992  -0.954 0.1000000015
21948  40.953  -60.915  -1.990 0.1000000015
26007  46.888  -57.226  1.959 0.1000000015
25995  46.544  -57.523  2.971 0.1000000015
24037  44.714  -59.130  1.024 0.1000000015
116950  44.501  -58.777  -0.216 0.1000000015
27022  46.004  -56.852  4.092 0.1000000015
27012  46.303  -55.647  4.069 0.1000000015
27031  47.942  -55.623  2.224 0.1000000015
26006  47.680  -56.388  1.337 0.1000000015
25012  46.353  -57.771  1.442 0.1000000015
23998  45.447  -59.151  3.250 0.1000000015
29142  47.400  -54.630  3.813 0.1000000015
28085  48.005  -54.926  2.973 0.1000000015
25984  45.509  -57.596  4.394 0.1000000015
27013  45.496  -56.385  4.537 0.1000000015
27014  44.889  -55.967  5.077 0.1000000015
25985  44.787  -57.301  5.075 0.1000000015
26996  44.201  -56.640  5.548 0.1000000015
27032  47.187  -56.516  2.613 0.1000000015
20822  39.959  -61.741  -2.087 0.1000000015
3119  36.446  -83.803  19.009 0.1000000015
3135  36.284  -83.848  18.499 0.1000000015
3182  33.730  -83.946  14.980 0.1000000015
3681  37.119  -82.376  22.455 0.1000000015
3709  37.094  -83.060  20.510 0.1000000015
3753  36.089  -83.298  17.175 0.1000000015
3766  35.605  -83.292  16.506 0.1000000015
5040  35.552  -81.342  17.785 0.1000000015
5057  34.536  -80.813  16.789 0.1000000015
5668  33.809  -78.960  17.441 0.1000000015
6277  34.942  -78.879  20.585 0.1000000015
6323  33.254  -78.687  16.687 0.1000000015
6354  38.553  -79.159  14.168 0.1000000015
6356  31.963  -78.632  14.470 0.1000000015
6365  39.270  -79.211  13.550 0.1000000015
6383  39.119  -79.218  12.899 0.1000000015
6920  34.059  -76.929  24.255 0.1000000015
6941  34.211  -77.913  23.047 0.1000000015
6973  34.271  -77.541  18.941 0.1000000015
6983  40.341  -78.005  17.126 0.1000000015
6993  39.587  -78.692  16.150 0.1000000015
7002  38.811  -78.709  15.681 0.1000000015
7027  39.520  -78.943  13.535 0.1000000015
7696  33.564  -76.751  18.222 0.1000000015
7711  41.213  -76.969  17.382 0.1000000015
7712  40.909  -77.289  16.920 0.1000000015
7715  37.960  -76.713  15.868 0.1000000015
7727  31.199  -76.759  15.585 0.1000000015
8443  42.172  -75.828  18.143 0.1000000015
8472  29.585  -75.188  14.840 0.1000000015
8512  41.620  -75.184  10.287 0.1000000015
9157  32.903  -74.080  21.349 0.1000000015
9177  33.612  -74.659  19.794 0.1000000015
9198  32.493  -74.444  17.999 0.1000000015
9226  28.686  -73.819  14.514 0.1000000015
9232  28.993  -74.903  13.575 0.1000000015
9233  28.642  -74.229  13.691 0.1000000015
9272  42.084  -74.705  10.053 0.1000000015
9291  33.884  -75.153  7.252 0.1000000015
9881  32.584  -73.316  25.923 0.1000000015
9888  32.507  -73.042  25.047 0.1000000015
9893  32.417  -73.355  23.529 0.1000000015
9903  39.462  -73.732  22.311 0.1000000015
9921  39.008  -73.531  22.196 0.1000000015
9958  33.495  -73.915  19.654 0.1000000015
9975  33.291  -73.824  18.962 0.1000000015
10019  28.813  -73.410  15.207 0.1000000015
10028  28.498  -72.989  14.658 0.1000000015
10044  35.024  -74.031  12.327 0.1000000015
10048  27.090  -72.841  12.220 0.1000000015
10104  33.124  -74.645  7.077 0.1000000015
10759  38.291  -72.557  22.498 0.1000000015
10780  38.478  -73.046  22.175 0.1000000015
10815  38.793  -72.418  19.606 0.1000000015
10833  31.857  -72.175  18.069 0.1000000015
10847  30.542  -71.866  17.017 0.1000000015
10860  37.353  -72.268  16.630 0.1000000015
10863  29.330  -72.152  16.022 0.1000000015
10880  28.870  -72.165  15.448 0.1000000015
10901  38.295  -72.941  14.222 0.1000000015
10926  37.267  -72.671  11.638 0.2000000030
10947  37.769  -72.583  11.016 0.3000000119
11671  38.023  -71.508  23.217 0.1000000015
11751  31.642  -71.462  17.702 0.1000000015
11767  29.731  -71.493  16.093 0.1000000015
11774  40.270  -71.827  16.040 0.1000000015
11779  33.864  -71.048  14.903 0.1000000015
11794  28.852  -71.555  14.979 0.1000000015
11847  45.406  -70.968  8.946 0.1000000015
12647  32.655  -70.251  23.322 0.1000000015
12662  32.921  -70.422  22.554 0.1000000015
12676  36.230  -71.092  22.493 0.1000000015
12745  35.614  -69.634  18.198 0.1000000015
12765  30.512  -70.684  15.720 0.1000000015
12768  39.320  -70.885  15.798 0.1000000015
12770  37.698  -70.188  14.953 0.3000000119
12774  30.992  -70.515  15.339 0.1000000015
12813  27.533  -70.178  11.840 0.1000000015
12827  37.409  -70.688  10.813 0.4000000060
13679  33.195  -69.183  25.369 0.1000000015
13680  32.625  -69.876  25.502 0.1000000015
13773  34.641  -69.518  18.393 0.1000000015
13784  33.646  -69.738  17.708 0.1000000015
13796  38.626  -69.438  16.427 0.2000000030
13797  38.110  -69.059  16.120 0.3000000119
13821  29.704  -69.752  12.064 0.1000000015
13828  36.409  -69.439  11.127 0.5000000000
13830  30.725  -69.739  11.148 0.1000000015
13850  29.474  -69.290  10.748 0.1000000015
13866  28.722  -68.835  9.242 0.1000000015
13874  46.439  -69.096  8.089 0.3000000119
13899  46.241  -69.504  8.042 0.2000000030
13921  46.194  -69.186  7.392 0.2000000030
13938  44.126  -69.351  5.646 0.1000000015
14727  42.027  -68.243  22.402 0.1000000015
14834  35.491  -68.433  11.604 0.4000000060
14863  44.765  -68.759  8.625 0.1000000015
14885  45.707  -68.821  6.346 0.2000000030
14933  44.524  -68.539  3.097 0.1000000015
15695  43.558  -67.427  23.919 0.1000000015
15696  42.539  -67.069  24.083 0.1000000015
15698  40.778  -66.659  24.622 0.1000000015
15723  40.743  -67.524  22.763 0.1000000015
15771  37.854  -67.549  17.564 0.4000000060
15780  46.720  -68.693  16.437 0.1000000015
15781  45.249  -68.537  15.964 0.1000000015
15802  44.815  -68.564  14.341 0.2000000030
15803  36.347  -67.659  15.861 0.5000000000
15816  46.107  -69.351  13.970 0.2000000030
15817  45.667  -69.209  13.986 0.2000000030
15819  35.156  -67.620  14.730 0.5000000000
15826  34.502  -67.030  13.264 0.5000000000
15828  34.945  -68.167  12.157 0.4000000060
15863  46.167  -68.408  8.035 0.3000000119
15912  45.118  -68.206  3.563 0.2000000030
15922  44.870  -68.045  2.788 0.2000000030
15944  44.530  -67.732  2.617 0.2000000030
16538  33.838  -66.097  28.254 0.1000000015
16576  41.100  -66.558  24.149 0.1000000015
16578  39.648  -66.051  24.427 0.1000000015
16620  36.591  -66.208  19.274 0.2000000030
16649  37.016  -66.322  17.720 0.3000000119
16682  46.365  -68.754  13.914 0.2000000030
16728  34.611  -65.837  11.693 0.5000000000
16734  35.590  -65.657  10.517 0.6000000238
16742  36.781  -66.310  9.812 0.5000000000
16759  46.079  -67.184  7.127 0.2000000030
16771  46.255  -66.836  6.413 0.2000000030
16836  46.095  -66.327  2.159 0.3000000119
17454  35.216  -65.776  27.050 0.1000000015
17456  33.875  -65.397  27.800 0.1000000015
17490  39.344  -65.868  24.964 0.1000000015
17503  37.918  -64.849  24.884 0.1000000015
17560  35.945  -64.875  18.642 0.3000000119
17588  34.561  -65.138  15.388 0.5000000000
17671  36.744  -65.613  9.718 0.5000000000
17678  41.364  -65.162  8.125 0.4000000060
17680  39.586  -65.095  8.661 0.4000000060
17688  44.331  -65.924  6.794 0.4000000060
17749  45.317  -65.649  2.642 0.2000000030
18513  35.690  -64.709  16.742 0.4000000060
18533  34.368  -64.127  14.385 0.5000000000
18547  42.042  -65.222  13.572 0.3000000119
18571  35.141  -64.440  11.233 0.5000000000
18595  37.895  -64.549  9.340 0.5000000000
18596  37.085  -64.386  9.672 0.5000000000
18649  46.294  -63.879  4.578 0.1000000015
18706  48.188  -64.220  1.388 0.1000000015
19348  33.549  -63.239  27.564 0.1000000015
19468  42.739  -63.469  19.087 0.1000000015
19503  41.762  -63.320  15.691 0.4000000060
19517  40.122  -63.950  13.574 0.5000000000
19531  38.665  -63.441  12.968 0.5000000000
19539  47.543  -63.660  11.827 0.4000000060
19546  39.954  -64.122  12.837 0.4000000060
19548  36.058  -63.040  12.155 0.5000000000
19549  34.650  -63.751  13.033 0.5000000000
19571  37.275  -63.042  10.272 0.5000000000
19572  36.475  -63.501  10.534 0.5000000000
19588  37.584  -63.697  9.668 0.5000000000
19593  41.236  -63.305  8.295 0.4000000060
19595  39.937  -63.815  8.770 0.5000000000
19608  42.442  -63.344  7.324 0.4000000060
19660  49.130  -63.141  1.899 0.1000000015
19686  48.851  -63.211  1.780 0.1000000015
19687  48.423  -63.621  1.560 0.1000000015
20485  33.774  -62.442  21.233 0.2000000030
20495  42.455  -62.307  20.145 0.1000000015
20603  38.157  -63.038  13.085 0.5000000000
20620  37.290  -62.722  12.388 0.5000000000
20622  35.944  -62.763  12.812 0.5000000000
20645  48.669  -62.454  9.987 0.3000000119
20747  50.451  -61.704  2.858 0.1000000015
20770  46.960  -62.657  2.349 0.1000000015
20787  49.266  -62.591  2.043 0.1000000015
21481  34.111  -61.353  26.472 0.1000000015
21717  47.740  -62.886  10.214 0.4000000060
21721  42.105  -61.288  10.175 0.5000000000
21722  40.397  -61.502  10.387 0.5000000000
21723  39.557  -61.684  10.573 0.4000000060
21760  49.746  -61.766  8.425 0.1000000015
21782  49.206  -62.024  8.469 0.1000000015
21785  45.010  -61.109  6.776 0.2000000030
21786  43.405  -61.652  7.353 0.3000000119
21807  45.484  -61.230  6.231 0.2000000030
21809  44.167  -61.375  7.068 0.3000000119
21891  49.723  -61.843  2.265 0.1000000015
21911  49.584  -62.160  2.266 0.1000000015
21938  40.671  -61.366  -1.723 0.1000000015
21949  40.401  -61.344  -2.035 0.1000000015
22671  33.768  -60.243  22.570 0.1000000015
22826  46.886  -60.612  11.324 0.3000000119
22910  50.870  -60.927  6.769 0.1000000015
22930  46.690  -61.077  5.526 0.1000000015
23023  43.400  -59.579  -0.556 0.1000000015
23037  42.430  -60.165  -1.572 0.1000000015
23714  39.998  -59.820  21.345 0.1000000015
23770  38.851  -59.654  18.426 0.1000000015
23834  42.017  -58.970  14.043 0.1000000015
23851  41.803  -58.995  12.759 0.1000000015
23884  43.867  -59.481  10.662 0.2000000030
23919  45.105  -59.310  8.898 0.3000000119
23966  51.299  -59.893  5.520 0.1000000015
23982  51.642  -59.702  4.088 0.1000000015
23983  51.521  -59.469  4.516 0.1000000015
23997  51.728  -59.362  3.449 0.1000000015
24016  51.060  -59.574  2.499 0.2000000030
24017  50.032  -59.078  2.225 0.2000000030
24672  33.882  -58.166  24.165 0.1000000015
24831  41.266  -58.619  13.887 0.1000000015
24838  41.103  -58.646  13.121 0.1000000015
24839  40.477  -58.236  12.751 0.1000000015
24891  45.214  -58.835  8.207 0.2000000030
24910  47.130  -59.103  7.157 0.2000000030
24927  46.871  -58.349  6.556 0.2000000030
24963  51.231  -58.618  3.986 0.2000000030
24964  49.998  -57.944  4.156 0.3000000119
24965  45.632  -58.517  3.958 0.1000000015
25014  45.045  -58.460  0.127 0.1000000015
25705  34.018  -56.986  24.764 0.1000000015
25747  35.142  -57.876  22.835 0.1000000015
25822  41.867  -56.991  16.278 0.1000000015
25881  39.680  -57.177  13.224 0.1000000015
25885  40.037  -57.668  12.516 0.1000000015
25888  40.757  -57.859  11.105 0.1000000015
25907  42.590  -57.227  9.188 0.3000000119
25942  45.024  -57.305  7.534 0.3000000119
25996  46.097  -57.671  3.738 0.1000000015
26851  41.537  -56.067  16.151 0.1000000015
26909  39.915  -56.064  14.160 0.1000000015
26910  39.655  -56.532  13.563 0.1000000015
26916  39.858  -55.730  12.505 0.1000000015
26917  39.635  -56.497  12.856 0.1000000015
26927  40.353  -56.387  11.183 0.1000000015
26956  42.867  -56.373  8.781 0.3000000119
26979  45.515  -55.782  6.845 0.3000000119
26995  46.770  -55.344  5.689 0.2000000030
27009  49.799  -56.874  3.310 0.2000000030
27011  48.034  -55.297  4.425 0.1000000015
27021  48.797  -55.334  3.270 0.1000000015
27946  40.420  -55.358  14.350 0.1000000015
27990  41.165  -55.627  10.135 0.2000000030
28013  44.077  -56.068  7.945 0.3000000119
28042  45.711  -54.586  6.509 0.2000000030
28043  43.461  -54.849  6.041 0.1000000015
28062  44.914  -54.827  5.184 0.2000000030
28077  46.710  -54.613  4.218 0.2000000030
28084  48.365  -54.950  3.164 0.1000000015
29029  40.492  -54.126  12.650 0.1000000015
29078  42.707  -52.918  8.386 0.1000000015
29094  42.212  -53.290  7.081 0.1000000015
29107  45.677  -53.836  6.177 0.2000000030
29123  46.438  -54.164  5.157 0.2000000030
29124  44.876  -54.007  5.487 0.2000000030
29125  44.088  -53.915  5.905 0.1000000015
29133  47.502  -54.546  4.234 0.2000000030
29134  47.067  -54.391  4.414 0.1000000015
29141  47.739  -54.643  3.784 0.1000000015
30137  40.918  -52.847  12.231 0.1000000015
30168  41.912  -52.686  9.109 0.1000000015
30191  45.217  -53.600  6.297 0.2000000030
31112  41.340  -51.724  10.934 0.1000000015
31148  42.715  -52.673  7.934 0.1000000015
31150  41.517  -52.470  8.943 0.1000000015
31161  43.218  -52.772  7.350 0.1000000015
31168  43.006  -52.726  7.096 0.1000000015
112654  36.020  -80.527  20.218 0.1000000015
113632  34.342  -65.769  14.052 0.5000000000
113815  39.193  -69.847  16.735 0.3000000119
114617  33.639  -75.930  25.084 0.1000000015
114709  34.561  -78.241  20.666 0.1000000015
115188  33.761  -75.524  19.835 0.1000000015
115291  40.823  -61.322  15.861 0.3000000119
116048  42.904  -54.025  8.606 0.1000000015
116701  43.908  -53.017  7.144 0.1000000015
117311  32.423  -73.156  22.535 0.1000000015
118726  40.842  -53.343  8.334 0.1000000015
118807  34.501  -65.876  27.558 0.1000000015
119555  39.537  -78.839  12.978 0.1000000015
119636  47.477  -58.689  0.652 0.1000000015
119666  27.999  -69.145  10.034 0.1000000015
119960  45.408  -56.718  7.121 0.3000000119
120463  32.284  -75.022  17.615 0.1000000015
121116  35.056  -69.504  23.703 0.1000000015
122951  37.933  -71.136  10.695 0.4000000060
122973  45.356  -62.900  5.287 0.2000000030
124101  35.222  -74.433  12.705 0.1000000015
124108  39.612  -68.700  21.474 0.1000000015
124180  36.934  -71.932  16.451 0.1000000015
124677  40.542  -75.503  16.027 0.1000000015
125185  46.557  -56.620  3.482 0.1000000015
127543  42.318  -62.310  12.352 0.3000000119
127653  47.767  -65.186  2.334 0.1000000015
127677  34.951  -62.945  15.084 0.5000000000
128105  45.561  -69.355  6.953 0.1000000015
128663  36.816  -70.295  18.598 0.1000000015
128685  48.564  -60.816  6.030 0.1000000015
129294  48.607  -60.034  8.421 0.2000000030
129484  41.399  -61.585  9.411 0.5000000000
129685  42.440  -75.530  18.704 0.1000000015
129769  51.439  -58.554  3.343 0.2000000030
130014  41.872  -53.166  9.497 0.1000000015
130577  33.546  -58.291  25.654 0.1000000015
130579  37.373  -81.657  23.225 0.1000000015
130993  36.695  -66.019  18.702 0.2000000030
131135  40.958  -73.082  16.079 0.1000000015
131421  42.582  -52.836  7.178 0.1000000015
131458  40.174  -78.537  16.291 0.1000000015
131570  41.375  -61.525  11.711 0.5000000000
131795  38.224  -72.015  17.935 0.1000000015
131932  43.457  -54.422  8.305 0.1000000015
132220  33.753  -75.697  19.224 0.1000000015
132502  39.994  -57.528  13.743 0.1000000015
132518  40.333  -57.534  14.474 0.1000000015
132648  42.581  -61.361  10.555 0.5000000000
132879  35.933  -63.220  25.179 0.1000000015
132899  46.026  -69.324  13.863 0.2000000030
133093  39.431  -58.380  21.307 0.1000000015
133857  42.386  -71.569  10.452 0.2000000030
134010  33.512  -70.248  18.731 0.1000000015
134318  40.021  -63.075  14.073 0.4000000060
134329  30.381  -69.800  11.776 0.1000000015
134827  49.140  -56.072  3.438 0.2000000030
135550  42.329  -67.284  24.504 0.1000000015
135620  48.131  -57.476  5.027 0.2000000030
135802  49.978  -62.313  2.385 0.1000000015
135990  41.742  -53.445  7.379 0.1000000015
136404  31.278  -75.616  16.538 0.1000000015
136408  34.507  -69.931  22.920 0.1000000015
136467  43.191  -61.206  9.321 0.5000000000
