#!ascii label  , from subject sub-v1s18x0051208_ses-1 vox2ras=TkReg
1645
4868  19.431  -56.220  -25.876 0.2000000030
4849  19.471  -55.874  -25.132 0.2000000030
91552  19.740  -55.553  -26.309 0.2000000030
4274  18.883  -56.920  -26.034 0.2000000030
92109  19.779  -54.723  -27.653 0.1000000015
5522  19.893  -55.240  -25.607 0.2000000030
5536  19.801  -55.171  -26.999 0.1000000015
4887  19.303  -56.120  -26.882 0.2000000030
5521  20.137  -54.665  -26.269 0.1000000015
6107  20.194  -54.086  -27.090 0.1000000015
6126  20.245  -53.091  -27.562 0.1000000015
6127  19.891  -53.980  -27.965 0.1000000015
7310  20.155  -51.716  -27.435 0.1000000015
6702  19.756  -53.331  -28.140 0.1000000015
105187  19.806  -52.530  -27.888 0.1000000015
91145  19.806  -51.342  -27.195 0.2000000030
7311  19.487  -51.919  -27.575 0.1000000015
93496  20.914  -52.334  -25.155 0.1000000015
7279  21.240  -51.748  -25.477 0.1000000015
6091  20.252  -54.168  -25.518 0.2000000030
6671  20.662  -52.556  -26.745 0.1000000015
6090  20.505  -53.508  -26.216 0.1000000015
7309  20.674  -51.646  -26.971 0.1000000015
7295  20.434  -50.992  -26.877 0.1000000015
8705  19.641  -48.719  -25.216 0.2000000030
8731  20.162  -49.392  -25.914 0.2000000030
8003  19.586  -50.063  -26.013 0.2000000030
10185  19.337  -47.779  -24.065 0.2000000030
103668  18.662  -47.884  -24.025 0.1000000015
10173  18.592  -47.313  -23.468 0.1000000015
98145  21.100  -51.779  -26.255 0.1000000015
7278  21.418  -51.195  -25.819 0.1000000015
10172  19.417  -47.431  -23.388 0.2000000030
10158  19.491  -47.250  -22.468 0.2000000030
10898  19.174  -46.843  -21.618 0.2000000030
10159  18.798  -46.854  -22.899 0.2000000030
10913  18.819  -46.661  -22.313 0.1000000015
96449  18.248  -46.811  -22.892 0.2000000030
7294  21.098  -51.067  -26.535 0.1000000015
8729  21.530  -49.930  -25.494 0.1000000015
8741  21.240  -50.004  -26.178 0.1000000015
8730  20.952  -49.429  -25.865 0.2000000030
9427  20.294  -48.165  -23.952 0.2000000030
9445  19.952  -48.300  -24.720 0.3000000119
10884  18.831  -46.446  -20.745 0.3000000119
10899  18.480  -46.284  -21.756 0.2000000030
10900  17.861  -46.010  -21.835 0.2000000030
9410  17.201  -48.061  -22.838 0.2000000030
10171  20.247  -47.898  -23.025 0.3000000119
9463  20.482  -48.842  -25.366 0.2000000030
10883  19.401  -46.826  -20.031 0.3000000119
10864  19.598  -46.580  -19.233 0.3000000119
10840  18.882  -46.122  -18.970 0.3000000119
10865  18.849  -46.346  -19.722 0.3000000119
98564  18.384  -45.950  -20.230 0.2000000030
10915  17.584  -46.620  -22.359 0.2000000030
10161  16.927  -47.499  -22.378 0.2000000030
11603  20.547  -45.493  -17.468 0.4000000060
10131  20.133  -47.191  -19.962 0.3000000119
10151  19.985  -47.495  -21.486 0.2000000030
10144  19.652  -47.148  -20.714 0.2000000030
11629  18.306  -45.705  -19.402 0.3000000119
11643  18.055  -45.723  -21.065 0.2000000030
96365  17.945  -45.538  -20.190 0.2000000030
11661  17.348  -45.585  -21.216 0.2000000030
10822  20.068  -45.899  -17.857 0.3000000119
11623  17.980  -45.216  -18.750 0.2000000030
11630  17.580  -45.068  -19.592 0.2000000030
103352  17.070  -44.753  -20.216 0.1000000015
11644  17.470  -45.258  -20.562 0.2000000030
11662  16.550  -45.527  -21.105 0.2000000030
10901  17.069  -46.056  -21.664 0.2000000030
12361  20.674  -44.461  -16.680 0.3000000119
12383  19.389  -44.994  -17.045 0.3000000119
11604  19.500  -45.543  -17.627 0.3000000119
13127  19.604  -43.568  -16.446 0.2000000030
12384  18.552  -44.647  -17.187 0.3000000119
13147  18.296  -43.885  -16.787 0.2000000030
11605  18.878  -45.345  -17.695 0.3000000119
12397  18.172  -44.958  -17.957 0.1000000015
12398  17.453  -44.488  -18.512 0.1000000015
12410  16.937  -44.340  -19.502 0.1000000015
13158  17.187  -43.618  -17.822 0.1000000015
104828  16.404  -44.421  -20.134 0.1000000015
90641  21.225  -43.835  -16.504 0.3000000119
13126  20.394  -43.689  -16.448 0.2000000030
13932  20.155  -42.838  -16.415 0.2000000030
89456  20.218  -41.998  -16.477 0.2000000030
14780  20.822  -41.548  -16.678 0.1000000015
92311  19.366  -42.935  -16.414 0.1000000015
13933  19.503  -42.294  -16.441 0.1000000015
13129  18.258  -43.182  -16.588 0.1000000015
12385  17.813  -44.213  -17.441 0.1000000015
12399  16.739  -43.711  -18.708 0.1000000015
12411  16.266  -43.736  -19.487 0.1000000015
90285  20.893  -43.142  -16.399 0.2000000030
15626  20.048  -41.287  -16.708 0.1000000015
15627  19.304  -41.030  -16.631 0.1000000015
13934  18.685  -42.565  -16.457 0.1000000015
14783  17.996  -41.758  -16.552 0.1000000015
13148  17.644  -43.300  -16.994 0.1000000015
13953  17.396  -42.371  -16.973 0.1000000015
13159  16.598  -42.959  -18.086 0.1000000015
102857  17.092  -42.893  -17.461 0.1000000015
97071  19.789  -40.572  -17.005 0.1000000015
13954  16.748  -42.177  -17.586 0.1000000015
13171  16.170  -43.000  -18.916 0.1000000015
6686  20.363  -52.210  -27.458 0.1000000015
6650  20.880  -52.515  -25.840 0.1000000015
96130  18.854  -48.895  -24.807 0.1000000015
92892  23.876  -46.152  -12.031 0.5000000000
97358  23.236  -46.562  -11.897 0.5000000000
11525  23.618  -45.733  -11.696 0.5000000000
11524  24.234  -45.416  -11.685 0.5000000000
12298  24.578  -44.714  -11.148 0.5000000000
10038  21.533  -47.226  -11.488 0.2000000030
10037  22.470  -47.814  -11.811 0.2000000030
10758  21.978  -46.501  -11.564 0.3000000119
94785  22.595  -47.166  -11.790 0.3000000119
12300  23.167  -45.022  -11.332 0.5000000000
12299  23.947  -45.094  -11.366 0.5000000000
12286  23.942  -44.344  -10.885 0.5000000000
12311  24.884  -44.872  -11.511 0.5000000000
12297  25.530  -44.497  -10.818 0.5000000000
90263  25.121  -44.845  -12.158 0.5000000000
105065  23.351  -45.048  -14.042 0.5000000000
11526  22.592  -45.760  -11.534 0.5000000000
12285  24.940  -44.160  -10.569 0.5000000000
12284  25.623  -44.026  -10.388 0.5000000000
101941  25.582  -44.814  -11.337 0.5000000000
99741  20.131  -47.431  -15.732 0.4000000060
10806  21.620  -46.511  -15.839 0.5000000000
10789  21.643  -45.983  -15.022 0.5000000000
11554  23.109  -45.158  -14.599 0.5000000000
12330  23.921  -44.851  -13.653 0.5000000000
10075  19.680  -47.876  -16.165 0.4000000060
9279  21.350  -48.005  -11.310 0.3000000119
11527  21.397  -45.632  -11.363 0.4000000060
12301  22.051  -44.871  -11.311 0.4000000060
13059  23.511  -43.457  -10.520 0.5000000000
13058  24.455  -43.547  -10.339 0.5000000000
97706  24.813  -43.022  -10.036 0.5000000000
13057  25.213  -43.563  -10.220 0.5000000000
104613  25.754  -43.673  -10.305 0.5000000000
12283  26.286  -44.196  -10.540 0.5000000000
12310  25.969  -44.904  -11.858 0.6000000238
11567  23.693  -44.931  -15.084 0.5000000000
12329  24.476  -44.519  -13.890 0.5000000000
12319  25.350  -44.537  -13.220 0.5000000000
9331  18.422  -48.876  -17.086 0.4000000060
9311  19.108  -48.426  -16.610 0.4000000060
10013  20.940  -48.093  -8.596 0.1000000015
10015  19.730  -47.111  -8.945 0.1000000015
10740  19.437  -46.545  -8.635 0.1000000015
10014  20.229  -47.751  -9.325 0.1000000015
10746  19.381  -46.550  -9.337 0.1000000015
89878  19.180  -46.017  -9.618 0.1000000015
10024  19.706  -47.138  -9.762 0.1000000015
10753  19.509  -46.465  -10.082 0.1000000015
12277  18.988  -44.760  -10.020 0.1000000015
9280  20.666  -47.207  -11.141 0.2000000030
10030  20.023  -47.041  -10.563 0.1000000015
10759  20.798  -46.450  -11.261 0.3000000119
12287  22.815  -44.150  -10.992 0.5000000000
11519  20.423  -45.540  -11.047 0.4000000060
12302  20.988  -44.744  -11.158 0.4000000060
13060  22.545  -43.314  -10.625 0.4000000060
13849  23.214  -42.636  -10.301 0.5000000000
93396  24.101  -42.782  -10.146 0.5000000000
13848  24.568  -42.443  -10.150 0.5000000000
13847  25.355  -43.025  -10.156 0.5000000000
93288  26.345  -44.780  -10.917 0.5000000000
12341  24.416  -44.591  -14.695 0.5000000000
10788  22.299  -45.864  -15.534 0.5000000000
10074  20.597  -47.612  -16.535 0.4000000060
8601  17.500  -49.848  -18.247 0.5000000000
100072  23.573  -47.437  -5.965 0.1000000015
9999  22.147  -47.629  -7.212 0.1000000015
10000  21.158  -47.615  -7.824 0.1000000015
10001  20.367  -47.458  -8.426 0.1000000015
10739  19.907  -46.867  -8.158 0.1000000015
103377  20.552  -47.155  -7.744 0.1000000015
11498  19.006  -45.934  -8.857 0.1000000015
13853  19.810  -42.003  -10.309 0.2000000030
106291  20.491  -40.766  -10.409 0.2000000030
10023  20.097  -47.632  -10.100 0.1000000015
11520  19.369  -45.622  -10.236 0.1000000015
91859  19.767  -42.990  -10.366 0.2000000030
10752  19.955  -46.217  -10.736 0.2000000030
12289  19.887  -44.719  -10.693 0.1000000015
13851  21.511  -42.405  -10.479 0.2000000030
14710  20.589  -41.431  -10.418 0.2000000030
15551  21.259  -40.860  -10.422 0.2000000030
13061  21.623  -43.189  -10.628 0.3000000119
13850  22.350  -42.547  -10.438 0.3000000119
105399  22.942  -42.015  -10.240 0.4000000060
94067  23.693  -41.959  -10.139 0.5000000000
12309  26.956  -45.142  -11.280 0.5000000000
14707  24.197  -41.656  -10.356 0.4000000060
12317  27.599  -45.189  -13.153 0.5000000000
90679  27.607  -45.362  -11.767 0.5000000000
12339  26.080  -44.602  -14.779 0.5000000000
103023  25.904  -44.436  -13.879 0.5000000000
12318  26.541  -44.792  -12.771 0.5000000000
13056  26.092  -43.549  -10.410 0.5000000000
11584  23.823  -45.597  -15.943 0.5000000000
12340  25.139  -44.543  -15.047 0.5000000000
12328  25.187  -44.391  -14.279 0.5000000000
10073  21.347  -47.202  -16.419 0.5000000000
101394  22.995  -45.861  -15.951 0.5000000000
9330  19.275  -48.549  -17.468 0.4000000060
10698  22.800  -46.825  -5.762 0.1000000015
9986  22.462  -47.167  -6.532 0.1000000015
10715  21.914  -46.677  -6.334 0.1000000015
10700  21.063  -46.250  -6.454 0.1000000015
12235  19.638  -44.415  -5.831 0.1000000015
9987  21.338  -47.009  -7.080 0.1000000015
10729  20.335  -46.581  -7.348 0.1000000015
11489  18.768  -45.298  -8.102 0.1000000015
11499  18.647  -45.227  -8.892 0.1000000015
11511  18.588  -44.655  -9.293 0.1000000015
13049  18.413  -43.163  -9.567 0.1000000015
13854  18.981  -42.577  -10.078 0.2000000030
12290  19.316  -43.937  -10.281 0.1000000015
89785  22.229  -41.823  -10.371 0.3000000119
91341  22.142  -41.074  -10.378 0.3000000119
15550  21.972  -40.180  -10.437 0.2000000030
15548  23.271  -40.534  -10.594 0.3000000119
14708  23.477  -41.179  -10.382 0.4000000060
12307  28.568  -45.172  -11.810 0.5000000000
13071  28.576  -44.472  -11.972 0.5000000000
12295  27.835  -45.024  -10.987 0.5000000000
13878  28.594  -43.040  -13.405 0.5000000000
13892  28.147  -42.314  -14.061 0.5000000000
13879  27.710  -42.712  -13.096 0.5000000000
13072  28.142  -44.197  -11.524 0.5000000000
13066  27.629  -44.403  -10.969 0.6000000238
14719  25.370  -41.886  -11.270 0.5000000000
14706  25.012  -42.175  -10.396 0.5000000000
13880  27.105  -42.648  -12.474 0.5000000000
13869  27.580  -43.421  -11.853 0.6000000238
12296  27.206  -44.754  -10.899 0.5000000000
13858  27.139  -43.651  -10.970 0.5000000000
13067  26.869  -44.050  -10.623 0.5000000000
7883  17.019  -50.591  -19.351 0.4000000060
8600  17.990  -49.398  -18.542 0.4000000060
8578  17.599  -49.855  -17.447 0.4000000060
13797  18.764  -42.502  -5.205 0.1000000015
13017  18.386  -43.380  -6.722 0.1000000015
11487  20.049  -45.855  -6.867 0.1000000015
11474  19.807  -45.143  -6.340 0.1000000015
12244  19.114  -44.661  -6.683 0.1000000015
11488  19.270  -45.350  -7.201 0.1000000015
12245  18.517  -44.168  -7.206 0.1000000015
104805  18.171  -43.516  -7.522 0.1000000015
12264  18.413  -44.630  -8.577 0.1000000015
13034  18.194  -43.792  -8.976 0.1000000015
13035  17.937  -42.767  -9.040 0.1000000015
14698  18.362  -41.371  -9.679 0.2000000030
14697  19.035  -40.813  -10.105 0.2000000030
15552  19.879  -40.280  -10.305 0.2000000030
95371  20.880  -40.137  -10.419 0.2000000030
20298  26.751  -34.376  -16.377 0.2000000030
18770  26.922  -36.065  -16.289 0.2000000030
18761  26.309  -36.590  -15.900 0.2000000030
17973  25.541  -37.204  -15.576 0.2000000030
17180  24.829  -38.042  -15.264 0.2000000030
16341  22.809  -39.983  -10.608 0.2000000030
17985  27.098  -36.918  -16.258 0.2000000030
17972  26.537  -37.517  -15.883 0.2000000030
17179  25.912  -38.204  -15.597 0.2000000030
16402  25.409  -38.985  -15.321 0.2000000030
101524  24.727  -38.971  -15.009 0.3000000119
15588  24.746  -40.141  -14.241 0.2000000030
16381  24.195  -39.821  -13.646 0.4000000060
16400  27.160  -39.206  -15.759 0.2000000030
17178  26.840  -38.426  -15.831 0.3000000119
16401  26.311  -39.107  -15.558 0.3000000119
15587  25.432  -40.302  -14.626 0.4000000060
16388  25.042  -39.638  -14.883 0.3000000119
15580  24.700  -40.574  -13.379 0.5000000000
15573  24.253  -40.713  -11.551 0.4000000060
14720  24.593  -41.376  -11.005 0.5000000000
14741  28.662  -41.754  -14.764 0.5000000000
97012  27.756  -41.633  -14.570 0.4000000060
14757  27.383  -41.092  -14.927 0.4000000060
15586  26.718  -40.771  -14.917 0.4000000060
14743  25.893  -41.034  -14.293 0.4000000060
14735  26.167  -41.665  -13.369 0.5000000000
15579  25.354  -41.187  -13.335 0.5000000000
107063  27.437  -42.078  -13.893 0.5000000000
14734  26.923  -42.146  -13.293 0.5000000000
13870  26.854  -42.908  -11.609 0.5000000000
13859  26.510  -43.260  -10.798 0.5000000000
13860  25.776  -42.735  -10.584 0.5000000000
14639  18.513  -41.499  -4.420 0.1000000015
13785  19.024  -42.252  -4.472 0.1000000015
14652  17.893  -41.261  -5.619 0.1000000015
13808  18.178  -42.624  -6.435 0.1000000015
105928  17.616  -41.524  -6.812 0.1000000015
13809  17.728  -42.175  -7.010 0.1000000015
92985  17.480  -40.863  -7.027 0.1000000015
13826  17.706  -42.187  -8.464 0.1000000015
14686  17.659  -41.227  -8.597 0.1000000015
15530  18.359  -40.489  -9.598 0.2000000030
16331  18.575  -39.589  -9.562 0.2000000030
16344  20.270  -39.426  -10.313 0.2000000030
16342  22.246  -39.269  -10.632 0.2000000030
20287  26.151  -34.835  -15.936 0.1000000015
18762  25.504  -36.212  -15.620 0.2000000030
106997  24.851  -37.282  -15.366 0.2000000030
16357  22.924  -39.294  -10.921 0.2000000030
22007  26.170  -32.998  -15.878 0.1000000015
21138  26.157  -33.954  -15.903 0.1000000015
19514  25.446  -35.322  -15.622 0.1000000015
18763  24.701  -35.831  -15.373 0.1000000015
17974  24.799  -36.683  -15.385 0.1000000015
17172  24.183  -38.580  -14.674 0.1000000015
16389  24.402  -39.399  -14.445 0.2000000030
15566  23.364  -40.000  -10.882 0.3000000119
17968  24.030  -37.818  -14.823 0.1000000015
16390  23.780  -38.990  -13.965 0.1000000015
15574  23.784  -40.117  -11.491 0.2000000030
14726  25.706  -41.740  -12.381 0.5000000000
14727  24.835  -41.134  -12.235 0.5000000000
14725  26.464  -42.238  -12.460 0.5000000000
13871  26.147  -42.419  -11.470 0.5000000000
15468  17.697  -40.253  -4.723 0.1000000015
16278  17.485  -39.804  -5.203 0.1000000015
15482  17.626  -40.483  -5.582 0.1000000015
16285  17.406  -39.663  -5.849 0.1000000015
15490  17.440  -40.259  -6.418 0.1000000015
16307  17.483  -39.290  -7.382 0.1000000015
94842  17.766  -39.716  -8.557 0.1000000015
16322  18.113  -39.169  -8.916 0.2000000030
16345  19.363  -39.202  -9.983 0.2000000030
17140  19.995  -38.693  -10.162 0.2000000030
17139  20.747  -38.631  -10.355 0.2000000030
16343  21.321  -39.346  -10.460 0.2000000030
17138  21.632  -38.437  -10.592 0.2000000030
91639  26.375  -32.124  -15.965 0.1000000015
21139  25.480  -33.552  -15.524 0.1000000015
19515  24.679  -34.939  -15.333 0.1000000015
18758  24.038  -36.385  -15.047 0.1000000015
104819  24.316  -37.215  -15.109 0.1000000015
17148  22.921  -38.780  -11.564 0.1000000015
17969  23.567  -37.118  -14.525 0.1000000015
17173  23.579  -38.097  -14.241 0.1000000015
16382  23.679  -39.364  -13.019 0.2000000030
103725  23.643  -39.643  -12.147 0.2000000030
94160  23.323  -39.476  -11.484 0.2000000030
16255  17.404  -38.830  -3.790 0.1000000015
104257  17.458  -39.433  -4.568 0.1000000015
17821  17.574  -37.481  -3.547 0.1000000015
89868  17.381  -39.087  -5.267 0.1000000015
92255  17.504  -37.311  -5.016 0.1000000015
96612  17.513  -37.438  -5.791 0.1000000015
17091  17.466  -38.529  -6.823 0.1000000015
17080  17.367  -38.834  -5.998 0.1000000015
17108  17.679  -38.591  -7.704 0.1000000015
17902  18.506  -37.578  -8.631 0.1000000015
17920  18.860  -37.919  -9.310 0.1000000015
18705  19.078  -37.159  -9.085 0.1000000015
17919  19.539  -37.540  -9.639 0.1000000015
17126  19.420  -38.327  -9.806 0.2000000030
105238  20.959  -37.969  -10.402 0.2000000030
97548  21.438  -37.563  -10.588 0.2000000030
17930  21.993  -37.842  -10.840 0.2000000030
17938  22.269  -37.655  -11.322 0.1000000015
17137  22.465  -38.452  -10.962 0.2000000030
97685  26.416  -30.741  -15.641 0.1000000015
91070  25.719  -31.925  -15.408 0.1000000015
21140  24.840  -33.169  -15.129 0.1000000015
19509  23.954  -35.452  -15.011 0.1000000015
17158  22.610  -38.128  -11.686 0.2000000030
21126  24.195  -33.635  -14.754 0.1000000015
20280  24.048  -34.536  -14.908 0.1000000015
17959  23.109  -37.535  -13.766 0.1000000015
17168  23.277  -38.436  -13.282 0.1000000015
17157  22.878  -38.280  -12.381 0.2000000030
19333  18.145  -35.965  -3.985 0.1000000015
19369  17.979  -36.107  -5.280 0.1000000015
19387  17.965  -36.120  -5.956 0.1000000015
18675  17.884  -37.055  -7.089 0.1000000015
18691  18.682  -36.787  -8.388 0.1000000015
100496  19.623  -36.890  -9.430 0.1000000015
17918  20.120  -37.083  -9.876 0.2000000030
19457  20.943  -35.961  -10.207 0.1000000015
98260  20.778  -37.290  -10.254 0.1000000015
18717  21.280  -36.662  -10.522 0.2000000030
18728  21.719  -36.322  -11.157 0.1000000015
17939  21.862  -37.148  -10.948 0.2000000030
22831  24.105  -31.619  -13.847 0.1000000015
21994  23.915  -32.329  -14.019 0.1000000015
21974  23.358  -32.735  -13.624 0.1000000015
21113  22.670  -33.972  -13.392 0.1000000015
20253  22.180  -34.894  -12.862 0.1000000015
19481  22.198  -35.669  -12.763 0.1000000015
19470  21.969  -36.001  -11.950 0.1000000015
22844  25.830  -31.066  -15.185 0.1000000015
21992  25.160  -31.465  -14.752 0.1000000015
94735  24.352  -32.757  -14.578 0.1000000015
21112  23.174  -33.596  -13.816 0.1000000015
20264  22.985  -34.447  -13.952 0.1000000015
19492  22.818  -35.271  -13.923 0.1000000015
99098  22.614  -36.090  -13.520 0.1000000015
18734  22.306  -36.528  -12.598 0.1000000015
17945  22.497  -37.478  -12.295 0.1000000015
20281  23.555  -34.071  -14.385 0.1000000015
19510  23.390  -34.978  -14.485 0.1000000015
18759  23.291  -36.008  -14.406 0.1000000015
18747  23.010  -36.753  -13.940 0.1000000015
19368  18.319  -35.363  -5.470 0.1000000015
19386  18.353  -35.517  -6.425 0.1000000015
19408  18.556  -35.710  -7.283 0.1000000015
19429  18.856  -35.969  -8.114 0.1000000015
19442  19.857  -35.777  -9.118 0.1000000015
19441  20.455  -35.652  -9.640 0.1000000015
22793  23.372  -30.968  -12.231 0.1000000015
22794  22.821  -31.476  -11.955 0.1000000015
21951  21.834  -32.785  -11.115 0.1000000015
21089  21.700  -33.756  -11.340 0.1000000015
20230  21.036  -35.074  -10.181 0.1000000015
24561  24.784  -29.756  -12.884 0.1000000015
23674  23.992  -30.479  -12.662 0.1000000015
22804  23.179  -31.645  -12.650 0.1000000015
91337  22.354  -32.226  -11.723 0.1000000015
20243  21.645  -34.659  -11.442 0.1000000015
19471  21.649  -35.491  -11.360 0.1000000015
23686  24.446  -30.466  -13.369 0.1000000015
22816  24.010  -31.070  -13.396 0.1000000015
22817  23.567  -31.832  -13.374 0.1000000015
99303  22.556  -32.768  -12.523 0.1000000015
21101  21.976  -34.218  -12.249 0.1000000015
20254  21.896  -35.150  -12.127 0.1000000015
20199  19.651  -34.667  -8.227 0.1000000015
21917  20.883  -32.877  -8.824 0.1000000015
20215  20.569  -34.632  -9.426 0.1000000015
21059  21.124  -33.058  -9.631 0.1000000015
23673  24.328  -29.827  -11.964 0.1000000015
23658  23.077  -30.795  -11.416 0.1000000015
21936  22.084  -31.986  -10.888 0.1000000015
21076  21.408  -33.357  -10.490 0.1000000015
20229  21.375  -34.323  -10.689 0.1000000015
24560  25.041  -29.253  -11.993 0.1000000015
12288  21.780  -43.987  -10.970 0.4000000060
11510  18.900  -45.400  -9.503 0.1000000015
107305  20.311  -46.729  -10.959 0.2000000030
10730  19.438  -46.123  -7.869 0.1000000015
13852  20.657  -42.242  -10.445 0.3000000119
14711  19.795  -41.148  -10.330 0.2000000030
91365  20.069  -43.714  -10.582 0.2000000030
13062  20.736  -43.071  -10.545 0.2000000030
89985  20.811  -43.882  -10.805 0.2000000030
89645  21.411  -41.624  -10.431 0.3000000119
14709  22.945  -41.427  -10.284 0.3000000119
12308  28.151  -45.313  -11.455 0.5000000000
106123  21.368  -45.811  -5.698 0.1000000015
11473  20.612  -45.554  -6.021 0.1000000015
12255  18.478  -44.623  -7.884 0.1000000015
12254  18.778  -44.845  -7.411 0.1000000015
12278  18.648  -43.983  -9.714 0.1000000015
13063  18.951  -43.353  -10.046 0.1000000015
13839  18.331  -42.268  -9.603 0.1000000015
14712  19.000  -41.684  -10.112 0.2000000030
15549  22.820  -40.713  -10.412 0.3000000119
15547  23.852  -40.776  -10.792 0.4000000060
13080  28.998  -43.952  -12.810 0.5000000000
13868  28.307  -43.588  -12.411 0.5000000000
13005  18.748  -43.071  -5.779 0.1000000015
93493  18.385  -42.380  -5.733 0.1000000015
13016  18.936  -43.910  -6.236 0.1000000015
13815  17.968  -42.878  -7.290 0.1000000015
13026  18.214  -44.000  -8.098 0.1000000015
13027  17.898  -43.097  -8.231 0.1000000015
13816  17.708  -42.407  -7.758 0.1000000015
13840  17.864  -41.862  -9.145 0.1000000015
15529  19.105  -40.003  -10.033 0.2000000030
19513  26.199  -35.701  -15.929 0.2000000030
19521  26.807  -35.222  -16.346 0.2000000030
15601  25.817  -39.754  -15.184 0.3000000119
16370  24.147  -40.212  -12.494 0.4000000060
15599  27.448  -40.448  -15.362 0.5000000000
15600  26.717  -39.946  -15.408 0.4000000060
17195  27.503  -38.678  -16.068 0.2000000030
94163  26.106  -40.382  -14.927 0.4000000060
93158  25.161  -40.706  -14.034 0.5000000000
14756  28.223  -40.967  -15.281 0.5000000000
14742  26.855  -41.532  -14.234 0.5000000000
14640  18.048  -41.019  -4.965 0.1000000015
14651  18.358  -41.832  -5.207 0.1000000015
14664  17.920  -41.850  -6.140 0.1000000015
14672  17.563  -41.602  -7.652 0.1000000015
15502  17.398  -40.065  -7.190 0.1000000015
92281  17.499  -40.673  -7.820 0.1000000015
15531  17.844  -40.622  -9.086 0.2000000030
17127  18.733  -38.745  -9.462 0.2000000030
20288  25.442  -34.439  -15.588 0.1000000015
15467  18.135  -40.781  -4.194 0.1000000015
15446  17.679  -39.934  -3.807 0.1000000015
16291  17.388  -39.441  -6.604 0.1000000015
89790  17.397  -38.146  -5.332 0.1000000015
16323  17.692  -39.213  -8.145 0.1000000015
17116  18.343  -38.338  -8.833 0.2000000030
17931  20.208  -37.922  -10.117 0.2000000030
22850  26.748  -31.358  -16.237 0.1000000015
22008  25.524  -32.727  -15.435 0.1000000015
20289  24.733  -34.044  -15.257 0.1000000015
16371  23.272  -39.003  -12.322 0.2000000030
17070  17.381  -38.540  -4.597 0.1000000015
17047  17.488  -38.560  -2.990 0.1000000015
107519  17.443  -38.109  -3.443 0.1000000015
92017  17.815  -36.736  -3.728 0.1000000015
17841  17.559  -37.314  -4.254 0.1000000015
107458  17.425  -37.846  -4.632 0.1000000015
18620  17.796  -36.547  -4.645 0.1000000015
18635  17.698  -36.712  -5.497 0.1000000015
89677  17.426  -38.096  -6.089 0.1000000015
18655  17.730  -36.850  -6.275 0.1000000015
17887  17.726  -37.846  -7.390 0.1000000015
17869  17.586  -37.631  -6.588 0.1000000015
17903  18.011  -38.037  -8.153 0.1000000015
17886  18.157  -37.293  -7.885 0.1000000015
18704  19.336  -36.324  -8.905 0.1000000015
18727  22.083  -36.862  -11.704 0.1000000015
22843  26.252  -31.438  -15.680 0.1000000015
21993  25.002  -32.323  -14.956 0.1000000015
17944  22.867  -37.757  -13.019 0.1000000015
19355  18.177  -35.772  -4.768 0.1000000015
18654  18.098  -36.281  -6.753 0.1000000015
18674  18.337  -36.502  -7.592 0.1000000015
18703  20.006  -36.373  -9.526 0.1000000015
18718  20.599  -36.511  -10.031 0.1000000015
19456  21.351  -35.774  -10.681 0.1000000015
23700  24.597  -31.005  -14.050 0.1000000015
23699  25.379  -30.608  -14.512 0.1000000015
91993  24.500  -31.906  -14.376 0.1000000015
21975  22.833  -33.165  -13.208 0.1000000015
21962  23.033  -32.368  -12.974 0.1000000015
99895  22.295  -34.282  -12.986 0.1000000015
20265  22.544  -34.712  -13.444 0.1000000015
19493  22.449  -35.335  -13.339 0.1000000015
17960  22.701  -37.026  -13.227 0.1000000015
20164  18.636  -34.766  -6.148 0.1000000015
20180  18.775  -34.915  -6.950 0.1000000015
97606  19.363  -34.277  -7.352 0.1000000015
19407  19.119  -35.175  -7.749 0.1000000015
19428  19.474  -35.495  -8.517 0.1000000015
20216  20.060  -35.086  -8.928 0.1000000015
100922  23.599  -31.182  -12.886 0.1000000015
21088  22.131  -33.231  -11.957 0.1000000015
97557  21.417  -35.063  -10.846 0.1000000015
21043  20.414  -33.412  -8.411 0.1000000015
21060  20.664  -33.695  -9.172 0.1000000015
20214  21.016  -34.026  -9.928 0.1000000015
21937  21.614  -32.269  -10.162 0.1000000015
22759  21.858  -31.458  -9.401 0.1000000015
24544  24.040  -29.879  -11.253 0.1000000015
93992  22.846  -30.675  -10.440 0.1000000015
7818  24.166  -50.291  -12.754 0.1000000015
7826  24.114  -50.264  -13.344 0.1000000015
99971  23.839  -49.456  -13.056 0.1000000015
8541  23.679  -49.278  -12.785 0.1000000015
9286  23.203  -48.116  -12.459 0.1000000015
8532  23.615  -50.178  -12.093 0.1000000015
8542  23.161  -48.856  -12.350 0.1000000015
89113  24.729  -51.224  -13.513 0.2000000030
9278  22.409  -48.537  -11.732 0.1000000015
8548  23.500  -49.294  -13.369 0.1000000015
7827  23.206  -50.201  -13.918 0.2000000030
8547  23.683  -48.956  -13.026 0.1000000015
7164  22.908  -51.023  -14.323 0.2000000030
9285  23.544  -48.489  -12.935 0.2000000030
100959  23.490  -48.714  -13.118 0.2000000030
10045  23.207  -47.318  -12.297 0.3000000119
10044  23.390  -47.593  -12.845 0.3000000119
10765  23.533  -46.746  -12.454 0.3000000119
92414  22.889  -48.606  -13.474 0.2000000030
9293  23.282  -48.128  -13.142 0.2000000030
7835  22.030  -50.535  -14.203 0.2000000030
8558  22.099  -49.466  -13.801 0.2000000030
6573  20.890  -53.040  -16.817 0.1000000015
90992  22.090  -51.470  -14.720 0.2000000030
6564  21.256  -52.589  -16.068 0.1000000015
10052  23.023  -47.253  -13.235 0.2000000030
6572  21.888  -53.476  -16.785 0.1000000015
104319  21.142  -51.386  -14.910 0.2000000030
7171  21.254  -50.852  -14.527 0.2000000030
6574  19.878  -52.628  -16.860 0.1000000015
6565  20.188  -52.195  -16.076 0.1000000015
99628  20.969  -50.093  -14.195 0.2000000030
8549  21.558  -48.396  -13.712 0.2000000030
9294  22.362  -47.748  -13.500 0.2000000030
7179  20.648  -51.713  -15.410 0.1000000015
10053  21.868  -46.902  -13.690 0.4000000060
104334  24.168  -45.758  -12.214 0.4000000060
7843  20.345  -50.763  -14.783 0.3000000119
90663  23.168  -45.895  -13.377 0.4000000060
11533  24.577  -45.208  -12.243 0.4000000060
90532  19.936  -48.835  -14.344 0.4000000060
7836  19.887  -49.681  -14.479 0.3000000119
106167  27.652  -31.877  -17.575 0.1000000015
22014  27.250  -33.125  -16.838 0.1000000015
11534  23.728  -46.055  -12.668 0.4000000060
11542  23.506  -45.402  -13.492 0.5000000000
9300  20.433  -48.126  -14.167 0.4000000060
8550  20.701  -49.111  -13.981 0.3000000119
9295  21.222  -47.496  -13.884 0.4000000060
10057  21.176  -46.840  -14.178 0.4000000060
22021  27.589  -32.605  -17.362 0.1000000015
102674  27.976  -32.302  -18.059 0.1000000015
21146  27.295  -33.950  -16.832 0.1000000015
11541  24.134  -45.378  -12.855 0.4000000060
11543  22.734  -45.483  -14.062 0.5000000000
12320  24.585  -44.769  -13.065 0.5000000000
20297  27.355  -34.784  -16.794 0.1000000015
19520  27.471  -35.602  -16.709 0.1000000015
20303  28.294  -34.795  -17.789 0.1000000015
20304  27.798  -34.376  -17.317 0.1000000015
18769  27.619  -36.410  -16.629 0.1000000015
7825  24.684  -50.914  -13.043 0.1000000015
8533  23.083  -49.666  -11.860 0.1000000015
10769  23.397  -46.693  -13.009 0.3000000119
10770  22.455  -46.218  -13.655 0.4000000060
21155  27.706  -33.533  -17.374 0.1000000015
19532  27.918  -35.191  -17.217 0.1000000015
7807  23.230  -50.389  -11.215 0.1000000015
3561  11.960  -58.094  -16.281 0.1000000015
98895  11.543  -57.253  -16.129 0.1000000015
4744  12.502  -55.547  -16.321 0.1000000015
3546  11.172  -58.053  -15.921 0.1000000015
4743  13.529  -55.933  -16.328 0.1000000015
3004  11.747  -58.737  -16.164 0.1000000015
2990  10.474  -58.549  -15.432 0.1000000015
2976  9.451  -58.750  -14.704 0.1000000015
3547  10.377  -57.519  -15.475 0.1000000015
1833  10.594  -60.939  -6.812 0.1000000015
1221  9.038  -63.323  -13.697 0.1000000015
1929  9.015  -61.804  -14.358 0.1000000015
4165  13.168  -57.147  -16.383 0.1000000015
101981  12.303  -57.272  -16.330 0.1000000015
1949  9.960  -60.365  -14.942 0.1000000015
2413  9.340  -59.609  -14.615 0.1000000015
100183  13.360  -54.882  -16.447 0.1000000015
1480  11.601  -61.669  -6.468 0.1000000015
2297  10.630  -60.548  -7.298 0.1000000015
2315  9.960  -59.750  -7.499 0.1000000015
1478  13.080  -61.476  -6.572 0.1000000015
93507  11.222  -61.330  -6.981 0.1000000015
2296  11.299  -60.606  -7.647 0.1000000015
2905  9.747  -58.056  -8.751 0.1000000015
97562  8.944  -61.447  -12.203 0.1000000015
1202  9.642  -63.266  -13.078 0.1000000015
3560  12.776  -58.180  -16.505 0.1000000015
3003  12.409  -58.986  -16.464 0.1000000015
2989  11.260  -59.019  -15.883 0.1000000015
3559  13.749  -58.137  -16.529 0.1000000015
100385  14.274  -55.069  -16.465 0.1000000015
2314  10.620  -59.770  -7.814 0.1000000015
1477  13.989  -61.426  -7.149 0.1000000015
1494  13.362  -61.496  -7.601 0.1000000015
1495  12.543  -61.519  -7.318 0.1000000015
91029  11.321  -59.670  -8.177 0.1000000015
2882  10.559  -58.819  -8.413 0.1000000015
91779  9.253  -57.367  -9.596 0.1000000015
3496  8.889  -57.479  -11.147 0.1000000015
2363  8.376  -58.853  -11.651 0.1000000015
91921  8.954  -58.078  -11.692 0.1000000015
2378  8.637  -60.021  -11.993 0.1000000015
1895  9.941  -61.678  -12.705 0.1000000015
1541  9.462  -62.665  -12.598 0.1000000015
1540  10.228  -62.725  -13.114 0.1000000015
1233  9.803  -63.164  -14.165 0.1000000015
1948  10.619  -61.258  -15.340 0.1000000015
2447  12.771  -60.007  -16.655 0.1000000015
2448  11.969  -59.557  -16.270 0.1000000015
2433  10.675  -60.168  -15.481 0.1000000015
98885  14.136  -56.943  -16.343 0.1000000015
2881  11.315  -58.441  -8.860 0.1000000015
1817  14.623  -60.866  -6.970 0.1000000015
1493  14.083  -61.527  -7.919 0.1000000015
1510  13.010  -61.424  -7.876 0.1000000015
102263  12.611  -61.170  -7.992 0.1000000015
2880  12.149  -59.484  -8.517 0.1000000015
96708  10.029  -57.565  -9.359 0.1000000015
3487  10.281  -57.054  -10.687 0.1000000015
2927  9.697  -58.267  -12.084 0.1000000015
2376  10.453  -59.771  -12.785 0.1000000015
1831  14.767  -61.370  -7.798 0.1000000015
1492  14.616  -61.338  -8.426 0.1000000015
1509  13.780  -61.437  -8.151 0.1000000015
1848  13.378  -61.169  -8.260 0.1000000015
92386  12.826  -60.466  -8.383 0.1000000015
2362  9.156  -59.083  -12.133 0.1000000015
2377  9.615  -60.270  -12.470 0.1000000015
1555  10.984  -62.771  -13.753 0.1000000015
1219  10.505  -63.175  -14.125 0.1000000015
1218  11.334  -62.956  -14.510 0.1000000015
101102  10.370  -63.003  -14.528 0.1000000015
1571  10.637  -62.515  -15.049 0.1000000015
1232  10.877  -63.013  -14.704 0.1000000015
106629  12.756  -61.476  -16.414 0.1000000015
1590  11.379  -62.066  -15.638 0.1000000015
3002  13.405  -59.365  -16.713 0.1000000015
1961  12.214  -60.688  -16.363 0.1000000015
97658  14.743  -58.031  -16.458 0.1000000015
100386  15.264  -55.342  -16.448 0.1000000015
105448  14.482  -55.914  -16.322 0.1000000015
100387  16.151  -55.242  -16.498 0.1000000015
4742  15.919  -55.925  -16.297 0.1000000015
2903  12.278  -58.368  -9.124 0.1000000015
3475  10.704  -57.459  -9.656 0.1000000015
1830  15.459  -60.836  -7.692 0.1000000015
1845  16.551  -60.994  -9.033 0.1000000015
100678  15.187  -61.269  -8.976 0.1000000015
2312  14.724  -60.775  -9.056 0.1000000015
2313  13.774  -60.523  -8.661 0.1000000015
94270  11.182  -57.104  -10.404 0.1000000015
3494  10.307  -57.534  -11.777 0.1000000015
2935  10.547  -58.527  -12.495 0.1000000015
1846  15.590  -61.227  -8.662 0.1000000015
1847  14.308  -61.169  -8.562 0.1000000015
2375  11.208  -59.329  -13.029 0.1000000015
1909  11.155  -60.623  -13.263 0.1000000015
1894  10.757  -61.833  -13.201 0.1000000015
1554  11.590  -61.895  -13.691 0.1000000015
1553  12.312  -61.827  -14.167 0.1000000015
1570  11.848  -62.460  -14.336 0.1000000015
1588  13.072  -62.227  -15.563 0.1000000015
1231  12.174  -62.697  -14.941 0.1000000015
91688  14.277  -60.369  -16.834 0.1000000015
2446  13.561  -60.437  -16.803 0.1000000015
1960  13.170  -60.979  -16.725 0.1000000015
103805  12.721  -62.013  -16.130 0.1000000015
97926  12.096  -61.716  -16.137 0.1000000015
2445  15.105  -60.272  -16.752 0.1000000015
93203  14.429  -59.272  -16.709 0.1000000015
3001  15.347  -59.261  -16.671 0.1000000015
98886  15.202  -56.678  -16.324 0.1000000015
5396  16.926  -54.903  -16.741 0.1000000015
2293  17.765  -60.120  -8.880 0.1000000015
2294  16.964  -60.145  -8.294 0.1000000015
2295  16.066  -60.064  -7.530 0.1000000015
1859  16.526  -60.842  -9.184 0.1000000015
1860  15.659  -60.902  -9.242 0.1000000015
3474  11.627  -57.598  -9.658 0.1000000015
2311  17.182  -60.627  -8.948 0.1000000015
104245  15.963  -61.186  -9.105 0.1000000015
101481  13.736  -58.669  -9.192 0.1000000015
3473  12.375  -57.490  -9.785 0.1000000015
103908  11.861  -57.169  -10.291 0.1000000015
3486  11.655  -56.881  -10.994 0.1000000015
101836  11.049  -57.597  -12.174 0.1000000015
3485  12.464  -56.891  -10.579 0.1000000015
95982  11.777  -57.540  -12.408 0.1000000015
2953  11.997  -59.022  -13.287 0.1000000015
2389  11.752  -59.916  -13.450 0.1000000015
1908  11.987  -60.867  -13.764 0.1000000015
1907  12.665  -61.071  -14.198 0.1000000015
1927  13.307  -61.453  -14.636 0.1000000015
1569  12.745  -62.135  -14.757 0.1000000015
1959  14.054  -61.075  -16.772 0.1000000015
1597  13.529  -61.656  -16.350 0.1000000015
2444  15.651  -60.597  -16.481 0.1000000015
1958  14.861  -60.886  -16.660 0.1000000015
93555  15.814  -60.147  -16.662 0.1000000015
97659  15.731  -58.058  -16.455 0.1000000015
98887  16.244  -56.929  -16.320 0.1000000015
4741  16.793  -55.881  -16.350 0.1000000015
93622  14.718  -57.887  -9.508 0.1000000015
3471  14.470  -57.064  -9.874 0.1000000015
2866  18.311  -59.344  -8.633 0.1000000015
2310  17.674  -60.215  -9.098 0.1000000015
2330  17.611  -60.212  -9.174 0.1000000015
2331  17.133  -60.296  -9.337 0.1000000015
2333  15.121  -59.864  -9.274 0.1000000015
2901  14.512  -58.726  -9.287 0.1000000015
3484  13.517  -56.649  -10.434 0.1000000015
1844  17.166  -60.594  -9.104 0.1000000015
2902  13.052  -58.093  -9.374 0.1000000015
4102  12.531  -56.664  -12.124 0.1000000015
3518  12.931  -57.650  -13.189 0.1000000015
4098  12.154  -56.802  -11.515 0.1000000015
3492  12.051  -57.025  -12.126 0.1000000015
2952  12.909  -58.756  -13.607 0.1000000015
1906  13.146  -60.595  -14.277 0.1000000015
96670  13.795  -60.683  -14.576 0.1000000015
92423  13.995  -61.305  -15.018 0.1000000015
1946  15.435  -61.085  -15.998 0.1000000015
1568  13.612  -61.740  -15.315 0.1000000015
1957  15.401  -60.950  -16.295 0.1000000015
1596  14.485  -61.300  -16.410 0.1000000015
1586  14.800  -61.336  -16.124 0.1000000015
91273  16.191  -60.617  -16.240 0.1000000015
2443  16.559  -60.269  -16.410 0.1000000015
3000  16.260  -59.384  -16.614 0.1000000015
98993  18.490  -57.735  -9.550 0.1000000015
96007  19.115  -58.996  -9.121 0.1000000015
3468  18.289  -58.725  -9.494 0.1000000015
3469  16.365  -58.030  -9.530 0.1000000015
4093  15.108  -56.699  -9.934 0.1000000015
3448  19.774  -58.405  -8.056 0.1000000015
2865  19.302  -58.881  -8.825 0.1000000015
2309  18.040  -59.858  -9.168 0.1000000015
2898  17.831  -59.653  -9.362 0.1000000015
102374  17.345  -58.666  -9.552 0.1000000015
2900  15.544  -58.743  -9.438 0.1000000015
3483  14.501  -56.307  -10.368 0.1000000015
4096  13.337  -56.121  -11.326 0.1000000015
4097  12.795  -56.475  -11.339 0.1000000015
3503  13.061  -56.708  -12.831 0.1000000015
2951  13.568  -58.029  -13.703 0.1000000015
2975  13.802  -58.961  -14.109 0.1000000015
2412  14.246  -59.927  -14.488 0.1000000015
107334  15.141  -60.821  -15.451 0.1000000015
2431  17.223  -60.279  -15.888 0.1000000015
2442  17.551  -60.021  -16.201 0.1000000015
102570  18.024  -59.530  -16.299 0.1000000015
3466  19.775  -58.405  -9.141 0.1000000015
95548  17.348  -57.530  -9.588 0.1000000015
4092  16.049  -56.770  -9.712 0.1000000015
2897  18.693  -59.280  -9.194 0.1000000015
4673  14.687  -55.538  -10.828 0.1000000015
4684  13.626  -55.675  -11.904 0.1000000015
4115  13.798  -56.415  -13.405 0.1000000015
3517  13.473  -57.198  -13.424 0.1000000015
103067  14.199  -58.320  -14.129 0.1000000015
96742  15.415  -59.211  -14.615 0.1000000015
91232  14.644  -59.135  -14.412 0.1000000015
2410  16.217  -59.762  -14.999 0.1000000015
2411  15.198  -60.097  -14.873 0.1000000015
2409  17.222  -59.842  -15.346 0.1000000015
1925  15.893  -60.575  -15.552 0.1000000015
96265  17.937  -59.369  -14.929 0.1000000015
1945  16.328  -60.697  -16.065 0.1000000015
2430  17.819  -60.013  -15.966 0.1000000015
2999  18.763  -59.020  -16.254 0.1000000015
4163  19.986  -57.361  -16.148 0.1000000015
100674  19.307  -57.776  -9.424 0.1000000015
4091  16.982  -56.254  -9.681 0.1000000015
4095  15.297  -56.022  -10.207 0.1000000015
4672  15.421  -55.197  -10.604 0.1000000015
4088  19.953  -57.772  -9.215 0.1000000015
4683  14.234  -55.214  -11.649 0.1000000015
4706  13.963  -55.635  -13.166 0.1000000015
100667  14.284  -55.875  -13.507 0.1000000015
4114  14.530  -56.594  -13.876 0.1000000015
3533  14.908  -57.311  -14.186 0.1000000015
3530  17.527  -58.395  -14.586 0.1000000015
2973  15.946  -58.632  -14.560 0.1000000015
2972  16.924  -59.062  -14.732 0.1000000015
2408  17.991  -59.733  -15.544 0.1000000015
2407  18.563  -59.503  -15.643 0.1000000015
2988  19.027  -59.221  -15.759 0.1000000015
3555  20.432  -57.449  -15.592 0.1000000015
102549  21.743  -55.421  -16.271 0.1000000015
4089  19.384  -56.944  -9.293 0.1000000015
4666  18.543  -56.201  -9.378 0.1000000015
4667  17.680  -55.696  -9.554 0.1000000015
4671  16.158  -54.800  -10.377 0.1000000015
4669  16.113  -55.704  -10.028 0.1000000015
4682  14.898  -54.818  -11.335 0.1000000015
5333  14.623  -54.603  -12.173 0.1000000015
5345  14.627  -54.599  -12.839 0.1000000015
4113  14.897  -55.910  -13.858 0.1000000015
4129  16.046  -57.053  -14.357 0.1000000015
3531  16.505  -57.940  -14.466 0.1000000015
5341  22.799  -54.865  -13.175 0.1000000015
104649  22.045  -54.917  -13.095 0.1000000015
4701  21.040  -55.711  -13.728 0.1000000015
4127  19.971  -56.943  -14.314 0.1000000015
104703  19.253  -57.570  -14.502 0.1000000015
89215  17.004  -56.937  -14.410 0.1000000015
101108  22.304  -55.380  -13.574 0.1000000015
4700  21.744  -55.856  -13.823 0.1000000015
4714  20.531  -56.276  -14.097 0.1000000015
89518  18.255  -57.872  -14.543 0.1000000015
5340  23.697  -54.574  -13.095 0.1000000015
5353  23.375  -54.728  -13.851 0.1000000015
4699  22.253  -55.707  -14.114 0.1000000015
4126  20.602  -57.113  -14.574 0.1000000015
3528  19.889  -58.395  -14.770 0.1000000015
102928  18.444  -58.884  -14.730 0.1000000015
105134  24.012  -54.314  -13.629 0.1000000015
5978  23.877  -53.931  -14.396 0.1000000015
4712  21.784  -56.078  -14.496 0.1000000015
2971  19.585  -58.921  -14.995 0.1000000015
4726  22.012  -55.651  -15.378 0.1000000015
2970  20.031  -58.617  -14.975 0.1000000015
5985  23.136  -54.081  -16.008 0.1000000015
4145  21.481  -56.325  -15.187 0.1000000015
5392  22.168  -54.564  -16.888 0.1000000015
4663  19.242  -55.840  -8.876 0.1000000015
5314  18.303  -55.194  -9.212 0.1000000015
5315  17.526  -54.659  -9.596 0.1000000015
5322  16.224  -53.973  -10.720 0.1000000015
5323  15.557  -54.415  -11.010 0.1000000015
5332  15.176  -54.151  -11.763 0.1000000015
4705  14.502  -55.159  -13.313 0.1000000015
5360  15.177  -54.431  -13.338 0.1000000015
4718  15.816  -56.073  -14.194 0.1000000015
4716  18.071  -55.821  -14.386 0.1000000015
5354  21.548  -55.212  -13.420 0.1000000015
4702  20.096  -55.253  -13.818 0.1000000015
5369  19.526  -55.813  -14.163 0.1000000015
5342  22.252  -54.390  -12.684 0.1000000015
6554  24.870  -52.619  -13.983 0.1000000015
5977  24.514  -53.617  -13.896 0.1000000015
5292  19.379  -54.797  -8.081 0.1000000015
5306  18.694  -54.793  -8.701 0.1000000015
5307  18.076  -54.035  -9.067 0.1000000015
5920  17.322  -53.546  -9.780 0.1000000015
5316  16.838  -54.307  -10.132 0.1000000015
5921  16.733  -53.538  -10.394 0.1000000015
5331  15.770  -53.719  -11.423 0.1000000015
5944  15.472  -53.634  -12.015 0.1000000015
5359  16.077  -54.192  -13.662 0.1000000015
5970  15.686  -53.658  -13.099 0.1000000015
5357  18.052  -54.348  -14.041 0.1000000015
5968  17.462  -53.438  -13.577 0.1000000015
5372  16.717  -54.975  -14.154 0.1000000015
5343  21.299  -54.321  -12.997 0.1000000015
5953  21.539  -53.622  -12.409 0.1000000015
5356  19.073  -54.741  -13.970 0.1000000015
106483  16.532  -55.755  -14.273 0.1000000015
5950  24.237  -54.342  -12.403 0.1000000015
5370  18.516  -55.329  -14.252 0.1000000015
5949  25.161  -54.107  -12.424 0.1000000015
5293  18.622  -54.097  -8.455 0.1000000015
5912  17.664  -52.938  -9.183 0.1000000015
90745  17.346  -52.582  -9.794 0.1000000015
5930  16.962  -52.779  -10.393 0.1000000015
5931  16.352  -53.091  -11.033 0.1000000015
5943  15.991  -53.107  -11.907 0.1000000015
6541  16.617  -52.561  -12.349 0.1000000015
5955  16.173  -53.084  -12.755 0.1000000015
6548  17.856  -52.732  -13.186 0.1000000015
5967  18.615  -53.632  -13.578 0.1000000015
6547  18.813  -52.842  -13.087 0.1000000015
93118  19.685  -54.251  -13.582 0.1000000015
5951  23.226  -54.432  -12.578 0.1000000015
5948  25.724  -53.473  -12.530 0.1000000015
7162  25.309  -52.010  -13.491 0.1000000015
5911  18.186  -53.069  -8.421 0.1000000015
107394  17.810  -52.469  -8.829 0.1000000015
6483  17.642  -51.952  -9.265 0.1000000015
6511  16.851  -52.282  -11.047 0.1000000015
6529  16.517  -52.598  -11.607 0.1000000015
6528  16.996  -52.061  -11.832 0.1000000015
6549  16.941  -52.773  -13.102 0.1000000015
5965  20.241  -53.837  -13.205 0.1000000015
5954  19.694  -53.066  -12.887 0.1000000015
5941  23.731  -54.132  -11.856 0.1000000015
7161  25.704  -52.149  -12.889 0.1000000015
97138  25.309  -51.541  -12.991 0.1000000015
7114  17.856  -51.278  -9.595 0.1000000015
6500  17.352  -51.887  -10.270 0.1000000015
7127  17.809  -51.238  -10.451 0.1000000015
7141  17.395  -51.658  -11.177 0.1000000015
7154  17.703  -51.713  -12.008 0.1000000015
6540  17.356  -52.245  -12.588 0.1000000015
6539  18.211  -52.168  -12.657 0.1000000015
6522  26.350  -52.851  -11.619 0.1000000015
5940  24.941  -54.117  -11.560 0.1000000015
103705  20.605  -53.352  -12.693 0.1000000015
7152  25.803  -52.170  -12.258 0.1000000015
7782  18.222  -50.831  -9.825 0.1000000015
7126  18.526  -50.941  -10.629 0.1000000015
7139  20.224  -51.586  -11.133 0.1000000015
7125  19.490  -50.997  -10.641 0.1000000015
7140  18.115  -51.316  -11.340 0.1000000015
7138  21.011  -51.794  -10.811 0.1000000015
7153  18.577  -51.716  -12.064 0.1000000015
6538  19.103  -52.354  -12.556 0.1000000015
5938  26.344  -53.331  -11.225 0.1000000015
103188  25.919  -53.830  -11.090 0.1000000015
5952  22.518  -53.772  -12.028 0.1000000015
6536  21.603  -53.088  -11.872 0.1000000015
6537  20.842  -52.781  -12.148 0.1000000015
7817  25.042  -51.394  -12.165 0.1000000015
6523  24.042  -53.748  -11.049 0.1000000015
99474  19.170  -51.401  -11.437 0.1000000015
6525  21.127  -52.321  -11.440 0.1000000015
6526  20.118  -52.062  -11.797 0.1000000015
6508  24.305  -53.356  -10.098 0.1000000015
5942  22.180  -53.018  -11.375 0.1000000015
105159  23.070  -53.555  -11.423 0.1000000015
1203  8.922  -63.398  -12.658 0.1000000015
1220  9.725  -63.313  -13.601 0.1000000015
1572  9.825  -62.574  -14.578 0.1000000015
105172  9.268  -62.800  -14.210 0.1000000015
4166  11.916  -56.453  -16.256 0.1000000015
1928  9.857  -61.501  -14.810 0.1000000015
105825  12.666  -56.470  -16.331 0.1000000015
100296  10.766  -59.373  -15.576 0.1000000015
106507  9.951  -58.634  -15.009 0.1000000015
2434  10.091  -59.325  -15.097 0.1000000015
96933  10.791  -61.344  -6.397 0.1000000015
1556  8.640  -62.601  -13.918 0.1000000015
866  9.052  -63.630  -13.157 0.1000000015
89197  9.167  -60.594  -14.511 0.1000000015
1832  11.993  -61.251  -7.580 0.1000000015
2432  11.394  -59.945  -15.912 0.1000000015
1849  12.012  -60.539  -8.066 0.1000000015
2904  10.491  -58.009  -8.959 0.1000000015
3488  9.366  -57.174  -10.568 0.1000000015
3489  8.499  -57.393  -10.435 0.1000000015
97455  9.917  -57.168  -9.942 0.1000000015
3495  9.556  -57.464  -11.390 0.1000000015
97127  10.394  -60.833  -12.873 0.1000000015
1947  11.401  -60.976  -15.839 0.1000000015
89650  10.970  -57.092  -11.320 0.1000000015
2936  9.872  -59.161  -12.439 0.1000000015
1245  11.437  -62.771  -15.143 0.1000000015
1589  12.147  -62.378  -15.662 0.1000000015
1829  16.352  -60.749  -8.448 0.1000000015
2334  14.165  -59.658  -9.035 0.1000000015
2335  13.143  -59.314  -8.841 0.1000000015
3505  11.462  -58.326  -12.734 0.1000000015
106567  12.769  -61.705  -14.450 0.1000000015
2332  16.166  -60.122  -9.444 0.1000000015
105184  13.023  -57.277  -9.908 0.1000000015
3493  11.565  -57.089  -11.784 0.1000000015
3504  12.431  -57.255  -12.609 0.1000000015
2934  12.235  -58.066  -12.987 0.1000000015
2388  12.532  -59.968  -13.824 0.1000000015
1587  14.074  -61.756  -15.932 0.1000000015
95832  17.241  -59.541  -16.472 0.1000000015
97660  16.749  -58.285  -16.490 0.1000000015
3470  15.343  -57.481  -9.615 0.1000000015
3472  13.836  -57.687  -9.589 0.1000000015
2879  18.411  -59.579  -9.117 0.1000000015
2899  16.758  -59.298  -9.516 0.1000000015
4101  13.074  -56.184  -12.069 0.1000000015
2387  13.400  -59.802  -14.170 0.1000000015
1567  14.521  -61.326  -15.646 0.1000000015
1944  16.962  -60.379  -16.109 0.1000000015
97378  17.819  -58.674  -16.480 0.1000000015
4674  13.928  -55.850  -11.006 0.1000000015
4695  13.531  -55.903  -12.696 0.1000000015
3516  14.165  -57.410  -13.920 0.1000000015
2429  18.331  -59.639  -16.048 0.1000000015
4090  17.940  -56.699  -9.570 0.1000000015
4694  14.087  -55.187  -12.598 0.1000000015
2974  14.975  -58.221  -14.344 0.1000000015
3532  15.614  -57.638  -14.361 0.1000000015
1924  16.647  -60.358  -15.638 0.1000000015
2998  19.371  -58.803  -15.849 0.1000000015
3557  19.351  -58.113  -16.173 0.1000000015
4162  21.065  -56.436  -15.781 0.1000000015
102635  18.730  -57.033  -9.489 0.1000000015
90764  18.825  -59.283  -15.096 0.1000000015
3545  20.225  -58.259  -15.155 0.1000000015
4668  16.881  -55.251  -9.884 0.1000000015
5344  15.132  -54.009  -12.552 0.1000000015
4703  15.852  -55.032  -13.945 0.1000000015
4713  21.203  -56.355  -14.146 0.1000000015
4715  18.890  -56.341  -14.368 0.1000000015
4717  17.330  -55.850  -14.369 0.1000000015
5964  24.531  -54.240  -13.075 0.1000000015
5368  22.796  -55.159  -14.279 0.1000000015
3527  20.290  -58.067  -14.855 0.1000000015
4146  20.806  -57.307  -15.027 0.1000000015
4125  21.190  -56.667  -14.625 0.1000000015
5963  25.266  -53.435  -13.278 0.1000000015
4711  22.400  -55.423  -14.887 0.1000000015
5391  22.548  -54.192  -16.690 0.1000000015
4725  22.460  -54.826  -16.024 0.1000000015
5371  17.613  -55.058  -14.260 0.1000000015
5355  20.663  -54.755  -13.463 0.1000000015
105972  25.369  -52.664  -13.477 0.1000000015
5956  15.659  -53.473  -12.460 0.1000000015
5969  16.505  -53.464  -13.389 0.1000000015
5939  25.824  -53.801  -11.811 0.1000000015
7151  25.988  -52.605  -12.391 0.1000000015
100997  19.956  -52.590  -12.370 0.1000000015
10771  21.649  -46.385  -14.042 0.4000000060
8565  19.119  -49.614  -15.096 0.3000000119
9301  19.709  -48.289  -14.685 0.3000000119
10058  20.592  -47.286  -14.449 0.3000000119
10779  21.344  -46.387  -14.587 0.4000000060
10778  21.913  -45.888  -14.360 0.4000000060
10059  20.039  -47.651  -14.725 0.3000000119
11568  22.342  -45.529  -14.807 0.4000000060
5482  16.898  -55.373  -22.337 0.1000000015
6061  16.824  -54.346  -22.372 0.1000000015
6607  16.577  -52.828  -21.356 0.2000000030
7900  17.116  -50.597  -20.044 0.3000000119
11565  25.576  -45.098  -15.672 0.4000000060
7844  19.449  -50.322  -15.009 0.3000000119
9359  18.589  -48.933  -17.967 0.4000000060
9310  19.946  -48.137  -17.021 0.4000000060
7212  16.729  -51.425  -20.668 0.2000000030
7882  17.461  -49.995  -19.224 0.3000000119
9329  20.261  -48.473  -17.828 0.4000000060
10091  21.621  -47.776  -17.122 0.4000000060
4816  17.214  -56.261  -22.844 0.1000000015
7221  16.619  -52.077  -21.226 0.3000000119
10092  20.957  -48.166  -17.453 0.4000000060
10072  22.295  -47.250  -16.798 0.4000000060
10804  23.478  -46.421  -16.511 0.4000000060
6606  16.767  -52.423  -21.823 0.2000000030
8599  18.997  -49.126  -18.821 0.3000000119
12326  27.479  -45.260  -14.614 0.4000000060
11540  28.402  -45.551  -12.307 0.4000000060
9358  19.600  -48.757  -18.275 0.4000000060
9327  21.980  -48.419  -17.873 0.4000000060
10821  23.901  -47.144  -17.099 0.4000000060
10803  24.395  -46.493  -16.677 0.4000000060
11583  24.955  -45.736  -16.248 0.5000000000
4832  17.648  -55.902  -23.536 0.2000000030
5481  17.089  -54.962  -22.978 0.2000000030
6060  17.193  -53.811  -22.962 0.2000000030
7220  17.023  -51.566  -21.548 0.2000000030
6614  16.664  -53.458  -22.054 0.2000000030
8623  18.395  -49.528  -19.473 0.3000000119
4232  17.563  -57.246  -23.482 0.1000000015
10090  22.437  -47.949  -17.447 0.4000000060
106844  20.515  -48.755  -18.478 0.4000000060
10089  23.273  -47.742  -17.428 0.4000000060
11564  26.721  -45.511  -15.651 0.5000000000
10802  25.420  -46.732  -16.855 0.4000000060
96896  26.070  -46.058  -16.387 0.5000000000
11553  28.553  -45.712  -13.649 0.4000000060
8636  17.901  -50.034  -20.206 0.4000000060
7920  17.570  -50.693  -21.078 0.2000000030
8635  19.074  -49.685  -20.367 0.4000000060
8622  19.604  -49.345  -19.689 0.3000000119
91051  28.620  -46.052  -14.749 0.5000000000
11539  29.126  -45.897  -12.883 0.4000000060
11532  28.657  -45.537  -12.142 0.4000000060
9356  21.898  -48.804  -18.574 0.4000000060
93690  24.331  -47.909  -17.650 0.4000000060
11563  28.081  -46.390  -15.703 0.5000000000
6613  17.176  -52.803  -22.617 0.2000000030
5496  17.923  -54.730  -23.757 0.2000000030
7231  17.487  -51.928  -22.355 0.2000000030
12316  29.606  -45.499  -13.108 0.4000000060
7219  18.002  -51.150  -22.055 0.2000000030
9357  21.294  -49.043  -19.030 0.3000000119
100510  23.905  -48.455  -18.069 0.4000000060
10820  24.846  -47.330  -17.274 0.4000000060
6612  18.109  -52.348  -23.141 0.2000000030
7899  18.705  -50.146  -21.034 0.3000000119
13070  29.096  -44.920  -12.404 0.4000000060
8621  20.874  -49.409  -19.858 0.3000000119
10801  26.493  -47.223  -16.987 0.5000000000
4831  18.321  -55.836  -24.152 0.2000000030
6625  17.756  -53.057  -23.310 0.2000000030
9354  23.574  -48.911  -18.680 0.4000000060
11552  29.646  -46.508  -14.106 0.5000000000
102838  27.498  -39.790  -15.673 0.4000000060
4850  18.868  -56.479  -24.694 0.2000000030
6624  18.796  -52.979  -23.869 0.2000000030
7230  18.571  -51.595  -22.819 0.2000000030
92710  18.739  -50.578  -21.785 0.2000000030
9372  22.344  -49.226  -19.240 0.4000000060
11581  28.202  -47.459  -16.534 0.5000000000
4243  18.390  -57.418  -24.732 0.2000000030
10819  25.839  -47.677  -17.427 0.5000000000
11582  27.185  -46.698  -16.412 0.5000000000
11538  29.776  -46.123  -13.494 0.5000000000
4869  18.958  -56.864  -25.303 0.2000000030
15598  29.007  -40.400  -15.772 0.4000000060
16399  28.145  -40.088  -15.734 0.2000000030
13891  29.038  -42.526  -14.238 0.4000000060
13079  29.700  -44.449  -13.272 0.4000000060
6073  18.076  -53.676  -23.659 0.2000000030
7919  19.885  -49.935  -21.185 0.4000000060
5495  18.967  -55.280  -24.498 0.2000000030
7940  19.116  -50.979  -22.519 0.2000000030
6072  18.897  -54.084  -24.271 0.2000000030
14740  29.674  -41.936  -14.791 0.4000000060
13093  30.423  -43.814  -13.985 0.4000000060
13078  30.666  -44.991  -13.792 0.4000000060
9325  24.872  -48.587  -18.297 0.3000000119
11562  29.396  -46.914  -15.409 0.5000000000
97886  20.368  -49.670  -20.588 0.4000000060
9353  24.531  -48.980  -18.849 0.3000000119
10818  26.755  -48.111  -17.582 0.4000000060
98802  22.028  -49.547  -20.003 0.4000000060
10800  28.707  -48.059  -17.001 0.5000000000
7242  19.210  -52.058  -23.545 0.2000000030
13890  30.030  -42.785  -14.346 0.4000000060
11551  30.595  -46.760  -14.362 0.5000000000
10777  30.403  -47.159  -15.105 0.5000000000
10087  26.341  -48.518  -18.090 0.4000000060
97489  27.743  -48.042  -17.287 0.5000000000
10086  27.267  -48.541  -18.211 0.5000000000
10780  20.838  -46.796  -14.699 0.4000000060
10805  22.599  -46.427  -16.295 0.4000000060
13877  29.449  -43.389  -13.679 0.4000000060
10787  29.075  -47.568  -16.388 0.5000000000
7850  18.185  -50.532  -16.257 0.3000000119
8572  18.178  -49.755  -16.157 0.3000000119
9305  18.950  -48.969  -15.373 0.2000000030
10064  19.684  -47.822  -15.311 0.2000000030
6581  18.600  -52.530  -17.732 0.2000000030
7851  17.779  -50.778  -16.878 0.3000000119
107748  17.550  -50.356  -17.309 0.3000000119
99487  17.946  -49.442  -16.849 0.3000000119
6582  17.662  -51.881  -17.923 0.2000000030
7197  17.125  -51.117  -18.376 0.2000000030
7854  17.332  -50.361  -17.938 0.2000000030
6600  16.570  -52.324  -20.761 0.2000000030
4260  18.267  -57.294  -25.616 0.1000000015
4870  17.994  -56.776  -26.306 0.1000000015
100927  22.194  -50.094  -23.690 0.1000000015
98309  19.544  -51.195  -15.491 0.1000000015
7845  18.743  -50.292  -15.576 0.2000000030
7186  18.391  -51.363  -16.492 0.2000000030
6575  18.879  -52.237  -16.926 0.2000000030
6580  19.610  -53.050  -17.663 0.1000000015
6007  19.379  -53.390  -18.493 0.1000000015
4851  18.211  -56.925  -24.152 0.1000000015
4259  18.381  -57.510  -25.211 0.1000000015
6623  19.920  -52.533  -24.223 0.1000000015
7241  20.238  -51.755  -23.885 0.1000000015
7228  21.157  -50.534  -22.935 0.1000000015
7918  21.907  -50.269  -22.477 0.1000000015
6635  20.462  -52.902  -24.810 0.1000000015
7240  20.808  -51.082  -23.575 0.1000000015
7938  22.306  -50.098  -23.246 0.1000000015
91282  22.569  -50.147  -22.146 0.1000000015
7959  21.780  -50.485  -23.717 0.1000000015
7917  22.887  -50.013  -22.739 0.1000000015
8647  24.534  -49.154  -21.455 0.1000000015
8648  24.063  -49.385  -21.823 0.1000000015
10139  24.857  -48.770  -20.981 0.1000000015
7185  19.204  -51.821  -16.213 0.2000000030
8650  21.181  -50.038  -21.540 0.1000000015
106162  25.354  -49.025  -18.994 0.3000000119
6071  19.791  -53.467  -24.555 0.1000000015
7229  19.651  -51.367  -23.197 0.1000000015
90266  20.582  -50.266  -21.976 0.1000000015
101926  22.848  -49.857  -20.998 0.2000000030
9370  24.241  -49.332  -19.543 0.3000000119
9322  27.386  -48.571  -18.781 0.3000000119
10085  28.027  -48.401  -18.163 0.3000000119
5509  19.801  -54.597  -24.912 0.1000000015
103572  20.088  -50.889  -22.889 0.1000000015
8633  23.158  -50.024  -21.925 0.1000000015
8620  23.954  -49.568  -20.404 0.2000000030
9352  26.707  -48.702  -19.292 0.3000000119
6083  20.255  -53.683  -25.001 0.1000000015
8632  23.690  -49.696  -21.470 0.1000000015
9368  26.001  -48.803  -19.869 0.2000000030
9351  27.286  -48.479  -19.143 0.3000000119
9381  25.314  -48.948  -20.586 0.1000000015
10126  25.873  -48.575  -20.076 0.2000000030
10856  27.784  -48.142  -19.013 0.4000000060
9383  24.470  -49.062  -21.519 0.1000000015
100458  25.272  -48.512  -20.462 0.1000000015
10858  26.290  -47.822  -19.759 0.3000000119
7163  24.014  -51.123  -14.103 0.1000000015
96421  23.237  -51.829  -14.672 0.1000000015
10776  31.226  -47.157  -15.023 0.4000000060
10070  28.603  -48.151  -17.533 0.4000000060
10799  29.327  -47.928  -17.155 0.4000000060
10109  28.168  -48.226  -18.503 0.4000000060
10817  29.411  -47.414  -17.581 0.4000000060
10831  28.332  -47.637  -18.529 0.4000000060
11613  28.736  -46.900  -18.177 0.5000000000
10857  27.127  -47.998  -19.441 0.3000000119
103518  27.482  -47.250  -19.040 0.5000000000
10140  24.156  -48.408  -21.064 0.2000000030
10832  26.602  -46.922  -19.337 0.4000000060
9392  22.840  -49.292  -22.524 0.1000000015
10141  23.180  -48.105  -21.014 0.1000000015
10127  24.604  -47.825  -20.373 0.2000000030
10859  25.460  -47.762  -20.062 0.2000000030
9408  22.189  -49.313  -23.077 0.1000000015
9385  22.752  -48.556  -21.796 0.1000000015
10128  23.511  -47.540  -20.259 0.2000000030
9426  21.616  -49.147  -23.899 0.1000000015
9393  21.648  -48.443  -22.185 0.1000000015
100785  31.357  -46.766  -14.671 0.4000000060
12315  30.791  -46.115  -14.066 0.3000000119
11596  30.086  -47.294  -16.796 0.4000000060
10785  30.818  -47.172  -15.771 0.4000000060
10069  29.534  -47.725  -17.318 0.4000000060
10798  31.186  -46.928  -15.941 0.4000000060
103798  28.971  -47.687  -17.969 0.4000000060
11597  29.158  -46.302  -17.649 0.4000000060
105416  29.737  -47.047  -17.362 0.4000000060
11614  27.835  -46.468  -18.577 0.5000000000
10833  25.510  -46.691  -19.404 0.3000000119
11615  26.916  -46.125  -18.817 0.4000000060
95949  22.175  -47.787  -20.857 0.2000000030
100820  24.761  -47.059  -19.693 0.2000000030
8020  19.513  -50.763  -26.561 0.1000000015
11550  31.975  -46.285  -14.747 0.4000000060
12325  31.750  -45.416  -14.395 0.4000000060
10797  31.768  -46.674  -15.457 0.4000000060
11579  30.839  -46.515  -16.353 0.4000000060
11578  31.756  -46.364  -15.766 0.4000000060
11580  29.976  -46.460  -17.068 0.4000000060
12358  29.276  -45.272  -17.065 0.4000000060
11598  28.182  -45.765  -18.107 0.3000000119
12395  26.394  -45.198  -18.385 0.4000000060
11599  27.258  -45.429  -18.323 0.4000000060
10834  24.364  -46.298  -19.092 0.3000000119
11616  25.983  -45.860  -18.831 0.3000000119
10142  21.490  -47.847  -21.214 0.2000000030
10130  21.199  -47.413  -20.165 0.2000000030
10861  22.958  -46.849  -19.457 0.2000000030
10860  23.913  -46.919  -19.616 0.2000000030
10157  20.494  -47.933  -22.174 0.2000000030
7297  18.219  -51.802  -26.517 0.1000000015
7296  19.028  -51.489  -26.934 0.1000000015
8004  18.795  -50.466  -25.735 0.1000000015
13889  31.181  -43.106  -14.443 0.3000000119
13091  33.196  -44.414  -14.830 0.4000000060
13092  31.736  -44.274  -14.363 0.3000000119
11561  32.413  -46.141  -15.280 0.4000000060
13116  33.152  -44.604  -15.728 0.4000000060
12355  32.433  -45.598  -15.632 0.4000000060
12356  31.462  -45.624  -16.152 0.4000000060
12357  30.169  -45.164  -16.569 0.4000000060
12377  27.568  -44.827  -17.763 0.4000000060
12376  28.409  -45.050  -17.479 0.3000000119
12380  24.936  -44.410  -17.687 0.3000000119
12379  25.933  -44.426  -17.888 0.3000000119
12378  26.762  -44.600  -17.891 0.3000000119
10863  20.602  -46.870  -19.346 0.2000000030
10862  21.485  -46.929  -19.386 0.2000000030
11619  22.829  -45.729  -18.300 0.3000000119
11618  23.774  -45.621  -18.402 0.2000000030
12396  25.629  -45.050  -18.297 0.3000000119
10835  23.388  -46.290  -18.907 0.2000000030
10143  20.520  -47.513  -20.778 0.2000000030
14754  30.798  -42.206  -14.773 0.3000000119
91151  31.881  -41.841  -15.191 0.3000000119
13905  31.902  -42.549  -14.706 0.3000000119
13888  32.606  -43.355  -14.621 0.4000000060
13104  33.717  -44.140  -15.358 0.3000000119
13089  34.114  -43.401  -15.379 0.4000000060
106391  33.323  -43.920  -16.080 0.4000000060
92796  33.703  -43.862  -16.164 0.4000000060
12338  33.051  -45.225  -15.281 0.4000000060
92436  32.136  -43.821  -16.254 0.4000000060
89658  32.109  -44.904  -16.003 0.4000000060
13118  29.523  -43.827  -16.603 0.3000000119
107498  29.341  -44.496  -16.717 0.4000000060
13117  30.906  -44.346  -16.325 0.4000000060
13122  26.112  -43.048  -17.129 0.3000000119
13121  26.934  -43.222  -17.219 0.2000000030
13924  28.512  -43.195  -16.843 0.2000000030
13119  28.610  -44.159  -16.882 0.3000000119
13144  26.396  -43.829  -17.479 0.3000000119
13143  27.178  -44.031  -17.436 0.2000000030
13142  27.864  -44.270  -17.329 0.2000000030
10838  20.981  -46.122  -18.130 0.2000000030
11602  22.232  -45.221  -17.632 0.3000000119
11601  23.138  -45.094  -17.775 0.3000000119
11600  24.010  -44.880  -17.811 0.3000000119
15597  30.032  -40.656  -15.785 0.3000000119
14755  29.302  -41.197  -15.340 0.3000000119
94132  31.754  -42.940  -16.692 0.3000000119
13950  28.537  -42.220  -17.056 0.2000000030
13949  29.683  -42.209  -17.042 0.2000000030
13922  30.478  -43.125  -16.577 0.2000000030
13951  27.579  -41.776  -17.235 0.2000000030
13925  27.636  -42.703  -17.079 0.2000000030
13923  29.264  -42.899  -16.728 0.2000000030
15622  28.748  -39.677  -16.161 0.2000000030
94967  20.855  -48.723  -24.698 0.1000000015
89217  21.069  -48.565  -23.296 0.1000000015
97214  21.354  -45.419  -17.552 0.3000000119
10063  20.354  -47.152  -15.092 0.3000000119
9304  19.152  -48.407  -15.769 0.3000000119
9312  18.485  -48.976  -16.152 0.3000000119
7863  17.148  -50.409  -18.703 0.2000000030
107406  19.323  -48.488  -15.136 0.2000000030
107609  19.533  -50.255  -21.644 0.1000000015
9371  23.279  -49.333  -19.376 0.3000000119
7939  19.845  -50.547  -22.290 0.1000000015
8634  21.867  -49.857  -21.010 0.3000000119
9324  25.814  -48.800  -18.579 0.2000000030
100846  23.026  -49.638  -20.210 0.2000000030
7191  18.029  -51.643  -17.176 0.2000000030
8573  17.737  -50.050  -16.775 0.3000000119
7192  17.465  -50.990  -17.550 0.2000000030
7180  18.720  -51.073  -15.913 0.2000000030
6622  20.678  -52.075  -24.548 0.1000000015
8649  23.518  -49.778  -22.216 0.1000000015
8630  24.932  -49.122  -20.970 0.1000000015
107430  26.009  -48.951  -19.463 0.3000000119
10110  27.743  -48.394  -18.737 0.4000000060
10084  28.737  -48.124  -17.895 0.4000000060
8618  25.455  -49.037  -20.248 0.3000000119
10125  26.583  -48.536  -19.557 0.3000000119
10784  31.450  -47.004  -15.422 0.4000000060
11549  32.498  -46.138  -15.057 0.4000000060
10129  22.346  -47.385  -20.018 0.2000000030
11548  32.852  -45.599  -15.118 0.4000000060
11617  24.893  -45.525  -18.510 0.3000000119
106604  22.184  -46.781  -19.275 0.2000000030
13090  33.790  -44.035  -15.203 0.4000000060
12323  33.324  -44.853  -15.136 0.4000000060
10837  21.679  -46.470  -18.756 0.2000000030
13904  33.122  -42.631  -14.920 0.4000000060
13926  26.684  -42.284  -17.133 0.2000000030
13120  27.764  -43.538  -17.134 0.2000000030
13887  33.820  -43.264  -14.904 0.3000000119
14753  33.461  -42.083  -15.420 0.3000000119
92409  30.426  -41.445  -15.300 0.2000000030
14773  31.232  -40.983  -15.761 0.2000000030
7204  16.905  -51.467  -19.046 0.1000000015
6593  16.909  -52.297  -19.490 0.1000000015
7198  16.881  -50.920  -19.024 0.1000000015
6036  16.676  -53.253  -20.840 0.1000000015
7205  16.710  -51.233  -19.687 0.1000000015
6594  16.562  -51.949  -20.170 0.1000000015
16420  27.955  -39.305  -16.046 0.1000000015
102021  28.570  -39.077  -16.408 0.1000000015
17208  29.189  -38.023  -17.241 0.1000000015
17194  28.846  -38.564  -16.758 0.1000000015
15621  29.660  -39.916  -16.250 0.1000000015
97065  29.279  -39.212  -16.574 0.1000000015
16419  30.288  -39.384  -16.807 0.1000000015
15620  30.757  -40.232  -16.320 0.1000000015
101553  32.491  -41.345  -15.721 0.2000000030
16418  31.467  -39.889  -16.862 0.1000000015
13902  34.380  -42.988  -15.557 0.2000000030
15642  32.603  -40.290  -16.916 0.2000000030
15619  32.222  -40.656  -16.316 0.2000000030
14772  33.809  -41.528  -16.146 0.2000000030
14752  34.384  -42.457  -15.846 0.2000000030
16429  32.259  -39.738  -17.456 0.2000000030
95181  33.497  -40.811  -16.663 0.2000000030
13920  34.413  -42.901  -16.171 0.2000000030
13921  33.306  -43.219  -16.508 0.2000000030
17205  31.492  -39.180  -17.847 0.2000000030
13919  34.499  -42.591  -16.017 0.2000000030
13945  34.620  -42.229  -16.392 0.2000000030
13946  34.317  -42.513  -16.778 0.1000000015
14792  34.201  -42.132  -17.469 0.1000000015
13947  32.591  -42.455  -17.274 0.1000000015
92413  28.108  -38.548  -16.398 0.1000000015
17983  28.359  -37.745  -16.792 0.1000000015
17207  29.952  -38.244  -17.571 0.1000000015
15618  34.487  -41.404  -16.864 0.2000000030
12382  22.562  -44.517  -17.185 0.2000000030
13146  23.891  -43.982  -17.209 0.2000000030
12381  23.331  -44.472  -17.381 0.2000000030
103462  21.575  -44.640  -16.964 0.2000000030
12360  22.118  -43.871  -16.617 0.2000000030
101935  24.529  -43.193  -16.894 0.2000000030
12359  23.009  -43.863  -16.829 0.2000000030
13145  25.540  -43.628  -17.360 0.2000000030
105233  23.833  -42.758  -16.574 0.1000000015
13124  22.606  -43.136  -16.465 0.2000000030
100755  25.382  -42.925  -16.968 0.2000000030
13929  23.172  -42.377  -16.443 0.1000000015
91844  24.100  -42.171  -16.525 0.1000000015
14776  24.616  -41.657  -16.641 0.1000000015
14778  22.577  -41.583  -16.559 0.1000000015
14779  21.676  -41.640  -16.598 0.1000000015
16430  31.029  -39.275  -17.389 0.1000000015
14774  26.040  -41.567  -17.114 0.1000000015
15623  24.676  -40.908  -16.849 0.1000000015
14775  25.269  -41.593  -16.816 0.1000000015
14777  23.439  -41.488  -16.571 0.1000000015
95239  24.112  -41.365  -16.627 0.1000000015
14798  22.138  -41.086  -16.872 0.1000000015
15625  22.942  -40.939  -16.844 0.1000000015
15650  21.740  -40.786  -17.612 0.1000000015
17218  31.377  -38.947  -18.377 0.1000000015
17234  30.656  -38.023  -19.464 0.1000000015
101733  28.293  -41.360  -17.392 0.1000000015
14797  25.548  -40.893  -17.101 0.1000000015
102783  26.211  -40.922  -17.306 0.1000000015
15648  24.251  -40.295  -17.424 0.1000000015
104284  22.482  -40.728  -17.331 0.1000000015
15649  23.236  -40.440  -17.569 0.1000000015
15641  33.800  -40.579  -17.317 0.1000000015
15664  27.988  -40.171  -18.147 0.1000000015
16449  27.473  -39.709  -18.617 0.1000000015
16432  27.170  -40.079  -17.993 0.1000000015
13952  26.808  -41.310  -17.305 0.1000000015
15645  27.615  -40.782  -17.570 0.1000000015
16450  26.716  -39.657  -18.448 0.1000000015
16433  26.374  -39.943  -17.899 0.1000000015
16469  25.386  -39.677  -19.421 0.1000000015
16434  25.621  -39.842  -17.874 0.1000000015
15647  25.139  -40.276  -17.404 0.1000000015
15678  24.663  -40.074  -19.986 0.1000000015
16470  24.495  -39.829  -18.986 0.1000000015
16435  24.789  -39.809  -18.010 0.1000000015
17233  31.333  -38.776  -19.219 0.1000000015
106912  32.089  -39.301  -18.726 0.1000000015
103776  29.126  -41.424  -17.429 0.1000000015
15690  26.373  -39.962  -20.671 0.1000000015
97257  26.112  -39.502  -18.922 0.1000000015
15691  25.493  -39.987  -20.372 0.1000000015
13930  22.114  -42.337  -16.414 0.1000000015
15665  23.896  -40.045  -18.273 0.1000000015
96644  23.624  -40.187  -19.050 0.1000000015
14796  28.584  -40.724  -17.763 0.1000000015
7961  16.231  -50.387  -23.513 0.1000000015
8687  15.825  -49.910  -22.864 0.1000000015
7962  15.313  -50.544  -23.217 0.1000000015
7987  15.728  -51.016  -23.902 0.1000000015
97043  14.239  -52.298  -25.571 0.1000000015
6675  13.709  -52.661  -26.039 0.1000000015
94988  13.080  -53.056  -26.371 0.1000000015
8686  16.676  -49.645  -23.269 0.1000000015
8667  16.289  -49.273  -22.743 0.1000000015
7261  15.215  -51.492  -24.432 0.1000000015
7284  14.716  -51.891  -25.019 0.1000000015
9411  16.346  -48.501  -22.381 0.1000000015
7960  17.141  -50.091  -23.887 0.1000000015
7260  16.117  -51.436  -24.583 0.1000000015
10160  17.734  -47.306  -22.986 0.1000000015
9429  17.849  -48.107  -23.517 0.1000000015
8668  15.549  -49.275  -22.321 0.1000000015
10916  16.596  -46.878  -21.815 0.1000000015
96397  16.003  -46.267  -21.266 0.1000000015
9395  15.345  -48.537  -21.808 0.1000000015
9394  16.023  -47.764  -21.780 0.1000000015
106159  15.741  -47.121  -21.429 0.1000000015
9430  17.002  -48.829  -23.042 0.1000000015
6133  12.009  -53.930  -27.080 0.1000000015
1201  10.224  -63.111  -13.507 0.1000000015
1479  12.162  -61.643  -6.490 0.1000000015
1496  11.869  -61.612  -7.032 0.1000000015
1926  14.527  -60.771  -14.976 0.1000000015
2987  19.643  -58.809  -15.330 0.1000000015
3467  19.125  -58.602  -9.319 0.1000000015
3529  19.172  -58.649  -14.749 0.1000000015
3556  19.859  -58.265  -15.682 0.1000000015
4128  18.110  -56.694  -14.433 0.1000000015
4130  15.303  -56.757  -14.191 0.1000000015
4704  15.180  -55.233  -13.760 0.1000000015
5358  17.033  -54.173  -13.919 0.1000000015
5564  19.456  -54.711  -28.325 0.1000000015
5898  18.808  -53.754  -8.000 0.1000000015
5962  25.757  -52.766  -12.946 0.1000000015
5966  19.412  -53.498  -13.287 0.1000000015
6527  19.375  -51.972  -12.073 0.1000000015
6535  26.135  -53.172  -12.095 0.1000000015
8002  21.574  -50.667  -25.480 0.1000000015
8017  21.353  -50.601  -26.125 0.1000000015
8018  20.946  -50.389  -26.515 0.1000000015
8019  20.346  -50.188  -26.439 0.2000000030
8559  19.395  -48.967  -14.767 0.3000000119
8566  18.638  -49.498  -15.637 0.2000000030
8577  17.896  -49.360  -17.658 0.5000000000
8598  20.156  -49.032  -19.027 0.3000000119
8619  24.784  -49.330  -20.415 0.2000000030
8631  24.414  -49.359  -21.242 0.1000000015
8742  20.798  -49.820  -26.282 0.1000000015
9323  26.715  -48.823  -18.833 0.3000000119
9326  22.964  -48.432  -17.956 0.4000000060
9328  21.177  -48.605  -18.200 0.4000000060
9355  22.660  -48.848  -18.584 0.4000000060
9369  25.177  -49.187  -19.650 0.3000000119
9382  24.802  -49.074  -21.194 0.1000000015
9409  21.100  -48.419  -22.726 0.1000000015
9428  19.153  -48.253  -24.562 0.1000000015
10071  23.119  -47.014  -16.857 0.4000000060
10088  25.320  -48.165  -17.840 0.4000000060
10150  20.793  -47.825  -21.530 0.2000000030
10775  31.901  -46.731  -15.078 0.4000000060
10786  29.956  -47.320  -16.231 0.4000000060
10790  20.751  -46.993  -15.758 0.4000000060
10836  22.497  -46.357  -18.785 0.2000000030
10839  20.268  -46.405  -18.576 0.3000000119
10914  18.322  -46.497  -22.397 0.2000000030
11531  29.099  -45.751  -12.707 0.4000000060
11566  24.558  -44.967  -15.506 0.5000000000
11585  22.978  -45.397  -15.310 0.5000000000
11586  20.192  -45.019  -16.926 0.3000000119
11620  21.932  -45.894  -18.205 0.3000000119
11621  19.361  -45.978  -18.302 0.3000000119
11622  18.576  -45.589  -18.470 0.3000000119
12294  28.174  -44.853  -11.264 0.5000000000
12306  28.938  -45.435  -12.315 0.4000000060
12324  32.791  -45.525  -14.905 0.4000000060
12327  26.669  -44.668  -13.915 0.5000000000
12342  23.773  -44.780  -14.314 0.5000000000
12362  19.861  -44.373  -16.591 0.3000000119
12363  19.043  -44.206  -16.629 0.2000000030
13103  34.258  -43.215  -15.671 0.2000000030
13123  23.516  -43.228  -16.647 0.1000000015
13125  21.669  -43.111  -16.400 0.3000000119
13128  18.856  -43.406  -16.488 0.2000000030
13903  34.105  -42.886  -15.380 0.3000000119
13927  25.738  -42.307  -16.960 0.2000000030
13928  24.945  -42.330  -16.735 0.2000000030
13931  21.073  -42.360  -16.441 0.1000000015
13935  17.939  -42.642  -16.608 0.1000000015
14665  17.636  -41.046  -6.261 0.1000000015
14699  17.923  -41.118  -9.282 0.2000000030
14781  19.610  -41.673  -16.525 0.1000000015
14782  18.910  -41.691  -16.475 0.1000000015
14799  21.316  -41.106  -17.018 0.1000000015
15520  17.672  -40.348  -8.545 0.1000000015
15624  23.775  -40.821  -16.859 0.1000000015
15646  26.694  -40.534  -17.584 0.1000000015
15666  23.004  -40.344  -18.640 0.1000000015
16332  17.991  -39.974  -9.109 0.2000000030
16447  32.300  -39.453  -18.123 0.1000000015
16451  25.403  -39.641  -18.545 0.1000000015
16482  26.225  -39.604  -19.770 0.1000000015
17117  17.947  -38.662  -8.357 0.1000000015
17193  29.637  -38.703  -17.054 0.1000000015
18018  30.282  -37.299  -19.743 0.1000000015
20198  20.190  -34.219  -8.701 0.1000000015
21100  22.378  -33.603  -12.749 0.1000000015
21127  23.717  -33.174  -14.236 0.1000000015
23657  23.692  -30.336  -11.746 0.1000000015
23685  25.025  -30.166  -13.777 0.1000000015
24543  24.642  -29.488  -11.204 0.1000000015
89908  17.514  -39.885  -7.930 0.1000000015
90042  17.401  -38.001  -4.029 0.1000000015
91283  20.116  -57.756  -14.574 0.1000000015
91373  22.527  -31.386  -11.120 0.1000000015
91452  20.958  -51.462  -24.252 0.1000000015
92387  33.388  -39.947  -17.867 0.1000000015
92889  25.926  -40.366  -17.533 0.1000000015
95324  26.054  -39.652  -18.286 0.1000000015
96070  21.004  -46.582  -18.827 0.2000000030
96900  32.438  -44.935  -14.605 0.4000000060
97952  23.241  -49.969  -22.463 0.1000000015
99444  16.862  -45.053  -20.696 0.2000000030
100310  27.651  -45.201  -11.129 0.5000000000
100389  21.023  -46.568  -15.130 0.3000000119
101405  22.744  -32.071  -12.396 0.1000000015
102166  18.520  -56.778  -26.364 0.1000000015
102611  20.861  -45.029  -17.065 0.3000000119
103154  21.448  -50.311  -25.844 0.1000000015
103864  19.191  -59.174  -15.305 0.1000000015
104292  34.214  -43.052  -15.380 0.4000000060
104920  18.547  -41.266  -3.797 0.1000000015
105017  19.921  -45.418  -17.344 0.3000000119
105653  25.965  -32.433  -15.675 0.1000000015
105829  20.454  -53.310  -26.892 0.1000000015
105986  18.396  -35.307  -4.846 0.1000000015
106237  19.655  -39.722  -10.193 0.2000000030
106344  29.242  -47.866  -17.582 0.4000000060
106364  12.539  -61.355  -7.702 0.1000000015
106846  19.840  -45.538  -10.708 0.2000000030
107023  22.810  -55.123  -13.690 0.1000000015
