#!ascii label  , from subject sub-v1s18x0051208_ses-1 vox2ras=TkReg
548
43040  13.640  -8.393  -23.996 0.1428571492
43020  12.920  -8.984  -23.793 0.1428571492
44616  12.589  -7.013  -24.953 0.1428571492
43019  14.330  -8.900  -23.631 0.1428571492
43852  14.152  -7.617  -24.375 0.2857142985
43854  12.069  -7.638  -24.625 0.1428571492
45465  13.408  -5.871  -26.068 0.5714285970
44614  14.652  -6.893  -24.686 0.1428571492
44633  16.103  -6.443  -24.977 0.2857142985
44634  15.229  -6.294  -25.070 0.2857142985
45462  16.650  -6.022  -25.339 0.1428571492
46466  17.646  -4.179  -27.079 0.2857142985
46467  16.813  -4.357  -27.051 0.1428571492
47408  19.366  -3.359  -28.576 0.2857142985
47391  18.533  -3.740  -27.646 0.2857142985
48282  18.894  -2.724  -30.115 0.2857142985
47422  18.698  -3.076  -29.293 0.2857142985
48293  19.968  -2.341  -31.194 0.2857142985
49956  21.070  -1.308  -33.344 0.8571428657
49094  20.547  -2.110  -32.575 0.4285714328
48281  19.787  -2.619  -30.171 0.2857142985
93262  22.835  0.806  -33.551 0.7142857313
49955  21.513  -1.472  -34.024 0.7142857313
49957  20.541  -1.180  -32.694 0.7142857313
51699  23.512  1.363  -34.078 0.8571428657
50813  22.124  0.393  -33.020 0.7142857313
102251  21.228  -0.055  -32.645 0.7142857313
52535  24.705  2.320  -35.277 0.4285714328
52525  23.663  2.219  -33.623 0.7142857313
54051  25.694  4.012  -36.386 0.2857142985
54776  25.564  4.815  -35.743 0.5714285970
53297  24.548  3.104  -34.974 0.8571428657
106342  24.954  3.424  -35.448 0.7142857313
89990  24.168  2.669  -34.287 0.8571428657
99438  26.411  5.663  -37.035 0.1428571492
54050  26.053  4.619  -36.674 0.1428571492
54775  25.981  5.537  -36.200 0.4285714328
54041  25.171  4.111  -35.371 0.5714285970
53296  24.827  3.744  -34.552 0.8571428657
98923  27.385  7.679  -38.196 0.1428571492
55529  26.839  6.046  -37.687 0.1428571492
94041  26.740  6.935  -37.222 0.1428571492
55513  26.359  6.457  -36.491 0.4285714328
54029  25.149  4.403  -34.180 0.8571428657
58039  27.933  8.960  -38.613 0.1428571492
57233  27.892  7.967  -38.733 0.1428571492
57221  27.363  8.472  -37.903 0.1428571492
56340  27.043  7.796  -37.258 0.1428571492
56332  26.646  7.429  -36.296 0.4285714328
55501  26.137  6.361  -35.211 0.5714285970
54753  25.227  5.003  -33.624 0.8571428657
58030  27.510  9.387  -37.655 0.1428571492
58778  27.790  10.620  -37.995 0.1428571492
57210  27.266  8.907  -36.728 0.1428571492
57196  26.908  8.246  -36.154 0.5714285970
56320  26.339  7.120  -34.442 0.8571428657
54752  25.624  5.620  -33.900 0.8571428657
56307  26.006  6.331  -34.124 0.8571428657
59532  28.036  11.117  -38.408 0.1428571492
58017  27.459  9.940  -36.750 0.1428571492
58006  27.437  10.178  -35.820 0.8571428657
105020  26.712  8.039  -34.918 0.8571428657
92810  26.414  7.087  -35.483 0.7142857313
60283  28.248  12.674  -38.605 0.1428571492
59524  27.855  11.423  -37.600 0.4285714328
59502  27.523  11.443  -35.566 0.8571428657
58739  27.413  10.756  -35.217 0.8571428657
57994  26.923  9.156  -34.402 0.8571428657
57170  26.461  8.565  -33.866 0.8571428657
60284  28.051  12.328  -37.648 0.4285714328
98393  27.218  10.771  -34.270 0.8571428657
57993  27.293  9.910  -34.922 0.8571428657
61054  28.343  13.409  -38.125 0.1428571492
93271  28.427  14.114  -38.119 0.2857142985
61055  28.216  13.033  -37.659 0.5714285970
61043  27.963  13.039  -36.663 0.8571428657
60273  27.796  12.120  -36.732 0.8571428657
103732  27.614  11.977  -35.927 0.8571428657
59489  27.355  11.499  -34.627 0.8571428657
60250  27.505  12.251  -34.993 0.8571428657
59490  27.026  11.560  -33.879 0.8571428657
94628  28.431  14.441  -39.111 0.2857142985
101915  28.430  14.625  -37.265 0.7142857313
61042  28.301  13.814  -37.169 0.5714285970
61030  27.554  13.148  -34.977 0.8571428657
61031  26.974  13.772  -34.441 0.8571428657
60251  27.205  12.108  -34.271 0.8571428657
61814  28.268  14.708  -36.339 0.8571428657
93027  27.707  13.943  -35.088 0.8571428657
62608  27.426  15.288  -35.101 0.7142857313
61803  27.233  14.642  -34.775 0.7142857313
62621  28.420  15.517  -36.858 0.8571428657
63388  28.175  16.388  -36.294 0.8571428657
61815  27.853  14.703  -35.421 0.8571428657
97667  27.708  17.006  -36.107 0.8571428657
100640  27.191  15.978  -35.158 0.7142857313
64178  28.589  17.357  -38.523 0.7142857313
64165  28.500  17.279  -37.432 0.8571428657
64787  28.425  18.140  -37.630 0.8571428657
64166  28.167  17.916  -36.871 0.8571428657
65380  27.535  19.415  -37.180 0.7142857313
62622  27.996  15.615  -35.710 0.8571428657
65416  27.545  19.446  -41.929 0.1428571492
65379  28.253  19.012  -37.755 0.7142857313
65393  28.422  19.322  -38.611 0.7142857313
64788  27.962  18.619  -37.095 0.8571428657
66010  27.371  20.418  -41.906 0.1428571492
65403  28.389  19.536  -39.487 0.5714285970
65995  28.235  20.286  -39.599 0.5714285970
65996  28.050  21.122  -39.802 0.5714285970
66004  27.778  20.822  -40.896 0.1428571492
66017  25.699  20.646  -43.995 0.1428571492
66613  27.574  21.926  -39.622 0.5714285970
66634  25.308  21.532  -43.941 0.1428571492
67363  25.104  22.121  -44.287 0.1428571492
67344  27.110  22.055  -41.338 0.1428571492
66618  27.573  21.644  -40.581 0.5714285970
67352  24.880  22.348  -43.853 0.1428571492
67353  24.602  23.118  -44.120 0.1428571492
68171  24.812  23.017  -43.637 0.1428571492
42185  12.362  -9.591  -23.593 0.1428571492
44615  13.647  -6.951  -24.844 0.2857142985
43851  15.110  -7.571  -24.277 0.1428571492
44613  15.586  -6.960  -24.622 0.2857142985
46443  17.487  -4.739  -26.416 0.2857142985
45488  17.257  -5.459  -25.739 0.1428571492
48294  19.098  -2.424  -30.945 0.2857142985
49108  20.656  -1.978  -33.176 0.4285714328
48306  19.980  -2.096  -31.998 0.5714285970
50825  24.096  1.102  -34.823 0.2857142985
53309  25.156  2.785  -35.834 0.1428571492
53298  23.826  3.064  -33.245 0.8571428657
54765  25.441  4.927  -34.505 0.7142857313
97622  27.789  9.877  -38.284 0.1428571492
103536  27.324  9.582  -35.949 0.8571428657
57184  27.128  8.970  -35.464 0.8571428657
56321  26.358  7.788  -33.975 0.8571428657
58740  26.943  10.053  -33.957 0.8571428657
61825  28.482  14.971  -37.972 0.8571428657
64801  28.559  18.399  -38.571 0.8571428657
65408  28.209  19.678  -40.300 0.2857142985
66633  26.328  20.946  -42.907 0.1428571492
67362  25.713  22.123  -44.638 0.1428571492
44635  14.186  -6.259  -25.394 0.4285714328
45463  15.832  -5.805  -25.465 0.2857142985
105042  14.208  -5.644  -25.990 0.2857142985
45489  16.377  -5.422  -25.765 0.1428571492
46464  18.942  -4.143  -27.165 0.2857142985
47390  19.182  -3.687  -27.789 0.2857142985
47392  17.766  -3.709  -27.820 0.2857142985
47409  18.435  -3.425  -28.433 0.2857142985
49095  20.233  -1.827  -32.455 0.7142857313
56356  27.852  7.253  -38.679 0.1428571492
99803  28.202  9.657  -38.937 0.1428571492
60293  28.133  11.800  -38.478 0.1428571492
60292  28.348  12.017  -39.373 0.1428571492
58754  27.551  10.724  -36.202 0.8571428657
56308  25.879  7.161  -33.719 1.0000000000
95818  28.344  13.489  -38.971 0.1428571492
62643  28.501  15.449  -38.671 0.2857142985
61032  25.754  13.953  -34.183 0.8571428657
62633  28.501  15.763  -37.754 0.5714285970
64181  28.506  17.690  -39.645 0.5714285970
64811  28.333  18.255  -40.455 0.2857142985
64812  28.006  18.956  -41.059 0.2857142985
65409  27.898  19.949  -41.085 0.1428571492
67345  26.636  22.669  -41.586 0.2857142985
66626  26.198  21.967  -42.625 0.1428571492
93867  25.800  22.723  -42.841 0.1428571492
68172  24.440  23.464  -43.932 0.1428571492
98772  24.639  23.468  -44.258 0.1428571492
102524  28.511  16.060  -39.183 0.4285714328
63404  28.515  16.746  -39.561 0.4285714328
106151  28.448  17.052  -40.119 0.4285714328
64807  28.511  18.718  -39.492 0.5714285970
93517  28.345  19.030  -40.174 0.5714285970
43853  13.134  -7.657  -24.513 0.1428571492
43041  12.558  -8.353  -24.264 0.1428571492
43021  11.990  -9.018  -24.111 0.1428571492
45464  14.963  -5.687  -25.692 0.1428571492
46465  18.283  -4.017  -27.204 0.2857142985
52524  24.124  1.868  -34.672 0.8571428657
56346  27.287  6.873  -38.170 0.1428571492
58767  27.628  10.697  -37.149 0.5714285970
92171  28.065  13.931  -35.989 0.8571428657
60261  27.697  12.665  -35.794 0.8571428657
61019  27.128  12.813  -34.362 0.8571428657
63387  28.479  16.438  -37.144 0.8571428657
99340  28.106  20.806  -39.012 0.5714285970
66639  25.418  21.279  -44.635 0.1428571492
66625  27.181  21.344  -41.697 0.1428571492
45487  18.199  -5.330  -26.033 0.1428571492
63397  28.553  16.436  -38.202 0.5714285970
89654  17.973  -3.207  -29.256 0.5714285970
68165  26.062  23.395  -42.105 0.1428571492
90769  16.642  -3.488  -29.263 0.5714285970
47425  15.740  -3.289  -29.609 0.5714285970
47426  14.830  -3.060  -29.386 0.2857142985
47433  17.181  -2.990  -30.313 0.5714285970
48284  16.044  -2.802  -30.088 0.5714285970
46481  14.645  -4.084  -28.471 0.4285714328
47424  16.563  -3.135  -30.027 0.5714285970
48270  14.165  -2.691  -29.143 0.2857142985
49076  15.353  -2.584  -29.805 0.4285714328
48295  18.321  -2.534  -30.836 0.4285714328
48296  17.553  -2.569  -30.697 0.5714285970
48297  16.711  -2.547  -30.439 0.5714285970
49085  16.471  -1.651  -30.468 0.4285714328
48308  18.669  -2.227  -31.262 0.5714285970
49097  18.698  -1.677  -31.433 0.5714285970
49084  17.266  -2.014  -30.855 0.4285714328
49943  18.324  -0.452  -31.213 0.4285714328
49942  19.207  -0.837  -31.595 0.4285714328
48285  14.580  -2.254  -29.478 0.2857142985
48307  19.280  -2.137  -31.542 0.7142857313
95762  19.811  -0.044  -31.633 0.7142857313
50795  19.573  0.839  -31.605 0.4285714328
51689  20.149  1.379  -31.794 0.7142857313
52515  19.893  2.346  -32.090 0.5714285970
107233  20.635  2.592  -32.227 0.7142857313
106967  20.133  3.063  -32.383 0.2857142985
49941  19.932  -1.073  -32.115 0.5714285970
50814  20.491  -0.126  -32.019 0.5714285970
104801  20.226  0.580  -31.759 0.7142857313
52514  21.442  2.300  -32.283 0.7142857313
53287  20.906  3.286  -32.377 0.7142857313
53286  21.616  3.872  -32.465 0.7142857313
54025  20.741  4.150  -32.706 0.7142857313
54024  21.290  4.822  -32.876 0.4285714328
51687  22.478  1.239  -32.846 0.5714285970
51688  21.679  1.215  -32.454 0.5714285970
101626  22.489  3.480  -32.465 0.5714285970
54023  22.385  4.286  -32.527 0.7142857313
54748  22.414  5.220  -32.772 0.7142857313
54755  23.703  5.989  -32.842 0.7142857313
95503  22.114  6.041  -33.323 0.5714285970
56311  22.506  7.148  -33.770 0.5714285970
93936  24.411  3.433  -33.765 0.7142857313
54031  24.093  3.855  -32.880 0.5714285970
53285  23.264  3.609  -32.638 0.5714285970
54021  24.138  4.587  -32.780 0.7142857313
54022  23.331  4.459  -32.612 0.7142857313
96005  24.664  6.305  -33.190 0.8571428657
54757  21.356  5.706  -33.400 0.4285714328
56309  24.379  7.206  -33.363 0.7142857313
56310  23.412  7.541  -33.563 0.7142857313
57172  24.154  7.999  -33.457 0.7142857313
96943  23.361  8.209  -33.690 0.7142857313
54747  23.541  5.220  -32.718 0.7142857313
105778  25.193  6.915  -33.462 0.8571428657
93856  24.866  8.498  -33.395 0.7142857313
57173  23.796  8.842  -33.533 0.5714285970
58742  23.435  10.281  -33.805 0.2857142985
55489  25.517  6.306  -33.607 0.7142857313
104297  25.116  7.652  -33.434 0.7142857313
97086  24.951  11.760  -33.308 0.7142857313
57171  25.797  8.108  -33.601 0.7142857313
57983  25.627  8.998  -33.454 0.8571428657
57984  24.619  9.342  -33.402 0.8571428657
59477  26.107  11.686  -33.505 0.8571428657
58727  25.330  9.991  -33.388 0.8571428657
58741  24.389  10.847  -33.453 0.5714285970
98948  25.632  10.908  -33.394 0.8571428657
60252  24.312  12.634  -33.726 0.7142857313
57995  26.403  9.478  -33.663 0.8571428657
92488  26.647  10.861  -33.658 0.8571428657
60239  25.957  12.899  -33.705 0.8571428657
60238  26.565  12.408  -33.827 0.8571428657
99902  26.306  13.200  -34.017 0.8571428657
61020  25.189  13.297  -33.832 0.7142857313
63369  27.531  16.510  -35.644 0.7142857313
63370  26.712  16.650  -35.336 0.7142857313
64134  27.053  17.220  -35.710 0.5714285970
63371  25.771  16.619  -35.333 0.7142857313
64135  26.157  17.262  -35.561 0.7142857313
64152  27.518  17.732  -36.259 0.7142857313
64770  27.656  18.317  -36.640 0.8571428657
65365  26.791  19.139  -36.585 0.7142857313
64154  25.385  17.856  -35.934 0.7142857313
65366  25.792  19.424  -36.579 0.7142857313
106140  25.920  20.168  -36.971 0.7142857313
65382  25.127  19.967  -36.923 0.5714285970
65381  26.660  19.919  -36.948 0.7142857313
65971  26.441  20.745  -37.385 0.4285714328
65972  25.508  20.693  -37.236 0.5714285970
65970  27.292  20.348  -37.522 0.5714285970
65973  24.433  20.529  -37.343 0.5714285970
66588  26.473  21.548  -37.836 0.5714285970
96245  25.886  21.277  -37.529 0.5714285970
89360  25.092  21.353  -37.520 0.5714285970
65974  23.469  20.746  -37.790 0.5714285970
89521  23.489  19.901  -37.517 0.4285714328
67313  24.737  22.151  -37.842 0.5714285970
66590  24.133  21.406  -37.695 0.5714285970
66603  26.375  22.298  -38.265 0.5714285970
66592  22.707  20.995  -38.308 0.4285714328
101591  22.680  19.210  -37.777 0.4285714328
66591  23.341  21.430  -38.081 0.5714285970
67326  22.994  22.861  -38.459 0.4285714328
49107  21.141  -2.114  -33.777 0.2857142985
66605  22.612  21.925  -38.429 0.4285714328
102409  21.781  21.990  -38.607 0.2857142985
101932  15.979  -3.762  -28.831 0.5714285970
48283  17.949  -2.926  -30.103 0.2857142985
101577  15.076  -3.709  -29.081 0.5714285970
47412  14.154  -3.428  -28.853 0.2857142985
48298  15.876  -2.147  -30.202 0.4285714328
49098  17.824  -1.377  -31.049 0.4285714328
99213  15.090  -1.716  -29.837 0.2857142985
49086  15.651  -1.196  -30.169 0.2857142985
50796  19.027  0.207  -31.437 0.5714285970
49966  22.033  -1.606  -34.435 0.2857142985
52516  18.891  2.395  -32.361 0.2857142985
58728  24.296  10.034  -33.445 0.7142857313
62609  26.586  15.425  -34.796 0.7142857313
99365  26.380  16.138  -35.060 0.7142857313
99441  25.641  15.207  -34.713 0.7142857313
65383  24.243  19.556  -37.124 0.5714285970
65975  22.731  20.197  -38.021 0.2857142985
65394  27.998  19.884  -37.929 0.5714285970
66587  27.114  21.130  -37.862 0.5714285970
65985  27.735  20.757  -38.255 0.5714285970
106724  27.420  21.308  -38.283 0.5714285970
49944  17.437  -0.325  -30.863 0.4285714328
51700  23.047  1.720  -33.136 0.7142857313
54030  24.735  4.296  -33.382 0.7142857313
102648  25.205  5.664  -33.430 0.7142857313
54754  24.559  5.274  -32.966 0.7142857313
102282  26.268  10.243  -33.556 0.7142857313
65364  27.426  18.799  -36.745 0.8571428657
49096  19.570  -1.723  -31.869 0.5714285970
47423  17.280  -3.243  -29.696 0.5714285970
46469  14.408  -4.486  -27.757 0.5714285970
48309  18.040  -2.160  -31.139 0.5714285970
49930  16.222  -0.682  -30.454 0.4285714328
51690  19.280  1.680  -31.830 0.4285714328
51671  18.757  1.074  -31.574 0.4285714328
92651  20.835  0.803  -32.048 0.7142857313
89264  20.823  1.802  -32.076 0.7142857313
52513  22.336  2.015  -32.606 0.7142857313
89365  22.025  2.929  -32.344 0.7142857313
52526  23.046  2.689  -32.748 0.5714285970
55491  22.802  6.403  -33.281 0.7142857313
55490  23.576  6.773  -33.298 0.7142857313
56312  21.508  7.074  -34.152 0.2857142985
57985  23.819  9.607  -33.542 0.5714285970
57996  23.099  9.453  -33.982 0.2857142985
64153  26.576  17.914  -35.865 0.7142857313
64771  27.049  18.451  -36.318 0.7142857313
66589  25.709  21.938  -37.857 0.7142857313
67314  23.677  22.129  -38.073 0.5714285970
44637  11.993  -6.439  -25.482 0.4285714328
47407  20.236  -3.398  -28.685 0.1428571492
47421  19.578  -2.980  -29.342 0.1428571492
91782  20.439  -2.222  -31.874 0.1428571492
47420  20.467  -2.976  -29.403 0.1428571492
48305  21.222  -2.299  -31.973 0.1428571492
48292  20.979  -2.313  -31.018 0.1428571492
48280  20.708  -2.601  -30.208 0.1428571492
48320  21.091  -2.273  -33.244 0.1428571492
49965  22.835  -1.120  -34.724 0.2857142985
50826  23.432  0.283  -34.515 0.1428571492
61804  26.277  14.629  -34.477 0.5714285970
69681  25.652  25.018  -43.633 0.1428571492
61790  24.574  14.004  -34.349 0.4285714328
69686  24.756  25.165  -44.072 0.1428571492
101492  25.213  23.576  -43.141 0.1428571492
93708  24.647  15.274  -35.091 0.4285714328
62610  25.408  15.899  -35.112 0.5714285970
63372  24.745  16.535  -35.676 0.4285714328
103366  25.383  25.223  -40.491 0.2857142985
68143  26.124  23.571  -38.834 0.2857142985
67324  26.383  22.943  -38.607 0.2857142985
68157  26.310  23.830  -39.664 0.2857142985
62623  22.878  16.253  -36.666 0.1428571492
97806  24.286  17.215  -36.204 0.5714285970
64772  26.133  18.623  -36.156 0.5714285970
68956  25.333  24.602  -39.119 0.2857142985
66602  27.096  21.808  -38.335 0.4285714328
63389  23.260  16.924  -36.734 0.4285714328
64789  24.017  18.588  -36.929 0.5714285970
68144  25.413  23.930  -38.702 0.2857142985
64155  22.895  17.302  -37.120 0.4285714328
64167  22.957  17.859  -37.266 0.2857142985
97906  23.441  23.645  -38.576 0.1428571492
67325  24.178  22.948  -38.206 0.1428571492
68145  24.560  23.747  -38.485 0.1428571492
64791  22.432  18.257  -37.669 0.1428571492
68957  24.459  25.006  -39.159 0.1428571492
68146  22.385  23.595  -38.727 0.2857142985
68149  21.022  22.961  -38.034 0.1428571492
102516  22.719  24.160  -38.854 0.1428571492
68947  23.691  24.445  -38.870 0.1428571492
68147  21.772  23.671  -38.659 0.1428571492
91407  22.045  24.257  -38.751 0.1428571492
68942  21.550  24.164  -38.370 0.1428571492
45466  12.381  -5.934  -26.091 0.4285714328
46448  12.240  -4.733  -27.129 0.2857142985
103559  21.425  -2.359  -33.936 0.1428571492
65984  28.219  20.130  -38.768 0.4285714328
67335  27.164  22.598  -39.504 0.2857142985
46449  11.475  -4.499  -26.619 0.2857142985
96715  19.702  -4.238  -27.307 0.1428571492
64168  22.413  17.460  -37.512 0.1428571492
61805  25.155  14.655  -34.538 0.4285714328
100171  27.347  22.105  -38.964 0.4285714328
69655  25.100  25.222  -39.667 0.2857142985
96506  25.788  24.622  -39.946 0.2857142985
67339  26.738  23.218  -40.398 0.2857142985
68972  26.151  24.015  -40.885 0.2857142985
68973  25.552  24.695  -41.595 0.2857142985
69676  24.808  24.910  -43.168 0.1428571492
68990  24.595  24.047  -43.925 0.1428571492
68958  23.184  25.313  -39.247 0.2857142985
68983  25.004  24.075  -43.204 0.1428571492
67338  27.234  22.399  -40.423 0.4285714328
95904  25.089  25.532  -41.554 0.2857142985
68982  25.696  23.997  -42.158 0.1428571492
44636  13.045  -6.482  -25.527 0.4285714328
50827  22.310  -0.456  -34.019 0.4285714328
94846  27.695  21.451  -38.848 0.4285714328
62611  24.171  15.899  -35.617 0.4285714328
64136  25.255  17.105  -35.696 0.5714285970
65367  24.840  19.263  -36.712 0.5714285970
67323  26.940  22.540  -38.769 0.2857142985
67327  21.910  22.845  -38.673 0.2857142985
64773  25.073  18.644  -36.377 0.5714285970
65384  23.516  19.120  -37.378 0.5714285970
66604  25.484  22.980  -38.250 0.2857142985
105110  21.922  -2.350  -32.415 0.1428571492
89921  23.613  15.238  -35.647 0.2857142985
104089  25.892  24.182  -39.139 0.2857142985
67336  26.701  23.162  -39.242 0.2857142985
68946  24.765  24.370  -38.775 0.1428571492
64774  23.567  17.689  -36.832 0.4285714328
96573  24.429  17.995  -36.435 0.5714285970
106586  23.397  18.119  -37.099 0.5714285970
64790  23.152  18.501  -37.370 0.4285714328
45493  11.788  -5.272  -26.480 0.2857142985
48319  21.906  -2.439  -33.407 0.1428571492
61806  24.033  14.623  -35.017 0.2857142985
107507  24.629  24.800  -43.902 0.1428571492
101442  22.020  6.619  -33.712 0.4285714328
57185  22.819  8.712  -34.087 0.2857142985
70292  23.483  26.693  -39.721 0.1428571492
69669  24.895  25.802  -40.344 0.1428571492
70304  23.921  27.112  -40.737 0.1428571492
69644  22.138  25.697  -38.766 0.1428571492
70305  23.350  27.414  -39.818 0.1428571492
91616  24.296  26.359  -40.243 0.1428571492
69670  24.620  26.305  -41.220 0.1428571492
69657  22.810  26.106  -39.277 0.1428571492
69658  22.288  26.200  -38.967 0.1428571492
70293  22.793  26.794  -39.226 0.1428571492
70930  23.273  27.915  -40.658 0.1428571492
69656  24.110  25.846  -39.600 0.1428571492
70913  23.165  27.550  -38.927 0.1428571492
104996  23.281  27.836  -39.965 0.1428571492
57174  22.602  7.959  -34.040 0.2857142985
70284  22.368  26.111  -38.489 0.1428571492
70921  23.186  27.559  -39.403 0.1428571492
70929  23.684  27.741  -41.820 0.1428571492
70314  24.254  26.923  -42.234 0.1428571492
70283  22.715  26.817  -38.808 0.1428571492
46468  15.294  -4.335  -27.786 0.4285714328
103775  15.957  -4.486  -27.083 0.2857142985
46444  16.478  -4.846  -26.336 0.1428571492
47394  16.203  -4.071  -27.879 0.2857142985
47411  16.868  -3.702  -28.334 0.2857142985
46445  15.126  -4.710  -26.941 0.2857142985
47410  17.498  -3.452  -28.789 0.2857142985
47393  17.062  -3.956  -27.609 0.1428571492
105559  15.800  -4.771  -26.605 0.1428571492
105659  15.428  -4.021  -28.458 0.4285714328
63373  23.727  16.440  -36.201 0.2857142985
46447  13.167  -4.929  -27.320 0.2857142985
45492  12.771  -5.432  -26.701 0.2857142985
46446  14.136  -4.852  -27.101 0.2857142985
91839  13.665  -4.562  -27.690 0.2857142985
50797  18.302  0.520  -31.375 0.2857142985
51672  17.891  1.181  -31.673 0.2857142985
53299  19.925  3.809  -32.788 0.1428571492
55492  21.326  6.453  -33.833 0.1428571492
57997  22.274  9.350  -34.567 0.1428571492
100051  22.625  10.004  -34.404 0.1428571492
59491  23.911  11.737  -33.694 0.1428571492
58743  22.644  10.837  -34.598 0.1428571492
60253  23.528  12.277  -34.219 0.1428571492
60254  22.891  12.353  -34.817 0.1428571492
94795  22.633  15.673  -36.615 0.1428571492
62612  23.257  15.791  -36.182 0.1428571492
65986  22.167  20.555  -38.410 0.1428571492
65385  21.634  18.877  -37.933 0.1428571492
65987  21.451  20.602  -38.381 0.1428571492
66606  22.015  21.242  -38.574 0.1428571492
96848  14.650  -5.238  -26.413 0.1428571492
92921  22.717  13.092  -35.228 0.1428571492
45467  11.512  -5.720  -25.790 0.2857142985
49929  17.037  -1.046  -30.643 0.2857142985
50798  17.603  0.511  -31.243 0.2857142985
54032  20.135  4.720  -33.330 0.1428571492
56323  20.907  7.572  -34.697 0.1428571492
56322  21.728  7.719  -34.400 0.1428571492
57998  21.520  9.312  -35.038 0.1428571492
58744  21.801  10.108  -35.068 0.1428571492
58755  21.763  11.037  -35.405 0.1428571492
61033  23.406  13.828  -34.906 0.1428571492
62613  22.803  15.181  -36.266 0.1428571492
65395  21.938  19.837  -38.212 0.1428571492
50799  16.786  0.472  -31.013 0.2857142985
45491  13.745  -5.350  -26.611 0.2857142985
91794  20.596  5.415  -33.533 0.1428571492
98814  23.462  11.084  -33.922 0.1428571492
49945  16.727  -0.243  -30.674 0.1428571492
60262  23.486  12.938  -34.513 0.1428571492
106220  12.696  -4.548  -27.510 0.2857142985
59492  23.124  11.665  -34.386 0.1428571492
104795  11.046  -5.463  -25.355 0.1428571492
45447  10.894  -4.997  -25.117 0.1428571492
45494  11.084  -4.959  -25.925 0.1428571492
47395  12.939  -3.879  -28.109 0.1428571492
51708  24.964  1.322  -35.523 0.1428571492
97650  28.453  15.863  -40.138 0.1428571492
44617  11.592  -6.898  -24.860 0.1428571492
46472  11.791  -4.063  -27.099 0.1428571492
46471  12.400  -4.035  -27.598 0.1428571492
46482  13.686  -4.105  -28.283 0.1428571492
48271  13.521  -2.591  -28.745 0.1428571492
63410  28.387  16.487  -40.522 0.1428571492
48286  13.807  -1.925  -29.088 0.1428571492
62649  28.431  15.190  -39.698 0.1428571492
47413  13.244  -3.310  -28.417 0.1428571492
44638  11.171  -6.149  -25.084 0.1428571492
43039  14.665  -8.236  -23.919 0.1428571492
43850  16.015  -7.621  -24.316 0.2857142985
46470  13.056  -4.379  -27.824 0.2857142985
54756  22.920  5.782  -32.893 0.7142857313
54764  25.797  5.602  -34.863 0.7142857313
54783  26.360  5.064  -37.032 0.1428571492
59514  27.662  11.384  -36.561 0.8571428657
61021  24.162  13.362  -34.238 0.4285714328
64151  28.198  17.141  -36.653 0.8571428657
90465  27.802  13.365  -35.655 0.8571428657
94951  27.616  10.109  -37.577 0.1428571492
96587  21.619  -0.547  -33.450 0.7142857313
99037  25.552  12.512  -33.499 0.8571428657
105025  28.105  20.380  -40.332 0.5714285970
107104  28.558  16.659  -38.852 0.5714285970
