#!ascii label  , from subject sub-v1s18x0051235_ses-1 vox2ras=TkReg
837
84290  12.443  3.529  -20.639 0.2500000000
83496  13.083  3.537  -21.460 0.2500000000
82589  13.685  2.134  -21.923 0.7500000000
86930  13.270  7.656  -20.960 0.2500000000
124487  12.088  6.883  -20.906 0.1250000000
124885  13.205  6.870  -21.333 0.3750000000
85140  12.596  5.860  -21.334 0.2500000000
84291  11.674  4.223  -20.528 0.2500000000
83495  14.182  2.697  -22.503 0.7500000000
137161  12.629  4.256  -21.226 0.3750000000
82588  14.078  2.224  -22.383 0.8750000000
81559  14.717  1.335  -23.083 0.8750000000
85139  13.106  5.143  -21.646 0.3750000000
84308  13.438  4.445  -21.948 0.8750000000
82604  15.155  2.440  -23.521 1.0000000000
130371  14.593  2.705  -23.004 1.0000000000
134759  13.779  3.921  -22.260 0.8750000000
147478  15.117  1.790  -23.493 1.0000000000
80500  16.131  0.942  -24.352 1.0000000000
86024  14.725  7.100  -22.181 0.2500000000
86025  13.769  6.249  -21.758 0.7500000000
84325  14.947  4.727  -23.154 0.8750000000
84307  14.214  4.592  -22.541 0.8750000000
85138  13.960  5.310  -22.162 0.7500000000
82615  16.348  2.495  -24.562 1.0000000000
83511  15.217  3.154  -23.519 1.0000000000
83526  15.778  3.534  -23.928 1.0000000000
142141  17.340  0.789  -25.357 1.0000000000
81565  16.388  1.726  -24.586 1.0000000000
80508  16.837  0.412  -24.830 1.0000000000
81566  15.740  1.920  -24.053 1.0000000000
86007  14.754  7.496  -21.852 0.1250000000
135539  14.527  6.197  -22.352 0.6250000000
138474  15.902  4.368  -23.800 1.0000000000
85159  14.743  5.511  -22.730 0.8750000000
84324  15.494  3.800  -23.637 1.0000000000
80507  17.451  1.517  -25.557 1.0000000000
81573  16.909  2.053  -25.059 1.0000000000
80515  18.127  0.736  -26.032 1.0000000000
79459  20.526  -0.609  -27.684 1.0000000000
79440  18.845  -0.062  -26.547 1.0000000000
86996  19.212  5.771  -26.946 0.2500000000
135773  15.389  7.231  -22.273 0.2500000000
85157  16.257  6.406  -23.404 0.3750000000
86043  15.383  6.634  -22.759 0.5000000000
145641  16.530  4.727  -24.384 1.0000000000
85176  16.792  6.128  -24.156 0.6250000000
85177  16.177  4.639  -23.988 1.0000000000
83536  17.180  3.895  -25.218 1.0000000000
84350  16.792  4.426  -24.730 1.0000000000
81578  18.609  1.399  -26.806 1.0000000000
81579  18.034  1.874  -26.240 1.0000000000
82630  18.079  2.851  -26.338 1.0000000000
80545  20.360  1.135  -28.133 1.0000000000
80530  20.243  0.285  -27.884 1.0000000000
80543  21.092  0.816  -28.147 1.0000000000
132759  21.590  0.933  -27.810 1.0000000000
86997  18.377  5.965  -27.082 0.5000000000
86982  18.409  6.479  -26.768 0.3750000000
86074  18.141  6.428  -26.292 0.3750000000
86075  17.958  6.273  -25.505 0.5000000000
86090  18.429  5.938  -26.798 0.5000000000
85203  18.155  5.327  -26.515 0.8750000000
84349  17.493  4.797  -25.482 1.0000000000
84356  18.458  4.950  -27.216 1.0000000000
83543  18.557  3.398  -27.173 1.0000000000
129563  18.288  4.367  -26.819 1.0000000000
82639  20.633  2.709  -28.534 1.0000000000
83550  19.910  2.919  -28.402 1.0000000000
82633  22.114  2.620  -28.070 1.0000000000
81583  21.338  1.673  -28.212 1.0000000000
81577  22.131  1.115  -27.233 0.8750000000
87009  19.927  4.909  -27.422 0.5000000000
86089  18.134  6.295  -27.041 0.5000000000
87010  18.853  5.389  -27.303 0.6250000000
86108  20.257  4.530  -28.496 0.6250000000
85220  19.549  4.437  -28.013 1.0000000000
85202  18.135  6.208  -27.099 0.7500000000
84372  18.978  4.430  -27.806 1.0000000000
84361  23.031  4.357  -28.686 1.0000000000
84362  22.356  4.049  -28.895 1.0000000000
83555  21.696  3.774  -28.967 1.0000000000
83558  20.016  3.853  -28.692 1.0000000000
83547  22.949  3.719  -28.197 1.0000000000
83549  21.615  3.076  -28.541 1.0000000000
83556  21.065  3.441  -28.853 1.0000000000
83542  22.662  3.070  -27.628 1.0000000000
129153  22.957  2.883  -26.755 0.8750000000
87023  20.158  4.688  -27.850 0.5000000000
86107  20.749  5.007  -28.875 0.8750000000
84376  22.206  5.277  -29.778 1.0000000000
84378  21.083  4.735  -29.439 1.0000000000
84368  22.417  4.726  -29.394 1.0000000000
84370  20.605  4.209  -29.130 1.0000000000
85215  23.885  5.726  -28.656 1.0000000000
85198  23.764  4.837  -27.290 1.0000000000
84355  23.483  4.176  -27.849 1.0000000000
85208  23.506  4.952  -28.343 1.0000000000
126909  20.904  5.009  -28.198 0.5000000000
86117  21.181  5.391  -29.335 1.0000000000
86114  23.222  6.827  -29.584 1.0000000000
85225  22.484  5.884  -29.763 1.0000000000
86116  21.491  5.512  -29.583 1.0000000000
87019  24.581  7.289  -29.040 1.0000000000
86105  24.160  6.527  -28.875 1.0000000000
86096  24.709  7.052  -28.184 1.0000000000
86097  24.407  6.260  -27.937 1.0000000000
86085  24.582  6.057  -26.997 0.8750000000
124918  23.464  9.259  -30.411 1.0000000000
144139  22.719  8.861  -28.861 0.3750000000
88006  23.205  8.895  -29.821 0.8750000000
87031  23.425  7.704  -29.781 1.0000000000
87030  24.414  7.655  -29.620 1.0000000000
88966  23.147  9.960  -29.889 0.8750000000
88977  23.623  10.081  -30.804 1.0000000000
88976  23.826  9.148  -30.844 1.0000000000
87039  23.872  8.200  -30.280 1.0000000000
87037  24.803  8.153  -29.932 1.0000000000
151039  24.603  8.315  -30.302 1.0000000000
89917  23.149  10.849  -30.447 0.7500000000
88991  24.168  9.898  -31.305 1.0000000000
88021  24.763  9.150  -30.947 1.0000000000
88015  24.339  8.517  -30.620 1.0000000000
88022  24.197  9.088  -31.040 1.0000000000
93891  21.609  15.546  -30.138 0.1250000000
93902  21.626  16.568  -30.404 0.1250000000
93903  20.973  15.481  -31.234 0.2500000000
141113  20.728  16.225  -31.441 0.1250000000
144513  20.490  15.377  -32.685 0.3750000000
94651  20.231  16.483  -32.203 0.2500000000
149018  20.671  15.322  -33.841 0.5000000000
94655  19.935  16.113  -33.248 0.2500000000
95401  20.473  17.349  -32.059 0.2500000000
94652  19.729  16.916  -32.841 0.2500000000
150034  19.537  17.684  -33.813 0.2500000000
139748  20.028  16.200  -33.922 0.2500000000
95424  20.294  17.330  -34.630 0.2500000000
94661  20.541  16.589  -34.492 0.3750000000
94656  19.674  17.072  -34.035 0.2500000000
95423  21.320  17.080  -35.076 0.3750000000
85119  12.223  4.927  -21.145 0.2500000000
124353  11.004  7.428  -20.313 0.1250000000
133238  18.858  -0.918  -26.345 1.0000000000
85228  20.766  5.000  -29.087 0.8750000000
86106  23.370  6.056  -29.459 1.0000000000
82574  12.542  2.174  -20.681 0.1250000000
131178  13.667  1.745  -21.892 0.6250000000
79406  15.218  -0.369  -23.313 0.7500000000
140448  12.332  8.151  -20.334 0.1250000000
79413  15.833  -0.562  -23.880 1.0000000000
85100  9.631  4.926  -20.103 0.1250000000
129829  16.273  -0.068  -24.340 1.0000000000
78343  18.292  -1.143  -25.764 1.0000000000
78361  20.087  -1.383  -27.270 1.0000000000
86042  15.921  6.898  -22.835 0.3750000000
86058  17.906  6.275  -25.079 0.2500000000
83540  23.811  3.818  -26.244 0.8750000000
82628  22.550  2.107  -27.228 0.8750000000
137940  24.043  4.752  -26.532 0.8750000000
87020  22.398  7.853  -28.966 0.1250000000
143284  21.386  5.847  -28.648 0.3750000000
87033  21.587  6.071  -29.433 0.6250000000
85197  24.261  5.338  -26.724 0.8750000000
127730  22.878  9.387  -29.295 0.5000000000
87996  22.821  8.331  -29.309 0.3750000000
87032  22.885  8.101  -29.693 0.8750000000
87029  25.056  7.885  -29.328 1.0000000000
88005  25.450  8.441  -29.704 1.0000000000
88014  25.057  8.610  -30.419 1.0000000000
89936  23.709  11.629  -31.832 1.0000000000
89000  24.607  10.401  -31.668 1.0000000000
93890  22.095  16.206  -29.753 0.1250000000
93144  21.707  14.266  -30.408 0.1250000000
92354  21.762  12.936  -32.749 0.6250000000
93152  21.082  14.420  -32.478 0.6250000000
147972  21.448  14.577  -34.138 0.5000000000
93919  21.601  15.380  -34.394 0.5000000000
95411  20.669  18.003  -32.271 0.2500000000
95412  19.972  17.625  -32.642 0.2500000000
93920  20.779  15.854  -34.324 0.5000000000
94660  21.801  16.272  -34.745 0.5000000000
129615  19.581  18.222  -33.636 0.1250000000
95425  19.802  18.014  -34.235 0.2500000000
95432  20.939  17.947  -35.378 0.2500000000
94672  22.305  16.853  -35.296 0.3750000000
96161  21.915  18.041  -36.629 0.2500000000
96156  19.709  18.903  -34.119 0.1250000000
127448  12.640  2.884  -20.833 0.1250000000
85120  10.015  5.386  -20.515 0.1250000000
81547  14.125  1.574  -22.382 0.7500000000
82605  14.581  2.045  -23.014 0.8750000000
80494  14.939  0.536  -23.218 1.0000000000
80501  15.631  0.264  -23.829 1.0000000000
83512  14.761  3.219  -23.130 1.0000000000
79420  17.509  0.042  -25.359 1.0000000000
83525  16.401  3.494  -24.519 1.0000000000
80514  18.814  0.669  -26.813 1.0000000000
82623  17.507  2.423  -25.671 1.0000000000
82624  16.984  2.943  -25.112 1.0000000000
80531  19.501  0.271  -27.263 1.0000000000
78362  19.510  -0.681  -26.955 1.0000000000
135358  16.912  6.426  -23.955 0.3750000000
86076  17.704  6.016  -24.491 0.5000000000
85191  17.162  4.879  -24.966 0.8750000000
84357  17.766  4.315  -26.017 1.0000000000
80544  20.670  0.753  -28.145 1.0000000000
81585  19.157  1.793  -27.415 1.0000000000
82629  18.592  2.339  -26.947 1.0000000000
82634  19.683  2.113  -27.938 1.0000000000
81594  20.215  1.934  -28.300 1.0000000000
137943  21.892  1.787  -27.872 1.0000000000
85190  17.897  5.337  -25.923 0.6250000000
86099  18.167  6.120  -27.143 0.6250000000
85218  20.617  4.581  -29.159 1.0000000000
83551  19.253  3.572  -28.090 1.0000000000
84364  18.754  4.076  -27.643 1.0000000000
82638  21.156  2.533  -28.482 1.0000000000
83541  23.336  3.578  -27.103 0.8750000000
81576  22.700  1.299  -26.422 0.8750000000
85219  20.363  4.521  -28.915 1.0000000000
84369  21.196  4.220  -29.320 1.0000000000
84354  23.748  4.228  -26.851 0.8750000000
140573  21.552  4.980  -29.600 1.0000000000
85217  22.771  5.364  -29.595 1.0000000000
84377  21.696  4.864  -29.604 1.0000000000
84367  23.061  4.897  -29.128 1.0000000000
85216  23.353  5.354  -29.148 1.0000000000
85207  24.072  5.503  -27.641 1.0000000000
87022  21.292  5.831  -28.907 0.6250000000
86115  21.923  6.026  -29.714 1.0000000000
130543  22.703  6.780  -29.541 1.0000000000
86113  23.812  7.621  -29.800 1.0000000000
128418  24.077  6.805  -29.319 1.0000000000
87040  23.596  8.525  -30.287 1.0000000000
87038  24.274  8.080  -30.129 1.0000000000
89926  23.551  11.103  -31.153 0.8750000000
88016  23.923  8.621  -30.725 1.0000000000
89001  24.378  10.766  -31.667 1.0000000000
88990  24.621  9.765  -31.378 1.0000000000
89925  24.015  10.817  -31.386 1.0000000000
93143  22.121  15.212  -29.647 0.1250000000
94643  21.147  17.009  -31.324 0.2500000000
93148  21.273  14.515  -31.234 0.3750000000
93163  21.203  14.236  -33.851 0.7500000000
95431  22.145  17.469  -35.766 0.2500000000
82557  12.688  1.973  -20.214 0.1250000000
81548  13.583  1.038  -21.703 0.6250000000
80483  14.277  0.814  -22.448 0.7500000000
124543  22.273  7.023  -29.330 0.7500000000
89935  24.217  11.393  -31.844 1.0000000000
132592  25.132  10.608  -31.971 1.0000000000
92340  21.927  13.512  -30.282 0.3750000000
92364  21.571  13.480  -33.400 0.7500000000
135714  21.462  13.798  -32.309 0.5000000000
95430  23.084  17.043  -35.745 0.3750000000
74543  16.871  -5.257  -23.608 0.7500000000
74563  18.423  -5.876  -24.750 0.7500000000
74544  16.401  -4.690  -23.352 0.7500000000
75432  15.910  -4.283  -22.963 0.7500000000
74564  18.116  -5.048  -24.725 0.7500000000
74565  17.404  -5.137  -24.116 0.7500000000
75453  16.962  -4.378  -23.900 0.7500000000
133719  16.324  -3.881  -23.490 0.7500000000
74581  18.825  -5.274  -25.296 0.7500000000
144153  17.589  -4.475  -24.439 0.7500000000
75452  17.430  -3.735  -24.462 0.7500000000
132600  15.333  -1.131  -23.183 0.7500000000
80495  14.489  0.016  -22.547 0.6250000000
76321  16.789  -3.419  -23.994 0.7500000000
77284  16.626  -2.580  -24.120 0.8750000000
74591  19.345  -4.602  -25.812 0.7500000000
75473  18.189  -4.048  -25.032 0.7500000000
76336  17.927  -3.164  -24.997 0.7500000000
77283  17.114  -2.144  -24.650 0.8750000000
79412  16.373  -0.938  -24.318 0.8750000000
75484  19.525  -3.927  -26.128 0.7500000000
76335  18.622  -3.301  -25.655 0.7500000000
77302  18.326  -2.526  -25.544 0.8750000000
78323  17.045  -1.330  -24.738 0.8750000000
77316  19.786  -2.734  -26.639 0.7500000000
77317  19.075  -2.639  -26.193 0.8750000000
77318  18.787  -1.803  -26.127 0.8750000000
77314  21.615  -2.340  -26.997 0.8750000000
77330  20.666  -2.033  -27.232 0.8750000000
78360  20.839  -1.350  -27.507 0.8750000000
80499  23.669  0.000  -24.877 0.3750000000
80506  23.183  -0.149  -25.574 0.6250000000
79439  22.155  -0.526  -26.977 0.7500000000
79457  21.640  -0.621  -27.463 0.7500000000
81564  24.035  0.880  -24.707 0.5000000000
143118  23.428  0.546  -25.282 0.5000000000
81572  23.405  1.377  -25.490 0.7500000000
82609  25.205  2.380  -24.243 0.1250000000
150010  24.105  1.712  -24.893 0.6250000000
81571  23.802  2.312  -25.372 0.6250000000
82627  23.111  2.221  -26.164 0.6250000000
143457  26.178  2.884  -23.657 0.1250000000
83518  24.921  3.181  -24.683 0.1250000000
83517  25.612  3.784  -24.456 0.1250000000
83531  24.400  3.681  -25.488 0.6250000000
84342  24.823  4.471  -25.392 0.6250000000
84343  24.186  4.332  -26.017 0.7500000000
84332  26.092  4.495  -24.242 0.1250000000
85151  26.544  5.285  -24.055 0.1250000000
85183  25.304  5.350  -25.327 0.1250000000
85184  24.529  5.026  -25.950 0.6250000000
85196  24.856  5.793  -26.123 0.7500000000
84319  26.693  4.619  -23.558 0.1250000000
86069  25.591  6.263  -25.696 0.5000000000
90771  22.923  11.785  -30.135 0.5000000000
90785  23.233  11.799  -30.958 0.7500000000
86992  25.600  7.218  -26.764 0.6250000000
87005  25.382  7.467  -27.649 0.6250000000
87004  26.168  7.818  -27.194 0.5000000000
87017  25.897  8.100  -28.058 0.6250000000
87018  25.225  7.675  -28.551 0.8750000000
88975  25.510  9.354  -30.769 0.8750000000
87995  25.688  8.291  -28.916 0.7500000000
88013  25.875  8.985  -30.142 0.8750000000
88988  25.925  10.035  -31.191 0.8750000000
87973  26.979  8.214  -26.829 0.3750000000
87994  26.408  8.706  -28.509 0.5000000000
88004  26.158  8.861  -29.360 0.6250000000
87983  27.454  8.821  -27.319 0.2500000000
87984  26.674  8.477  -27.647 0.3750000000
91581  22.443  12.143  -31.782 0.6250000000
90793  23.088  11.690  -31.801 0.8750000000
89924  25.746  10.456  -31.988 0.8750000000
87993  27.156  9.068  -28.087 0.3750000000
88954  26.982  9.308  -29.017 0.5000000000
89916  26.708  10.267  -30.872 0.7500000000
91571  22.598  12.392  -30.582 0.6250000000
90802  22.686  11.696  -32.706 0.8750000000
90801  23.679  11.517  -32.545 0.8750000000
89934  24.560  11.237  -32.157 0.8750000000
149380  23.741  11.697  -33.190 0.7500000000
89933  26.135  10.763  -32.563 0.7500000000
88974  26.294  9.643  -30.488 0.5000000000
89906  27.800  10.384  -29.905 0.2500000000
88973  27.110  9.957  -30.087 0.5000000000
149127  27.109  9.643  -29.580 0.5000000000
88953  27.752  9.510  -28.458 0.2500000000
91572  21.872  13.050  -30.911 0.5000000000
91582  22.022  12.788  -31.980 0.5000000000
92363  21.948  12.434  -33.552 0.6250000000
134205  22.267  11.885  -33.283 0.7500000000
90810  23.028  11.690  -33.157 0.7500000000
90811  22.427  12.039  -33.441 0.7500000000
91596  23.654  12.191  -33.315 0.7500000000
91595  25.184  11.917  -33.846 0.7500000000
90809  24.571  11.736  -33.312 0.7500000000
90808  25.544  11.414  -33.462 0.7500000000
90799  26.019  11.019  -33.163 0.7500000000
89922  26.712  11.108  -32.049 0.5000000000
89932  26.392  11.213  -32.869 0.3750000000
89915  27.466  10.590  -30.529 0.2500000000
125605  27.088  10.851  -31.268 0.3750000000
90792  27.456  11.488  -31.623 0.3750000000
127108  21.879  13.432  -33.913 0.6250000000
92362  22.420  12.757  -33.691 0.7500000000
142211  25.009  12.927  -33.064 0.7500000000
149985  25.502  12.264  -34.013 0.7500000000
91603  25.843  12.006  -34.069 0.6250000000
91589  27.321  12.297  -32.823 0.3750000000
91594  26.645  12.286  -33.672 0.3750000000
90784  27.855  11.216  -30.891 0.1250000000
91580  27.786  12.177  -32.007 0.1250000000
140521  22.331  13.710  -34.112 0.7500000000
93161  24.067  13.629  -33.077 0.6250000000
91602  26.300  12.670  -34.200 0.3750000000
92371  25.774  12.785  -34.215 0.3750000000
92353  27.515  12.947  -33.358 0.2500000000
90807  26.186  11.513  -33.503 0.6250000000
91587  29.036  13.264  -32.289 0.1250000000
91588  28.129  12.836  -32.523 0.1250000000
90791  28.264  11.882  -31.288 0.1250000000
93162  21.737  13.961  -34.237 0.6250000000
93176  24.489  14.468  -33.849 0.3750000000
93177  23.349  14.366  -33.999 0.3750000000
93160  25.103  13.671  -33.439 0.3750000000
93174  27.013  13.787  -35.184 0.2500000000
144234  28.285  14.172  -33.766 0.1250000000
91601  26.950  13.008  -34.148 0.3750000000
92351  29.882  13.488  -32.248 0.1250000000
94659  22.805  15.681  -34.576 0.3750000000
93178  22.359  14.648  -34.350 0.3750000000
93917  24.362  15.133  -34.560 0.3750000000
93918  23.644  15.109  -34.313 0.3750000000
143504  25.674  14.057  -35.070 0.3750000000
133624  25.264  14.097  -34.378 0.3750000000
130097  26.290  13.833  -35.249 0.3750000000
92370  26.479  13.245  -34.737 0.3750000000
93175  25.785  13.511  -34.733 0.3750000000
93915  28.867  15.269  -34.786 0.1250000000
92368  27.746  14.231  -34.479 0.1250000000
93159  29.029  14.393  -33.465 0.1250000000
94658  23.923  15.820  -34.838 0.2500000000
127517  24.686  15.355  -35.234 0.2500000000
93932  26.105  14.773  -36.321 0.1250000000
93916  25.111  14.600  -35.022 0.3750000000
93186  25.854  14.350  -35.611 0.2500000000
93939  27.691  15.875  -36.361 0.1250000000
93185  26.637  14.302  -35.688 0.1250000000
94671  23.022  16.369  -35.120 0.3750000000
148492  24.388  15.882  -35.339 0.2500000000
93942  25.363  15.536  -36.864 0.1250000000
93943  24.781  15.835  -37.493 0.1250000000
93947  25.446  15.550  -37.657 0.1250000000
93948  24.919  15.587  -38.220 0.1250000000
94680  28.415  16.637  -36.684 0.1250000000
94689  26.063  15.744  -37.813 0.1250000000
94690  24.543  16.156  -38.000 0.1250000000
93952  25.237  15.473  -38.644 0.1250000000
93949  24.549  15.765  -38.891 0.1250000000
95458  27.829  16.783  -38.413 0.1250000000
95447  28.580  17.157  -37.555 0.1250000000
77303  17.801  -1.770  -25.323 0.8750000000
79419  22.480  -1.241  -26.491 0.6250000000
86083  25.791  6.935  -26.054 0.6250000000
88965  26.592  9.406  -29.785 0.5000000000
91590  21.974  12.006  -32.912 0.6250000000
90800  24.015  11.551  -32.962 0.8750000000
131265  25.674  10.859  -32.791 0.7500000000
89923  26.363  10.532  -31.698 0.7500000000
93930  28.117  15.356  -35.492 0.1250000000
93933  25.349  14.972  -35.865 0.2500000000
94688  26.938  16.342  -38.038 0.1250000000
82621  24.251  2.947  -25.231 0.5000000000
82622  23.548  3.139  -25.953 0.6250000000
86991  26.436  7.513  -26.247 0.3750000000
93931  27.123  14.885  -36.071 0.1250000000
72500  17.713  -7.170  -23.694 0.7500000000
73547  17.097  -6.754  -23.338 0.7500000000
132593  16.288  -5.456  -23.065 0.7500000000
72513  19.176  -7.140  -24.323 0.7500000000
142714  17.286  -5.741  -23.817 0.7500000000
73561  20.385  -6.491  -24.570 0.7500000000
78292  14.904  -1.576  -22.540 0.6250000000
76301  16.195  -3.032  -23.591 0.7500000000
74579  20.326  -5.462  -25.512 0.6250000000
75471  20.860  -4.661  -26.035 0.7500000000
75481  21.270  -3.847  -26.412 0.6250000000
76349  21.532  -3.063  -26.747 0.6250000000
78322  22.501  -2.012  -26.361 0.5000000000
78305  23.597  -1.434  -24.832 0.3750000000
78321  23.037  -1.595  -25.726 0.5000000000
80498  24.328  0.089  -24.309 0.1250000000
81562  25.441  1.790  -23.863 0.1250000000
82596  25.827  2.338  -23.770 0.1250000000
83504  26.694  3.081  -23.223 0.1250000000
83503  27.017  3.935  -23.132 0.1250000000
85168  27.049  6.004  -24.159 0.1250000000
85169  26.496  5.773  -24.563 0.1250000000
86068  26.399  6.816  -25.467 0.1250000000
132187  22.551  12.406  -29.876 0.5000000000
88963  28.463  9.957  -28.627 0.1250000000
149724  27.804  9.257  -27.757 0.2500000000
89905  28.564  10.519  -29.409 0.1250000000
90783  28.684  11.569  -30.589 0.1250000000
90790  29.167  12.238  -31.039 0.1250000000
92345  21.627  13.563  -31.575 0.3750000000
91579  29.682  12.861  -31.617 0.1250000000
142456  30.150  14.024  -32.673 0.1250000000
93929  29.757  15.764  -34.913 0.1250000000
94668  30.384  16.526  -35.861 0.1250000000
94650  21.394  17.633  -31.604 0.1250000000
95429  24.069  16.491  -35.603 0.2500000000
95441  24.361  17.040  -36.427 0.1250000000
93953  24.718  15.514  -39.489 0.1250000000
94699  24.336  16.054  -39.457 0.1250000000
94698  25.985  15.783  -38.947 0.1250000000
95446  29.373  17.382  -37.752 0.1250000000
94697  26.916  16.324  -39.325 0.1250000000
80528  21.361  0.082  -27.837 0.7500000000
126433  24.917  6.811  -27.284 0.7500000000
130301  22.732  10.355  -29.100 0.3750000000
88989  25.226  9.867  -31.373 0.8750000000
78342  19.408  -1.391  -26.726 0.8750000000
149159  15.593  -0.856  -23.563 0.7500000000
130399  15.897  -1.334  -23.748 0.8750000000
137056  17.587  -0.861  -25.330 0.8750000000
80513  22.382  0.371  -26.715 0.7500000000
144329  22.800  17.734  -36.666 0.1250000000
135533  16.914  -6.015  -23.444 0.7500000000
138221  17.753  -5.826  -24.270 0.7500000000
73564  18.065  -6.523  -24.260 0.7500000000
73562  19.690  -6.596  -24.711 0.7500000000
73576  19.587  -6.023  -25.169 0.7500000000
135093  15.333  -3.918  -22.374 0.7500000000
76302  15.766  -3.454  -22.997 0.7500000000
77266  15.538  -1.849  -23.150 0.7500000000
78300  14.705  -0.789  -22.566 0.6250000000
77265  16.081  -2.197  -23.673 0.7500000000
76320  17.253  -2.917  -24.505 0.8750000000
75472  18.912  -4.004  -25.777 0.7500000000
127477  17.670  -2.498  -24.990 0.8750000000
76350  20.869  -3.301  -26.775 0.7500000000
76362  21.081  -2.586  -27.102 0.7500000000
78341  19.576  -2.044  -26.724 0.8750000000
77313  22.156  -2.650  -26.494 0.6250000000
78358  21.898  -1.278  -27.121 0.7500000000
79410  23.949  -0.683  -24.532 0.2500000000
79411  23.400  -0.791  -25.225 0.5000000000
142079  22.958  -0.842  -25.872 0.6250000000
80512  22.906  0.533  -25.913 0.7500000000
81563  24.768  1.566  -24.301 0.2500000000
81554  25.323  1.012  -23.647 0.1250000000
82610  24.507  2.364  -24.756 0.3750000000
142739  26.274  3.675  -23.778 0.1250000000
83505  25.671  3.037  -24.098 0.1250000000
83530  25.067  3.917  -24.958 0.5000000000
84333  25.464  4.539  -24.811 0.1250000000
85170  25.956  5.254  -24.636 0.1250000000
85182  26.116  5.964  -25.073 0.1250000000
86084  25.205  6.532  -26.450 0.6250000000
89942  24.983  11.235  -32.855 0.7500000000
89914  28.232  10.919  -30.193 0.1250000000
88964  27.685  9.896  -29.324 0.2500000000
147830  24.604  12.038  -33.562 0.7500000000
90798  27.059  11.651  -32.411 0.3750000000
90806  26.691  11.801  -33.051 0.3750000000
135716  28.669  12.565  -31.761 0.1250000000
130035  27.684  13.613  -33.880 0.2500000000
92361  29.407  13.939  -32.777 0.1250000000
92352  28.432  13.647  -33.090 0.1250000000
92369  27.172  13.509  -34.588 0.2500000000
93173  28.598  14.705  -34.198 0.1250000000
93183  28.158  14.832  -34.843 0.1250000000
94670  28.653  16.115  -35.923 0.1250000000
93184  27.467  14.566  -35.308 0.1250000000
93158  29.935  14.490  -33.251 0.1250000000
93172  29.588  15.066  -34.062 0.1250000000
93934  24.821  15.750  -36.037 0.2500000000
93941  26.039  15.399  -37.014 0.1250000000
94681  27.019  16.031  -37.101 0.1250000000
94687  27.790  16.585  -37.377 0.1250000000
94682  24.616  16.327  -36.481 0.1250000000
94679  29.155  16.581  -36.251 0.1250000000
93940  26.782  15.329  -36.597 0.1250000000
95450  24.704  16.976  -36.819 0.1250000000
72501  17.213  -7.431  -23.121 0.7500000000
72514  18.407  -7.149  -24.134 0.7500000000
73528  16.486  -6.386  -22.976 0.7500000000
77258  15.167  -2.239  -22.567 0.5000000000
76334  22.003  -3.572  -26.183 0.6250000000
131791  22.765  -2.411  -25.836 0.5000000000
86053  26.788  6.382  -24.789 0.1250000000
86052  27.463  6.768  -24.357 0.1250000000
143838  30.105  16.194  -35.329 0.1250000000
94669  29.552  16.280  -35.646 0.1250000000
74522  15.750  -5.977  -22.453 0.7500000000
71474  18.396  -8.198  -23.442 0.6250000000
72499  18.136  -7.667  -23.724 0.6250000000
72496  20.970  -7.152  -23.042 0.3750000000
72512  19.915  -7.078  -24.211 0.6250000000
73543  22.013  -6.122  -23.028 0.2500000000
73560  21.090  -6.231  -24.314 0.3750000000
74561  21.472  -5.531  -24.719 0.5000000000
75470  21.572  -4.397  -25.873 0.5000000000
75469  22.127  -4.162  -25.541 0.3750000000
72481  21.332  -7.407  -22.253 0.5000000000
72497  20.135  -7.558  -23.465 0.6250000000
77301  22.493  -3.022  -25.862 0.5000000000
70395  18.261  -9.187  -22.467 0.6250000000
145177  14.898  -4.345  -21.896 0.3750000000
74506  15.024  -5.577  -21.750 0.3750000000
138970  17.953  -8.659  -22.994 0.6250000000
71475  17.682  -7.978  -23.282 0.6250000000
73529  16.045  -6.986  -22.437 0.6250000000
71454  21.048  -8.036  -21.816 0.3750000000
71455  20.324  -8.373  -22.179 0.5000000000
71457  18.741  -8.741  -22.974 0.6250000000
75416  14.603  -3.590  -21.703 0.2500000000
72460  22.346  -7.012  -21.516 0.3750000000
74521  22.655  -5.672  -22.582 0.2500000000
73526  22.320  -6.447  -22.163 0.2500000000
80484  13.771  0.290  -21.799 0.3750000000
74541  22.364  -5.399  -23.411 0.2500000000
75450  22.485  -4.262  -24.684 0.3750000000
76318  22.996  -3.473  -24.549 0.2500000000
77282  22.954  -2.893  -25.193 0.2500000000
77300  23.302  -2.180  -25.071 0.2500000000
79405  24.566  -0.590  -23.925 0.2500000000
87021  21.705  6.760  -29.048 0.3750000000
86969  18.295  5.990  -25.893 0.1250000000
126106  17.283  6.256  -24.101 0.2500000000
74578  21.173  -5.167  -25.449 0.5000000000
142652  15.512  -4.915  -22.419 0.5000000000
144119  19.445  -7.531  -23.891 0.6250000000
73545  20.639  -6.852  -23.875 0.5000000000
74562  20.785  -5.879  -24.987 0.5000000000
78304  24.205  -1.364  -24.168 0.2500000000
147609  14.579  -2.909  -21.741 0.3750000000
76289  15.147  -2.974  -22.272 0.3750000000
79400  14.027  -0.433  -21.794 0.2500000000
146928  16.735  -7.049  -22.932 0.6250000000
135623  14.411  -2.202  -21.811 0.3750000000
76319  22.526  -3.567  -25.371 0.2500000000
71456  19.555  -8.621  -22.649 0.6250000000
71472  19.991  -8.119  -22.891 0.5000000000
73544  21.363  -6.511  -23.473 0.2500000000
72480  21.868  -7.054  -22.003 0.2500000000
74505  22.994  -5.905  -21.824 0.2500000000
74542  21.750  -5.843  -23.891 0.3750000000
75451  21.854  -4.806  -25.146 0.3750000000
72482  20.640  -7.768  -22.589 0.5000000000
72461  21.781  -7.621  -21.481 0.3750000000
142653  14.780  -4.902  -21.690 0.3750000000
72483  17.183  -7.952  -22.815 0.6250000000
71438  20.700  -8.728  -21.342 0.3750000000
75431  22.667  -4.628  -23.743 0.2500000000
70381  16.531  -8.967  -22.020 0.5000000000
71439  19.903  -8.937  -21.841 0.2500000000
70378  18.679  -9.666  -21.781 0.3750000000
70382  15.864  -9.074  -21.439 0.3750000000
71440  15.578  -8.211  -21.527 0.5000000000
71459  16.736  -8.332  -22.425 0.5000000000
144942  16.148  -8.550  -22.011 0.5000000000
72462  15.385  -7.357  -21.647 0.3750000000
72484  16.703  -7.623  -22.677 0.5000000000
69299  14.840  -9.861  -20.082 0.1250000000
70364  15.279  -9.434  -20.720 0.3750000000
68251  15.595  -11.702  -19.562 0.1250000000
69298  15.298  -10.746  -20.026 0.2500000000
129617  16.059  -10.503  -20.611 0.3750000000
70362  19.908  -9.799  -20.829 0.2500000000
69296  17.816  -10.662  -20.941 0.3750000000
150968  17.729  -10.155  -21.431 0.5000000000
69282  14.421  -10.351  -19.449 0.1250000000
131189  15.493  -10.110  -20.514 0.3750000000
143334  16.524  -10.178  -21.064 0.3750000000
71425  14.508  -8.872  -20.104 0.1250000000
72445  14.104  -7.382  -20.264 0.1250000000
86990  27.301  8.011  -26.042 0.1250000000
73505  15.211  -6.453  -21.755 0.3750000000
70394  19.096  -9.166  -22.276 0.3750000000
71458  17.362  -8.442  -22.714 0.5000000000
70396  17.544  -9.017  -22.446 0.5000000000
73506  14.497  -6.021  -21.220 0.2500000000
71423  21.251  -8.832  -20.737 0.2500000000
69313  16.525  -9.597  -21.509 0.5000000000
70380  17.067  -9.319  -21.950 0.5000000000
70377  19.496  -9.505  -21.512 0.3750000000
70379  17.782  -9.670  -21.877 0.3750000000
69311  18.316  -10.194  -21.355 0.3750000000
70363  16.009  -9.805  -20.938 0.3750000000
71424  15.046  -8.611  -20.920 0.2500000000
72444  14.798  -7.765  -20.993 0.1250000000
71460  16.094  -7.882  -22.188 0.5000000000
70349  14.226  -9.438  -19.416 0.1250000000
72463  14.489  -6.803  -20.949 0.1250000000
68252  14.652  -11.222  -19.323 0.1250000000
69295  18.749  -10.617  -20.728 0.2500000000
133194  14.423  -8.133  -20.433 0.1250000000
68265  16.183  -11.209  -20.215 0.2500000000
68263  17.591  -11.287  -20.315 0.2500000000
78279  13.715  -1.610  -21.336 0.2500000000
69310  19.133  -10.081  -21.138 0.2500000000
69297  16.862  -10.792  -20.728 0.2500000000
68264  16.903  -11.412  -20.181 0.1250000000
78280  13.362  -1.519  -21.056 0.1250000000
89907  22.819  10.991  -29.611 0.1250000000
89893  22.433  11.285  -28.830 0.1250000000
90759  22.474  11.850  -29.392 0.1250000000
90761  20.492  11.684  -28.488 0.1250000000
90760  21.657  11.922  -28.654 0.1250000000
91547  22.233  12.525  -29.226 0.1250000000
91548  21.222  12.075  -28.440 0.1250000000
91543  20.646  12.447  -27.825 0.1250000000
88955  22.774  9.726  -28.663 0.1250000000
87008  21.188  5.225  -28.049 0.1250000000
77241  13.824  -2.623  -21.067 0.1250000000
89884  22.543  10.719  -28.547 0.1250000000
89885  19.902  10.474  -27.450 0.1250000000
91545  18.618  12.423  -27.251 0.1250000000
91542  21.938  12.612  -27.994 0.1250000000
137984  22.241  12.621  -28.975 0.1250000000
132835  13.398  1.487  -21.499 0.1250000000
81533  13.157  0.818  -21.240 0.1250000000
78293  14.221  -1.234  -21.808 0.1250000000
91558  22.067  12.941  -30.133 0.1250000000
144510  14.117  -2.880  -21.324 0.1250000000
76280  14.162  -3.644  -21.228 0.1250000000
80472  13.187  0.347  -21.287 0.1250000000
78294  13.454  -0.858  -21.256 0.1250000000
77253  13.643  -2.165  -21.089 0.1250000000
78265  12.901  -1.202  -20.081 0.1250000000
77242  13.506  -2.051  -21.034 0.1250000000
89894  21.554  11.515  -28.461 0.1250000000
90762  19.681  11.731  -28.170 0.1250000000
89896  19.408  11.605  -27.873 0.1250000000
91549  20.046  11.908  -28.126 0.1250000000
89886  18.655  11.726  -27.565 0.1250000000
92319  21.553  13.090  -27.072 0.1250000000
72443  22.023  -8.020  -20.813 0.1250000000
72441  23.204  -7.424  -20.337 0.1250000000
73492  22.934  -6.853  -20.982 0.1250000000
73503  23.353  -6.222  -21.227 0.1250000000
74520  23.347  -5.220  -22.190 0.1250000000
75415  22.988  -4.902  -22.934 0.1250000000
75414  23.685  -4.388  -22.496 0.1250000000
75430  23.261  -4.158  -23.307 0.1250000000
76275  25.320  -3.283  -21.712 0.1250000000
147139  24.292  -3.261  -22.826 0.1250000000
76300  23.451  -3.486  -23.762 0.1250000000
77256  25.184  -2.562  -22.360 0.1250000000
77281  23.560  -2.725  -24.303 0.1250000000
78285  25.651  -1.750  -22.359 0.1250000000
78286  24.974  -1.913  -22.952 0.1250000000
78299  24.753  -1.260  -23.486 0.1250000000
69294  19.547  -10.394  -20.437 0.1250000000
68262  18.403  -11.138  -20.286 0.1250000000
69293  20.318  -10.112  -20.150 0.1250000000
69292  21.121  -9.855  -19.860 0.1250000000
70361  22.276  -8.920  -19.863 0.1250000000
72429  23.677  -7.698  -19.773 0.1250000000
71420  23.225  -8.053  -19.826 0.1250000000
146794  23.633  -6.629  -20.631 0.1250000000
74495  24.657  -5.624  -20.610 0.1250000000
75389  24.954  -4.905  -20.908 0.1250000000
75413  24.215  -4.269  -21.980 0.1250000000
75400  25.160  -4.134  -21.249 0.1250000000
77247  25.748  -2.503  -21.825 0.1250000000
79404  25.181  -0.502  -23.368 0.1250000000
79393  25.742  -0.455  -22.871 0.1250000000
78284  26.246  -1.188  -22.043 0.1250000000
71422  21.857  -8.558  -20.465 0.1250000000
72442  22.473  -7.516  -20.884 0.1250000000
77264  24.305  -2.133  -23.686 0.1250000000
74496  23.995  -5.916  -20.906 0.1250000000
76299  24.031  -2.992  -23.432 0.1250000000
133383  20.718  -9.393  -20.600 0.1250000000
144837  21.556  -9.204  -20.184 0.1250000000
68261  19.166  -10.944  -20.059 0.1250000000
71410  23.021  -8.693  -19.611 0.1250000000
73490  24.327  -6.347  -20.321 0.1250000000
75402  23.961  -4.856  -21.790 0.1250000000
74503  24.324  -5.244  -21.215 0.1250000000
76287  24.235  -3.766  -22.403 0.1250000000
76286  24.725  -3.232  -22.343 0.1250000000
76276  24.689  -3.859  -21.840 0.1250000000
76274  25.897  -3.015  -21.341 0.1250000000
77257  24.575  -2.670  -22.917 0.1250000000
78298  25.363  -1.137  -22.928 0.1250000000
78271  26.104  -1.918  -21.785 0.1250000000
69281  19.911  -10.742  -19.786 0.1250000000
69279  21.608  -10.383  -19.310 0.1250000000
73483  24.656  -6.809  -19.685 0.1250000000
79381  26.522  -0.399  -22.025 0.1250000000
69312  17.153  -10.077  -21.409 0.5000000000
70397  17.035  -8.795  -22.335 0.5000000000
71421  22.568  -8.150  -20.225 0.1250000000
71437  21.452  -8.313  -21.121 0.3750000000
71473  19.298  -8.126  -23.387 0.5000000000
72498  18.757  -7.649  -23.851 0.6250000000
73504  22.779  -6.478  -21.519 0.1250000000
73527  21.644  -6.787  -22.651 0.2500000000
73546  17.468  -6.366  -23.798 0.7500000000
73563  18.880  -6.506  -24.719 0.7500000000
73575  20.168  -6.139  -25.043 0.5000000000
73577  19.006  -5.857  -25.178 0.7500000000
74504  23.669  -5.549  -21.511 0.1250000000
74560  22.123  -5.113  -24.284 0.3750000000
74580  19.514  -5.358  -25.550 0.7500000000
74590  20.088  -4.756  -26.009 0.7500000000
75401  24.556  -4.548  -21.491 0.1250000000
75449  22.947  -3.972  -23.982 0.1250000000
75482  20.531  -4.031  -26.366 0.6250000000
75483  19.913  -4.168  -26.213 0.7500000000
76288  23.820  -3.654  -23.019 0.1250000000
76351  20.069  -3.467  -26.512 0.7500000000
76352  19.331  -3.354  -26.190 0.7500000000
77246  26.239  -2.453  -21.318 0.1250000000
77280  23.828  -1.978  -24.428 0.2500000000
77315  20.461  -2.720  -26.929 0.7500000000
77329  21.210  -1.924  -27.295 0.8750000000
78270  26.583  -1.667  -21.296 0.1250000000
78306  16.483  -1.765  -24.241 0.8750000000
78339  22.055  -1.925  -26.839 0.6250000000
78340  21.625  -1.785  -27.169 0.6250000000
78359  21.386  -1.305  -27.423 0.7500000000
79392  26.139  -0.567  -22.455 0.1250000000
79401  13.368  -0.165  -21.387 0.1250000000
79421  16.948  -0.462  -24.772 1.0000000000
79438  22.661  -0.323  -26.264 0.7500000000
79441  18.257  -0.363  -25.840 1.0000000000
79458  21.103  -0.661  -27.723 0.7500000000
79460  19.993  -0.473  -27.519 1.0000000000
80527  21.873  0.191  -27.403 0.7500000000
80529  20.832  0.067  -27.996 1.0000000000
81584  19.774  1.205  -27.780 1.0000000000
81593  20.785  1.636  -28.322 1.0000000000
82616  15.721  2.861  -24.054 1.0000000000
82635  19.158  2.700  -27.721 1.0000000000
83544  18.064  3.687  -26.403 1.0000000000
83548  22.247  3.375  -28.440 1.0000000000
83557  20.493  3.444  -28.742 1.0000000000
84249  10.421  4.532  -19.824 0.1250000000
84270  10.384  4.578  -20.344 0.1250000000
84338  16.146  4.228  -24.070 1.0000000000
84363  19.228  4.015  -28.229 1.0000000000
84371  19.929  4.251  -28.609 1.0000000000
85087  9.990  5.193  -19.578 0.1250000000
85101  9.525  5.757  -19.859 0.1250000000
85121  9.613  5.555  -20.215 0.1250000000
85158  15.490  5.662  -23.296 0.8750000000
85210  18.721  5.273  -27.329 1.0000000000
85226  21.971  5.364  -29.796 1.0000000000
85227  20.986  5.032  -29.386 1.0000000000
86008  14.126  7.345  -21.552 0.2500000000
86041  16.494  6.515  -23.256 0.3750000000
86109  19.130  5.069  -27.541 0.6250000000
89895  20.138  11.730  -28.272 0.1250000000
91544  19.534  12.450  -27.546 0.1250000000
95420  19.486  17.484  -33.367 0.2500000000
96152  19.894  18.260  -32.930 0.2500000000
124428  10.710  6.307  -20.674 0.1250000000
124458  11.261  5.339  -20.855 0.1250000000
129585  15.382  1.135  -23.700 1.0000000000
129586  16.827  1.237  -24.952 1.0000000000
129947  28.993  15.765  -35.329 0.1250000000
131261  17.584  3.349  -25.776 1.0000000000
131524  15.666  -2.622  -23.068 0.7500000000
132409  19.147  1.052  -27.246 1.0000000000
133889  14.317  7.651  -21.180 0.1250000000
134965  24.679  0.756  -24.107 0.1250000000
135912  25.849  -1.019  -22.549 0.1250000000
140124  18.658  -4.619  -25.373 0.7500000000
141068  20.668  3.897  -29.056 1.0000000000
141540  9.885  6.416  -20.196 0.1250000000
145594  19.587  16.697  -33.535 0.2500000000
146412  20.142  -2.181  -26.987 0.8750000000
146665  21.842  4.340  -29.321 1.0000000000
148129  16.047  -4.839  -22.977 0.7500000000
149033  21.608  2.366  -28.286 1.0000000000
150790  20.166  -9.283  -21.221 0.3750000000
150816  27.749  16.348  -36.834 0.1250000000
