#!ascii label  , from subject sub-v1s18x0051252_ses-1 vox2ras=TkReg
728
45280  -23.841  5.008  -18.751 0.4285714328
46484  -23.032  6.304  -19.681 0.2857142985
45303  -23.754  6.271  -19.277 0.4285714328
46485  -23.636  6.805  -19.610 0.4285714328
47704  -23.882  7.407  -19.882 0.4285714328
47729  -22.866  7.479  -20.686 0.2857142985
47730  -23.498  7.779  -20.457 0.4285714328
48914  -23.891  8.508  -20.709 0.4285714328
48935  -22.588  8.311  -21.718 0.4285714328
50038  -23.692  8.955  -21.290 0.4285714328
50058  -22.681  9.320  -22.714 0.4285714328
50075  -22.962  10.069  -23.097 0.4285714328
50083  -22.029  9.754  -24.429 0.5714285970
123369  -23.301  10.855  -23.523 0.2857142985
51172  -22.858  10.862  -24.182 0.7142857313
53519  -23.672  12.290  -24.599 0.7142857313
54685  -24.008  12.996  -24.870 0.4285714328
52344  -23.328  11.513  -24.249 0.7142857313
54707  -23.716  13.299  -25.597 0.5714285970
134081  -23.062  12.145  -25.757 0.5714285970
54725  -23.464  13.587  -26.343 0.5714285970
55813  -23.982  14.081  -25.815 0.5714285970
53549  -23.240  12.797  -26.089 0.5714285970
55830  -23.748  14.358  -26.586 0.5714285970
56915  -24.449  15.605  -26.620 0.5714285970
54738  -23.311  13.885  -27.007 0.7142857313
56914  -23.986  15.098  -26.932 0.7142857313
56927  -24.224  15.837  -27.274 0.7142857313
57992  -24.733  16.299  -26.790 0.5714285970
126804  -22.471  12.895  -27.978 0.5714285970
55863  -23.203  14.789  -28.090 0.8571428657
58007  -24.489  16.628  -27.535 0.7142857313
55862  -22.793  14.360  -28.497 0.5714285970
58019  -24.234  16.960  -28.297 0.7142857313
59099  -24.730  17.481  -27.757 0.5714285970
56942  -23.440  15.565  -28.419 0.7142857313
59114  -24.438  17.880  -28.507 0.5714285970
58006  -23.957  16.117  -28.009 0.7142857313
60241  -24.969  18.360  -27.967 0.5714285970
131409  -23.612  16.419  -28.803 0.7142857313
59113  -23.905  17.378  -28.985 0.7142857313
120224  -24.642  18.757  -28.725 0.7142857313
124138  -23.502  16.909  -29.423 0.7142857313
59130  -23.641  17.653  -29.693 0.7142857313
60274  -24.128  18.242  -29.242 0.7142857313
62531  -24.570  20.014  -29.549 0.7142857313
61384  -24.876  19.608  -28.911 0.5714285970
58034  -23.257  16.223  -29.550 0.5714285970
124156  -24.757  20.776  -29.674 0.5714285970
59141  -23.315  17.862  -30.430 0.8571428657
58045  -23.186  16.881  -30.147 0.8571428657
62550  -24.288  20.396  -30.133 0.7142857313
61423  -23.806  19.987  -30.522 0.7142857313
60282  -23.429  18.673  -30.697 0.8571428657
61405  -23.812  19.257  -30.282 0.7142857313
63668  -23.464  21.106  -31.274 0.8571428657
63650  -23.936  21.540  -30.785 0.5714285970
62549  -23.862  20.753  -30.666 0.8571428657
62564  -23.451  20.296  -31.165 0.8571428657
61436  -23.412  19.445  -31.052 0.8571428657
64763  -23.072  22.441  -31.745 0.8571428657
64779  -22.622  23.116  -32.204 0.8571428657
126930  -22.445  22.167  -32.444 0.8571428657
64778  -21.764  22.467  -32.973 1.0000000000
63667  -22.993  21.546  -31.827 0.8571428657
65972  -22.136  22.960  -32.762 1.0000000000
65991  -21.786  23.955  -33.580 1.0000000000
66004  -20.713  23.526  -34.819 0.7142857313
65990  -21.628  23.189  -33.412 1.0000000000
119625  -21.361  23.729  -34.114 1.0000000000
69486  -20.558  26.186  -35.608 1.0000000000
123364  -20.074  25.862  -36.155 0.8571428657
70667  -20.334  27.430  -36.420 0.8571428657
69499  -20.091  26.615  -36.192 1.0000000000
71798  -19.779  29.102  -38.067 0.8571428657
70682  -19.902  27.844  -37.259 0.8571428657
120531  -19.556  30.354  -38.747 0.8571428657
72830  -20.024  29.900  -38.173 0.8571428657
73735  -19.066  30.827  -39.411 0.7142857313
72828  -18.404  29.167  -39.291 0.5714285970
73734  -18.100  30.623  -39.958 0.7142857313
74628  -19.365  31.604  -39.564 0.5714285970
73732  -16.069  30.563  -40.522 0.5714285970
72840  -17.714  29.795  -39.917 0.5714285970
74638  -16.372  32.103  -40.681 0.4285714328
74639  -17.179  32.089  -40.820 0.4285714328
75571  -15.721  32.740  -38.024 0.2857142985
74614  -15.279  31.877  -38.588 0.2857142985
76524  -16.308  33.318  -37.427 0.2857142985
46504  -23.198  7.117  -20.071 0.2857142985
63651  -24.399  21.174  -30.261 0.5714285970
61424  -24.173  19.754  -30.010 0.7142857313
123264  -23.542  21.908  -31.315 0.8571428657
64743  -23.686  22.686  -31.262 0.8571428657
67182  -21.105  24.303  -34.525 0.8571428657
117214  -17.733  33.591  -35.880 0.1428571492
118428  -22.538  6.788  -20.447 0.2857142985
138367  -22.485  7.239  -20.857 0.2857142985
48936  -23.132  8.254  -21.125 0.4285714328
120851  -23.828  9.613  -21.719 0.4285714328
51129  -23.908  10.192  -22.166 0.4285714328
50074  -22.336  9.552  -23.508 0.5714285970
51171  -22.621  10.288  -23.851 0.5714285970
50090  -22.189  10.423  -25.302 0.2857142985
52343  -22.718  11.116  -24.825 0.7142857313
52364  -23.135  11.843  -25.093 0.7142857313
53534  -23.463  12.563  -25.344 0.4285714328
52386  -22.755  12.152  -26.431 0.5714285970
56894  -25.088  15.171  -25.339 0.4285714328
54724  -22.909  13.066  -26.975 0.7142857313
131481  -23.682  15.337  -27.662 0.7142857313
54751  -22.497  13.623  -28.643 0.5714285970
54737  -22.897  13.908  -27.758 0.5714285970
61385  -25.231  19.205  -28.183 0.5714285970
56959  -23.241  15.731  -29.066 0.8571428657
60273  -23.784  18.491  -29.975 0.7142857313
136938  -23.985  22.225  -30.896 0.5714285970
139597  -23.141  19.872  -31.622 1.0000000000
65973  -22.246  23.781  -32.884 1.0000000000
63682  -21.720  21.593  -33.027 1.0000000000
67181  -20.593  24.292  -35.244 0.7142857313
68330  -20.949  24.983  -34.798 1.0000000000
68331  -21.519  25.500  -34.342 1.0000000000
138720  -20.394  25.128  -35.781 0.7142857313
68343  -20.944  25.811  -34.917 1.0000000000
67193  -19.984  24.119  -35.978 0.7142857313
138797  -19.609  28.443  -37.810 0.8571428657
72841  -18.687  30.045  -39.302 0.7142857313
74626  -16.591  31.376  -40.686 0.7142857313
74627  -17.585  31.357  -40.448 0.7142857313
73718  -15.316  30.241  -39.818 0.4285714328
75573  -15.856  32.268  -39.284 0.2857142985
75579  -16.010  32.553  -40.277 0.4285714328
75580  -18.487  32.018  -40.258 0.4285714328
75591  -16.575  32.820  -40.774 0.4285714328
76532  -16.225  33.115  -38.409 0.2857142985
52363  -22.624  11.396  -25.749 0.4285714328
74625  -15.977  31.663  -40.457 0.4285714328
45302  -23.448  5.561  -19.161 0.4285714328
124576  -24.504  6.855  -19.298 0.4285714328
48952  -22.366  8.596  -22.384 0.2857142985
48953  -23.085  8.989  -21.888 0.4285714328
50059  -23.360  9.779  -22.388 0.4285714328
48963  -22.062  8.833  -23.135 0.4285714328
51183  -22.475  10.490  -24.510 0.2857142985
118039  -24.388  14.945  -26.086 0.4285714328
55847  -23.474  14.552  -27.340 0.7142857313
56941  -22.948  15.038  -28.893 0.5714285970
61406  -24.289  19.163  -29.530 0.7142857313
62563  -22.984  20.592  -31.863 0.8571428657
63683  -22.451  21.139  -32.423 1.0000000000
66005  -21.162  22.920  -34.232 1.0000000000
72829  -19.265  29.501  -38.701 0.8571428657
73733  -17.048  30.507  -40.526 0.5714285970
72839  -16.688  29.654  -40.291 0.5714285970
74617  -15.458  31.240  -39.786 0.4285714328
138964  -15.620  32.942  -37.088 0.2857142985
76525  -17.043  33.500  -36.662 0.1428571492
47745  -22.433  7.645  -21.316 0.2857142985
77491  -16.657  34.154  -41.868 0.2857142985
78508  -16.543  35.427  -41.652 0.1428571492
76550  -17.334  32.859  -41.495 0.2857142985
77492  -16.974  33.824  -42.540 0.2857142985
131805  -16.577  34.986  -40.839 0.1428571492
78499  -16.603  35.793  -40.313 0.1428571492
76541  -15.950  33.420  -40.029 0.1428571492
76549  -16.547  33.432  -40.814 0.2857142985
77474  -16.421  34.316  -39.544 0.1428571492
76559  -19.007  33.408  -41.865 0.2857142985
77483  -16.916  33.360  -41.874 0.2857142985
75604  -21.525  32.707  -41.453 0.2857142985
75603  -20.676  33.099  -41.124 0.2857142985
75592  -17.779  32.566  -41.007 0.2857142985
75582  -20.223  32.466  -39.851 0.2857142985
76551  -18.747  32.964  -41.106 0.2857142985
74619  -22.343  31.397  -39.081 0.1428571492
75594  -20.495  32.810  -40.379 0.2857142985
76552  -19.867  33.235  -40.988 0.2857142985
78490  -16.540  35.195  -39.741 0.1428571492
129019  -18.949  32.590  -40.432 0.2857142985
73737  -24.447  30.449  -39.735 0.1428571492
74620  -23.005  31.152  -39.178 0.1428571492
75583  -21.099  32.300  -39.746 0.4285714328
75581  -19.536  32.292  -39.861 0.2857142985
72818  -22.224  29.876  -37.214 0.2857142985
73721  -21.221  30.786  -38.205 0.4285714328
74629  -20.290  31.871  -39.315 0.2857142985
72819  -23.753  29.784  -36.981 0.1428571492
73712  -22.673  30.500  -37.800 0.2857142985
74618  -20.774  31.266  -38.727 0.4285714328
73710  -20.833  30.148  -37.873 0.5714285970
73720  -20.391  30.608  -38.397 0.7142857313
71783  -23.749  28.961  -35.531 0.1428571492
120203  -22.860  29.528  -36.630 0.1428571492
71775  -24.134  28.545  -34.791 0.2857142985
70655  -23.208  28.374  -34.932 0.7142857313
72816  -20.453  29.495  -37.746 0.7142857313
70652  -20.712  27.062  -35.697 0.8571428657
71781  -21.930  28.201  -35.805 0.8571428657
71800  -21.130  28.885  -36.882 0.5714285970
70639  -24.427  28.134  -34.142 0.2857142985
70638  -23.579  28.073  -34.288 0.2857142985
70681  -19.139  27.818  -37.942 0.5714285970
71790  -20.717  28.229  -36.708 0.8571428657
70623  -24.668  27.700  -33.523 0.1428571492
70654  -22.292  27.980  -35.107 0.7142857313
69458  -23.937  27.222  -33.030 0.1428571492
61463  -21.087  19.523  -34.310 0.5714285970
64794  -21.402  22.315  -33.607 0.8571428657
64805  -20.878  22.081  -34.234 0.8571428657
63694  -21.241  21.597  -33.736 0.4285714328
68314  -21.864  25.093  -33.827 0.8571428657
69487  -21.126  26.685  -35.049 0.8571428657
69473  -22.368  26.956  -34.132 0.8571428657
70636  -21.907  27.182  -34.746 0.8571428657
69442  -25.336  26.675  -32.399 0.4285714328
69457  -23.004  26.985  -33.509 0.7142857313
70637  -22.721  27.698  -34.516 0.7142857313
60312  -21.695  18.709  -34.099 0.2857142985
62584  -21.374  20.835  -33.588 0.5714285970
62593  -21.083  20.292  -34.083 0.5714285970
67166  -21.617  24.408  -33.966 0.8571428657
126499  -21.432  24.844  -34.298 0.8571428657
69472  -21.649  26.347  -34.457 0.8571428657
68298  -22.930  25.394  -32.556 0.4285714328
68315  -22.400  25.325  -33.180 0.8571428657
69456  -22.222  26.062  -33.736 0.8571428657
68300  -24.639  26.141  -31.783 0.4285714328
135861  -22.457  15.821  -31.370 0.7142857313
58064  -22.355  16.430  -32.798 0.4285714328
58044  -22.703  16.346  -30.810 0.7142857313
59154  -22.977  18.105  -31.177 0.8571428657
60304  -22.408  18.005  -32.649 0.5714285970
60313  -22.173  18.212  -33.505 0.5714285970
59170  -22.029  17.745  -34.192 0.4285714328
125118  -22.939  19.220  -31.760 0.8571428657
62575  -22.457  20.382  -32.437 0.7142857313
61455  -21.589  19.818  -33.610 0.5714285970
125585  -23.267  23.311  -31.633 0.7142857313
65974  -22.830  24.017  -32.065 0.7142857313
67152  -22.569  24.659  -32.661 0.7142857313
67167  -22.102  24.525  -33.409 0.8571428657
68285  -24.876  25.467  -31.195 0.2857142985
67138  -23.966  25.277  -31.509 0.4285714328
138238  -22.708  14.921  -29.424 0.4285714328
124891  -22.297  14.799  -30.768 0.4285714328
56978  -22.318  15.077  -31.461 0.4285714328
60294  -23.140  18.785  -31.317 0.7142857313
61435  -22.700  19.802  -32.172 0.8571428657
65953  -24.258  23.993  -30.830 0.2857142985
133763  -23.814  23.427  -31.158 0.5714285970
55881  -22.551  14.345  -29.240 0.4285714328
135389  -22.259  14.076  -29.905 0.5714285970
56971  -22.578  15.486  -30.582 0.5714285970
64744  -24.513  22.084  -30.378 0.4285714328
65934  -24.299  22.985  -30.725 0.4285714328
125261  -24.928  23.801  -30.357 0.4285714328
129477  -22.404  12.097  -27.331 0.5714285970
59100  -25.346  17.943  -27.223 0.4285714328
63636  -25.371  21.129  -29.275 0.4285714328
64727  -25.610  22.075  -29.269 0.4285714328
63635  -24.915  21.587  -29.767 0.4285714328
51154  -24.278  10.789  -22.331 0.1428571492
120793  -25.555  20.084  -28.388 0.4285714328
62516  -25.619  20.754  -28.765 0.4285714328
52314  -23.759  11.538  -23.581 0.1428571492
139578  -24.333  12.355  -23.689 0.1428571492
55814  -24.603  14.445  -25.277 0.2857142985
139244  -26.197  17.926  -26.286 0.2857142985
61360  -27.159  19.569  -26.486 0.2857142985
60229  -26.035  18.363  -26.690 0.2857142985
57993  -25.383  16.689  -26.339 0.4285714328
121007  -26.583  19.990  -27.176 0.2857142985
61371  -26.303  19.183  -26.979 0.2857142985
59086  -25.744  17.531  -26.459 0.2857142985
134606  -26.165  20.261  -27.778 0.2857142985
61370  -25.875  19.589  -27.648 0.4285714328
52284  -24.677  11.567  -22.556 0.1428571492
52315  -24.337  11.989  -23.264 0.1428571492
54658  -24.852  13.059  -23.810 0.2857142985
54686  -24.657  13.445  -24.362 0.2857142985
56872  -25.847  15.322  -24.689 0.2857142985
57976  -26.372  16.828  -25.421 0.2857142985
57975  -25.708  16.394  -25.664 0.2857142985
122226  -25.564  15.773  -25.351 0.2857142985
136163  -25.886  17.031  -25.909 0.2857142985
53473  -25.037  12.319  -22.857 0.1428571492
55768  -26.533  14.446  -23.679 0.2857142985
53496  -25.413  13.004  -23.320 0.2857142985
55789  -25.843  14.558  -24.124 0.2857142985
54687  -25.235  14.012  -24.195 0.2857142985
53520  -24.320  12.692  -24.110 0.2857142985
47731  -24.076  8.003  -20.236 0.2857142985
51130  -24.445  10.230  -21.715 0.1428571492
52256  -25.042  11.038  -21.843 0.1428571492
44261  -24.541  4.772  -18.563 0.2857142985
44260  -23.937  4.173  -18.639 0.2857142985
50039  -24.513  9.393  -21.020 0.2857142985
45282  -25.335  5.329  -18.541 0.1428571492
43287  -24.079  3.292  -18.344 0.1428571492
53495  -24.717  12.592  -23.494 0.1428571492
54659  -25.888  13.805  -23.607 0.2857142985
59087  -26.421  17.579  -25.832 0.2857142985
60230  -26.617  18.260  -26.130 0.2857142985
59085  -25.082  17.093  -27.032 0.4285714328
60242  -25.607  18.781  -27.444 0.4285714328
62500  -26.818  20.811  -27.482 0.2857142985
139470  -22.498  16.918  -32.374 0.7142857313
62499  -26.137  20.822  -28.211 0.4285714328
61446  -22.137  19.776  -32.809 0.5714285970
65954  -24.923  24.754  -30.627 0.2857142985
67139  -24.280  24.750  -31.074 0.5714285970
70666  -19.672  26.970  -36.898 0.7142857313
70697  -19.005  28.545  -38.621 0.5714285970
71799  -20.393  28.794  -37.389 0.7142857313
70653  -21.483  27.484  -35.375 0.8571428657
78482  -17.031  35.122  -38.801 0.1428571492
74630  -21.841  31.793  -39.388 0.2857142985
46462  -25.085  6.220  -18.778 0.1428571492
45301  -22.708  5.321  -19.610 0.2857142985
47706  -25.423  7.563  -19.482 0.1428571492
52285  -25.449  11.849  -22.252 0.1428571492
53474  -25.852  12.559  -22.620 0.1428571492
54708  -24.295  13.722  -25.107 0.2857142985
59070  -27.135  17.302  -25.218 0.2857142985
56893  -25.017  15.855  -26.011 0.2857142985
55899  -22.079  14.329  -31.391 0.2857142985
63619  -26.785  21.664  -28.016 0.2857142985
58057  -22.523  16.545  -31.791 0.7142857313
59140  -22.802  17.226  -30.999 0.5714285970
58070  -22.310  16.577  -33.737 0.4285714328
60319  -20.948  18.737  -34.562 0.2857142985
63618  -25.949  21.463  -28.673 0.2857142985
65914  -25.564  22.874  -29.626 0.4285714328
64726  -25.080  22.297  -29.844 0.4285714328
65935  -25.568  23.660  -29.865 0.1428571492
119413  -23.595  24.247  -31.408 0.5714285970
68299  -23.598  25.832  -32.105 0.5714285970
70668  -21.102  27.819  -36.050 0.8571428657
69460  -25.744  26.999  -33.049 0.2857142985
70624  -25.409  27.467  -33.557 0.1428571492
76540  -16.030  32.972  -39.280 0.2857142985
70622  -23.788  27.695  -33.679 0.4285714328
69459  -24.948  27.220  -32.941 0.4285714328
70640  -25.166  27.966  -34.115 0.1428571492
71792  -22.344  28.891  -36.188 0.5714285970
71776  -24.913  28.433  -34.748 0.1428571492
72810  -23.758  29.397  -36.274 0.1428571492
72809  -21.868  29.229  -36.741 0.5714285970
72804  -24.432  29.271  -35.957 0.1428571492
125122  -21.155  31.725  -39.149 0.2857142985
124462  -21.694  31.296  -38.704 0.2857142985
73713  -23.680  30.269  -37.670 0.1428571492
73724  -24.334  30.430  -38.840 0.1428571492
73736  -23.759  30.841  -39.387 0.1428571492
75595  -21.364  32.592  -40.573 0.2857142985
75596  -22.183  32.307  -40.892 0.2857142985
74640  -22.753  31.858  -40.383 0.1428571492
47707  -26.236  7.370  -19.245 0.1428571492
60231  -27.284  18.790  -25.989 0.2857142985
68286  -25.713  25.406  -30.849 0.2857142985
126817  -23.872  30.906  -41.007 0.1428571492
75605  -22.283  32.287  -41.820 0.2857142985
44278  -23.167  4.535  -19.102 0.2857142985
45281  -24.310  5.749  -18.813 0.2857142985
46486  -25.574  6.868  -19.026 0.1428571492
47705  -24.623  7.791  -19.837 0.1428571492
48915  -24.629  8.520  -20.367 0.1428571492
51153  -23.614  10.502  -22.727 0.1428571492
52283  -23.968  11.229  -22.971 0.1428571492
53494  -23.927  12.079  -23.908 0.1428571492
58033  -22.974  16.057  -30.158 0.5714285970
56958  -22.886  15.463  -29.657 0.4285714328
73719  -19.901  31.131  -38.928 0.5714285970
141108  -18.543  31.320  -39.886 0.2857142985
62574  -21.894  20.594  -32.921 0.5714285970
60293  -22.731  18.424  -31.886 0.8571428657
77482  -16.547  34.069  -40.862 0.2857142985
76558  -17.639  33.204  -41.981 0.2857142985
74631  -22.566  31.654  -39.652 0.1428571492
75593  -19.688  32.808  -40.346 0.2857142985
73743  -23.918  30.961  -40.232 0.1428571492
74632  -23.275  31.371  -39.899 0.1428571492
75584  -22.047  32.223  -40.045 0.1428571492
123781  -23.060  30.042  -37.235 0.1428571492
72820  -24.536  29.882  -37.465 0.1428571492
71793  -23.101  29.155  -36.000 0.1428571492
125123  -21.959  30.819  -38.145 0.2857142985
73723  -23.473  30.654  -38.505 0.2857142985
73711  -21.684  30.339  -37.698 0.4285714328
72817  -21.231  29.538  -37.350 0.5714285970
71782  -22.763  28.632  -35.576 0.4285714328
71791  -21.527  28.526  -36.402 0.7142857313
70621  -23.082  27.499  -34.016 0.5714285970
69440  -23.074  26.269  -32.833 0.4285714328
69441  -24.244  26.610  -32.466 0.5714285970
56983  -22.290  15.555  -32.363 0.4285714328
59153  -22.614  17.495  -31.948 0.7142857313
59163  -22.394  17.210  -32.951 0.4285714328
134781  -22.319  17.702  -33.243 0.5714285970
61456  -21.946  19.090  -33.302 0.5714285970
59171  -22.302  17.351  -33.810 0.4285714328
58073  -22.135  16.881  -34.150 0.2857142985
61447  -22.397  18.934  -32.559 0.7142857313
135818  -23.223  24.896  -32.052 0.7142857313
127618  -22.509  14.766  -30.002 0.5714285970
55892  -22.126  14.204  -30.570 0.5714285970
64745  -24.975  22.917  -30.162 0.4285714328
67125  -25.806  24.599  -30.268 0.2857142985
62515  -25.130  20.378  -29.120 0.4285714328
121689  -24.776  14.067  -24.706 0.2857142985
55815  -25.215  14.607  -24.707 0.2857142985
120222  -25.196  13.476  -23.840 0.2857142985
57951  -26.175  16.127  -25.045 0.2857142985
44262  -25.256  4.427  -18.420 0.1428571492
119445  -24.736  3.883  -18.383 0.1428571492
77468  -17.022  34.434  -38.497 0.1428571492
46463  -25.866  6.164  -18.652 0.1428571492
139839  -19.314  27.256  -37.499 0.5714285970
69498  -19.414  26.063  -36.726 0.4285714328
68371  -18.773  25.834  -37.407 0.4285714328
69513  -19.064  26.566  -37.416 0.5714285970
134853  -19.640  25.371  -36.436 0.4285714328
66017  -19.720  23.330  -36.066 0.4285714328
124881  -19.457  24.612  -36.555 0.4285714328
64804  -20.538  22.604  -34.842 0.5714285970
62487  -28.029  20.166  -26.410 0.1428571492
62486  -27.335  20.451  -26.865 0.1428571492
140979  -27.426  20.904  -27.191 0.1428571492
120219  -26.668  18.826  -26.455 0.1428571492
61363  -29.481  19.751  -26.608 0.1428571492
61362  -28.725  19.711  -26.187 0.1428571492
61372  -29.939  19.774  -27.469 0.1428571492
62488  -28.740  20.451  -26.663 0.1428571492
50073  -21.722  8.988  -23.895 0.2857142985
59071  -28.011  17.774  -25.045 0.1428571492
60218  -29.115  18.645  -25.541 0.1428571492
60216  -27.238  18.076  -25.570 0.1428571492
61352  -28.688  19.120  -25.816 0.1428571492
119071  -30.311  18.948  -27.868 0.1428571492
61353  -29.295  19.174  -26.020 0.1428571492
60283  -30.022  17.909  -31.140 0.1428571492
60257  -30.274  18.593  -28.941 0.1428571492
138708  -30.235  18.724  -30.416 0.1428571492
48962  -21.568  8.349  -23.530 0.2857142985
56873  -26.742  15.809  -24.410 0.1428571492
57953  -27.724  16.264  -24.211 0.1428571492
57952  -26.982  16.569  -24.810 0.1428571492
59073  -29.675  18.057  -25.331 0.1428571492
59072  -28.891  18.060  -25.068 0.1428571492
60233  -30.185  18.463  -26.452 0.1428571492
119485  -30.358  18.318  -27.285 0.1428571492
59115  -30.085  17.654  -29.453 0.1428571492
59131  -29.692  17.200  -30.848 0.1428571492
47756  -21.486  7.449  -22.577 0.2857142985
55791  -27.439  15.390  -23.813 0.1428571492
57954  -28.759  16.694  -24.178 0.1428571492
57956  -30.097  17.317  -25.197 0.1428571492
59057  -28.794  17.399  -24.634 0.1428571492
59088  -30.370  17.629  -26.676 0.1428571492
59101  -30.306  18.036  -28.330 0.1428571492
118516  -30.300  17.484  -27.716 0.1428571492
60295  -30.006  17.545  -32.353 0.1428571492
55769  -27.417  14.547  -23.475 0.1428571492
54661  -27.798  13.990  -23.031 0.1428571492
56861  -29.340  15.430  -23.569 0.1428571492
56860  -28.355  15.106  -23.507 0.1428571492
57977  -30.329  16.615  -25.675 0.1428571492
56874  -28.607  15.917  -23.762 0.1428571492
57955  -29.533  16.989  -24.528 0.1428571492
57994  -30.314  16.786  -26.548 0.1428571492
58036  -29.682  16.750  -29.951 0.1428571492
58008  -30.044  16.708  -28.089 0.1428571492
54644  -26.298  13.243  -22.959 0.1428571492
55771  -29.804  14.797  -23.344 0.1428571492
120842  -28.277  14.501  -23.248 0.1428571492
56875  -29.642  16.180  -23.996 0.1428571492
56916  -30.097  15.864  -26.502 0.1428571492
56896  -30.282  15.869  -25.315 0.1428571492
118699  -30.021  16.297  -27.395 0.1428571492
117994  -30.090  17.163  -28.755 0.1428571492
136582  -30.270  16.984  -27.271 0.1428571492
54664  -30.926  13.685  -23.223 0.1428571492
54663  -30.214  14.156  -22.917 0.1428571492
54662  -29.035  14.275  -22.847 0.1428571492
55816  -30.357  15.121  -24.931 0.1428571492
54688  -30.882  13.928  -23.915 0.1428571492
129513  -30.093  15.077  -25.978 0.1428571492
58021  -29.721  16.364  -29.111 0.1428571492
56929  -29.731  15.501  -27.701 0.1428571492
55792  -30.130  15.362  -23.802 0.1428571492
56876  -30.232  15.739  -24.410 0.1428571492
59142  -29.643  16.970  -32.184 0.1428571492
60275  -30.175  18.204  -30.018 0.1428571492
61364  -30.103  19.116  -26.932 0.1428571492
47757  -22.067  7.915  -22.082 0.2857142985
58035  -29.398  16.108  -31.436 0.1428571492
59156  -29.900  16.470  -33.137 0.1428571492
60305  -30.619  16.949  -33.377 0.1428571492
128373  -20.261  23.661  -35.517 0.4285714328
61386  -30.220  19.569  -28.483 0.1428571492
131278  -28.045  20.942  -26.961 0.1428571492
63600  -27.503  21.358  -27.474 0.1428571492
70680  -18.666  27.091  -37.907 0.4285714328
75610  -22.330  32.193  -42.812 0.1428571492
48951  -21.782  8.122  -22.860 0.2857142985
75609  -21.623  32.748  -42.416 0.1428571492
54660  -26.831  13.876  -23.255 0.1428571492
55790  -26.514  15.082  -24.029 0.1428571492
64711  -26.444  22.312  -28.648 0.1428571492
61361  -28.003  19.379  -25.971 0.1428571492
60232  -29.797  19.044  -26.347 0.1428571492
62518  -29.867  20.490  -28.020 0.1428571492
60217  -28.184  18.576  -25.530 0.1428571492
60219  -29.780  18.586  -25.875 0.1428571492
61407  -30.299  19.162  -29.530 0.1428571492
59056  -27.900  17.037  -24.614 0.1428571492
59058  -29.446  17.594  -24.879 0.1428571492
59074  -30.236  17.909  -25.855 0.1428571492
124183  -30.365  17.274  -25.941 0.1428571492
54645  -27.223  13.394  -22.685 0.1428571492
55770  -28.996  14.857  -23.267 0.1428571492
56895  -30.131  16.518  -24.750 0.1428571492
55772  -30.515  14.540  -23.645 0.1428571492
55849  -29.789  14.926  -27.063 0.1428571492
56944  -29.708  15.980  -28.368 0.1428571492
55793  -30.436  15.086  -24.173 0.1428571492
42342  -23.303  2.615  -18.357 0.1428571492
43301  -23.311  3.530  -18.759 0.1428571492
42353  -22.061  2.733  -19.355 0.1428571492
43300  -22.573  3.599  -19.290 0.1428571492
45312  -22.313  5.881  -20.223 0.1428571492
45311  -21.601  5.422  -20.749 0.1428571492
46503  -21.894  6.247  -20.908 0.1428571492
46514  -22.126  6.963  -21.132 0.1428571492
45327  -21.176  5.733  -21.448 0.1428571492
46513  -21.514  6.510  -21.623 0.1428571492
47744  -21.817  7.218  -21.830 0.1428571492
46526  -20.446  6.391  -22.842 0.1428571492
47763  -20.378  6.793  -23.547 0.1428571492
47771  -21.143  8.226  -24.304 0.1428571492
47764  -21.115  7.595  -23.460 0.1428571492
50082  -21.481  8.996  -24.636 0.1428571492
48978  -21.024  8.570  -25.170 0.2857142985
51196  -22.164  10.711  -26.156 0.2857142985
53575  -22.004  12.676  -28.996 0.4285714328
54767  -22.173  13.493  -29.508 0.4285714328
63705  -20.370  21.762  -34.889 0.2857142985
66018  -20.152  22.987  -35.473 0.2857142985
121056  -17.763  24.390  -37.787 0.2857142985
68370  -18.075  25.237  -37.829 0.2857142985
69512  -18.338  26.221  -37.899 0.4285714328
48969  -20.599  7.960  -24.949 0.1428571492
44277  -22.333  4.365  -19.699 0.1428571492
136379  -20.376  7.345  -24.363 0.1428571492
48990  -20.943  8.804  -25.989 0.2857142985
50089  -21.527  9.425  -25.403 0.2857142985
50102  -21.315  9.391  -26.221 0.2857142985
51195  -21.722  10.030  -26.102 0.2857142985
133566  -21.891  11.101  -27.712 0.4285714328
53574  -21.686  11.869  -28.994 0.2857142985
63706  -20.726  21.118  -34.247 0.2857142985
63715  -19.908  21.511  -35.450 0.2857142985
64816  -20.026  22.186  -35.489 0.2857142985
64815  -19.559  22.552  -36.073 0.2857142985
67206  -18.564  24.169  -37.376 0.2857142985
67219  -17.758  23.720  -37.618 0.2857142985
68355  -18.902  25.139  -37.140 0.2857142985
51210  -21.746  10.419  -26.921 0.2857142985
62601  -20.075  20.972  -34.997 0.2857142985
62600  -19.608  20.931  -35.677 0.2857142985
64826  -18.965  22.244  -36.584 0.2857142985
64825  -18.398  22.760  -37.107 0.2857142985
67207  -19.237  23.727  -36.705 0.2857142985
66028  -18.464  23.366  -37.271 0.2857142985
63721  -18.881  21.526  -36.403 0.2857142985
66029  -19.077  22.952  -36.719 0.2857142985
52418  -22.064  11.956  -28.277 0.4285714328
51211  -22.279  11.328  -26.703 0.4285714328
47755  -20.895  7.028  -22.933 0.1428571492
43286  -22.737  2.942  -18.903 0.1428571492
44289  -22.004  4.991  -20.149 0.1428571492
46512  -20.751  6.046  -22.148 0.1428571492
46527  -21.180  6.768  -22.338 0.1428571492
139167  -18.308  24.696  -37.593 0.2857142985
63720  -18.389  22.154  -36.819 0.2857142985
54774  -21.897  13.485  -30.343 0.2857142985
77505  -17.601  35.143  -45.803 0.1428571492
76575  -19.119  34.425  -45.675 0.1428571492
76571  -19.478  33.972  -44.261 0.1428571492
76561  -20.784  33.198  -42.054 0.1428571492
77511  -17.885  35.641  -46.649 0.1428571492
76566  -19.860  33.674  -42.912 0.1428571492
77493  -17.735  33.851  -42.775 0.1428571492
78513  -16.029  35.703  -43.908 0.1428571492
54782  -21.777  13.648  -31.160 0.2857142985
75615  -21.557  32.678  -43.436 0.1428571492
76572  -20.546  33.377  -44.338 0.1428571492
76567  -20.747  33.280  -43.133 0.1428571492
76565  -18.914  33.829  -42.862 0.1428571492
76570  -18.396  34.374  -44.174 0.1428571492
77503  -16.282  35.573  -44.748 0.1428571492
77501  -17.348  34.627  -43.961 0.1428571492
77499  -16.581  34.829  -42.750 0.1428571492
76560  -19.973  33.479  -41.826 0.1428571492
77510  -17.219  35.901  -46.144 0.1428571492
62605  -19.193  21.011  -36.059 0.1428571492
63714  -19.442  21.688  -36.000 0.1428571492
63727  -17.854  22.733  -37.229 0.1428571492
64823  -16.687  22.994  -36.731 0.1428571492
64833  -17.282  23.227  -37.329 0.1428571492
135538  -19.819  20.264  -35.290 0.1428571492
66036  -17.780  23.215  -37.429 0.1428571492
67217  -16.592  24.009  -37.520 0.1428571492
118301  -16.552  24.595  -37.914 0.1428571492
56988  -22.137  15.817  -33.427 0.1428571492
60318  -20.176  18.720  -34.936 0.1428571492
61462  -20.383  19.398  -34.778 0.1428571492
62604  -18.825  20.779  -36.224 0.1428571492
68369  -17.107  24.856  -38.117 0.1428571492
137405  -16.485  24.986  -38.101 0.2857142985
69527  -16.785  26.481  -38.519 0.2857142985
72826  -15.267  29.279  -39.409 0.2857142985
130640  -14.777  28.664  -38.573 0.2857142985
73717  -14.780  30.103  -38.977 0.2857142985
75562  -16.181  32.658  -35.521 0.1428571492
69528  -17.832  26.824  -38.305 0.2857142985
68382  -16.526  25.518  -38.315 0.2857142985
70695  -17.111  27.454  -38.608 0.2857142985
71805  -18.143  28.490  -39.156 0.2857142985
129443  -16.199  28.011  -38.874 0.2857142985
70693  -15.012  27.737  -38.540 0.2857142985
71810  -17.445  28.974  -39.700 0.2857142985
127672  -15.547  28.537  -38.986 0.2857142985
72838  -15.924  29.658  -40.138 0.2857142985
139869  -14.282  30.101  -37.564 0.2857142985
133215  -16.732  33.342  -38.034 0.1428571492
71797  -14.258  28.047  -38.026 0.1428571492
71789  -14.034  27.624  -37.282 0.1428571492
68368  -15.891  25.310  -38.044 0.2857142985
72825  -14.502  29.563  -38.323 0.2857142985
74616  -14.839  30.944  -38.928 0.1428571492
73709  -14.411  30.548  -38.144 0.2857142985
75570  -15.108  32.308  -37.415 0.1428571492
74611  -14.767  31.663  -36.777 0.1428571492
67205  -15.561  24.494  -36.526 0.2857142985
73707  -14.318  30.095  -36.992 0.1428571492
126365  -15.727  32.652  -34.709 0.1428571492
120706  -14.660  30.967  -36.564 0.1428571492
65985  -14.716  24.363  -33.848 0.1428571492
125896  -20.771  18.028  -34.685 0.1428571492
125849  -19.719  19.516  -35.293 0.1428571492
69443  -26.165  26.520  -32.523 0.1428571492
61469  -19.193  19.485  -35.690 0.1428571492
122468  -18.197  20.634  -36.239 0.1428571492
117245  -17.561  21.253  -36.373 0.1428571492
118204  -16.885  22.028  -36.450 0.1428571492
66035  -17.300  23.542  -37.534 0.1428571492
66026  -15.089  23.880  -36.133 0.1428571492
67218  -17.128  24.095  -37.809 0.1428571492
67216  -16.046  24.821  -37.447 0.2857142985
69510  -15.725  26.199  -38.344 0.1428571492
70694  -15.950  27.142  -38.615 0.2857142985
123452  -15.105  29.772  -35.753 0.1428571492
72808  -14.119  29.158  -36.935 0.2857142985
122515  -14.393  30.824  -37.245 0.1428571492
75561  -15.573  32.329  -35.451 0.1428571492
75565  -15.479  32.430  -36.293 0.1428571492
68301  -25.750  26.149  -31.623 0.1428571492
75566  -16.274  33.022  -36.409 0.1428571492
76529  -17.140  33.623  -37.641 0.1428571492
70696  -18.262  27.745  -38.599 0.2857142985
127394  -21.505  18.098  -34.426 0.1428571492
59176  -21.431  17.300  -34.410 0.1428571492
62592  -20.441  20.200  -34.644 0.1428571492
69511  -17.466  25.802  -38.314 0.1428571492
61474  -19.286  20.247  -35.848 0.1428571492
62603  -18.332  21.413  -36.519 0.1428571492
63719  -17.764  22.074  -36.831 0.1428571492
61473  -18.762  20.021  -36.080 0.1428571492
64824  -17.405  22.759  -37.091 0.1428571492
66034  -16.921  23.456  -37.346 0.1428571492
138050  -20.024  19.826  -34.983 0.1428571492
72827  -16.303  28.812  -39.762 0.2857142985
128717  -14.274  28.852  -37.973 0.1428571492
71804  -17.289  28.249  -39.094 0.2857142985
74613  -14.581  31.466  -37.857 0.1428571492
77463  -17.579  34.104  -37.904 0.1428571492
69526  -15.005  26.832  -38.358 0.2857142985
74608  -15.131  31.860  -35.892 0.1428571492
48976  -19.691  8.143  -25.840 0.1428571492
133882  -20.871  9.152  -26.824 0.1428571492
50101  -19.290  9.051  -26.843 0.1428571492
50110  -19.644  9.456  -27.476 0.1428571492
50116  -19.979  9.858  -27.991 0.1428571492
50111  -20.584  9.514  -27.635 0.1428571492
51232  -19.811  10.428  -28.506 0.1428571492
50112  -21.124  9.954  -28.080 0.1428571492
51233  -20.548  10.620  -28.812 0.1428571492
51234  -21.082  10.842  -28.897 0.1428571492
51240  -21.254  11.470  -29.369 0.1428571492
52417  -21.567  11.268  -28.605 0.1428571492
51238  -20.051  10.918  -29.141 0.1428571492
51239  -20.640  11.270  -29.443 0.1428571492
53587  -21.500  12.081  -29.714 0.1428571492
129350  -21.315  12.325  -30.374 0.1428571492
55898  -21.770  13.831  -31.967 0.1428571492
55905  -22.080  14.569  -32.230 0.1428571492
128210  -15.357  25.225  -36.534 0.1428571492
118440  -21.239  9.744  -27.402 0.1428571492
48987  -19.014  8.657  -26.192 0.1428571492
48998  -20.139  8.901  -27.038 0.1428571492
72815  -14.173  29.435  -37.468 0.1428571492
48989  -20.334  8.574  -26.350 0.1428571492
133688  -21.401  9.704  -26.716 0.1428571492
139471  -21.484  10.281  -27.739 0.1428571492
53588  -21.724  12.757  -30.014 0.1428571492
48988  -19.755  8.585  -26.503 0.1428571492
50109  -18.752  9.701  -27.169 0.1428571492
50117  -20.593  10.062  -28.294 0.1428571492
50118  -20.993  10.321  -28.526 0.1428571492
123717  -21.371  10.560  -28.304 0.1428571492
51231  -18.906  10.751  -28.225 0.1428571492
47776  -19.197  7.646  -25.185 0.1428571492
64834  -17.525  23.186  -37.356 0.1428571492
73722  -22.532  30.975  -38.557 0.2857142985
138606  -26.936  14.864  -23.722 0.1428571492
139385  -25.591  10.809  -21.403 0.1428571492
