#!ascii label  , from subject sub-v1s18x0051238_ses-1 vox2ras=TkReg
1985
17758  -31.675  -64.101  -50.131 0.1000000015
17757  -31.142  -63.966  -50.261 0.1000000015
17755  -28.962  -63.906  -49.608 0.1000000015
18936  -30.668  -63.132  -50.038 0.1000000015
18945  -29.992  -62.272  -50.074 0.1000000015
20134  -31.593  -61.456  -50.454 0.1000000015
20132  -29.443  -61.736  -50.664 0.1000000015
21320  -30.943  -60.728  -51.331 0.1000000015
21321  -31.807  -60.202  -51.892 0.1000000015
21319  -30.181  -60.592  -52.195 0.1000000015
123469  -30.832  -60.120  -52.552 0.1000000015
21328  -32.327  -59.601  -52.486 0.1000000015
120920  -31.400  -59.622  -52.812 0.1000000015
21326  -29.969  -60.384  -53.464 0.1000000015
22416  -31.897  -58.917  -53.091 0.1000000015
24683  -32.419  -56.528  -52.284 0.1000000015
21327  -30.709  -59.722  -53.610 0.1000000015
23531  -31.401  -58.443  -53.337 0.1000000015
20083  -31.314  -61.952  -48.138 0.1000000015
18937  -31.872  -63.258  -49.975 0.1000000015
133911  -31.696  -63.249  -49.768 0.1000000015
20099  -31.929  -61.504  -49.162 0.1000000015
20117  -32.166  -61.759  -49.966 0.1000000015
20116  -31.927  -62.124  -49.975 0.1000000015
20118  -32.514  -61.095  -49.860 0.1000000015
21310  -32.069  -60.761  -50.971 0.1000000015
140646  -33.147  -60.401  -50.769 0.1000000015
136022  -32.877  -60.311  -51.414 0.1000000015
22417  -33.099  -59.139  -52.686 0.1000000015
24609  -35.611  -56.614  -45.398 0.1000000015
24645  -35.055  -56.220  -47.868 0.1000000015
132108  -34.551  -55.924  -48.705 0.1000000015
25852  -35.199  -55.018  -49.635 0.1000000015
25856  -33.635  -55.227  -51.139 0.1000000015
25859  -33.862  -55.356  -51.799 0.1000000015
25862  -34.192  -56.323  -52.361 0.1000000015
24688  -34.500  -57.521  -52.595 0.1000000015
133963  -32.778  -57.518  -52.786 0.1000000015
23532  -32.472  -58.321  -52.933 0.1000000015
17729  -31.385  -63.242  -46.894 0.1000000015
21253  -32.422  -60.630  -46.549 0.2000000030
20065  -31.213  -61.798  -46.926 0.2000000030
18915  -31.199  -62.615  -47.442 0.1000000015
21272  -32.505  -60.370  -47.662 0.1000000015
142658  -31.442  -61.516  -47.515 0.1000000015
22373  -33.386  -59.715  -47.632 0.1000000015
21286  -32.299  -60.623  -48.937 0.1000000015
28264  -46.249  -55.972  -38.626 0.1000000015
26987  -45.622  -56.654  -39.254 0.1000000015
22386  -33.406  -59.267  -48.359 0.1000000015
22396  -32.966  -60.266  -49.854 0.1000000015
21298  -32.832  -60.628  -50.316 0.1000000015
26986  -44.295  -55.875  -39.477 0.1000000015
27003  -43.753  -56.391  -40.441 0.1000000015
27023  -43.173  -56.314  -41.122 0.1000000015
27054  -41.193  -55.984  -43.481 0.1000000015
25767  -40.812  -56.248  -43.849 0.1000000015
24611  -39.802  -55.935  -45.252 0.1000000015
22397  -33.283  -59.207  -49.263 0.1000000015
23522  -34.449  -59.117  -50.926 0.1000000015
22412  -34.288  -59.714  -51.836 0.1000000015
27041  -41.408  -55.822  -42.762 0.1000000015
27040  -40.648  -55.700  -43.103 0.1000000015
27053  -40.757  -55.932  -43.768 0.1000000015
25799  -38.356  -55.846  -45.510 0.1000000015
124433  -37.617  -55.881  -46.764 0.1000000015
25830  -37.659  -56.151  -47.621 0.1000000015
25846  -36.534  -55.879  -49.307 0.1000000015
22409  -34.676  -59.279  -51.734 0.1000000015
140866  -34.724  -59.224  -52.085 0.1000000015
27052  -39.386  -55.692  -43.513 0.1000000015
25811  -36.783  -56.125  -46.180 0.1000000015
25822  -36.983  -55.813  -47.088 0.1000000015
25829  -37.163  -55.805  -47.987 0.1000000015
139355  -36.236  -55.034  -50.834 0.1000000015
25860  -35.015  -55.683  -51.875 0.1000000015
25828  -36.144  -55.955  -47.441 0.1000000015
25845  -36.154  -54.920  -48.841 0.1000000015
27117  -36.533  -54.751  -49.648 0.1000000015
27121  -34.692  -54.886  -51.300 0.1000000015
24689  -35.035  -56.771  -52.362 0.1000000015
23533  -33.720  -58.317  -52.781 0.1000000015
136150  -32.358  -60.836  -45.780 0.1000000015
20051  -31.880  -61.258  -45.324 0.2000000030
17723  -31.362  -63.176  -45.841 0.1000000015
125024  -31.427  -63.091  -44.857 0.2000000030
17724  -31.925  -63.808  -45.438 0.2000000030
21254  -33.055  -60.395  -45.932 0.1000000015
21273  -33.270  -60.066  -46.806 0.1000000015
29475  -47.039  -54.471  -38.019 0.1000000015
28265  -46.786  -55.462  -38.230 0.1000000015
23502  -33.872  -58.635  -48.767 0.1000000015
27004  -44.767  -56.850  -40.129 0.1000000015
25735  -42.766  -56.098  -41.666 0.1000000015
25751  -41.651  -56.261  -42.845 0.1000000015
23513  -33.959  -58.644  -49.692 0.1000000015
24566  -41.127  -56.855  -43.231 0.1000000015
24594  -39.852  -56.555  -44.609 0.1000000015
120680  -38.980  -55.931  -46.244 0.1000000015
24647  -38.137  -56.842  -47.518 0.1000000015
24666  -37.128  -55.594  -49.155 0.1000000015
24676  -35.750  -56.930  -50.706 0.1000000015
24681  -36.129  -56.079  -50.839 0.1000000015
130072  -35.219  -57.635  -52.209 0.1000000015
21190  -33.697  -60.507  -42.545 0.1000000015
21205  -32.915  -60.810  -43.049 0.1000000015
21206  -33.835  -60.369  -43.558 0.1000000015
21221  -32.823  -60.765  -43.988 0.1000000015
20034  -32.026  -61.257  -44.415 0.1000000015
20033  -31.541  -61.734  -43.955 0.2000000030
18874  -31.288  -62.285  -44.375 0.2000000030
17714  -31.523  -62.948  -43.915 0.2000000030
17715  -32.131  -63.871  -44.445 0.2000000030
21239  -33.657  -60.166  -45.360 0.1000000015
21240  -34.238  -59.926  -44.944 0.1000000015
22345  -34.559  -59.679  -45.606 0.1000000015
22359  -34.867  -59.185  -46.442 0.1000000015
26974  -46.936  -55.626  -38.049 0.1000000015
25696  -46.448  -56.607  -38.290 0.1000000015
24501  -45.488  -57.337  -38.748 0.1000000015
24517  -43.711  -57.717  -39.369 0.1000000015
121366  -34.050  -59.519  -46.970 0.1000000015
22374  -34.636  -58.907  -47.245 0.1000000015
30686  -47.653  -53.286  -38.442 0.1000000015
30664  -47.623  -53.532  -38.071 0.1000000015
121716  -46.279  -56.600  -38.604 0.1000000015
24518  -45.290  -57.314  -39.456 0.1000000015
24549  -42.448  -56.807  -41.601 0.1000000015
24548  -41.413  -57.411  -42.418 0.1000000015
24578  -39.964  -57.489  -44.151 0.1000000015
133203  -38.936  -57.935  -45.038 0.1000000015
23475  -36.814  -58.034  -47.188 0.1000000015
23490  -34.973  -58.303  -48.171 0.1000000015
30700  -48.199  -52.494  -39.256 0.1000000015
23462  -38.880  -57.418  -46.596 0.1000000015
23492  -37.619  -57.220  -47.672 0.1000000015
23491  -36.481  -57.643  -47.971 0.1000000015
24665  -35.848  -56.840  -49.704 0.1000000015
30706  -48.238  -52.257  -40.066 0.1000000015
33089  -48.415  -51.061  -40.957 0.1000000015
31882  -47.813  -51.251  -41.526 0.1000000015
33093  -47.961  -50.168  -42.097 0.1000000015
120461  -35.233  -59.686  -41.220 0.1000000015
21191  -34.531  -60.135  -42.835 0.1000000015
138570  -35.920  -59.329  -41.005 0.1000000015
22294  -35.805  -59.447  -41.789 0.1000000015
21189  -32.891  -60.887  -42.163 0.1000000015
20026  -32.098  -61.317  -43.420 0.1000000015
20025  -31.560  -61.772  -43.255 0.2000000030
139198  -36.471  -59.095  -41.566 0.1000000015
22308  -35.356  -59.684  -43.068 0.1000000015
22319  -34.840  -59.915  -43.684 0.1000000015
18864  -31.360  -62.171  -43.528 0.2000000030
134180  -37.091  -58.743  -41.300 0.1000000015
123474  -35.781  -59.462  -42.533 0.1000000015
33066  -46.496  -50.780  -38.103 0.1000000015
33051  -47.175  -51.687  -37.897 0.1000000015
30663  -47.042  -53.347  -37.470 0.1000000015
28217  -46.452  -54.906  -37.565 0.1000000015
26951  -45.998  -55.534  -37.395 0.1000000015
26972  -46.068  -56.388  -37.716 0.1000000015
23382  -37.629  -58.455  -40.885 0.1000000015
23398  -37.236  -58.733  -42.222 0.1000000015
22320  -35.637  -59.394  -43.960 0.1000000015
22330  -34.970  -59.613  -44.955 0.1000000015
29474  -46.990  -54.276  -37.797 0.1000000015
24516  -42.583  -57.773  -39.378 0.1000000015
24530  -41.499  -57.800  -40.444 0.1000000015
121647  -41.523  -57.679  -41.450 0.1000000015
23429  -37.563  -58.387  -44.221 0.1000000015
23445  -36.806  -58.550  -45.464 0.1000000015
22346  -35.649  -59.029  -45.707 0.1000000015
24532  -43.474  -57.505  -40.363 0.1000000015
24531  -42.549  -57.640  -40.556 0.1000000015
24547  -40.440  -58.041  -41.368 0.1000000015
139106  -39.249  -58.027  -43.945 0.1000000015
23430  -38.507  -58.152  -44.051 0.1000000015
23460  -36.918  -58.333  -46.353 0.1000000015
22360  -35.916  -58.621  -46.526 0.1000000015
33067  -47.623  -51.402  -38.791 0.1000000015
33068  -48.347  -51.859  -39.370 0.1000000015
33082  -46.923  -50.511  -39.164 0.1000000015
33083  -48.110  -51.011  -39.864 0.1000000015
33088  -48.333  -50.676  -41.074 0.1000000015
34324  -47.340  -49.658  -42.685 0.1000000015
34323  -46.768  -49.847  -43.045 0.1000000015
144218  -36.480  -59.021  -40.904 0.1000000015
23380  -36.119  -58.978  -40.334 0.1000000015
22280  -34.616  -59.822  -40.645 0.1000000015
131545  -32.335  -61.214  -42.635 0.1000000015
23366  -37.300  -58.308  -40.161 0.1000000015
24526  -37.450  -57.929  -39.501 0.1000000015
21178  -33.633  -60.492  -41.580 0.1000000015
20013  -31.765  -61.631  -42.663 0.1000000015
24528  -39.183  -57.534  -39.366 0.1000000015
124816  -38.359  -57.654  -39.437 0.1000000015
18854  -31.402  -62.009  -42.770 0.2000000030
142152  -46.602  -51.775  -37.381 0.1000000015
29457  -46.053  -53.915  -37.257 0.1000000015
28216  -45.414  -54.670  -36.921 0.1000000015
127602  -39.242  -57.926  -40.245 0.1000000015
23399  -38.113  -58.441  -42.008 0.1000000015
20003  -31.726  -61.754  -41.338 0.1000000015
17681  -31.573  -62.462  -42.189 0.2000000030
31834  -46.353  -52.302  -37.126 0.1000000015
25694  -44.525  -57.165  -37.974 0.1000000015
24499  -42.710  -57.462  -38.299 0.1000000015
24529  -40.256  -57.769  -40.071 0.1000000015
24546  -39.321  -58.161  -41.340 0.1000000015
23415  -38.251  -58.398  -43.108 0.1000000015
34294  -46.200  -49.667  -39.532 0.1000000015
34295  -47.371  -50.196  -40.342 0.1000000015
34312  -46.581  -49.407  -40.724 0.1000000015
35503  -45.917  -48.737  -41.167 0.1000000015
34313  -47.699  -49.833  -41.503 0.1000000015
35519  -46.421  -48.534  -42.393 0.1000000015
34327  -47.019  -49.322  -43.107 0.1000000015
24512  -37.703  -57.476  -38.685 0.1000000015
24511  -36.761  -57.819  -38.739 0.1000000015
24498  -39.091  -57.110  -37.777 0.1000000015
23365  -36.563  -58.417  -39.681 0.1000000015
23364  -35.562  -58.862  -39.578 0.1000000015
143601  -34.006  -60.223  -40.895 0.1000000015
24513  -38.637  -57.328  -38.594 0.1000000015
21177  -32.661  -60.928  -41.274 0.1000000015
25707  -40.632  -57.335  -38.446 0.1000000015
25706  -39.936  -57.160  -37.822 0.1000000015
22279  -33.846  -60.050  -40.167 0.1000000015
33050  -46.135  -50.977  -37.315 0.1000000015
33043  -45.729  -51.291  -36.927 0.1000000015
31826  -45.168  -51.909  -36.703 0.1000000015
30654  -45.689  -52.924  -36.862 0.1000000015
28215  -44.154  -54.403  -36.439 0.1000000015
25674  -43.538  -56.445  -37.087 0.1000000015
25693  -43.080  -56.990  -37.545 0.1000000015
25708  -41.617  -57.389  -38.299 0.1000000015
24514  -39.713  -57.347  -38.738 0.1000000015
21167  -33.232  -60.531  -40.659 0.1000000015
20014  -32.099  -61.381  -41.879 0.1000000015
34266  -45.512  -50.227  -37.525 0.1000000015
25675  -44.849  -56.494  -37.381 0.1000000015
24500  -43.679  -57.432  -38.361 0.1000000015
139521  -40.627  -57.594  -39.339 0.1000000015
18833  -31.665  -62.197  -40.925 0.1000000015
34279  -45.833  -49.967  -38.425 0.1000000015
34278  -45.169  -49.259  -38.837 0.1000000015
35492  -45.491  -48.965  -39.981 0.1000000015
36692  -44.725  -47.727  -41.495 0.1000000015
35518  -45.494  -48.258  -41.696 0.1000000015
37767  -44.027  -45.904  -41.862 0.1000000015
25689  -38.681  -56.724  -36.974 0.1000000015
24497  -37.997  -57.088  -37.801 0.1000000015
121089  -37.200  -57.362  -38.126 0.1000000015
25670  -39.492  -56.346  -36.485 0.1000000015
23356  -36.040  -58.341  -38.989 0.1000000015
25690  -39.693  -56.811  -37.149 0.1000000015
25671  -40.340  -56.416  -36.654 0.1000000015
23355  -35.387  -58.545  -38.737 0.1000000015
22266  -34.602  -59.453  -39.731 0.1000000015
25691  -40.700  -56.868  -37.469 0.1000000015
136888  -41.077  -56.450  -36.810 0.1000000015
23363  -34.892  -58.957  -39.087 0.1000000015
34265  -44.764  -49.687  -37.086 0.1000000015
29456  -44.883  -53.617  -36.688 0.1000000015
26948  -42.784  -55.818  -36.424 0.1000000015
25673  -42.401  -56.367  -36.785 0.1000000015
25672  -41.610  -56.285  -36.611 0.1000000015
22258  -34.237  -59.320  -38.835 0.1000000015
21166  -32.387  -61.064  -40.324 0.1000000015
140214  -44.966  -49.506  -37.788 0.1000000015
33049  -45.228  -50.441  -36.982 0.1000000015
33042  -44.647  -50.928  -36.660 0.1000000015
30653  -44.468  -52.636  -36.565 0.1000000015
26949  -43.825  -55.894  -36.704 0.1000000015
135771  -32.994  -60.462  -39.743 0.1000000015
35483  -44.379  -48.840  -38.193 0.1000000015
135759  -43.128  -47.513  -38.753 0.1000000015
35490  -43.669  -48.172  -38.813 0.1000000015
36684  -42.946  -46.868  -39.261 0.1000000015
35501  -44.023  -48.031  -40.090 0.1000000015
37749  -43.336  -46.849  -40.271 0.1000000015
37758  -44.108  -46.900  -41.577 0.1000000015
37757  -43.432  -45.880  -40.770 0.1000000015
142711  -41.344  -54.751  -35.596 0.1000000015
26928  -40.679  -55.406  -35.759 0.1000000015
26945  -40.114  -55.895  -36.090 0.1000000015
24496  -37.045  -57.079  -37.442 0.1000000015
125652  -36.604  -57.522  -37.986 0.1000000015
29455  -43.726  -53.359  -36.346 0.1000000015
122449  -42.997  -54.115  -36.014 0.1000000015
28214  -42.336  -54.675  -35.840 0.1000000015
26946  -41.008  -55.964  -36.250 0.1000000015
24510  -35.926  -57.990  -38.200 0.1000000015
35472  -43.724  -48.665  -36.877 0.1000000015
34264  -44.149  -49.269  -36.810 0.1000000015
31825  -44.091  -51.748  -36.539 0.1000000015
129107  -43.263  -55.135  -36.194 0.1000000015
23354  -34.692  -58.762  -38.416 0.1000000015
35482  -43.753  -48.442  -37.525 0.1000000015
22265  -33.637  -59.864  -39.294 0.1000000015
21154  -32.405  -60.973  -39.282 0.1000000015
36674  -43.186  -47.742  -37.816 0.1000000015
36673  -42.737  -46.956  -38.284 0.1000000015
37738  -42.589  -46.099  -38.792 0.1000000015
37748  -42.957  -45.953  -39.730 0.1000000015
135562  -42.335  -44.880  -38.936 0.1000000015
38777  -41.805  -44.661  -39.277 0.1000000015
38787  -42.922  -45.161  -40.151 0.1000000015
25669  -38.793  -56.271  -36.307 0.1000000015
25688  -37.777  -56.807  -37.079 0.1000000015
25668  -37.948  -56.432  -36.398 0.1000000015
25687  -37.243  -56.726  -36.788 0.1000000015
128269  -43.466  -49.003  -36.635 0.1000000015
31824  -43.187  -51.615  -36.449 0.1000000015
131335  -42.694  -52.215  -36.298 0.1000000015
28201  -42.026  -53.933  -35.712 0.1000000015
36663  -42.687  -47.159  -37.259 0.1000000015
36651  -43.220  -47.953  -36.923 0.1000000015
35462  -43.043  -48.299  -36.650 0.1000000015
34255  -43.660  -49.783  -36.594 0.1000000015
131803  -43.746  -51.066  -36.512 0.1000000015
30652  -43.440  -52.435  -36.399 0.1000000015
23347  -35.168  -58.338  -38.089 0.1000000015
145740  -42.174  -45.421  -37.767 0.1000000015
130649  -41.327  -44.097  -36.969 0.1000000015
38769  -42.318  -45.274  -38.378 0.1000000015
39751  -41.464  -44.434  -37.690 0.1000000015
38768  -41.960  -44.727  -38.411 0.1000000015
129789  -39.646  -43.635  -37.080 0.1000000015
39758  -41.159  -44.526  -38.614 0.1000000015
39757  -40.250  -44.393  -38.751 0.1000000015
29441  -41.166  -53.774  -35.453 0.1000000015
26927  -39.814  -55.382  -35.631 0.1000000015
26944  -39.298  -55.879  -35.941 0.1000000015
25654  -38.487  -55.951  -35.812 0.1000000015
26926  -38.989  -55.428  -35.439 0.1000000015
30642  -41.678  -53.090  -35.678 0.1000000015
29454  -42.637  -53.077  -36.025 0.1000000015
37717  -42.196  -46.534  -36.910 0.1000000015
37716  -41.831  -46.074  -36.556 0.1000000015
37726  -42.024  -45.536  -37.170 0.1000000015
40765  -40.151  -43.566  -36.450 0.1000000015
40771  -39.497  -43.895  -37.817 0.1000000015
41821  -38.213  -43.010  -37.827 0.1000000015
125806  -40.291  -54.837  -35.425 0.1000000015
28199  -39.440  -54.856  -35.173 0.1000000015
30651  -41.992  -52.343  -36.043 0.1000000015
36650  -42.494  -47.436  -36.594 0.1000000015
133329  -41.856  -47.348  -36.218 0.1000000015
34254  -42.791  -49.597  -36.507 0.1000000015
33040  -42.919  -50.642  -36.458 0.1000000015
39743  -41.185  -44.440  -36.395 0.1000000015
39745  -40.807  -43.848  -36.471 0.1000000015
40764  -39.185  -43.248  -36.465 0.1000000015
41817  -38.248  -42.990  -36.950 0.1000000015
41809  -37.591  -42.420  -36.589 0.1000000015
127785  -40.966  -53.023  -35.432 0.1000000015
138051  -41.923  -50.976  -36.323 0.1000000015
31822  -41.532  -51.647  -36.080 0.1000000015
30641  -41.217  -52.366  -35.714 0.1000000015
37713  -41.520  -46.104  -35.978 0.1000000015
35461  -41.959  -48.310  -36.340 0.1000000015
34253  -42.086  -49.224  -36.445 0.1000000015
33039  -41.807  -50.087  -36.372 0.1000000015
41810  -38.406  -42.731  -36.124 0.1000000015
41799  -37.714  -42.338  -35.685 0.1000000015
42806  -37.137  -41.778  -35.190 0.1000000015
42814  -37.054  -41.954  -36.066 0.1000000015
33038  -40.702  -50.006  -36.168 0.1000000015
35451  -41.184  -47.678  -35.968 0.1000000015
35460  -40.818  -48.521  -36.113 0.1000000015
34252  -41.235  -49.229  -36.337 0.1000000015
39742  -40.521  -43.870  -35.745 0.1000000015
40757  -40.003  -43.142  -35.621 0.1000000015
41811  -39.266  -42.811  -35.676 0.1000000015
42796  -36.884  -41.274  -34.602 0.1000000015
43771  -36.464  -40.310  -33.602 0.1000000015
38753  -41.067  -45.300  -35.842 0.1000000015
40758  -40.266  -43.393  -35.363 0.1000000015
41801  -39.813  -42.671  -34.881 0.1000000015
41792  -38.985  -42.440  -34.532 0.1000000015
41791  -37.977  -42.254  -34.792 0.1000000015
42797  -37.477  -41.725  -34.268 0.1000000015
43762  -36.601  -39.922  -32.626 0.1000000015
43772  -37.098  -40.778  -32.989 0.1000000015
40749  -40.286  -43.232  -34.956 0.1000000015
42798  -38.505  -42.166  -33.823 0.1000000015
42789  -37.776  -41.439  -33.354 0.1000000015
17756  -30.170  -64.167  -50.121 0.1000000015
18935  -29.489  -63.080  -49.806 0.1000000015
18946  -31.227  -62.325  -50.139 0.1000000015
20133  -30.482  -61.539  -50.588 0.1000000015
20135  -32.277  -61.328  -50.195 0.1000000015
20147  -29.869  -61.096  -51.393 0.1000000015
123090  -31.712  -62.361  -49.438 0.1000000015
21271  -31.749  -61.147  -48.069 0.1000000015
134054  -31.812  -62.460  -49.712 0.1000000015
21311  -32.664  -60.727  -50.487 0.1000000015
123991  -33.674  -59.695  -50.466 0.1000000015
22408  -34.061  -59.822  -51.289 0.1000000015
25821  -35.783  -56.366  -46.397 0.1000000015
139852  -33.928  -55.831  -49.296 0.1000000015
27118  -34.826  -54.861  -50.608 0.1000000015
25851  -33.892  -55.470  -50.142 0.1000000015
18886  -31.148  -62.526  -46.329 0.1000000015
21252  -31.737  -61.066  -47.119 0.1000000015
20050  -31.342  -61.783  -45.792 0.2000000030
22385  -32.866  -59.847  -48.629 0.1000000015
26973  -46.855  -55.899  -37.935 0.1000000015
25721  -44.020  -56.871  -40.630 0.1000000015
25800  -39.432  -55.933  -45.689 0.1000000015
25781  -38.872  -55.821  -44.922 0.1000000015
25823  -37.764  -55.960  -47.358 0.1000000015
23477  -38.644  -56.891  -47.125 0.1000000015
24667  -37.177  -55.895  -48.181 0.1000000015
27120  -36.495  -54.782  -50.248 0.1000000015
25853  -37.010  -54.913  -49.770 0.1000000015
23523  -35.177  -58.239  -51.308 0.1000000015
24677  -36.581  -55.651  -50.120 0.1000000015
24680  -35.619  -57.171  -51.603 0.1000000015
21238  -32.733  -60.703  -45.027 0.1000000015
122501  -31.450  -61.738  -44.838 0.2000000030
18887  -31.213  -62.408  -45.304 0.2000000030
21222  -33.602  -60.325  -44.523 0.1000000015
23489  -33.984  -59.023  -47.769 0.1000000015
132368  -34.847  -58.033  -49.198 0.1000000015
24550  -43.165  -56.748  -41.106 0.1000000015
24579  -40.736  -57.210  -43.598 0.1000000015
24610  -39.485  -56.936  -45.332 0.1000000015
23476  -38.167  -57.663  -47.122 0.1000000015
23514  -34.920  -57.972  -50.151 0.1000000015
132400  -44.213  -57.425  -40.180 0.1000000015
23474  -35.553  -58.469  -47.219 0.1000000015
31855  -48.094  -52.295  -38.552 0.1000000015
24565  -40.576  -57.994  -42.659 0.1000000015
121962  -40.239  -57.816  -43.495 0.1000000015
24593  -39.613  -57.583  -44.654 0.1000000015
23446  -37.892  -58.184  -45.248 0.1000000015
23503  -36.074  -57.069  -48.823 0.1000000015
31877  -48.004  -51.962  -40.583 0.1000000015
22267  -35.350  -59.365  -40.417 0.1000000015
21179  -34.315  -60.241  -42.094 0.1000000015
136303  -35.090  -59.872  -42.119 0.1000000015
22295  -36.468  -59.111  -42.434 0.1000000015
17704  -31.568  -62.739  -43.016 0.2000000030
134492  -36.353  -59.059  -43.398 0.1000000015
24527  -38.206  -58.110  -40.356 0.1000000015
23414  -37.353  -58.657  -43.210 0.1000000015
24564  -39.296  -58.216  -42.340 0.1000000015
24545  -38.452  -58.292  -41.318 0.1000000015
18817  -31.893  -61.672  -40.591 0.1000000015
35502  -44.902  -48.402  -40.610 0.1000000015
36701  -45.995  -47.847  -42.769 0.1000000015
35491  -44.538  -48.585  -39.389 0.1000000015
28213  -42.141  -55.285  -35.978 0.1000000015
26929  -41.408  -55.465  -35.907 0.1000000015
38778  -42.472  -44.875  -39.495 0.1000000015
39762  -40.656  -44.522  -39.521 0.1000000015
31823  -42.344  -51.584  -36.322 0.1000000015
18711  -43.908  -62.654  -32.186 0.5000000000
14067  -38.869  -66.350  -37.706 0.5000000000
14056  -38.693  -66.527  -37.158 0.5000000000
18712  -45.015  -62.660  -31.967 0.5000000000
18731  -43.659  -62.408  -33.120 0.5000000000
18749  -42.471  -62.397  -34.414 0.5000000000
14057  -39.400  -65.889  -37.570 0.5000000000
18664  -46.297  -62.865  -30.241 0.5000000000
18713  -45.732  -62.597  -31.514 0.5000000000
18732  -44.665  -62.184  -32.864 0.5000000000
15302  -39.863  -65.406  -37.378 0.5000000000
18683  -46.102  -62.515  -30.995 0.5000000000
19879  -45.782  -62.037  -31.984 0.5000000000
21042  -45.705  -61.493  -31.992 0.4000000060
132262  -45.397  -61.473  -32.634 0.4000000060
16522  -40.990  -64.334  -40.222 0.5000000000
16539  -40.632  -64.114  -40.896 0.5000000000
16540  -41.195  -63.926  -40.517 0.5000000000
17658  -41.015  -63.345  -40.510 0.5000000000
17646  -38.226  -62.729  -38.532 0.5000000000
18807  -39.370  -62.496  -38.781 0.5000000000
18795  -37.526  -62.696  -37.541 0.4000000060
18775  -36.955  -62.029  -36.049 0.4000000060
10587  -37.489  -69.210  -33.886 0.1000000015
12835  -37.738  -67.780  -36.658 0.5000000000
143896  -44.208  -62.721  -31.406 0.5000000000
18710  -42.694  -62.531  -32.137 0.5000000000
18730  -42.471  -62.560  -33.152 0.5000000000
143805  -41.472  -62.555  -33.981 0.4000000060
126937  -39.193  -66.041  -37.072 0.5000000000
18663  -46.294  -63.083  -29.718 0.5000000000
130298  -45.214  -62.868  -31.073 0.5000000000
19818  -46.454  -63.043  -28.773 0.5000000000
19807  -46.527  -63.078  -27.963 0.5000000000
124267  -46.054  -62.174  -28.595 0.5000000000
19840  -46.213  -62.314  -29.517 0.5000000000
20984  -45.733  -61.951  -27.632 0.4000000060
21028  -45.807  -61.490  -30.213 0.5000000000
21039  -45.891  -61.436  -31.117 0.4000000060
120769  -45.189  -60.865  -32.660 0.4000000060
21027  -45.000  -60.983  -29.390 0.3000000119
134547  -44.445  -61.129  -33.992 0.6999999881
18779  -42.930  -61.736  -36.002 0.5000000000
21006  -44.606  -60.926  -28.339 0.3000000119
21038  -44.927  -60.605  -30.509 0.3000000119
21041  -45.040  -60.603  -31.587 0.4000000060
21048  -44.399  -60.821  -33.901 0.5000000000
21068  -43.827  -61.045  -34.655 0.6000000238
18778  -42.691  -61.676  -36.285 0.6000000238
17624  -41.115  -63.072  -36.854 0.6000000238
15307  -40.268  -65.316  -38.100 0.5000000000
15319  -39.639  -65.467  -39.282 0.3000000119
22195  -44.036  -60.043  -32.140 0.4000000060
21067  -42.671  -60.449  -34.387 0.5000000000
19933  -42.502  -61.440  -36.383 0.6000000238
18798  -41.216  -62.517  -37.718 0.6000000238
16506  -41.946  -63.741  -38.421 0.5000000000
16523  -41.462  -64.227  -39.660 0.5000000000
134206  -43.009  -59.540  -30.284 0.4000000060
22185  -42.722  -59.496  -31.094 0.4000000060
138828  -43.535  -60.457  -33.934 0.5000000000
21087  -42.396  -60.802  -35.452 0.5000000000
19954  -41.160  -61.971  -37.158 0.5000000000
18809  -41.291  -63.001  -39.539 0.5000000000
121486  -42.174  -59.214  -30.163 0.4000000060
22207  -41.632  -59.610  -32.356 0.5000000000
21066  -41.428  -60.247  -34.413 0.5000000000
21085  -40.417  -60.570  -35.377 0.4000000060
19953  -40.138  -61.949  -37.312 0.5000000000
18797  -40.027  -62.303  -38.022 0.5000000000
22194  -41.716  -59.386  -31.444 0.4000000060
142814  -40.959  -59.614  -32.475 0.5000000000
21065  -40.415  -60.251  -34.415 0.5000000000
21084  -39.409  -60.645  -35.306 0.4000000060
19952  -38.993  -61.738  -36.736 0.4000000060
18787  -39.165  -62.134  -37.340 0.5000000000
22206  -40.278  -59.620  -32.686 0.5000000000
124629  -39.457  -60.332  -34.428 0.4000000060
128911  -38.561  -61.392  -36.043 0.4000000060
19951  -37.899  -61.854  -36.352 0.4000000060
22218  -39.597  -59.917  -33.471 0.3000000119
21064  -38.679  -60.174  -33.667 0.4000000060
21083  -37.562  -60.758  -34.387 0.3000000119
19928  -36.458  -61.747  -35.337 0.3000000119
11665  -37.798  -69.201  -32.984 0.1000000015
130706  -39.078  -68.138  -33.303 0.1000000015
144839  -38.322  -68.446  -33.803 0.1000000015
12812  -38.094  -67.952  -34.606 0.4000000060
122275  -37.805  -68.021  -35.257 0.4000000060
12823  -37.666  -67.767  -35.985 0.4000000060
14055  -38.113  -67.269  -36.696 0.5000000000
14042  -37.701  -67.034  -35.905 0.4000000060
15300  -38.305  -66.298  -36.531 0.5000000000
19878  -43.127  -62.456  -31.277 0.5000000000
18709  -41.402  -62.412  -31.962 0.5000000000
138111  -40.743  -62.570  -33.813 0.4000000060
16489  -38.328  -64.419  -35.937 0.5000000000
15301  -38.957  -65.177  -36.694 0.5000000000
18662  -45.840  -63.222  -29.001 0.5000000000
18681  -45.492  -63.069  -30.082 0.5000000000
19862  -43.933  -62.645  -30.437 0.5000000000
18652  -45.750  -63.333  -27.948 0.5000000000
18653  -46.424  -63.144  -28.312 0.5000000000
16498  -39.485  -64.181  -36.351 0.6000000238
19799  -46.453  -63.093  -26.866 0.4000000060
20970  -45.037  -61.347  -26.588 0.2000000030
20983  -44.097  -60.639  -27.494 0.3000000119
22177  -43.650  -60.080  -28.941 0.3000000119
22163  -43.473  -60.194  -28.147 0.3000000119
131806  -42.525  -59.568  -26.924 0.3000000119
22161  -42.034  -59.202  -27.623 0.4000000060
22180  -42.696  -59.421  -29.435 0.4000000060
22175  -41.978  -58.981  -28.739 0.3000000119
22179  -41.868  -58.947  -29.505 0.4000000060
22184  -41.742  -59.181  -30.677 0.4000000060
22183  -40.994  -59.030  -30.823 0.4000000060
23256  -40.579  -58.386  -29.448 0.3000000119
22193  -40.109  -58.944  -30.991 0.3000000119
122526  -40.741  -59.392  -31.747 0.4000000060
23271  -39.569  -58.503  -30.411 0.3000000119
22192  -38.807  -59.250  -31.784 0.3000000119
22217  -38.785  -59.838  -33.021 0.4000000060
21063  -37.781  -60.386  -33.706 0.3000000119
23270  -38.755  -58.430  -30.539 0.2000000030
23291  -38.350  -58.766  -31.175 0.2000000030
22191  -37.908  -59.188  -31.807 0.3000000119
21062  -36.891  -60.617  -33.746 0.3000000119
24420  -37.574  -57.764  -29.940 0.1000000015
23290  -37.423  -58.719  -31.197 0.2000000030
22203  -37.480  -59.623  -32.419 0.4000000060
28112  -36.666  -54.503  -27.165 0.1000000015
12802  -38.380  -67.839  -33.912 0.1000000015
11676  -38.540  -68.077  -33.869 0.1000000015
14028  -37.536  -67.329  -34.486 0.2000000030
15267  -37.168  -66.730  -35.090 0.5000000000
15284  -37.784  -65.220  -36.039 0.4000000060
135912  -42.016  -62.071  -31.219 0.5000000000
18728  -40.003  -62.527  -32.893 0.4000000060
18759  -38.603  -62.882  -34.388 0.4000000060
17622  -37.740  -63.950  -35.260 0.5000000000
19839  -44.532  -62.841  -29.514 0.5000000000
19861  -42.503  -61.916  -30.374 0.5000000000
18646  -45.646  -63.381  -26.904 0.4000000060
19817  -44.408  -62.814  -28.644 0.5000000000
132895  -46.438  -63.122  -25.926 0.4000000060
18647  -46.418  -63.169  -27.417 0.5000000000
20971  -46.232  -62.362  -25.693 0.3000000119
22146  -43.852  -60.243  -25.972 0.2000000030
20969  -43.386  -60.154  -26.776 0.2000000030
22127  -44.756  -59.409  -24.881 0.1000000015
22145  -42.827  -59.543  -26.147 0.3000000119
23231  -42.333  -58.796  -25.721 0.1000000015
23230  -41.594  -58.562  -26.139 0.2000000030
23242  -41.309  -58.654  -26.994 0.2000000030
23250  -40.617  -58.249  -28.585 0.2000000030
23249  -39.968  -57.981  -28.966 0.2000000030
24383  -40.295  -57.617  -26.749 0.2000000030
145372  -40.053  -57.845  -28.246 0.2000000030
23255  -39.820  -58.247  -29.690 0.2000000030
143853  -39.780  -57.438  -27.484 0.2000000030
24392  -39.013  -57.000  -27.833 0.1000000015
23254  -39.056  -58.149  -29.887 0.2000000030
24421  -38.372  -58.089  -30.076 0.2000000030
25522  -38.861  -55.829  -26.304 0.1000000015
25536  -38.302  -56.619  -28.079 0.1000000015
141289  -37.867  -57.173  -29.253 0.1000000015
129081  -36.934  -57.145  -29.505 0.1000000015
26822  -38.132  -55.568  -26.720 0.1000000015
25526  -37.817  -56.004  -27.497 0.1000000015
24402  -37.303  -56.670  -28.915 0.1000000015
26821  -37.339  -55.212  -27.049 0.1000000015
26820  -36.672  -55.154  -27.565 0.1000000015
142782  -37.084  -53.073  -26.463 0.1000000015
31695  -38.414  -51.796  -26.455 0.1000000015
14016  -37.419  -67.081  -33.716 0.3000000119
141053  -37.008  -66.568  -34.313 0.3000000119
15249  -36.118  -65.168  -32.037 0.3000000119
15256  -36.049  -65.164  -33.122 0.3000000119
16472  -36.465  -64.766  -34.760 0.3000000119
14027  -36.730  -65.676  -34.735 0.3000000119
15283  -37.330  -65.991  -35.694 0.4000000060
17594  -36.229  -63.206  -32.929 0.3000000119
16460  -35.811  -64.189  -33.571 0.3000000119
16473  -36.937  -64.333  -35.019 0.5000000000
16488  -37.491  -64.586  -35.538 0.5000000000
19875  -39.568  -61.939  -31.437 0.4000000060
19885  -39.280  -62.302  -32.141 0.5000000000
18727  -38.002  -62.598  -33.100 0.4000000060
18745  -37.843  -62.942  -33.890 0.4000000060
17616  -37.965  -63.295  -34.727 0.5000000000
19806  -43.945  -62.716  -27.577 0.4000000060
19816  -43.088  -62.102  -28.473 0.4000000060
19838  -43.107  -62.085  -29.399 0.5000000000
19860  -41.483  -61.567  -30.484 0.5000000000
18633  -43.819  -62.814  -25.455 0.4000000060
18639  -45.463  -63.335  -25.887 0.4000000060
18634  -45.095  -63.049  -25.090 0.4000000060
18635  -46.406  -63.109  -25.415 0.4000000060
19780  -44.788  -62.594  -24.511 0.4000000060
19781  -45.968  -62.087  -24.246 0.3000000119
19790  -46.520  -62.541  -25.021 0.3000000119
20955  -46.536  -61.443  -24.270 0.3000000119
20954  -46.365  -61.306  -24.622 0.3000000119
20940  -46.798  -60.318  -24.024 0.3000000119
22128  -46.382  -60.130  -24.304 0.2000000030
23222  -44.555  -57.942  -24.477 0.1000000015
24370  -42.832  -57.619  -24.970 0.1000000015
23220  -41.876  -58.071  -25.450 0.1000000015
137814  -42.245  -57.146  -25.047 0.1000000015
145257  -41.965  -57.548  -25.214 0.1000000015
23229  -40.922  -58.027  -26.218 0.2000000030
24369  -41.253  -57.332  -25.438 0.2000000030
130173  -40.402  -57.303  -26.010 0.2000000030
25524  -39.943  -56.781  -26.051 0.1000000015
26798  -39.231  -55.162  -25.793 0.1000000015
133262  -39.923  -55.166  -25.541 0.1000000015
26812  -38.506  -55.009  -26.132 0.1000000015
26811  -37.880  -54.874  -26.467 0.1000000015
29323  -39.362  -53.845  -25.679 0.1000000015
144416  -38.738  -53.782  -25.836 0.1000000015
31696  -39.118  -52.010  -26.409 0.1000000015
31697  -39.961  -51.955  -26.708 0.1000000015
31711  -40.023  -51.377  -27.454 0.1000000015
31734  -40.543  -51.096  -28.406 0.1000000015
32939  -40.922  -50.487  -29.425 0.1000000015
32958  -41.405  -49.918  -29.876 0.1000000015
35337  -43.398  -48.837  -28.060 0.1000000015
13999  -37.005  -66.221  -31.688 0.3000000119
14000  -38.221  -66.980  -31.557 0.2000000030
143651  -35.765  -64.311  -31.947 0.3000000119
144132  -37.679  -62.187  -31.831 0.4000000060
18706  -36.099  -62.733  -31.721 0.3000000119
19805  -42.247  -61.603  -27.895 0.3000000119
19815  -42.274  -61.524  -28.797 0.4000000060
21037  -40.202  -61.008  -30.108 0.4000000060
135537  -37.353  -61.810  -31.186 0.3000000119
19798  -42.794  -62.419  -25.862 0.3000000119
120949  -42.622  -62.113  -26.781 0.3000000119
21036  -39.354  -61.030  -30.244 0.4000000060
19857  -38.178  -61.411  -30.788 0.4000000060
19856  -37.456  -61.352  -30.550 0.3000000119
19779  -43.379  -61.805  -24.248 0.3000000119
122927  -43.498  -62.498  -24.842 0.3000000119
20920  -42.964  -60.765  -23.782 0.3000000119
19773  -44.695  -61.898  -24.025 0.3000000119
20921  -44.145  -61.018  -23.713 0.3000000119
19782  -46.540  -61.502  -24.199 0.3000000119
22113  -46.534  -60.010  -23.531 0.3000000119
22112  -46.483  -59.714  -23.801 0.2000000030
22111  -45.916  -59.089  -24.123 0.1000000015
24353  -43.982  -57.388  -24.516 0.1000000015
25493  -44.714  -57.831  -24.100 0.1000000015
25514  -43.734  -57.253  -24.743 0.1000000015
25515  -45.223  -58.449  -24.387 0.1000000015
26800  -44.131  -56.743  -24.860 0.1000000015
26799  -42.963  -56.075  -25.031 0.1000000015
25513  -41.489  -56.469  -25.192 0.2000000030
122396  -41.858  -55.719  -25.167 0.2000000030
28090  -42.286  -55.006  -25.322 0.2000000030
127473  -40.721  -55.599  -25.359 0.1000000015
29326  -41.829  -54.162  -25.607 0.1000000015
124186  -41.104  -54.127  -25.559 0.1000000015
29324  -39.984  -53.956  -25.583 0.1000000015
29343  -41.378  -53.498  -25.913 0.1000000015
29325  -40.597  -53.710  -25.680 0.1000000015
30522  -39.911  -53.253  -25.804 0.1000000015
29342  -40.778  -52.988  -26.111 0.1000000015
30536  -40.820  -52.330  -26.740 0.1000000015
30544  -40.706  -51.732  -27.484 0.1000000015
31744  -41.706  -50.701  -29.774 0.1000000015
32960  -42.950  -50.533  -30.217 0.1000000015
34165  -42.577  -49.883  -29.941 0.1000000015
34166  -43.532  -49.995  -29.551 0.1000000015
34139  -43.011  -49.439  -28.854 0.1000000015
140620  -43.728  -49.377  -28.583 0.1000000015
144973  -44.697  -48.264  -27.711 0.1000000015
35338  -44.208  -48.846  -28.100 0.1000000015
36501  -44.827  -47.363  -27.291 0.1000000015
13983  -39.245  -67.058  -29.995 0.2000000030
12771  -40.456  -67.705  -30.745 0.2000000030
13982  -38.055  -66.430  -29.322 0.2000000030
15238  -36.507  -65.495  -30.971 0.3000000119
15209  -37.173  -65.807  -28.808 0.2000000030
15230  -36.491  -65.325  -30.116 0.3000000119
16442  -35.908  -64.575  -31.258 0.3000000119
21005  -41.486  -61.056  -28.622 0.3000000119
21026  -40.708  -60.753  -29.256 0.3000000119
18680  -36.360  -62.173  -31.121 0.3000000119
19797  -41.807  -61.774  -25.985 0.3000000119
20982  -41.542  -61.326  -27.008 0.3000000119
21004  -40.813  -60.663  -28.315 0.3000000119
21025  -39.688  -60.590  -29.507 0.3000000119
142450  -38.658  -61.098  -30.363 0.3000000119
20952  -41.388  -61.351  -24.909 0.3000000119
122063  -39.164  -60.257  -29.018 0.3000000119
21035  -37.979  -60.951  -30.204 0.3000000119
19855  -36.609  -61.619  -30.537 0.2000000030
18679  -35.838  -62.680  -30.915 0.2000000030
22110  -41.016  -60.329  -24.172 0.2000000030
20939  -42.246  -61.301  -24.222 0.2000000030
20919  -41.902  -60.551  -23.947 0.3000000119
22093  -42.811  -59.690  -23.624 0.3000000119
130691  -44.107  -59.807  -23.540 0.3000000119
22094  -45.494  -59.684  -23.499 0.3000000119
23185  -44.859  -58.808  -23.557 0.2000000030
142616  -44.926  -58.094  -23.823 0.1000000015
24338  -43.764  -57.590  -23.615 0.2000000030
24339  -44.402  -57.457  -23.779 0.1000000015
25516  -45.945  -58.877  -24.013 0.1000000015
26803  -48.058  -58.020  -24.359 0.1000000015
28095  -49.148  -56.764  -25.422 0.1000000015
26802  -46.851  -58.561  -24.378 0.1000000015
127272  -48.394  -57.558  -25.236 0.1000000015
26825  -49.314  -56.305  -26.624 0.1000000015
29362  -49.820  -55.666  -27.428 0.1000000015
29378  -51.657  -54.644  -28.755 0.1000000015
26801  -45.383  -57.820  -24.682 0.1000000015
26813  -46.008  -56.705  -25.355 0.1000000015
26815  -48.345  -56.753  -25.949 0.1000000015
26824  -49.086  -56.452  -26.531 0.1000000015
28132  -50.814  -56.175  -28.425 0.1000000015
28133  -51.699  -56.128  -28.871 0.1000000015
28092  -44.544  -55.819  -25.398 0.1000000015
29327  -42.735  -54.313  -25.774 0.1000000015
29345  -43.167  -53.716  -26.501 0.1000000015
29344  -42.244  -53.514  -26.218 0.1000000015
29356  -42.696  -52.931  -27.172 0.1000000015
30537  -41.673  -52.754  -26.666 0.1000000015
30546  -42.122  -52.395  -27.546 0.1000000015
30545  -41.449  -52.123  -27.505 0.1000000015
31712  -41.285  -51.624  -28.390 0.1000000015
128189  -43.251  -51.145  -30.278 0.1000000015
127406  -41.821  -51.483  -29.348 0.1000000015
144520  -44.150  -50.255  -29.520 0.1000000015
34140  -44.420  -49.666  -28.797 0.1000000015
136716  -45.021  -48.871  -28.203 0.1000000015
16399  -36.093  -64.582  -27.278 0.2000000030
15221  -36.473  -65.266  -29.319 0.2000000030
16434  -36.052  -64.792  -30.560 0.3000000119
17582  -35.791  -63.232  -31.631 0.3000000119
16398  -35.548  -64.015  -27.215 0.2000000030
15196  -36.489  -65.100  -27.719 0.2000000030
16426  -35.635  -63.880  -29.648 0.2000000030
132683  -35.973  -64.645  -29.885 0.3000000119
17573  -35.719  -63.352  -30.963 0.3000000119
143400  -40.529  -60.688  -26.479 0.3000000119
22160  -39.625  -60.162  -27.452 0.3000000119
22174  -39.010  -59.982  -28.298 0.3000000119
21002  -38.357  -60.126  -28.987 0.3000000119
20968  -40.474  -60.695  -25.833 0.3000000119
130715  -39.361  -60.013  -26.584 0.3000000119
22173  -38.078  -59.723  -28.232 0.3000000119
21001  -37.367  -60.139  -28.843 0.3000000119
21023  -37.703  -60.567  -29.544 0.3000000119
22108  -39.558  -59.706  -24.429 0.2000000030
20936  -40.089  -60.304  -24.785 0.3000000119
19835  -36.087  -61.389  -29.812 0.2000000030
142140  -35.670  -62.381  -30.224 0.2000000030
22091  -40.647  -59.495  -23.820 0.2000000030
22092  -41.666  -59.616  -23.711 0.2000000030
23183  -41.495  -58.557  -23.559 0.3000000119
143168  -43.821  -58.876  -23.534 0.3000000119
134560  -44.189  -58.109  -23.593 0.2000000030
136747  -42.801  -58.719  -23.550 0.3000000119
24337  -42.791  -57.108  -23.521 0.2000000030
132075  -43.197  -56.573  -23.491 0.2000000030
132969  -43.845  -57.058  -23.612 0.2000000030
25480  -45.703  -57.867  -23.518 0.1000000015
28115  -47.355  -55.623  -27.172 0.1000000015
28116  -48.285  -55.965  -27.409 0.1000000015
28154  -49.821  -56.096  -29.198 0.1000000015
28105  -45.023  -55.133  -26.109 0.1000000015
28114  -46.025  -54.589  -27.408 0.1000000015
28128  -47.219  -54.798  -28.351 0.1000000015
137905  -48.975  -55.183  -29.818 0.1000000015
28104  -43.781  -54.585  -25.954 0.1000000015
28113  -45.334  -54.588  -26.849 0.1000000015
29359  -45.601  -53.740  -28.487 0.1000000015
28152  -47.143  -54.229  -29.634 0.1000000015
29346  -44.225  -53.956  -26.847 0.1000000015
29396  -45.426  -53.246  -29.759 0.1000000015
29374  -44.653  -53.119  -28.897 0.1000000015
130119  -43.489  -53.312  -27.267 0.1000000015
29373  -43.920  -52.797  -28.682 0.1000000015
30567  -44.092  -52.616  -29.500 0.1000000015
29357  -43.390  -52.793  -28.034 0.1000000015
30547  -42.693  -52.380  -28.267 0.1000000015
30565  -42.539  -51.920  -29.380 0.1000000015
31745  -42.521  -51.111  -30.059 0.1000000015
17539  -35.469  -63.928  -25.847 0.3000000119
17545  -34.884  -62.820  -27.038 0.3000000119
18644  -35.041  -62.568  -27.891 0.3000000119
17550  -35.314  -63.233  -28.388 0.2000000030
17561  -35.428  -63.162  -29.251 0.2000000030
18650  -35.013  -61.767  -28.131 0.3000000119
18651  -35.275  -62.483  -28.718 0.3000000119
132307  -35.398  -61.923  -29.012 0.3000000119
131057  -35.585  -63.109  -30.193 0.2000000030
22143  -39.334  -59.949  -25.725 0.3000000119
22158  -37.829  -59.385  -27.409 0.3000000119
20999  -35.573  -60.616  -28.387 0.3000000119
21021  -35.875  -60.950  -29.061 0.3000000119
18661  -35.494  -62.479  -29.562 0.2000000030
22107  -38.869  -59.415  -24.650 0.2000000030
22142  -38.524  -59.525  -26.411 0.3000000119
22141  -37.494  -59.047  -26.629 0.3000000119
23202  -38.980  -58.931  -23.997 0.2000000030
135864  -39.509  -58.577  -23.687 0.2000000030
23182  -40.277  -58.640  -23.608 0.2000000030
132152  -41.432  -57.029  -23.524 0.3000000119
135798  -41.866  -57.640  -23.551 0.2000000030
30587  -45.469  -52.797  -30.239 0.1000000015
134234  -44.692  -52.182  -30.268 0.1000000015
30585  -43.961  -52.195  -30.087 0.1000000015
31736  -43.225  -51.727  -30.062 0.1000000015
16349  -35.291  -63.737  -23.625 0.1000000015
17530  -34.770  -63.075  -23.947 0.2000000030
17534  -35.260  -63.616  -24.439 0.3000000119
143772  -34.897  -63.064  -25.370 0.3000000119
18632  -34.561  -62.517  -25.462 0.3000000119
127914  -34.371  -61.493  -26.706 0.3000000119
22157  -36.232  -59.327  -27.513 0.3000000119
22155  -34.907  -59.986  -27.266 0.3000000119
23218  -37.649  -58.740  -25.074 0.3000000119
23228  -37.108  -58.659  -25.900 0.3000000119
22140  -36.414  -58.802  -26.764 0.3000000119
23240  -35.706  -59.141  -27.070 0.3000000119
125994  -37.340  -58.258  -24.437 0.2000000030
134618  -38.265  -58.283  -23.855 0.2000000030
23181  -38.896  -57.999  -23.544 0.1000000015
24336  -40.832  -57.795  -23.523 0.2000000030
139671  -39.249  -57.228  -23.369 0.1000000015
132153  -40.394  -57.092  -23.484 0.2000000030
128121  -40.856  -56.323  -23.524 0.2000000030
26768  -41.342  -55.553  -23.624 0.3000000119
18631  -34.095  -61.849  -25.066 0.3000000119
19787  -34.245  -61.702  -25.915 0.3000000119
20965  -34.028  -60.367  -26.235 0.3000000119
22138  -34.431  -59.988  -26.739 0.3000000119
23216  -35.505  -57.950  -25.279 0.3000000119
23227  -35.436  -58.732  -26.513 0.3000000119
22139  -35.058  -59.404  -26.909 0.3000000119
23199  -36.354  -57.996  -24.844 0.2000000030
24352  -36.672  -57.772  -23.978 0.2000000030
24333  -37.015  -57.330  -23.385 0.1000000015
24334  -38.467  -57.211  -23.337 0.1000000015
25476  -38.881  -56.470  -23.345 0.1000000015
25477  -39.824  -56.494  -23.463 0.1000000015
26767  -40.339  -55.574  -23.586 0.1000000015
19777  -33.564  -61.287  -24.692 0.3000000119
20918  -33.080  -60.703  -24.218 0.2000000030
136771  -33.776  -60.605  -25.774 0.3000000119
22137  -34.074  -59.724  -26.157 0.3000000119
22121  -33.855  -59.241  -25.709 0.3000000119
24367  -34.731  -57.942  -25.086 0.2000000030
22122  -34.522  -59.034  -26.278 0.3000000119
24331  -35.195  -57.318  -23.560 0.2000000030
24350  -34.564  -57.683  -24.230 0.2000000030
25458  -36.136  -56.103  -22.546 0.1000000015
25473  -35.716  -56.780  -22.957 0.1000000015
26751  -35.508  -55.411  -22.042 0.1000000015
25459  -37.061  -56.075  -22.754 0.1000000015
143763  -37.298  -56.776  -23.085 0.1000000015
25475  -37.946  -56.446  -23.135 0.1000000015
26764  -37.668  -55.508  -23.033 0.1000000015
26765  -38.501  -55.619  -23.319 0.1000000015
28050  -38.969  -54.796  -23.548 0.1000000015
20934  -32.965  -60.025  -24.523 0.2000000030
22105  -32.883  -59.389  -24.212 0.2000000030
22106  -33.299  -59.513  -25.084 0.2000000030
24349  -33.860  -57.791  -24.014 0.2000000030
23214  -33.622  -58.798  -25.187 0.2000000030
25471  -33.882  -56.976  -23.002 0.1000000015
123335  -34.288  -57.362  -23.558 0.2000000030
25457  -35.195  -56.192  -22.507 0.1000000015
26753  -36.996  -55.244  -22.796 0.1000000015
28049  -38.095  -54.736  -23.300 0.1000000015
28037  -35.869  -54.401  -22.045 0.1000000015
28038  -36.626  -54.540  -22.602 0.1000000015
29285  -36.934  -53.814  -22.929 0.1000000015
133620  -37.652  -53.933  -23.287 0.1000000015
133614  -36.324  -53.747  -22.464 0.1000000015
18762  -42.866  -62.037  -35.827 0.4000000060
18750  -43.514  -62.148  -34.173 0.5000000000
19887  -44.662  -61.492  -33.568 0.5000000000
18763  -43.255  -61.844  -35.248 0.6000000238
18776  -40.208  -62.913  -35.832 0.5000000000
18747  -39.763  -62.640  -33.738 0.4000000060
14082  -39.589  -65.793  -38.272 0.5000000000
18760  -39.644  -62.705  -34.724 0.4000000060
18761  -42.140  -62.188  -36.243 0.5000000000
16499  -40.240  -64.673  -37.012 0.5000000000
144995  -40.932  -62.621  -35.731 0.6000000238
16504  -40.746  -64.803  -37.630 0.5000000000
15320  -40.174  -65.279  -38.956 0.3000000119
15335  -40.203  -64.717  -39.978 0.5000000000
133777  -40.079  -63.476  -36.251 0.5000000000
12867  -37.561  -67.350  -37.524 0.5000000000
17630  -40.642  -63.799  -36.822 0.5000000000
21049  -44.586  -60.603  -33.168 0.4000000060
15321  -40.869  -64.797  -38.848 0.4000000060
18808  -40.422  -62.546  -38.908 0.5000000000
18796  -38.698  -62.448  -37.815 0.4000000060
18786  -38.231  -62.255  -37.022 0.4000000060
19910  -37.142  -61.229  -34.889 0.3000000119
19929  -37.541  -61.508  -35.643 0.4000000060
11684  -37.960  -68.301  -34.589 0.2000000030
18729  -41.203  -62.549  -33.115 0.5000000000
18748  -41.727  -62.401  -34.854 0.4000000060
22181  -43.824  -59.957  -29.902 0.4000000060
22186  -43.932  -59.866  -30.904 0.4000000060
22208  -43.691  -60.154  -33.144 0.5000000000
21088  -43.192  -61.134  -35.431 0.6000000238
19932  -41.921  -61.742  -36.631 0.6000000238
17631  -41.421  -63.320  -37.369 0.6000000238
18777  -41.509  -62.414  -36.725 0.6000000238
15308  -41.028  -64.736  -38.202 0.5000000000
126522  -42.696  -59.684  -32.208 0.4000000060
21107  -42.288  -61.075  -36.242 0.5000000000
124339  -41.800  -63.073  -38.147 0.5000000000
18788  -41.290  -62.501  -37.304 0.5000000000
17648  -41.860  -63.352  -38.942 0.5000000000
123293  -41.755  -63.559  -37.792 0.5000000000
129561  -42.602  -59.890  -33.236 0.5000000000
21086  -41.412  -60.627  -35.428 0.5000000000
140741  -40.055  -61.487  -36.771 0.4000000060
21106  -41.630  -61.046  -36.380 0.5000000000
122561  -41.256  -62.673  -38.526 0.5000000000
22220  -41.401  -59.818  -33.295 0.5000000000
22219  -40.567  -59.922  -33.628 0.5000000000
19930  -39.563  -61.052  -36.102 0.4000000060
146071  -39.250  -61.376  -36.384 0.4000000060
22205  -39.247  -59.575  -32.526 0.4000000060
121876  -39.722  -59.318  -31.771 0.4000000060
19911  -38.299  -60.941  -35.267 0.4000000060
19886  -40.287  -62.322  -32.095 0.5000000000
17623  -38.928  -63.548  -35.585 0.5000000000
22162  -42.926  -59.874  -27.554 0.3000000119
22176  -42.734  -59.571  -28.430 0.4000000060
22144  -41.993  -59.102  -26.566 0.3000000119
23251  -41.280  -58.613  -28.109 0.3000000119
23257  -41.289  -58.593  -29.093 0.3000000119
23272  -40.415  -58.599  -30.235 0.3000000119
23273  -41.307  -58.767  -30.007 0.3000000119
23292  -39.221  -58.846  -31.097 0.3000000119
22204  -38.381  -59.569  -32.438 0.4000000060
21047  -38.030  -60.005  -33.014 0.4000000060
23269  -37.900  -58.336  -30.578 0.2000000030
22190  -36.958  -59.169  -31.796 0.2000000030
24403  -38.499  -57.689  -29.522 0.2000000030
23268  -36.950  -58.230  -30.594 0.2000000030
26834  -36.343  -55.494  -28.135 0.1000000015
29340  -37.515  -53.496  -26.354 0.1000000015
19876  -40.461  -61.934  -31.346 0.4000000060
19877  -41.173  -61.864  -31.137 0.4000000060
122274  -39.002  -62.535  -32.931 0.5000000000
140380  -37.095  -63.738  -34.731 0.4000000060
17617  -38.986  -62.919  -35.055 0.5000000000
20953  -45.302  -60.848  -25.398 0.3000000119
141396  -43.498  -59.611  -25.644 0.2000000030
22126  -43.415  -59.001  -25.270 0.1000000015
23241  -40.545  -58.114  -27.487 0.2000000030
24394  -39.459  -57.533  -28.459 0.2000000030
24404  -39.272  -57.777  -29.223 0.2000000030
25523  -39.338  -56.710  -26.740 0.1000000015
145708  -38.666  -57.209  -28.757 0.2000000030
25527  -38.553  -56.339  -27.183 0.1000000015
143302  -38.004  -56.779  -28.696 0.1000000015
25535  -37.562  -56.345  -28.252 0.1000000015
26835  -37.081  -55.756  -27.808 0.1000000015
25534  -36.781  -56.142  -28.490 0.1000000015
29341  -38.245  -53.279  -26.038 0.1000000015
30534  -38.530  -52.504  -26.154 0.1000000015
139032  -38.000  -52.121  -26.261 0.1000000015
31710  -39.152  -51.372  -27.010 0.1000000015
12791  -38.349  -67.510  -32.987 0.3000000119
14015  -36.672  -66.008  -33.647 0.3000000119
14006  -36.707  -66.041  -32.616 0.3000000119
16451  -35.737  -64.385  -32.764 0.3000000119
142594  -35.829  -64.626  -33.407 0.3000000119
14007  -37.273  -66.740  -33.026 0.3000000119
121340  -36.006  -64.909  -34.028 0.3000000119
17615  -36.308  -64.047  -34.359 0.3000000119
17605  -36.251  -63.522  -33.583 0.3000000119
18744  -36.924  -62.883  -33.285 0.3000000119
17593  -35.929  -63.239  -32.328 0.3000000119
139266  -37.335  -62.480  -32.469 0.3000000119
17606  -36.962  -63.345  -34.154 0.3000000119
19859  -40.662  -61.486  -30.651 0.4000000060
136638  -39.027  -61.499  -30.847 0.4000000060
19874  -38.506  -61.927  -31.498 0.4000000060
18645  -44.026  -62.933  -26.366 0.4000000060
19837  -41.745  -61.342  -29.562 0.4000000060
18627  -46.489  -62.381  -24.728 0.3000000119
19774  -45.391  -61.179  -23.732 0.3000000119
23221  -43.208  -58.171  -25.012 0.1000000015
132762  -42.622  -56.690  -24.947 0.1000000015
24368  -40.532  -56.588  -25.551 0.1000000015
25512  -39.704  -56.021  -25.750 0.1000000015
28088  -40.456  -54.548  -25.493 0.1000000015
28086  -38.922  -54.410  -25.790 0.1000000015
30521  -39.034  -53.208  -25.868 0.1000000015
31735  -41.224  -51.132  -29.181 0.1000000015
13994  -38.911  -67.050  -30.840 0.2000000030
15239  -37.571  -66.367  -30.903 0.2000000030
12781  -39.714  -67.619  -31.660 0.2000000030
19789  -42.308  -62.040  -25.213 0.3000000119
19778  -42.241  -61.767  -24.699 0.3000000119
23203  -45.659  -59.236  -23.679 0.1000000015
26783  -43.939  -57.269  -24.605 0.1000000015
28091  -43.346  -55.300  -25.360 0.1000000015
28089  -41.343  -54.830  -25.371 0.1000000015
13993  -37.969  -66.438  -30.150 0.2000000030
15222  -37.155  -65.862  -29.655 0.2000000030
15231  -37.079  -65.922  -30.352 0.3000000119
19788  -41.245  -61.332  -25.427 0.3000000119
20981  -40.604  -60.644  -27.294 0.3000000119
21003  -39.956  -60.348  -28.471 0.3000000119
20937  -40.781  -60.679  -24.666 0.3000000119
20951  -40.670  -60.806  -25.094 0.3000000119
22109  -40.247  -60.041  -24.306 0.3000000119
25478  -44.250  -57.077  -23.567 0.1000000015
25479  -45.096  -57.403  -23.534 0.1000000015
25494  -45.318  -58.432  -23.658 0.1000000015
25496  -47.092  -59.008  -23.817 0.1000000015
28094  -48.810  -57.307  -24.610 0.1000000015
26804  -49.058  -57.525  -25.050 0.1000000015
28107  -49.107  -56.454  -26.314 0.1000000015
26814  -47.545  -57.713  -25.069 0.1000000015
26816  -49.167  -56.769  -25.741 0.1000000015
28131  -50.015  -56.173  -27.651 0.1000000015
129551  -49.531  -56.240  -27.084 0.1000000015
29377  -50.896  -55.191  -28.441 0.1000000015
28106  -46.800  -56.029  -26.174 0.1000000015
26823  -48.577  -56.480  -26.523 0.1000000015
26837  -49.838  -56.315  -27.942 0.1000000015
26838  -50.741  -56.292  -28.669 0.1000000015
28135  -53.258  -54.781  -29.306 0.1000000015
31713  -41.966  -52.031  -28.418 0.1000000015
16387  -35.789  -64.290  -26.528 0.2000000030
130607  -35.558  -63.987  -27.921 0.2000000030
15208  -36.496  -65.208  -28.467 0.2000000030
17543  -35.302  -63.609  -26.716 0.3000000119
16411  -35.561  -63.915  -28.771 0.2000000030
22159  -38.761  -59.745  -27.421 0.3000000119
21022  -36.685  -60.719  -29.345 0.3000000119
20950  -39.976  -60.353  -25.310 0.3000000119
21000  -36.367  -60.311  -28.660 0.3000000119
138068  -35.651  -61.515  -29.270 0.3000000119
22090  -39.797  -59.310  -23.917 0.2000000030
22124  -38.754  -59.571  -25.364 0.3000000119
23184  -42.893  -57.860  -23.566 0.2000000030
26771  -44.791  -56.674  -23.526 0.2000000030
25495  -46.349  -58.672  -23.645 0.1000000015
28129  -48.098  -55.250  -28.571 0.1000000015
26860  -51.554  -56.415  -29.519 0.1000000015
28127  -46.425  -54.452  -28.123 0.1000000015
29358  -44.957  -53.775  -27.686 0.1000000015
127073  -44.091  -53.253  -27.872 0.1000000015
30566  -43.369  -52.370  -29.237 0.1000000015
17542  -34.955  -63.126  -26.020 0.3000000119
18638  -34.573  -62.276  -26.443 0.3000000119
18643  -34.678  -62.011  -27.310 0.3000000119
19814  -35.381  -61.301  -28.640 0.3000000119
19813  -34.956  -60.971  -27.980 0.3000000119
22172  -36.980  -59.619  -28.082 0.3000000119
136597  -36.995  -59.148  -27.352 0.3000000119
20980  -35.231  -60.293  -27.758 0.3000000119
23219  -38.281  -59.188  -24.986 0.3000000119
23201  -38.195  -58.737  -24.420 0.2000000030
22123  -37.999  -59.111  -25.711 0.3000000119
24335  -39.814  -57.805  -23.491 0.2000000030
129349  -41.991  -56.346  -23.548 0.2000000030
26770  -43.813  -56.308  -23.509 0.2000000030
16350  -36.296  -64.695  -23.798 0.1000000015
18625  -34.432  -62.503  -24.540 0.2000000030
17538  -34.858  -63.059  -24.809 0.3000000119
19804  -34.616  -61.257  -27.392 0.3000000119
20966  -34.289  -60.795  -26.789 0.3000000119
23217  -36.914  -58.360  -25.208 0.3000000119
122431  -36.072  -58.258  -25.862 0.3000000119
143018  -37.841  -58.307  -24.091 0.2000000030
23180  -38.186  -57.728  -23.534 0.2000000030
18624  -33.956  -61.971  -24.210 0.3000000119
19786  -33.789  -61.158  -25.509 0.3000000119
127440  -35.015  -58.256  -25.871 0.3000000119
24351  -35.571  -57.694  -24.357 0.2000000030
23200  -37.573  -57.876  -23.772 0.2000000030
128281  -37.747  -57.246  -23.326 0.1000000015
25474  -36.613  -56.750  -22.977 0.1000000015
24332  -36.155  -57.328  -23.462 0.1000000015
26766  -39.398  -55.622  -23.508 0.1000000015
20935  -33.374  -60.474  -25.135 0.3000000119
23215  -34.227  -58.530  -25.523 0.3000000119
23198  -33.875  -58.193  -24.713 0.2000000030
25472  -34.777  -56.833  -23.012 0.1000000015
26752  -36.377  -55.334  -22.426 0.1000000015
23178  -32.822  -58.680  -23.787 0.2000000030
23179  -33.331  -58.187  -23.976 0.2000000030
25456  -34.286  -56.375  -22.496 0.1000000015
28039  -37.311  -54.642  -23.028 0.1000000015
14096  -37.679  -65.808  -39.591 0.3000000119
14078  -35.653  -66.392  -38.840 0.3000000119
14095  -36.416  -65.902  -39.407 0.3000000119
10652  -32.540  -69.693  -40.862 0.2000000030
11742  -31.789  -68.855  -40.637 0.2000000030
14077  -34.914  -66.668  -38.933 0.4000000060
11744  -34.056  -68.305  -40.487 0.3000000119
15332  -37.196  -65.502  -40.531 0.4000000060
14093  -34.872  -66.653  -39.723 0.3000000119
11736  -33.304  -69.282  -40.136 0.3000000119
15334  -39.411  -64.986  -40.333 0.4000000060
14107  -35.356  -66.221  -40.530 0.4000000060
11743  -33.430  -69.185  -41.154 0.3000000119
132525  -33.044  -69.564  -42.143 0.2000000030
15333  -38.474  -65.192  -40.752 0.4000000060
12886  -35.196  -67.092  -41.285 0.4000000060
15351  -39.292  -64.420  -41.573 0.4000000060
17673  -40.441  -63.623  -41.127 0.4000000060
11750  -34.171  -68.714  -41.651 0.3000000119
10670  -33.366  -69.710  -42.757 0.3000000119
146142  -38.745  -64.642  -41.794 0.4000000060
15348  -36.088  -65.685  -41.122 0.4000000060
12895  -34.918  -67.927  -41.887 0.3000000119
11761  -34.037  -69.283  -42.478 0.4000000060
17657  -40.161  -62.964  -41.015 0.4000000060
15367  -36.880  -65.625  -42.151 0.4000000060
12910  -35.164  -68.084  -42.773 0.3000000119
15370  -38.818  -64.349  -42.349 0.4000000060
15368  -38.106  -64.953  -42.767 0.4000000060
132655  -36.596  -66.003  -42.635 0.4000000060
124910  -39.136  -62.899  -40.986 0.4000000060
12911  -35.957  -67.331  -43.490 0.3000000119
17647  -39.025  -62.624  -39.857 0.4000000060
16556  -38.689  -64.136  -42.571 0.4000000060
14136  -36.800  -66.233  -43.502 0.4000000060
143087  -39.102  -63.687  -42.283 0.4000000060
139273  -38.367  -63.602  -42.230 0.4000000060
15384  -38.217  -64.393  -43.160 0.4000000060
15383  -37.780  -65.211  -43.464 0.4000000060
14148  -36.794  -66.409  -44.274 0.3000000119
16555  -38.096  -63.799  -42.837 0.4000000060
16573  -37.951  -64.150  -44.118 0.4000000060
14137  -37.573  -65.253  -44.180 0.3000000119
143141  -35.962  -67.222  -44.882 0.2000000030
141739  -37.875  -62.932  -39.163 0.3000000119
16537  -38.561  -63.200  -41.494 0.4000000060
17656  -38.105  -62.900  -40.184 0.4000000060
17671  -37.508  -63.444  -41.198 0.4000000060
130961  -37.641  -63.830  -43.483 0.4000000060
14149  -37.277  -65.366  -44.847 0.2000000030
12936  -35.883  -66.770  -45.452 0.3000000119
17638  -37.233  -63.081  -38.352 0.3000000119
135163  -37.273  -63.334  -40.276 0.3000000119
16572  -37.065  -63.810  -43.944 0.3000000119
15413  -37.094  -64.501  -44.825 0.2000000030
16589  -37.429  -63.958  -44.371 0.2000000030
14166  -36.707  -65.597  -45.423 0.2000000030
12945  -35.428  -66.809  -46.407 0.2000000030
18785  -37.281  -62.370  -36.702 0.3000000119
121171  -37.120  -63.257  -39.219 0.3000000119
16536  -37.140  -63.700  -41.570 0.4000000060
16588  -36.716  -64.063  -44.417 0.1000000015
18794  -36.717  -62.720  -37.034 0.3000000119
17645  -36.326  -63.362  -38.394 0.3000000119
16521  -35.732  -63.791  -39.948 0.2000000030
129347  -36.493  -63.920  -42.891 0.2000000030
15412  -36.501  -64.987  -45.628 0.1000000015
14196  -35.307  -65.809  -46.994 0.2000000030
17654  -35.144  -63.791  -39.251 0.2000000030
16520  -34.958  -64.066  -40.081 0.2000000030
16553  -35.167  -64.240  -41.818 0.1000000015
134480  -35.881  -64.249  -43.681 0.1000000015
16619  -35.735  -64.892  -45.845 0.1000000015
15444  -35.747  -65.146  -46.401 0.1000000015
17629  -35.955  -62.949  -36.947 0.3000000119
17644  -35.398  -63.554  -38.456 0.3000000119
21082  -36.759  -60.990  -34.269 0.2000000030
18774  -36.162  -62.261  -35.859 0.1000000015
17635  -34.728  -63.311  -37.760 0.2000000030
16534  -34.409  -64.178  -40.721 0.1000000015
16570  -34.750  -64.356  -43.184 0.1000000015
16606  -35.050  -64.680  -45.104 0.1000000015
16618  -34.745  -64.926  -45.844 0.1000000015
19909  -36.220  -61.392  -34.570 0.2000000030
18783  -35.444  -62.586  -36.215 0.2000000030
17628  -35.051  -63.002  -36.990 0.2000000030
17643  -34.450  -63.543  -38.558 0.1000000015
17653  -34.215  -63.778  -39.317 0.1000000015
16552  -33.606  -64.211  -41.345 0.1000000015
141808  -33.772  -64.399  -42.796 0.1000000015
16605  -34.005  -64.655  -44.351 0.1000000015
16617  -33.517  -64.858  -45.709 0.1000000015
16630  -33.881  -65.228  -47.444 0.1000000015
18772  -34.658  -62.275  -35.628 0.1000000015
17634  -33.838  -63.106  -37.986 0.2000000030
17642  -33.553  -63.302  -38.757 0.1000000015
17669  -33.323  -63.810  -40.350 0.1000000015
17694  -33.139  -64.219  -42.193 0.1000000015
16585  -32.927  -64.389  -43.840 0.1000000015
16604  -33.134  -64.606  -44.720 0.1000000015
122858  -33.408  -64.941  -46.623 0.1000000015
16642  -32.661  -64.622  -48.403 0.1000000015
17652  -33.317  -63.489  -39.532 0.1000000015
132217  -32.117  -63.452  -42.377 0.1000000015
16628  -31.901  -63.869  -46.456 0.1000000015
17705  -32.084  -63.628  -43.400 0.1000000015
136126  -42.533  -54.847  -23.833 0.2000000030
21046  -37.022  -60.174  -33.020 0.2000000030
19898  -35.944  -60.985  -33.818 0.1000000015
18773  -35.528  -62.144  -35.442 0.1000000015
18758  -34.933  -61.889  -34.955 0.1000000015
18792  -33.340  -62.571  -37.513 0.1000000015
18771  -33.798  -62.177  -35.898 0.1000000015
18806  -33.084  -62.735  -38.260 0.1000000015
17651  -32.446  -63.029  -39.937 0.1000000015
16616  -32.569  -64.508  -46.057 0.1000000015
145973  -32.574  -64.394  -45.221 0.1000000015
138942  -31.985  -62.781  -40.629 0.1000000015
14094  -35.484  -66.189  -39.566 0.3000000119
15331  -36.115  -65.666  -40.350 0.4000000060
140384  -34.610  -67.865  -41.115 0.3000000119
12885  -34.652  -67.165  -40.403 0.3000000119
11749  -33.459  -69.355  -42.006 0.3000000119
15349  -37.061  -65.474  -41.461 0.4000000060
125272  -34.543  -68.608  -42.351 0.3000000119
16538  -39.916  -63.880  -41.577 0.4000000060
14122  -35.801  -66.046  -41.646 0.4000000060
12896  -35.812  -67.042  -42.408 0.3000000119
16557  -39.204  -63.871  -42.154 0.4000000060
15394  -37.598  -64.521  -44.406 0.2000000030
14165  -36.549  -66.472  -44.918 0.2000000030
17655  -36.581  -63.625  -40.464 0.3000000119
16554  -36.547  -63.915  -42.024 0.2000000030
14182  -36.037  -65.666  -46.161 0.2000000030
17637  -36.535  -63.069  -37.613 0.3000000119
120601  -36.188  -63.553  -39.380 0.3000000119
16607  -36.186  -64.573  -45.053 0.1000000015
140284  -35.999  -63.873  -40.791 0.4000000060
16535  -35.366  -64.082  -41.025 0.2000000030
16571  -35.636  -64.121  -42.947 0.1000000015
15443  -35.080  -65.284  -46.901 0.1000000015
125866  -34.323  -64.367  -42.325 0.1000000015
16587  -35.209  -64.479  -44.160 0.1000000015
17636  -35.648  -63.289  -37.644 0.3000000119
16586  -33.891  -64.501  -43.498 0.1000000015
132008  -34.053  -64.781  -45.109 0.1000000015
16631  -34.518  -65.152  -46.706 0.1000000015
19908  -35.341  -61.431  -34.405 0.1000000015
18793  -34.143  -62.844  -37.218 0.1000000015
17670  -34.017  -64.025  -39.947 0.1000000015
16569  -32.891  -64.217  -42.974 0.1000000015
16629  -32.751  -64.662  -47.239 0.1000000015
17668  -32.552  -63.460  -40.848 0.1000000015
16641  -31.924  -63.941  -47.581 0.1000000015
17641  -32.759  -62.853  -39.034 0.1000000015
18781  -33.545  -62.392  -36.714 0.1000000015
10615  -35.681  -70.047  -36.045 0.3000000119
10614  -35.468  -69.469  -36.768 0.2000000030
9580  -33.915  -71.213  -36.953 0.3000000119
10629  -34.559  -69.875  -37.337 0.2000000030
11702  -36.288  -69.082  -36.389 0.2000000030
11704  -37.152  -68.319  -36.662 0.4000000060
11717  -36.111  -68.538  -37.105 0.3000000119
126516  -37.788  -67.642  -37.156 0.4000000060
122421  -35.175  -68.956  -37.292 0.2000000030
124112  -34.468  -68.821  -37.672 0.2000000030
9579  -33.169  -71.996  -37.633 0.1000000015
10628  -33.601  -70.627  -37.828 0.2000000030
8669  -32.637  -72.171  -37.961 0.1000000015
12848  -36.025  -67.706  -37.551 0.3000000119
143887  -32.488  -72.563  -37.657 0.1000000015
11728  -34.047  -68.379  -38.205 0.2000000030
8668  -32.352  -72.189  -38.048 0.1000000015
9588  -32.071  -71.811  -38.501 0.1000000015
9589  -32.399  -71.388  -38.726 0.1000000015
10645  -32.820  -70.352  -39.415 0.1000000015
10636  -30.842  -70.423  -37.941 0.1000000015
10637  -31.677  -70.967  -38.786 0.1000000015
9591  -32.132  -71.085  -39.200 0.1000000015
11725  -30.557  -69.448  -38.240 0.1000000015
11726  -31.281  -69.782  -38.882 0.1000000015
12866  -36.694  -67.211  -37.777 0.3000000119
11727  -33.468  -69.253  -38.883 0.2000000030
10638  -33.315  -70.266  -38.601 0.2000000030
11734  -30.886  -68.587  -39.001 0.1000000015
11724  -29.993  -68.803  -38.169 0.1000000015
130893  -38.165  -66.318  -38.690 0.2000000030
14079  -36.432  -66.527  -38.470 0.3000000119
12864  -34.465  -67.442  -38.489 0.2000000030
10643  -31.943  -70.432  -39.719 0.1000000015
12863  -30.137  -67.740  -38.827 0.1000000015
11737  -33.736  -68.174  -39.172 0.3000000119
14081  -39.097  -66.062  -38.538 0.2000000030
10653  -32.839  -69.675  -40.571 0.2000000030
125527  -32.114  -69.831  -40.447 0.1000000015
12875  -30.790  -67.567  -39.657 0.1000000015
12876  -31.359  -68.294  -39.857 0.1000000015
10651  -32.226  -69.439  -41.048 0.1000000015
14092  -30.181  -66.790  -39.464 0.1000000015
142534  -37.261  -66.297  -38.825 0.2000000030
12894  -31.731  -68.028  -41.076 0.1000000015
10658  -32.054  -68.888  -41.565 0.1000000015
12883  -30.695  -66.741  -40.469 0.1000000015
12884  -31.368  -67.690  -40.439 0.1000000015
14097  -38.815  -65.699  -39.499 0.2000000030
11748  -32.423  -69.167  -42.248 0.1000000015
141259  -31.768  -67.921  -41.829 0.1000000015
11760  -32.437  -69.296  -42.993 0.1000000015
15346  -29.609  -65.143  -40.524 0.1000000015
14120  -30.812  -66.446  -41.539 0.1000000015
14106  -31.388  -67.225  -41.190 0.1000000015
11759  -32.084  -68.732  -42.453 0.1000000015
11762  -34.488  -68.905  -43.043 0.3000000119
14135  -31.405  -67.000  -43.172 0.1000000015
14066  -38.182  -66.736  -37.694 0.3000000119
12849  -37.042  -67.912  -37.294 0.2000000030
11735  -31.609  -69.319  -39.790 0.1000000015
11716  -35.003  -68.005  -37.688 0.2000000030
12865  -35.456  -66.956  -38.111 0.3000000119
10644  -32.360  -70.324  -39.852 0.1000000015
14105  -30.040  -65.919  -40.029 0.1000000015
15347  -30.268  -65.769  -40.975 0.1000000015
12909  -31.805  -67.850  -42.765 0.1000000015
15330  -29.346  -65.384  -39.641 0.1000000015
14121  -31.403  -67.047  -42.144 0.1000000015
10671  -33.982  -69.615  -43.134 0.2000000030
12935  -31.762  -68.114  -44.815 0.1000000015
14164  -31.294  -67.361  -45.176 0.1000000015
11793  -32.152  -69.113  -45.377 0.2000000030
133654  -30.878  -66.824  -45.479 0.1000000015
10694  -33.006  -69.839  -44.334 0.2000000030
11782  -32.588  -69.647  -44.899 0.2000000030
12943  -31.749  -68.236  -45.795 0.2000000030
11794  -32.626  -69.556  -45.699 0.1000000015
14180  -30.754  -66.756  -46.179 0.1000000015
11803  -32.186  -68.976  -46.280 0.2000000030
11804  -32.714  -69.178  -46.539 0.1000000015
10682  -34.259  -69.369  -43.873 0.2000000030
11783  -33.711  -69.696  -45.252 0.1000000015
124210  -31.756  -68.181  -46.867 0.1000000015
12953  -32.279  -68.577  -47.109 0.1000000015
12922  -35.109  -68.331  -43.636 0.2000000030
140964  -34.195  -69.422  -44.663 0.2000000030
11796  -34.119  -68.915  -45.920 0.1000000015
11812  -33.064  -68.478  -47.410 0.1000000015
11784  -34.582  -68.752  -45.143 0.1000000015
11805  -33.584  -68.851  -46.707 0.1000000015
11774  -34.894  -68.544  -44.421 0.2000000030
11785  -35.617  -67.988  -45.047 0.2000000030
12954  -34.142  -67.752  -47.394 0.1000000015
12944  -35.146  -67.946  -45.758 0.1000000015
12923  -35.883  -67.518  -44.387 0.2000000030
12955  -34.635  -67.933  -46.591 0.1000000015
12964  -33.705  -67.303  -48.008 0.1000000015
11773  -32.587  -69.380  -43.922 0.1000000015
11781  -32.170  -68.939  -44.407 0.1000000015
11703  -36.844  -68.843  -35.974 0.2000000030
139746  -34.819  -70.575  -36.445 0.1000000015
127151  -37.631  -66.875  -32.300 0.2000000030
11666  -39.679  -68.002  -32.389 0.1000000015
16388  -36.347  -64.776  -26.463 0.1000000015
12741  -40.424  -67.781  -28.909 0.1000000015
12757  -40.609  -67.656  -29.848 0.1000000015
15170  -36.763  -65.203  -25.956 0.2000000030
15186  -37.308  -65.751  -26.275 0.1000000015
12724  -39.941  -67.873  -27.809 0.1000000015
132863  -36.163  -64.583  -25.639 0.2000000030
15185  -36.753  -65.322  -26.922 0.1000000015
144510  -37.374  -65.895  -27.023 0.1000000015
13955  -37.949  -66.382  -27.511 0.1000000015
13956  -38.898  -67.128  -28.125 0.1000000015
120652  -37.459  -68.376  -35.699 0.2000000030
12792  -38.964  -68.234  -33.073 0.1000000015
13971  -39.185  -67.079  -29.098 0.1000000015
13970  -37.994  -66.398  -28.416 0.1000000015
15197  -37.131  -65.736  -27.817 0.1000000015
126499  -39.547  -67.908  -32.405 0.1000000015
11609  -40.960  -68.635  -28.377 0.1000000015
13922  -37.849  -66.240  -25.746 0.1000000015
10605  -36.862  -69.107  -35.377 0.1000000015
10616  -36.344  -69.550  -35.649 0.1000000015
125576  -32.484  -60.422  -23.020 0.1000000015
19771  -32.866  -60.899  -23.378 0.1000000015
19764  -33.196  -61.628  -22.967 0.1000000015
144987  -34.002  -62.589  -23.018 0.1000000015
16340  -35.368  -64.027  -22.723 0.1000000015
19772  -33.410  -61.459  -23.797 0.1000000015
18619  -33.817  -62.215  -23.395 0.1000000015
20897  -32.193  -61.064  -21.681 0.1000000015
18607  -32.599  -61.870  -21.292 0.1000000015
18608  -33.241  -62.416  -21.674 0.1000000015
16316  -34.634  -64.078  -20.924 0.1000000015
19763  -32.587  -61.015  -22.594 0.1000000015
19755  -32.872  -61.750  -22.135 0.1000000015
17515  -33.919  -62.965  -22.011 0.1000000015
17524  -34.609  -63.464  -22.323 0.1000000015
16329  -35.850  -64.616  -21.864 0.1000000015
20906  -32.075  -60.229  -22.403 0.1000000015
17496  -33.585  -63.654  -19.715 0.1000000015
19754  -31.777  -60.767  -20.977 0.1000000015
19748  -32.074  -61.415  -20.787 0.1000000015
18598  -32.939  -62.484  -20.862 0.1000000015
18599  -33.242  -63.060  -20.340 0.1000000015
20896  -31.747  -60.204  -21.496 0.1000000015
17505  -33.554  -63.038  -21.179 0.1000000015
17497  -34.280  -64.147  -20.091 0.1000000015
22079  -32.038  -59.345  -22.786 0.1000000015
23166  -32.302  -58.559  -23.119 0.1000000015
127963  -31.923  -61.760  -19.101 0.1000000015
19740  -32.057  -61.775  -19.950 0.1000000015
139691  -32.647  -62.468  -20.103 0.1000000015
19747  -31.667  -60.888  -20.168 0.1000000015
23165  -31.894  -58.616  -22.383 0.1000000015
24329  -32.787  -57.951  -23.361 0.1000000015
26769  -42.500  -55.637  -23.604 0.1000000015
28054  -43.166  -55.311  -23.678 0.1000000015
28069  -45.269  -55.534  -23.779 0.1000000015
24302  -31.708  -57.930  -21.271 0.1000000015
24317  -33.070  -57.268  -22.868 0.1000000015
24330  -33.480  -57.564  -23.499 0.1000000015
138347  -46.204  -54.898  -24.374 0.1000000015
28056  -44.759  -55.791  -23.605 0.1000000015
18590  -32.389  -62.372  -19.318 0.1000000015
17495  -32.953  -62.998  -19.529 0.1000000015
26784  -45.676  -56.918  -23.571 0.1000000015
17523  -34.764  -63.343  -23.123 0.1000000015
142861  -35.753  -64.306  -23.436 0.1000000015
18616  -34.326  -62.785  -23.348 0.1000000015
22089  -32.456  -59.312  -23.465 0.1000000015
28055  -43.962  -55.499  -23.620 0.1000000015
18615  -33.602  -62.375  -22.571 0.1000000015
17522  -34.212  -62.930  -22.744 0.1000000015
17517  -35.019  -64.022  -21.765 0.1000000015
22078  -31.758  -59.436  -21.990 0.1000000015
22069  -31.581  -59.412  -21.158 0.1000000015
28068  -44.188  -54.833  -23.869 0.1000000015
28070  -46.799  -56.768  -23.760 0.1000000015
22202  -36.498  -59.649  -32.380 0.1000000015
22189  -35.939  -59.151  -31.785 0.1000000015
10593  -34.674  -70.948  -33.987 0.1000000015
9541  -34.428  -71.243  -34.577 0.1000000015
8625  -34.398  -71.473  -34.953 0.1000000015
125205  -34.934  -69.498  -33.153 0.1000000015
11675  -34.412  -69.826  -33.832 0.1000000015
10592  -33.913  -70.352  -34.559 0.1000000015
9542  -34.830  -71.286  -34.249 0.1000000015
12790  -34.591  -68.414  -32.607 0.1000000015
10576  -35.425  -70.446  -32.884 0.1000000015
9537  -35.091  -71.160  -33.770 0.1000000015
12801  -33.786  -67.697  -33.113 0.1000000015
12779  -34.506  -68.053  -31.646 0.1000000015
11664  -35.370  -69.499  -32.427 0.1000000015
12770  -34.489  -67.883  -30.774 0.1000000015
126428  -35.164  -68.690  -31.945 0.1000000015
12613  -32.687  -67.959  -18.558 0.1000000015
12627  -33.083  -67.502  -19.073 0.1000000015
128377  -31.846  -66.079  -21.926 0.1000000015
15137  -31.431  -65.547  -23.246 0.1000000015
131764  -31.773  -65.430  -24.048 0.1000000015
127004  -31.635  -65.369  -24.744 0.1000000015
9552  -35.059  -71.301  -34.607 0.1000000015
122047  -30.830  -65.255  -24.903 0.1000000015
123045  -32.109  -65.556  -26.018 0.1000000015
12789  -33.904  -67.556  -32.155 0.1000000015
12778  -33.887  -67.461  -31.202 0.1000000015
9565  -34.193  -71.835  -36.048 0.1000000015
15182  -30.831  -64.924  -26.780 0.1000000015
15206  -31.401  -65.315  -28.610 0.1000000015
15220  -32.063  -65.957  -29.861 0.1000000015
13992  -33.331  -66.933  -30.727 0.1000000015
12769  -33.907  -67.416  -30.331 0.1000000015
11656  -35.171  -68.519  -31.171 0.1000000015
9564  -33.390  -72.432  -36.698 0.1000000015
15193  -30.456  -64.702  -27.410 0.1000000015
15219  -31.478  -65.465  -29.474 0.1000000015
13981  -33.392  -66.914  -29.746 0.1000000015
12754  -34.107  -67.438  -29.542 0.1000000015
12638  -32.708  -67.089  -19.819 0.1000000015
13838  -32.457  -66.687  -20.535 0.1000000015
13874  -32.769  -66.147  -21.978 0.1000000015
9538  -35.512  -70.795  -33.285 0.1000000015
127498  -35.792  -70.849  -33.355 0.1000000015
9544  -35.741  -70.866  -34.160 0.1000000015
15126  -32.350  -65.716  -22.718 0.1000000015
15152  -32.424  -65.550  -24.542 0.1000000015
15138  -32.416  -65.559  -23.680 0.1000000015
9566  -34.938  -71.023  -35.536 0.1000000015
127173  -32.069  -65.726  -28.159 0.1000000015
13968  -32.676  -66.317  -28.640 0.1000000015
130372  -33.174  -66.696  -29.018 0.1000000015
133408  -34.458  -67.763  -30.079 0.1000000015
13953  -33.477  -66.608  -27.512 0.1000000015
13969  -33.320  -66.674  -28.334 0.1000000015
12738  -33.731  -67.080  -28.901 0.1000000015
12755  -34.780  -67.897  -29.505 0.1000000015
12628  -34.066  -67.528  -18.969 0.1000000015
12639  -33.705  -67.195  -19.749 0.1000000015
122865  -34.789  -67.488  -19.942 0.1000000015
12616  -35.124  -67.869  -18.842 0.1000000015
10586  -36.667  -70.171  -33.075 0.1000000015
13839  -33.371  -66.819  -20.406 0.1000000015
13840  -34.049  -66.789  -20.910 0.1000000015
10577  -35.859  -70.488  -32.397 0.1000000015
10594  -36.543  -70.090  -33.963 0.1000000015
13875  -33.765  -66.334  -22.159 0.1000000015
11657  -35.813  -69.573  -31.608 0.1000000015
10604  -36.437  -69.906  -34.821 0.1000000015
143890  -33.266  -65.990  -22.629 0.1000000015
15153  -33.243  -65.866  -24.261 0.1000000015
15184  -32.904  -65.987  -26.077 0.1000000015
13936  -32.909  -66.116  -26.987 0.1000000015
126821  -32.325  -65.706  -26.574 0.1000000015
13920  -33.762  -66.409  -25.771 0.1000000015
12721  -33.977  -67.057  -28.069 0.1000000015
12739  -34.500  -67.547  -28.709 0.1000000015
13937  -33.615  -66.507  -26.652 0.1000000015
13954  -34.149  -66.977  -27.199 0.1000000015
11521  -35.791  -68.036  -19.831 0.1000000015
10578  -36.014  -70.630  -32.457 0.1000000015
123496  -36.130  -68.294  -19.018 0.1000000015
141110  -36.892  -68.476  -19.129 0.1000000015
10566  -36.284  -69.624  -31.203 0.1000000015
120901  -36.177  -70.147  -31.837 0.1000000015
136054  -36.763  -70.047  -32.404 0.1000000015
127139  -34.841  -67.208  -21.015 0.1000000015
129717  -35.852  -68.966  -30.797 0.1000000015
9553  -35.699  -70.454  -35.112 0.1000000015
126858  -34.011  -66.235  -23.017 0.1000000015
13858  -34.346  -66.705  -21.606 0.1000000015
12740  -35.228  -67.944  -28.262 0.1000000015
11648  -35.119  -68.309  -30.263 0.1000000015
15127  -33.262  -65.843  -23.355 0.1000000015
12706  -34.828  -67.327  -26.876 0.1000000015
13905  -33.919  -66.347  -24.866 0.1000000015
13938  -34.335  -66.840  -26.343 0.1000000015
12640  -35.642  -67.723  -20.711 0.1000000015
134778  -35.882  -68.800  -30.081 0.1000000015
10595  -37.154  -69.118  -34.723 0.1000000015
12722  -34.661  -67.439  -27.752 0.1000000015
11622  -35.816  -68.518  -28.774 0.1000000015
13921  -34.519  -66.723  -25.484 0.1000000015
13890  -34.733  -66.610  -23.520 0.1000000015
13889  -34.005  -66.282  -23.935 0.1000000015
11636  -36.457  -69.012  -29.437 0.1000000015
10557  -37.325  -69.594  -30.069 0.1000000015
12653  -35.620  -67.541  -21.585 0.1000000015
12723  -35.399  -67.819  -27.428 0.1000000015
11606  -36.034  -68.448  -27.993 0.1000000015
12665  -35.076  -67.068  -21.847 0.1000000015
12698  -35.027  -67.154  -26.023 0.1000000015
13876  -34.749  -66.690  -22.543 0.1000000015
13906  -34.772  -66.702  -24.545 0.1000000015
12685  -35.111  -67.048  -25.279 0.1000000015
10539  -36.994  -69.520  -29.620 0.1000000015
10540  -37.657  -69.651  -29.306 0.1000000015
11607  -36.984  -69.016  -27.771 0.1000000015
12641  -36.256  -68.045  -21.315 0.1000000015
12700  -36.493  -68.049  -25.338 0.1000000015
12708  -36.365  -68.162  -26.240 0.1000000015
12699  -35.711  -67.536  -25.567 0.1000000015
12707  -35.576  -67.670  -26.549 0.1000000015
13877  -35.293  -66.983  -23.180 0.1000000015
10541  -38.802  -69.588  -29.209 0.1000000015
11624  -37.698  -69.717  -28.269 0.1000000015
11594  -37.190  -68.804  -26.906 0.1000000015
11608  -37.888  -69.712  -27.550 0.1000000015
11535  -36.394  -68.287  -20.551 0.1000000015
134957  -35.934  -67.513  -24.180 0.1000000015
12666  -35.591  -67.359  -22.503 0.1000000015
10527  -39.001  -69.952  -28.300 0.1000000015
11498  -38.836  -68.643  -17.156 0.1000000015
144586  -38.606  -68.495  -18.013 0.1000000015
11511  -37.813  -68.508  -18.709 0.1000000015
11497  -37.599  -68.468  -17.639 0.1000000015
13856  -32.214  -66.404  -21.268 0.1000000015
15169  -33.133  -65.929  -25.156 0.1000000015
15167  -31.501  -65.335  -25.569 0.1000000015
15183  -31.551  -65.325  -26.520 0.1000000015
15194  -31.312  -65.162  -27.566 0.1000000015
15195  -32.158  -65.674  -27.268 0.1000000015
15207  -32.038  -65.900  -29.036 0.1000000015
13991  -32.720  -66.422  -30.285 0.1000000015
14004  -32.791  -66.384  -32.188 0.1000000015
13857  -33.263  -66.493  -21.236 0.1000000015
138950  -34.191  -67.077  -20.406 0.1000000015
10556  -36.557  -69.406  -30.386 0.1000000015
11635  -35.493  -68.428  -29.495 0.1000000015
10525  -37.281  -69.538  -29.031 0.1000000015
11593  -36.226  -68.301  -27.152 0.1000000015
145346  -36.036  -67.599  -24.859 0.1000000015
6145  -27.391  -74.140  -44.804 0.1000000015
6135  -27.937  -74.140  -43.913 0.1000000015
6979  -22.436  -73.316  -47.418 0.1000000015
124636  -23.352  -73.782  -47.213 0.1000000015
6980  -24.443  -73.631  -47.540 0.1000000015
6967  -24.167  -74.236  -46.948 0.1000000015
6143  -25.599  -74.698  -45.141 0.1000000015
7850  -22.616  -72.740  -47.768 0.1000000015
8749  -21.195  -71.659  -49.166 0.1000000015
8757  -20.942  -71.755  -50.464 0.1000000015
6953  -27.804  -73.648  -44.526 0.1000000015
6945  -28.043  -73.717  -43.825 0.1000000015
7790  -28.100  -73.647  -43.254 0.1000000015
6155  -26.784  -74.139  -45.571 0.1000000015
6152  -24.885  -74.442  -46.530 0.1000000015
6153  -25.563  -74.435  -46.036 0.1000000015
6154  -26.157  -74.423  -45.657 0.1000000015
6939  -28.194  -74.126  -43.081 0.1000000015
7839  -23.699  -73.213  -47.724 0.1000000015
6958  -24.702  -74.590  -45.664 0.1000000015
122114  -23.930  -74.431  -46.152 0.1000000015
122477  -22.792  -71.883  -48.136 0.1000000015
9666  -21.979  -70.485  -48.704 0.1000000015
125567  -21.263  -70.697  -49.760 0.1000000015
10746  -21.375  -70.110  -50.412 0.1000000015
12893  -22.196  -67.182  -41.867 0.1000000015
122388  -22.580  -69.850  -42.422 0.1000000015
14130  -23.047  -66.867  -42.131 0.1000000015
7800  -27.299  -72.700  -44.163 0.1000000015
8693  -26.874  -72.669  -42.769 0.1000000015
143133  -24.856  -71.181  -42.423 0.1000000015
8690  -23.721  -70.798  -42.088 0.1000000015
9608  -23.463  -70.144  -42.458 0.1000000015
7810  -27.443  -72.911  -44.932 0.1000000015
7788  -25.954  -72.470  -42.061 0.1000000015
7819  -27.031  -73.231  -45.647 0.1000000015
7780  -27.274  -73.309  -42.006 0.1000000015
6161  -25.671  -74.127  -46.714 0.1000000015
6162  -26.218  -74.127  -46.184 0.1000000015
8738  -22.006  -71.429  -48.398 0.1000000015
14117  -23.472  -66.219  -41.663 0.1000000015
11755  -22.552  -68.288  -42.297 0.1000000015
15360  -23.106  -65.851  -41.077 0.1000000015
135081  -25.208  -71.726  -42.353 0.1000000015
9610  -25.327  -71.018  -42.876 0.1000000015
9609  -24.488  -70.558  -42.478 0.1000000015
8692  -25.981  -71.916  -42.834 0.1000000015
8699  -26.672  -72.267  -43.489 0.1000000015
6981  -25.236  -73.253  -47.740 0.1000000015
7840  -24.780  -72.956  -48.159 0.1000000015
8740  -24.215  -71.536  -48.577 0.1000000015
8739  -22.911  -70.979  -48.330 0.1000000015
129524  -26.360  -73.302  -46.534 0.1000000015
12904  -21.990  -67.909  -42.155 0.1000000015
11756  -23.356  -68.437  -42.410 0.1000000015
7830  -25.992  -72.861  -47.263 0.1000000015
10665  -21.999  -69.256  -42.090 0.1000000015
8709  -26.521  -72.014  -44.382 0.1000000015
8719  -26.547  -72.383  -45.509 0.1000000015
11747  -21.493  -68.465  -41.810 0.1000000015
124914  -25.590  -70.778  -46.062 0.1000000015
142963  -25.309  -69.956  -45.954 0.1000000015
11792  -24.846  -68.476  -46.115 0.1000000015
144838  -24.049  -68.953  -42.588 0.1000000015
9614  -25.653  -70.489  -43.487 0.1000000015
8708  -26.035  -71.174  -45.087 0.1000000015
9624  -25.765  -70.274  -44.269 0.1000000015
9633  -25.533  -70.139  -45.156 0.1000000015
10679  -25.571  -69.533  -43.582 0.1000000015
10668  -24.772  -68.969  -42.806 0.1000000015
130456  -25.167  -69.859  -42.911 0.1000000015
11771  -25.467  -68.688  -43.532 0.1000000015
126560  -26.032  -71.029  -44.106 0.1000000015
10712  -25.020  -69.426  -46.513 0.1000000015
10693  -25.586  -69.489  -44.395 0.1000000015
6144  -26.576  -74.513  -45.029 0.1000000015
6959  -27.341  -73.644  -45.260 0.1000000015
6960  -27.641  -73.355  -44.935 0.1000000015
6968  -25.085  -73.999  -47.196 0.1000000015
6969  -25.679  -73.553  -47.231 0.1000000015
6970  -26.139  -73.718  -46.672 0.1000000015
6982  -25.984  -73.293  -47.135 0.1000000015
7789  -27.729  -73.325  -42.799 0.1000000015
7801  -27.864  -73.328  -44.318 0.1000000015
7851  -23.961  -72.505  -48.212 0.1000000015
8626  -34.716  -71.322  -34.542 0.1000000015
8633  -34.277  -71.627  -35.253 0.1000000015
8658  -32.465  -72.742  -37.212 0.1000000015
8659  -32.814  -72.668  -37.339 0.1000000015
8691  -24.386  -71.459  -42.007 0.1000000015
8698  -26.019  -71.413  -43.497 0.1000000015
8718  -26.019  -71.831  -46.306 0.1000000015
9543  -35.133  -71.206  -33.900 0.1000000015
9590  -32.915  -71.329  -38.457 0.1000000015
9643  -25.311  -70.344  -46.899 0.1000000015
10585  -35.046  -70.682  -33.411 0.1000000015
10639  -33.856  -69.414  -38.028 0.2000000030
10659  -32.628  -69.388  -41.686 0.2000000030
10660  -33.006  -69.489  -41.496 0.3000000119
10666  -22.662  -68.974  -42.332 0.1000000015
10667  -23.363  -69.393  -42.517 0.1000000015
10669  -32.778  -69.506  -42.541 0.3000000119
10680  -32.890  -69.679  -43.384 0.1000000015
10681  -33.492  -69.800  -43.676 0.2000000030
10695  -33.596  -69.884  -44.551 0.2000000030
10704  -33.079  -69.957  -45.178 0.1000000015
10751  -21.505  -70.096  -51.496 0.1000000015
11510  -36.749  -68.367  -18.306 0.1000000015
11623  -36.846  -69.136  -28.586 0.1000000015
11754  -22.129  -68.561  -42.158 0.1000000015
11795  -33.209  -69.666  -45.915 0.1000000015
12686  -35.460  -67.255  -24.725 0.1000000015
12756  -35.133  -68.052  -28.944 0.1000000015
12780  -38.732  -67.423  -32.192 0.2000000030
12836  -38.244  -67.098  -37.151 0.4000000060
12877  -34.319  -67.282  -39.482 0.4000000060
12892  -21.398  -67.621  -41.595 0.1000000015
12905  -22.758  -67.660  -42.272 0.1000000015
13952  -32.775  -66.218  -27.819 0.1000000015
13980  -32.689  -66.397  -29.434 0.1000000015
14080  -37.441  -66.757  -38.087 0.3000000119
14116  -22.569  -66.399  -41.365 0.1000000015
14181  -31.301  -67.414  -46.048 0.1000000015
15168  -32.293  -65.557  -25.352 0.1000000015
15282  -36.961  -65.049  -35.406 0.5000000000
15336  -40.721  -64.681  -39.493 0.4000000060
15345  -28.843  -64.703  -40.121 0.1000000015
15350  -38.263  -64.927  -41.958 0.4000000060
15352  -39.948  -64.393  -40.960 0.5000000000
15361  -23.878  -65.555  -41.039 0.1000000015
15369  -38.531  -64.491  -42.729 0.4000000060
16360  -35.710  -64.221  -24.150 0.1000000015
16412  -36.009  -64.579  -28.194 0.2000000030
16427  -35.951  -64.602  -29.051 0.2000000030
16433  -35.728  -64.007  -30.577 0.3000000119
16441  -35.706  -63.842  -31.443 0.3000000119
16450  -35.728  -63.742  -32.209 0.3000000119
16459  -35.828  -63.695  -32.933 0.3000000119
16500  -41.225  -64.147  -37.361 0.5000000000
16505  -41.538  -64.279  -37.942 0.5000000000
16512  -41.598  -64.332  -38.704 0.5000000000
16513  -41.926  -63.908  -39.166 0.5000000000
16632  -35.309  -65.098  -46.430 0.1000000015
17516  -34.282  -63.528  -21.487 0.1000000015
17546  -35.260  -63.362  -27.562 0.3000000119
17659  -41.581  -63.700  -39.781 0.5000000000
17672  -39.677  -63.453  -41.788 0.4000000060
17682  -31.864  -62.892  -41.423 0.1000000015
17683  -32.563  -63.724  -41.604 0.1000000015
18620  -34.298  -62.506  -23.866 0.2000000030
18626  -46.003  -62.883  -24.781 0.3000000119
18640  -46.356  -63.211  -26.411 0.4000000060
18654  -46.415  -62.997  -29.589 0.5000000000
18682  -46.074  -62.903  -30.608 0.5000000000
18707  -36.807  -62.332  -31.808 0.3000000119
18708  -38.313  -62.347  -32.295 0.5000000000
18726  -36.464  -62.785  -32.446 0.3000000119
18733  -45.377  -62.257  -32.228 0.5000000000
18746  -38.777  -62.724  -33.737 0.4000000060
18751  -44.211  -61.941  -33.722 0.5000000000
18782  -34.410  -62.591  -36.413 0.1000000015
18784  -36.414  -62.507  -36.449 0.3000000119
18819  -40.257  -62.709  -39.833 0.5000000000
18844  -31.557  -62.162  -41.567 0.1000000015
19775  -46.586  -61.232  -23.859 0.3000000119
19796  -34.016  -61.026  -26.197 0.3000000119
19834  -35.628  -61.924  -29.778 0.2000000030
19836  -40.968  -61.112  -30.026 0.4000000060
19858  -39.861  -61.498  -30.780 0.4000000060
19863  -46.250  -62.363  -30.485 0.5000000000
19880  -46.130  -62.019  -31.388 0.5000000000
19888  -45.237  -61.710  -32.813 0.5000000000
19899  -43.852  -61.476  -34.404 0.6000000238
19912  -43.185  -61.460  -35.437 0.5000000000
19927  -35.677  -61.745  -34.919 0.2000000030
19931  -40.995  -61.340  -36.656 0.5000000000
19934  -42.805  -61.459  -36.138 0.6000000238
20004  -32.095  -61.375  -41.072 0.1000000015
20136  -32.484  -61.099  -50.095 0.1000000015
20917  -32.649  -60.088  -23.716 0.1000000015
20922  -45.945  -60.376  -23.504 0.3000000119
20923  -46.430  -60.603  -23.625 0.3000000119
20924  -46.465  -60.011  -23.421 0.3000000119
20938  -41.491  -61.082  -24.484 0.2000000030
20949  -33.695  -59.985  -25.722 0.3000000119
20967  -40.067  -60.402  -26.596 0.3000000119
20979  -34.678  -60.572  -27.323 0.3000000119
21024  -38.706  -60.616  -29.724 0.3000000119
21034  -37.089  -61.078  -30.007 0.2000000030
21050  -44.983  -61.167  -33.388 0.4000000060
21105  -40.431  -60.840  -36.083 0.4000000060
21168  -34.518  -60.090  -41.421 0.1000000015
21223  -34.449  -59.972  -44.326 0.1000000015
21237  -31.783  -61.221  -46.216 0.2000000030
21299  -33.413  -60.228  -50.719 0.1000000015
21312  -33.658  -60.108  -51.339 0.1000000015
21322  -33.602  -59.852  -52.074 0.1000000015
22095  -46.231  -60.174  -23.427 0.3000000119
22125  -39.428  -59.946  -24.985 0.3000000119
22156  -35.495  -59.667  -27.449 0.3000000119
22171  -35.942  -59.917  -28.039 0.3000000119
22321  -36.620  -58.735  -44.503 0.1000000015
22331  -35.773  -59.194  -44.821 0.1000000015
22344  -33.932  -59.869  -46.188 0.1000000015
22415  -31.312  -59.228  -53.472 0.1000000015
22418  -34.167  -59.284  -52.398 0.1000000015
22423  -31.115  -58.975  -53.955 0.1000000015
23155  -31.672  -58.667  -21.605 0.1000000015
23186  -45.981  -59.864  -23.442 0.1000000015
23187  -46.496  -59.869  -23.494 0.3000000119
23197  -33.249  -58.765  -24.549 0.2000000030
23381  -36.836  -58.655  -40.514 0.1000000015
23400  -39.251  -58.190  -43.251 0.1000000015
23447  -38.978  -57.697  -45.875 0.1000000015
23461  -38.131  -58.022  -46.224 0.1000000015
23527  -35.094  -58.508  -51.987 0.1000000015
23534  -34.716  -58.552  -52.371 0.1000000015
24382  -39.939  -57.176  -26.591 0.1000000015
24515  -41.514  -57.698  -39.367 0.1000000015
24595  -40.449  -56.861  -44.102 0.1000000015
24624  -39.253  -56.705  -46.043 0.1000000015
24646  -37.225  -56.467  -48.224 0.1000000015
24648  -38.170  -56.369  -47.287 0.1000000015
24684  -35.566  -56.666  -51.997 0.1000000015
24685  -35.929  -55.828  -51.292 0.1000000015
24687  -33.461  -57.016  -52.643 0.1000000015
25692  -41.838  -56.808  -37.339 0.1000000015
25695  -45.927  -57.132  -38.185 0.1000000015
25709  -45.362  -57.110  -39.637 0.1000000015
25710  -45.993  -57.098  -38.927 0.1000000015
25722  -44.830  -57.155  -40.120 0.1000000015
25734  -42.275  -55.927  -42.250 0.1000000015
25765  -39.493  -55.843  -44.393 0.1000000015
25766  -40.405  -55.943  -44.203 0.1000000015
25812  -37.931  -55.857  -46.181 0.1000000015
25813  -38.423  -56.121  -46.862 0.1000000015
25857  -36.566  -55.249  -50.467 0.1000000015
25861  -33.282  -56.052  -52.164 0.1000000015
26836  -49.178  -56.316  -27.424 0.1000000015
26947  -41.863  -55.853  -36.266 0.1000000015
26950  -44.835  -55.574  -36.828 0.1000000015
26988  -46.739  -56.102  -38.210 0.1000000015
27119  -35.819  -54.665  -50.167 0.1000000015
27122  -35.643  -54.764  -50.750 0.1000000015
27123  -35.564  -55.062  -51.274 0.1000000015
28087  -39.634  -54.510  -25.607 0.1000000015
28102  -37.369  -54.319  -26.613 0.1000000015
28103  -38.160  -54.168  -26.121 0.1000000015
28117  -49.447  -56.239  -26.799 0.1000000015
28134  -52.533  -55.590  -29.354 0.1000000015
28200  -40.599  -54.248  -35.322 0.1000000015
28240  -46.966  -55.149  -37.968 0.1000000015
28241  -46.948  -55.184  -38.044 0.1000000015
29339  -36.725  -53.580  -26.773 0.1000000015
30533  -37.532  -52.562  -26.298 0.1000000015
30535  -39.460  -52.587  -26.143 0.1000000015
30640  -40.403  -52.457  -35.320 0.1000000015
30665  -48.080  -52.789  -38.561 0.1000000015
30687  -48.303  -52.361  -39.096 0.1000000015
31835  -47.657  -52.719  -37.789 0.1000000015
31869  -48.403  -52.101  -39.777 0.1000000015
31876  -47.207  -51.736  -40.662 0.1000000015
31878  -48.194  -51.565  -40.674 0.1000000015
31883  -48.234  -50.840  -41.452 0.1000000015
32959  -42.188  -50.274  -30.081 0.1000000015
33041  -43.899  -50.458  -36.571 0.1000000015
33084  -48.309  -51.406  -40.313 0.1000000015
33090  -46.208  -50.307  -42.450 0.1000000015
33092  -47.821  -50.511  -42.102 0.1000000015
33094  -47.463  -49.984  -42.708 0.1000000015
34256  -44.453  -49.999  -36.761 0.1000000015
35473  -44.336  -49.042  -37.196 0.1000000015
35504  -46.950  -49.130  -41.867 0.1000000015
35520  -47.061  -49.048  -42.763 0.1000000015
36638  -41.419  -46.836  -35.834 0.1000000015
36649  -41.904  -46.738  -36.313 0.1000000015
36685  -43.408  -47.527  -39.636 0.1000000015
37727  -42.314  -46.167  -37.808 0.1000000015
38756  -41.626  -45.328  -36.473 0.1000000015
38759  -41.747  -44.660  -37.047 0.1000000015
39749  -40.038  -44.223  -38.134 0.1000000015
39750  -40.625  -43.902  -37.282 0.1000000015
39761  -39.843  -44.316  -39.379 0.1000000015
40770  -38.851  -43.483  -37.390 0.1000000015
41800  -38.684  -42.520  -35.296 0.1000000015
41802  -40.312  -42.945  -34.978 0.1000000015
43779  -36.998  -41.028  -33.881 0.1000000015
121303  -36.515  -55.497  -48.349 0.1000000015
122143  -24.297  -69.651  -42.608 0.1000000015
122673  -37.619  -67.549  -35.254 0.4000000060
122765  -27.655  -73.020  -43.518 0.1000000015
124147  -38.509  -60.519  -34.457 0.4000000060
125979  -40.714  -44.320  -38.094 0.1000000015
126049  -40.388  -43.572  -35.911 0.1000000015
126164  -41.312  -60.977  -27.840 0.3000000119
127016  -26.655  -73.665  -45.967 0.1000000015
127844  -35.894  -61.970  -30.460 0.2000000030
129189  -41.943  -49.779  -29.970 0.1000000015
129968  -40.197  -52.610  -26.258 0.1000000015
130474  -44.978  -60.358  -23.525 0.3000000119
131653  -31.590  -61.854  -42.057 0.1000000015
131780  -42.599  -45.280  -39.245 0.1000000015
132110  -42.712  -48.862  -36.532 0.1000000015
132312  -37.035  -69.738  -30.730 0.1000000015
132560  -39.699  -65.673  -38.768 0.2000000030
132921  -37.571  -69.617  -28.711 0.1000000015
132985  -41.631  -62.917  -37.668 0.5000000000
133254  -33.433  -65.116  -48.170 0.1000000015
134280  -42.033  -44.934  -37.717 0.1000000015
134743  -32.293  -59.879  -23.086 0.1000000015
135010  -35.002  -66.962  -47.136 0.2000000030
135467  -41.002  -61.085  -26.271 0.3000000119
135534  -41.953  -56.709  -42.202 0.1000000015
135608  -40.044  -55.647  -43.376 0.1000000015
135656  -40.692  -44.577  -35.729 0.1000000015
138526  -37.655  -56.472  -47.817 0.1000000015
139416  -47.429  -49.564  -42.264 0.1000000015
139782  -35.191  -63.501  -25.226 0.3000000119
140166  -46.687  -60.214  -23.491 0.3000000119
140347  -41.114  -50.883  -36.140 0.1000000015
140406  -32.440  -62.011  -20.600 0.1000000015
140629  -31.442  -65.802  -22.463 0.1000000015
140645  -46.369  -63.104  -28.999 0.5000000000
142411  -39.856  -60.264  -25.979 0.3000000119
142431  -44.600  -57.553  -38.939 0.1000000015
142699  -39.794  -57.163  -23.437 0.1000000015
143714  -44.581  -57.507  -39.705 0.1000000015
144370  -25.642  -69.110  -43.924 0.1000000015
144769  -40.787  -62.568  -34.815 0.4000000060
145336  -28.009  -73.468  -43.784 0.1000000015
145381  -36.965  -65.040  -45.156 0.2000000030
145645  -38.940  -56.590  -46.590 0.1000000015
145718  -50.412  -55.947  -27.824 0.1000000015
145867  -35.130  -59.645  -44.341 0.1000000015
146104  -43.812  -47.439  -40.588 0.1000000015
