#!ascii label  , from subject sub-v1s18x0051259_ses-1 vox2ras=TkReg
991
54388  33.482  -15.091  32.686 0.0000000000
65965  44.485  -3.859  14.733 0.0000000000
60621  35.470  -9.004  22.843 0.0000000000
48366  17.571  -19.514  43.880 0.0000000000
57550  27.428  -12.036  34.104 0.0000000000
118341  36.219  -3.981  20.472 0.0000000000
122056  20.446  -14.356  37.385 0.0000000000
50781  20.667  -19.215  41.942 0.0000000000
55445  23.278  -14.519  35.274 0.0000000000
65941  48.799  -4.700  15.040 0.0000000000
59567  32.359  -11.147  33.156 0.0000000000
59597  33.394  -10.400  29.551 0.0000000000
56534  37.298  -13.165  32.477 0.0000000000
69892  47.308  -0.804  12.659 0.0000000000
68028  50.322  -2.538  11.789 0.0000000000
68928  41.618  -1.856  16.324 0.0000000000
64699  43.337  -5.934  18.502 0.0000000000
64703  39.410  -5.490  18.170 0.0000000000
62571  39.668  -7.972  22.309 0.0000000000
53191  32.458  -16.780  36.115 0.0000000000
47268  15.859  -21.609  47.919 0.0000000000
47258  11.864  -21.391  49.715 0.0000000000
48242  10.177  -20.228  53.173 0.0000000000
56519  30.619  -13.959  32.826 0.0000000000
53212  27.984  -16.491  35.551 0.0000000000
61560  31.971  -8.253  25.695 0.0000000000
60551  36.283  -9.317  28.056 0.0000000000
69914  52.826  -0.019  7.836 0.0000000000
128775  46.943  -4.399  14.775 0.0000000000
64738  46.314  -5.174  16.566 0.0000000000
57556  34.230  -12.319  33.194 0.0000000000
58609  34.627  -12.098  31.924 0.0000000000
55489  35.380  -14.102  32.244 0.0000000000
68939  44.485  -1.516  14.446 0.0000000000
110632  46.722  -0.275  13.873 0.0000000000
111187  45.867  -2.336  13.430 0.0000000000
68007  47.553  -3.029  13.134 0.0000000000
45193  7.843  -23.648  53.484 0.0000000000
66963  40.108  -3.289  16.751 0.0000000000
67987  38.621  -2.570  18.341 0.0000000000
63572  35.172  -6.460  21.202 0.0000000000
63588  36.842  -6.560  20.031 0.0000000000
61617  37.926  -8.371  22.071 0.0000000000
122789  38.401  -8.721  24.889 0.0000000000
49664  19.083  -19.262  42.367 0.0000000000
48347  21.065  -20.230  44.861 0.0000000000
48334  18.314  -20.776  45.361 0.0000000000
47277  18.180  -21.252  47.730 0.0000000000
48320  16.510  -20.750  45.694 0.0000000000
50713  13.694  -19.123  48.516 0.0000000000
48268  10.653  -20.968  51.611 0.0000000000
56504  28.718  -13.098  33.489 0.0000000000
53250  28.591  -16.152  33.443 0.0000000000
121657  26.879  -14.748  32.957 0.0000000000
54280  23.276  -14.772  38.173 0.0000000000
54292  25.244  -14.954  37.808 0.0000000000
60518  35.562  -9.620  31.158 0.0000000000
60553  34.696  -9.883  28.431 0.0000000000
67966  38.226  -2.037  20.799 0.0000000000
115144  35.580  -4.320  22.860 0.0000000000
63553  34.104  -6.058  23.183 0.0000000000
53168  21.559  -16.553  38.479 0.0000000000
51936  22.352  -17.803  41.132 0.0000000000
51972  20.356  -17.231  39.564 0.0000000000
53121  19.139  -17.171  40.659 0.0000000000
53093  18.334  -16.651  42.983 0.0000000000
126986  25.095  -12.990  33.186 0.0000000000
58589  23.308  -11.369  34.018 0.0000000000
55447  21.560  -14.062  35.423 0.0000000000
60501  30.791  -9.360  32.795 0.0000000000
60530  30.526  -9.697  29.798 0.0000000000
58620  32.678  -11.354  31.534 0.0000000000
58618  35.302  -11.519  31.337 0.0000000000
69903  50.463  -0.510  10.489 0.0000000000
68029  49.189  -1.908  11.719 0.0000000000
66984  49.729  -3.963  13.815 0.0000000000
66992  42.866  -2.787  15.017 0.0000000000
65926  43.606  -4.992  16.128 0.0000000000
65928  41.713  -4.448  16.225 0.0000000000
64701  40.987  -5.712  18.166 0.0000000000
63583  41.534  -6.790  20.392 0.0000000000
65901  37.582  -4.721  18.816 0.0000000000
63586  39.179  -6.948  19.760 0.0000000000
53245  33.220  -16.103  33.918 0.0000000000
54346  35.504  -15.757  34.256 0.0000000000
69868  43.662  -0.842  16.124 0.0000000000
50754  16.099  -18.530  44.995 0.0000000000
127852  14.264  -19.972  46.626 0.0000000000
47270  13.464  -21.500  48.359 0.0000000000
116894  13.113  -23.001  50.735 0.0000000000
45228  11.241  -23.353  51.229 0.0000000000
46210  9.316  -22.907  52.189 0.0000000000
47204  7.873  -21.646  53.566 0.0000000000
47206  5.714  -21.159  54.341 0.0000000000
55492  32.293  -14.525  32.589 0.0000000000
53248  30.765  -16.170  33.314 0.0000000000
52025  30.024  -17.044  35.773 0.0000000000
54331  25.735  -15.461  35.314 0.0000000000
60612  33.689  -9.229  23.762 0.0000000000
59619  31.463  -10.269  27.269 0.0000000000
59628  34.190  -10.413  26.545 0.0000000000
60587  36.342  -9.783  25.212 0.0000000000
55457  37.724  -14.409  34.464 0.0000000000
69912  54.021  -0.767  6.926 0.0000000000
68963  51.569  -1.147  9.499 0.0000000000
68961  52.982  -1.869  9.128 0.0000000000
65964  45.254  -4.022  14.620 0.0000000000
65923  46.804  -4.962  15.980 0.0000000000
119258  45.281  -4.867  15.717 0.0000000000
56538  33.978  -13.831  32.441 0.0000000000
56537  34.805  -13.792  32.303 0.0000000000
55475  34.878  -14.673  32.550 0.0000000000
68003  44.357  -2.316  14.237 0.0000000000
68942  45.569  -1.475  13.672 0.0000000000
67010  45.558  -2.916  13.707 0.0000000000
67009  46.310  -3.102  13.539 0.0000000000
45194  6.884  -23.342  53.566 0.0000000000
68917  39.546  -1.709  18.266 0.0000000000
118172  39.295  -1.594  18.878 0.0000000000
61620  35.377  -7.856  21.736 0.0000000000
62592  35.913  -7.564  21.254 0.0000000000
60620  36.319  -8.772  22.471 0.0000000000
61585  37.577  -8.897  23.303 0.0000000000
60600  36.815  -9.347  23.830 0.0000000000
49648  18.115  -19.341  43.308 0.0000000000
48364  18.911  -20.255  43.785 0.0000000000
48351  17.561  -20.145  44.308 0.0000000000
48335  17.411  -20.788  45.441 0.0000000000
48336  16.789  -20.283  44.878 0.0000000000
57557  27.901  -12.614  33.591 0.0000000000
56521  27.835  -13.134  32.988 0.0000000000
57558  27.247  -12.506  33.346 0.0000000000
122525  23.165  -15.322  38.761 0.0000000000
63450  31.686  -6.960  30.470 0.0000000000
61465  35.835  -8.863  31.254 0.0000000000
65848  34.998  -4.902  22.900 0.0000000000
64592  34.907  -5.029  23.861 0.0000000000
54296  20.921  -15.640  37.409 0.0000000000
53152  20.675  -16.682  38.817 0.0000000000
55409  20.138  -15.322  38.515 0.0000000000
54255  19.423  -15.630  40.477 0.0000000000
54243  19.289  -15.240  41.478 0.0000000000
53107  18.787  -16.039  41.864 0.0000000000
59550  24.175  -10.454  34.677 0.0000000000
57529  20.506  -12.686  37.034 0.0000000000
56489  21.012  -12.751  35.684 0.0000000000
125397  20.702  -14.163  36.563 0.0000000000
54295  21.483  -15.729  37.257 0.0000000000
59569  30.847  -10.300  32.079 0.0000000000
58612  32.166  -11.205  32.282 0.0000000000
57571  36.329  -12.754  31.925 0.0000000000
57580  35.273  -12.110  31.733 0.0000000000
57578  36.564  -12.041  31.732 0.0000000000
126160  36.638  -11.298  31.750 0.0000000000
57555  37.728  -12.416  32.754 0.0000000000
69885  47.304  -0.241  13.241 0.0000000000
69900  48.969  -0.941  11.536 0.0000000000
131511  48.364  -0.986  11.892 0.0000000000
65961  48.343  -4.282  14.335 0.0000000000
67007  48.363  -3.262  13.143 0.0000000000
65960  49.255  -4.393  14.405 0.0000000000
127057  42.402  -2.413  15.383 0.0000000000
65946  42.420  -4.076  15.662 0.0000000000
126307  41.419  -3.155  15.832 0.0000000000
65908  39.480  -4.508  17.393 0.0000000000
65907  40.327  -4.762  17.096 0.0000000000
64702  40.180  -5.635  18.161 0.0000000000
134094  41.091  -6.292  19.131 0.0000000000
63599  40.658  -6.550  19.421 0.0000000000
67974  36.852  -3.024  20.844 0.0000000000
66939  37.135  -3.551  19.458 0.0000000000
66940  36.504  -4.118  19.886 0.0000000000
117080  38.217  -7.597  20.832 0.0000000000
63587  38.016  -7.011  20.021 0.0000000000
62589  39.546  -7.634  21.350 0.0000000000
62588  40.469  -7.429  21.270 0.0000000000
120336  32.855  -16.577  35.514 0.0000000000
111865  34.149  -16.411  35.607 0.0000000000
68922  42.339  -0.997  17.544 0.0000000000
110448  42.944  -1.280  15.935 0.0000000000
67997  42.991  -1.936  15.151 0.0000000000
50790  21.539  -18.346  41.231 0.0000000000
50772  21.875  -19.101  43.051 0.0000000000
118785  16.632  -21.466  47.530 0.0000000000
123098  17.478  -21.394  48.940 0.0000000000
126449  16.246  -21.584  48.882 0.0000000000
113600  15.358  -21.927  49.493 0.0000000000
51857  15.662  -17.827  46.636 0.0000000000
50739  15.089  -18.714  45.992 0.0000000000
50740  14.597  -18.890  46.608 0.0000000000
48301  12.763  -20.319  48.750 0.0000000000
48300  13.210  -20.709  48.160 0.0000000000
47271  12.780  -21.242  48.673 0.0000000000
46231  13.383  -22.421  49.407 0.0000000000
46233  12.075  -22.254  49.837 0.0000000000
45246  12.141  -23.269  50.909 0.0000000000
47246  11.442  -21.941  50.243 0.0000000000
48256  10.434  -20.566  52.419 0.0000000000
47225  10.095  -21.400  52.039 0.0000000000
48257  9.784  -20.948  52.743 0.0000000000
47227  8.870  -22.290  52.645 0.0000000000
48244  8.763  -21.078  53.611 0.0000000000
56501  31.371  -13.225  34.137 0.0000000000
113861  32.136  -13.337  33.581 0.0000000000
55493  31.352  -14.407  32.625 0.0000000000
54371  31.258  -15.704  32.890 0.0000000000
54372  30.605  -15.724  32.855 0.0000000000
53231  28.008  -16.276  34.089 0.0000000000
127350  29.645  -16.639  34.343 0.0000000000
53211  28.711  -16.716  35.314 0.0000000000
56505  23.880  -13.965  33.926 0.0000000000
55459  25.280  -14.385  33.566 0.0000000000
54332  24.798  -14.943  35.072 0.0000000000
54291  26.124  -15.488  37.663 0.0000000000
129404  44.023  -5.440  16.956 0.0000000000
64719  44.846  -5.546  17.618 0.0000000000
64698  44.786  -5.694  18.495 0.0000000000
63536  32.763  -6.886  25.619 0.0000000000
62546  32.921  -7.944  24.182 0.0000000000
61575  32.648  -8.770  24.573 0.0000000000
126334  31.189  -10.515  29.771 0.0000000000
59608  30.754  -10.093  28.561 0.0000000000
59606  32.108  -10.541  28.546 0.0000000000
60552  35.545  -9.549  28.249 0.0000000000
59616  34.413  -10.254  27.413 0.0000000000
59627  34.880  -10.208  26.830 0.0000000000
59654  34.726  -10.282  25.063 0.0000000000
60564  36.518  -9.487  27.095 0.0000000000
125625  37.057  -9.392  26.429 0.0000000000
54345  36.393  -15.532  34.593 0.0000000000
69913  53.427  -0.414  7.404 0.0000000000
68957  50.493  -1.363  10.624 0.0000000000
68964  50.961  -0.889  9.949 0.0000000000
68042  51.084  -2.023  10.732 0.0000000000
113449  53.085  -2.755  10.678 0.0000000000
68040  53.569  -2.795  10.351 0.0000000000
57516  20.392  -12.733  37.745 0.0000000000
56435  20.228  -13.678  38.875 0.0000000000
132984  47.836  -4.620  15.047 0.0000000000
64736  48.585  -5.152  16.438 0.0000000000
65922  47.695  -4.979  16.004 0.0000000000
58597  33.502  -11.594  33.566 0.0000000000
58611  33.187  -11.552  32.564 0.0000000000
57574  34.595  -12.475  32.541 0.0000000000
118199  35.463  -13.438  32.220 0.0000000000
55488  36.265  -14.088  32.376 0.0000000000
69879  46.999  -0.063  14.801 0.0000000000
69881  45.491  -0.814  14.307 0.0000000000
131955  46.115  -1.139  13.388 0.0000000000
68946  46.924  -1.394  12.756 0.0000000000
68945  47.567  -1.576  12.451 0.0000000000
117852  46.908  -2.858  13.246 0.0000000000
67008  47.133  -3.455  13.629 0.0000000000
45192  8.659  -23.943  53.186 0.0000000000
68923  41.493  -1.421  17.214 0.0000000000
66962  40.751  -3.144  16.285 0.0000000000
68925  39.882  -1.943  17.558 0.0000000000
67993  38.985  -3.070  17.733 0.0000000000
66959  38.803  -3.946  17.683 0.0000000000
65875  35.612  -4.917  20.823 0.0000000000
64652  36.356  -5.637  19.957 0.0000000000
62609  36.355  -7.144  20.710 0.0000000000
62590  37.625  -7.954  21.311 0.0000000000
61600  38.752  -8.347  22.555 0.0000000000
61584  38.514  -8.563  23.488 0.0000000000
61571  39.086  -8.248  25.025 0.0000000000
51998  31.643  -17.232  37.352 0.0000000000
49663  19.833  -19.305  42.034 0.0000000000
49662  20.467  -19.575  42.648 0.0000000000
119948  19.425  -20.011  43.375 0.0000000000
129840  19.673  -20.626  45.224 0.0000000000
48318  19.498  -20.845  46.647 0.0000000000
48319  17.293  -21.146  46.229 0.0000000000
47279  15.741  -21.404  46.923 0.0000000000
50712  14.340  -18.488  48.285 0.0000000000
50701  13.009  -19.429  49.880 0.0000000000
49524  12.445  -19.759  50.308 0.0000000000
48279  11.439  -20.965  50.335 0.0000000000
49525  11.854  -20.127  50.743 0.0000000000
49504  11.578  -19.574  52.438 0.0000000000
49492  11.339  -19.384  53.117 0.0000000000
133404  29.364  -13.394  33.389 0.0000000000
131928  29.512  -14.981  32.609 0.0000000000
116821  28.948  -14.653  32.683 0.0000000000
54374  27.491  -15.220  32.980 0.0000000000
54349  27.225  -15.891  33.873 0.0000000000
54311  23.717  -14.769  36.728 0.0000000000
54310  24.592  -14.939  36.614 0.0000000000
55408  23.850  -14.301  38.210 0.0000000000
64674  43.443  -6.156  19.305 0.0000000000
62505  31.472  -7.887  27.030 0.0000000000
59587  34.910  -9.938  30.727 0.0000000000
59604  33.955  -10.079  29.091 0.0000000000
60528  35.353  -9.310  30.593 0.0000000000
61499  35.607  -9.054  29.835 0.0000000000
71855  52.544  1.272  8.599 0.0000000000
131261  4.543  -23.264  53.556 0.0000000000
131964  37.827  -2.345  21.323 0.0000000000
67967  37.264  -2.731  21.490 0.0000000000
66917  35.874  -4.007  21.590 0.0000000000
64615  34.966  -5.190  21.954 0.0000000000
63573  34.660  -6.804  21.739 0.0000000000
62573  34.761  -7.977  22.184 0.0000000000
53134  22.782  -16.753  39.801 0.0000000000
51935  23.079  -17.069  41.318 0.0000000000
51970  21.875  -17.276  39.620 0.0000000000
51937  21.460  -17.842  40.320 0.0000000000
50800  20.665  -18.344  40.749 0.0000000000
55397  19.862  -15.435  39.183 0.0000000000
51953  19.790  -17.432  40.094 0.0000000000
50792  19.415  -18.299  41.117 0.0000000000
50793  18.886  -18.226  41.535 0.0000000000
50782  18.544  -18.517  42.158 0.0000000000
51906  17.746  -17.782  43.432 0.0000000000
58598  26.056  -11.863  33.485 0.0000000000
58599  25.353  -11.641  33.599 0.0000000000
57562  23.894  -11.841  33.615 0.0000000000
56506  23.106  -13.356  34.178 0.0000000000
58577  22.021  -11.210  34.796 0.0000000000
56507  22.346  -12.843  34.477 0.0000000000
55446  22.305  -14.393  35.260 0.0000000000
54312  22.713  -15.141  36.709 0.0000000000
134050  22.716  -15.604  38.108 0.0000000000
62426  31.331  -7.838  32.590 0.0000000000
62453  30.776  -8.185  30.483 0.0000000000
61467  30.576  -8.913  31.514 0.0000000000
59590  31.312  -10.638  30.632 0.0000000000
58628  32.730  -11.081  30.704 0.0000000000
131119  34.134  -11.680  31.543 0.0000000000
58627  33.576  -11.428  31.096 0.0000000000
126720  33.994  -11.074  30.620 0.0000000000
59576  35.411  -10.682  31.130 0.0000000000
59566  36.932  -10.648  32.116 0.0000000000
70841  50.058  0.437  11.354 0.0000000000
68958  49.837  -0.803  10.984 0.0000000000
114384  49.838  -2.147  11.584 0.0000000000
68018  48.039  -2.468  12.593 0.0000000000
67023  49.480  -2.979  12.599 0.0000000000
66991  43.398  -3.186  14.818 0.0000000000
130351  44.270  -4.231  15.106 0.0000000000
65945  43.255  -4.359  15.575 0.0000000000
65927  42.691  -4.756  16.161 0.0000000000
64740  43.007  -5.294  16.823 0.0000000000
65929  40.819  -4.344  16.548 0.0000000000
64722  41.504  -5.411  17.499 0.0000000000
129877  42.678  -5.847  18.205 0.0000000000
64675  42.589  -6.167  18.970 0.0000000000
63582  42.367  -6.589  20.673 0.0000000000
67978  38.289  -2.232  18.988 0.0000000000
66951  37.774  -3.478  18.756 0.0000000000
64705  37.959  -5.148  18.617 0.0000000000
63603  36.955  -5.905  19.532 0.0000000000
124927  38.392  -6.502  19.388 0.0000000000
63601  39.049  -6.336  19.021 0.0000000000
63585  40.206  -6.991  19.862 0.0000000000
54348  33.840  -15.675  33.403 0.0000000000
134071  34.460  -15.537  33.369 0.0000000000
53225  33.856  -16.165  34.308 0.0000000000
53206  34.868  -16.308  35.491 0.0000000000
68931  44.174  -1.258  14.952 0.0000000000
68940  43.807  -1.773  14.724 0.0000000000
51890  17.353  -17.922  44.099 0.0000000000
132746  17.123  -17.415  45.363 0.0000000000
50765  16.520  -18.878  44.531 0.0000000000
49608  16.054  -19.529  44.866 0.0000000000
128282  15.172  -20.146  45.814 0.0000000000
47291  14.981  -21.066  46.786 0.0000000000
49569  13.729  -19.636  47.645 0.0000000000
47282  13.824  -21.048  47.702 0.0000000000
47269  14.347  -21.755  48.172 0.0000000000
46230  14.063  -22.390  49.375 0.0000000000
46222  13.917  -22.574  50.147 0.0000000000
44154  10.277  -24.017  52.338 0.0000000000
47236  10.451  -21.932  51.327 0.0000000000
46218  9.932  -23.137  51.789 0.0000000000
45211  9.729  -23.622  52.247 0.0000000000
45213  8.192  -23.408  52.911 0.0000000000
46197  7.395  -23.146  53.150 0.0000000000
46198  6.574  -22.924  53.384 0.0000000000
48230  8.241  -20.757  54.344 0.0000000000
47205  6.800  -21.642  53.871 0.0000000000
47217  6.123  -22.270  53.660 0.0000000000
56539  32.985  -13.817  32.648 0.0000000000
54389  32.593  -15.119  32.659 0.0000000000
54370  32.055  -15.660  32.949 0.0000000000
53247  31.547  -16.164  33.499 0.0000000000
53209  31.304  -16.740  35.117 0.0000000000
122357  30.042  -16.059  33.067 0.0000000000
124346  30.355  -16.787  34.884 0.0000000000
52024  30.839  -16.997  35.827 0.0000000000
122489  25.789  -13.999  32.970 0.0000000000
54350  26.375  -15.587  34.268 0.0000000000
119975  26.659  -15.937  35.125 0.0000000000
54309  25.544  -15.364  36.446 0.0000000000
54330  26.408  -15.845  36.036 0.0000000000
53193  27.810  -16.466  36.388 0.0000000000
64739  45.466  -5.155  16.358 0.0000000000
63544  33.694  -6.461  23.771 0.0000000000
63554  33.495  -7.379  23.419 0.0000000000
61587  34.182  -8.857  23.181 0.0000000000
62471  30.709  -8.276  29.660 0.0000000000
61532  30.804  -9.323  27.502 0.0000000000
60577  31.573  -9.558  26.261 0.0000000000
110980  32.903  -10.507  27.820 0.0000000000
59618  32.727  -10.547  26.942 0.0000000000
59643  32.514  -10.069  25.453 0.0000000000
59655  33.159  -10.057  24.850 0.0000000000
60602  34.860  -9.933  24.205 0.0000000000
118971  35.820  -9.683  23.954 0.0000000000
60586  37.074  -9.443  24.765 0.0000000000
54366  36.105  -15.286  33.564 0.0000000000
55473  36.642  -14.598  33.067 0.0000000000
55472  37.453  -14.178  33.493 0.0000000000
56482  38.390  -13.892  34.944 0.0000000000
129122  38.209  -12.739  33.477 0.0000000000
69917  54.497  -0.339  6.400 0.0000000000
70846  51.416  0.337  9.467 0.0000000000
68969  51.848  -0.801  8.932 0.0000000000
68956  51.880  -1.993  10.283 0.0000000000
68962  52.182  -1.596  9.505 0.0000000000
68968  52.443  -1.212  8.715 0.0000000000
68967  53.287  -1.492  8.354 0.0000000000
68058  54.562  -2.409  8.520 0.0000000000
65943  45.634  -4.546  15.218 0.0000000000
65944  44.787  -4.492  15.254 0.0000000000
55490  34.180  -14.467  32.479 0.0000000000
66989  44.888  -3.192  14.120 0.0000000000
66988  45.771  -3.568  14.080 0.0000000000
45195  6.075  -23.100  53.628 0.0000000000
61602  35.462  -8.467  22.222 0.0000000000
61619  36.121  -8.216  21.739 0.0000000000
61586  36.819  -9.109  23.016 0.0000000000
60609  36.086  -9.289  23.231 0.0000000000
48365  18.198  -20.025  43.747 0.0000000000
49629  16.916  -19.586  44.390 0.0000000000
53149  23.269  -15.945  40.005 0.0000000000
54266  23.524  -14.772  39.746 0.0000000000
55417  20.481  -15.193  37.711 0.0000000000
54281  20.513  -15.971  38.103 0.0000000000
56456  20.434  -13.452  37.176 0.0000000000
56472  20.658  -13.174  36.407 0.0000000000
55432  20.819  -15.011  36.918 0.0000000000
59568  31.482  -10.666  32.601 0.0000000000
56535  36.681  -13.356  32.209 0.0000000000
57570  37.029  -12.608  32.071 0.0000000000
70830  48.040  0.237  13.366 0.0000000000
69884  47.900  -0.253  12.661 0.0000000000
69891  48.423  -0.409  12.097 0.0000000000
113823  47.931  -0.924  12.224 0.0000000000
65940  49.699  -4.727  15.122 0.0000000000
44132  9.899  -24.332  53.526 0.0000000000
67998  41.804  -2.460  15.769 0.0000000000
67995  41.139  -2.476  16.252 0.0000000000
64725  39.205  -5.022  17.814 0.0000000000
64724  39.850  -5.155  17.654 0.0000000000
63613  40.525  -6.097  18.799 0.0000000000
63614  39.681  -5.990  18.668 0.0000000000
66927  36.662  -3.471  20.274 0.0000000000
62572  38.688  -7.979  21.612 0.0000000000
131953  38.860  -7.641  21.107 0.0000000000
53208  32.135  -16.637  35.332 0.0000000000
112990  42.275  -1.311  16.601 0.0000000000
68933  42.287  -1.836  15.773 0.0000000000
115751  20.895  -18.777  41.413 0.0000000000
118724  21.603  -18.838  42.120 0.0000000000
50780  21.184  -19.353  42.593 0.0000000000
47267  16.795  -21.481  48.536 0.0000000000
123040  16.062  -21.610  49.582 0.0000000000
47254  15.406  -21.837  48.690 0.0000000000
50723  14.973  -18.210  46.963 0.0000000000
48290  12.296  -20.795  49.236 0.0000000000
47257  12.430  -21.739  49.260 0.0000000000
46225  11.732  -22.792  50.476 0.0000000000
47214  9.171  -21.392  52.998 0.0000000000
48243  9.479  -20.631  53.445 0.0000000000
113871  30.719  -13.531  33.379 0.0000000000
56518  31.454  -13.641  33.016 0.0000000000
54391  30.920  -15.182  32.627 0.0000000000
55494  30.549  -14.604  32.619 0.0000000000
122398  28.193  -16.476  34.824 0.0000000000
53192  28.565  -16.769  36.134 0.0000000000
129209  23.934  -14.510  34.796 0.0000000000
55460  24.645  -14.521  34.189 0.0000000000
113756  44.048  -5.710  18.009 0.0000000000
110858  44.091  -5.881  18.881 0.0000000000
62519  31.931  -7.653  26.286 0.0000000000
63523  32.491  -6.871  26.348 0.0000000000
62536  32.356  -7.511  25.632 0.0000000000
62547  32.428  -8.131  25.009 0.0000000000
119970  32.164  -8.869  25.251 0.0000000000
59598  32.549  -10.580  29.394 0.0000000000
133039  31.755  -10.578  29.354 0.0000000000
60565  35.189  -9.928  27.505 0.0000000000
127461  35.834  -9.643  27.502 0.0000000000
60576  35.620  -9.935  26.669 0.0000000000
60550  37.078  -9.068  27.861 0.0000000000
70852  53.410  0.401  7.382 0.0000000000
68043  50.378  -2.062  11.203 0.0000000000
114335  51.005  -2.504  11.442 0.0000000000
57506  20.448  -11.965  38.254 0.0000000000
117537  20.327  -12.826  38.611 0.0000000000
58543  20.520  -11.138  38.719 0.0000000000
118470  20.545  -11.954  37.351 0.0000000000
131535  47.156  -4.739  15.431 0.0000000000
64737  47.134  -5.175  16.655 0.0000000000
58610  34.202  -11.991  32.856 0.0000000000
56536  35.967  -13.461  32.106 0.0000000000
69882  44.811  -0.888  14.856 0.0000000000
68938  45.047  -1.288  14.233 0.0000000000
113920  46.609  -0.828  13.156 0.0000000000
68020  46.329  -1.676  13.125 0.0000000000
68019  47.066  -2.235  12.824 0.0000000000
68008  46.476  -2.435  13.205 0.0000000000
66987  46.624  -3.845  14.113 0.0000000000
65962  47.469  -4.098  14.228 0.0000000000
126814  40.962  -1.352  17.871 0.0000000000
68924  40.634  -1.713  17.351 0.0000000000
68916  40.266  -1.497  18.043 0.0000000000
67986  39.224  -2.244  17.934 0.0000000000
66950  38.377  -3.374  18.214 0.0000000000
64631  35.272  -5.544  21.122 0.0000000000
63589  35.845  -6.299  20.529 0.0000000000
62610  35.686  -6.971  20.964 0.0000000000
61618  36.994  -8.362  21.829 0.0000000000
62591  36.704  -7.795  21.212 0.0000000000
118576  38.043  -8.595  22.785 0.0000000000
61573  37.852  -8.961  24.252 0.0000000000
61572  38.625  -8.554  24.333 0.0000000000
61558  38.500  -8.610  25.665 0.0000000000
68915  41.664  -1.162  18.140 0.0000000000
121403  19.620  -19.637  42.792 0.0000000000
48350  18.378  -20.453  44.456 0.0000000000
48349  19.285  -20.513  44.483 0.0000000000
133795  18.960  -20.682  45.030 0.0000000000
48333  19.188  -20.772  45.752 0.0000000000
111900  18.674  -20.959  46.279 0.0000000000
47289  16.503  -21.267  46.531 0.0000000000
49513  12.418  -19.560  51.184 0.0000000000
49505  10.876  -19.860  52.798 0.0000000000
57538  29.079  -12.818  34.623 0.0000000000
56503  29.582  -13.131  33.938 0.0000000000
112750  29.206  -13.767  32.928 0.0000000000
55478  27.488  -14.091  32.725 0.0000000000
123339  28.129  -14.643  32.708 0.0000000000
119589  26.788  -15.332  33.461 0.0000000000
54293  23.467  -14.695  37.522 0.0000000000
63509  31.771  -7.103  27.554 0.0000000000
112281  31.307  -7.633  27.814 0.0000000000
60529  34.693  -9.698  30.215 0.0000000000
127406  36.336  -8.282  31.239 0.0000000000
61480  35.923  -8.680  30.573 0.0000000000
46183  4.498  -22.451  53.529 0.0000000000
66910  35.985  -3.881  22.385 0.0000000000
65860  35.444  -4.703  21.412 0.0000000000
65847  35.440  -4.481  22.179 0.0000000000
64616  34.521  -5.669  22.567 0.0000000000
63562  34.221  -6.518  22.437 0.0000000000
62574  34.339  -7.332  22.219 0.0000000000
62575  33.875  -7.176  22.721 0.0000000000
53150  22.224  -16.770  39.071 0.0000000000
51971  20.975  -17.396  39.480 0.0000000000
51952  20.492  -17.783  40.082 0.0000000000
121707  20.044  -14.542  39.232 0.0000000000
53135  19.433  -16.584  40.135 0.0000000000
117496  19.427  -17.798  40.685 0.0000000000
51938  18.952  -17.689  41.161 0.0000000000
53108  18.472  -16.792  42.223 0.0000000000
51939  18.522  -17.632  41.801 0.0000000000
51922  18.115  -17.547  42.646 0.0000000000
50773  18.047  -18.515  42.936 0.0000000000
58586  26.039  -11.366  34.089 0.0000000000
129487  25.664  -10.911  34.964 0.0000000000
129600  23.545  -10.733  34.346 0.0000000000
58588  24.102  -10.998  33.950 0.0000000000
56525  23.781  -12.910  33.596 0.0000000000
57551  23.117  -12.322  33.921 0.0000000000
126976  21.383  -13.449  35.329 0.0000000000
124132  21.581  -12.814  34.983 0.0000000000
56488  21.874  -13.640  34.920 0.0000000000
55431  22.204  -15.059  36.014 0.0000000000
53183  21.935  -16.021  37.777 0.0000000000
53167  22.476  -16.197  38.526 0.0000000000
61457  30.856  -8.356  32.101 0.0000000000
61458  30.649  -9.094  32.278 0.0000000000
59578  31.543  -10.845  31.601 0.0000000000
59579  30.810  -10.351  31.169 0.0000000000
131980  32.035  -10.947  30.924 0.0000000000
58619  33.773  -11.756  31.869 0.0000000000
58626  34.525  -11.557  31.257 0.0000000000
59577  34.720  -10.959  30.815 0.0000000000
58608  37.238  -11.641  32.168 0.0000000000
70814  47.843  0.211  14.963 0.0000000000
71844  50.570  1.048  11.413 0.0000000000
133064  49.594  0.421  11.790 0.0000000000
68951  49.750  -1.567  11.257 0.0000000000
67006  49.211  -3.434  13.173 0.0000000000
67024  48.770  -2.918  12.731 0.0000000000
66968  43.762  -3.885  15.009 0.0000000000
66969  42.970  -3.613  15.205 0.0000000000
64741  42.049  -5.131  16.775 0.0000000000
129719  40.556  -3.763  16.441 0.0000000000
64723  40.654  -5.277  17.538 0.0000000000
64742  41.161  -4.933  16.893 0.0000000000
64721  42.376  -5.544  17.530 0.0000000000
64700  41.869  -5.850  18.316 0.0000000000
63598  41.339  -6.530  19.620 0.0000000000
63597  42.169  -6.440  19.800 0.0000000000
68905  38.732  -1.734  19.309 0.0000000000
67972  37.991  -2.146  19.861 0.0000000000
119040  37.483  -4.103  18.879 0.0000000000
65900  38.136  -4.336  18.323 0.0000000000
62607  38.940  -7.408  20.598 0.0000000000
64676  38.238  -5.860  18.843 0.0000000000
63600  39.882  -6.524  19.232 0.0000000000
53190  34.488  -16.455  36.263 0.0000000000
113863  44.968  -0.575  15.755 0.0000000000
69875  44.239  -0.858  15.535 0.0000000000
68004  43.533  -2.487  14.678 0.0000000000
131438  22.787  -17.612  41.673 0.0000000000
51921  23.194  -17.372  42.180 0.0000000000
49628  20.691  -20.131  44.046 0.0000000000
47265  18.162  -21.297  48.666 0.0000000000
51889  17.883  -17.189  44.217 0.0000000000
51871  16.512  -17.737  45.521 0.0000000000
50753  16.800  -18.025  44.716 0.0000000000
50755  15.577  -18.955  45.297 0.0000000000
49588  14.695  -19.579  46.182 0.0000000000
48322  14.769  -20.379  46.357 0.0000000000
50725  14.035  -19.039  47.752 0.0000000000
48311  13.645  -20.310  47.574 0.0000000000
47281  14.562  -21.280  47.416 0.0000000000
47255  14.609  -22.177  48.982 0.0000000000
46239  13.795  -22.134  48.818 0.0000000000
46223  13.060  -22.698  49.943 0.0000000000
45227  11.788  -23.657  51.688 0.0000000000
45210  10.996  -23.899  51.962 0.0000000000
44153  10.813  -24.166  52.528 0.0000000000
45229  10.430  -23.554  51.780 0.0000000000
48267  11.250  -20.526  51.167 0.0000000000
47235  10.951  -21.461  50.835 0.0000000000
47237  9.918  -22.365  51.781 0.0000000000
45212  8.956  -23.598  52.636 0.0000000000
46211  8.625  -23.022  52.565 0.0000000000
47215  8.542  -21.803  53.079 0.0000000000
46196  8.058  -22.605  52.931 0.0000000000
47216  7.131  -22.494  53.351 0.0000000000
48229  9.068  -20.340  54.129 0.0000000000
123271  7.456  -21.018  54.387 0.0000000000
47218  4.986  -21.765  53.855 0.0000000000
56516  33.930  -12.798  33.195 0.0000000000
56540  32.042  -13.970  32.701 0.0000000000
116587  32.296  -13.622  32.966 0.0000000000
54390  31.732  -15.125  32.625 0.0000000000
53227  31.848  -16.452  34.420 0.0000000000
53228  30.999  -16.534  34.142 0.0000000000
118541  29.255  -15.637  32.860 0.0000000000
53210  29.468  -16.814  35.102 0.0000000000
52010  31.248  -17.115  36.616 0.0000000000
52011  30.449  -17.153  36.518 0.0000000000
57560  25.557  -12.386  33.247 0.0000000000
57559  26.387  -12.565  33.143 0.0000000000
56523  25.685  -13.163  32.987 0.0000000000
54351  25.468  -15.050  34.305 0.0000000000
118349  25.078  -15.070  37.126 0.0000000000
53166  26.654  -15.719  38.275 0.0000000000
54308  26.281  -15.727  36.898 0.0000000000
53182  26.857  -15.990  37.460 0.0000000000
53194  27.016  -16.174  36.628 0.0000000000
116493  44.043  -4.565  15.487 0.0000000000
65925  44.581  -5.068  16.058 0.0000000000
113619  34.261  -5.664  24.934 0.0000000000
63534  33.724  -6.150  24.654 0.0000000000
119101  33.504  -8.375  23.493 0.0000000000
61481  30.496  -8.902  30.137 0.0000000000
59607  31.318  -10.367  28.079 0.0000000000
61517  30.570  -9.344  28.336 0.0000000000
59620  30.836  -9.926  27.740 0.0000000000
60566  31.150  -9.723  26.993 0.0000000000
110738  33.801  -10.324  28.108 0.0000000000
59617  33.565  -10.491  27.150 0.0000000000
59629  33.347  -10.489  26.293 0.0000000000
59630  32.467  -10.357  26.177 0.0000000000
59642  33.192  -10.338  25.504 0.0000000000
60588  35.597  -10.070  25.619 0.0000000000
110950  35.611  -9.990  24.722 0.0000000000
60601  36.320  -9.690  24.482 0.0000000000
61544  37.814  -9.033  26.224 0.0000000000
54347  34.609  -15.902  34.037 0.0000000000
54367  35.097  -15.357  33.272 0.0000000000
55443  37.232  -15.157  34.951 0.0000000000
55458  36.961  -14.926  34.009 0.0000000000
56499  38.208  -13.512  34.020 0.0000000000
57547  38.612  -12.540  34.182 0.0000000000
68972  54.349  -1.453  7.238 0.0000000000
112352  50.559  0.392  10.689 0.0000000000
69905  51.414  -0.485  9.418 0.0000000000
69910  51.786  -0.059  8.846 0.0000000000
68052  52.810  -2.289  10.028 0.0000000000
65963  46.094  -4.202  14.655 0.0000000000
65942  46.452  -4.650  15.326 0.0000000000
65924  46.008  -4.911  15.864 0.0000000000
56515  34.628  -12.970  32.611 0.0000000000
131834  34.776  -14.255  32.335 0.0000000000
68010  44.890  -1.786  13.995 0.0000000000
68009  45.150  -2.347  13.773 0.0000000000
111863  39.972  -1.444  18.789 0.0000000000
68918  38.886  -1.906  18.582 0.0000000000
62593  35.234  -7.225  21.397 0.0000000000
61601  37.301  -8.708  22.552 0.0000000000
49665  18.501  -19.146  42.736 0.0000000000
49647  18.817  -19.703  43.153 0.0000000000
113388  17.662  -20.520  44.831 0.0000000000
50678  13.054  -19.091  51.627 0.0000000000
55477  28.400  -13.845  32.786 0.0000000000
56522  26.996  -13.248  32.889 0.0000000000
55396  23.694  -14.518  38.893 0.0000000000
63470  31.514  -7.026  29.581 0.0000000000
60517  36.084  -9.362  31.629 0.0000000000
64603  34.521  -5.448  23.313 0.0000000000
53169  21.112  -16.171  37.905 0.0000000000
53151  21.402  -17.032  39.017 0.0000000000
54268  20.039  -16.119  38.842 0.0000000000
55398  19.732  -15.090  39.901 0.0000000000
55385  19.659  -14.750  40.780 0.0000000000
118945  19.069  -16.250  40.977 0.0000000000
53122  18.722  -16.924  41.403 0.0000000000
59551  22.805  -10.881  34.479 0.0000000000
57528  20.728  -12.142  36.452 0.0000000000
133204  20.972  -12.006  35.861 0.0000000000
56471  21.021  -13.795  35.822 0.0000000000
130238  21.403  -14.767  36.093 0.0000000000
54314  21.260  -15.355  36.833 0.0000000000
60511  30.674  -9.725  32.367 0.0000000000
60510  30.908  -10.046  32.841 0.0000000000
57572  35.755  -12.809  31.997 0.0000000000
57579  35.909  -12.143  31.648 0.0000000000
58617  36.023  -11.431  31.496 0.0000000000
58595  37.780  -11.478  32.901 0.0000000000
69890  49.010  0.069  11.881 0.0000000000
68030  48.374  -1.630  12.042 0.0000000000
66986  47.938  -3.705  13.689 0.0000000000
66985  48.795  -3.898  13.738 0.0000000000
65959  50.165  -4.403  14.503 0.0000000000
66970  42.215  -3.218  15.444 0.0000000000
65947  41.773  -3.784  15.792 0.0000000000
65930  40.076  -4.114  16.798 0.0000000000
63612  41.236  -6.020  18.717 0.0000000000
122523  37.532  -2.491  20.713 0.0000000000
67973  37.254  -2.835  20.053 0.0000000000
65889  37.034  -4.562  19.319 0.0000000000
62608  37.249  -7.382  20.619 0.0000000000
62606  39.837  -7.319  20.540 0.0000000000
53226  32.760  -16.400  34.660 0.0000000000
133096  33.377  -16.292  34.515 0.0000000000
53207  33.563  -16.417  35.111 0.0000000000
116552  33.433  -16.631  36.232 0.0000000000
68921  43.105  -0.762  17.908 0.0000000000
68927  43.095  -0.788  16.900 0.0000000000
68932  43.598  -1.307  15.346 0.0000000000
50789  22.440  -18.113  41.974 0.0000000000
47266  17.456  -21.381  48.154 0.0000000000
47253  16.940  -21.408  49.496 0.0000000000
51856  16.403  -17.449  46.372 0.0000000000
50738  15.836  -18.169  45.759 0.0000000000
49537  13.066  -19.590  49.027 0.0000000000
49552  13.247  -19.909  48.227 0.0000000000
47256  13.051  -22.021  48.916 0.0000000000
46232  12.707  -22.343  49.556 0.0000000000
46224  12.437  -22.758  50.202 0.0000000000
46226  11.004  -22.463  50.815 0.0000000000
48255  11.088  -20.174  52.010 0.0000000000
47226  9.498  -21.845  52.369 0.0000000000
53249  29.408  -16.353  33.581 0.0000000000
53230  28.840  -16.565  34.356 0.0000000000
52026  29.281  -16.975  35.895 0.0000000000
52012  29.775  -17.100  36.408 0.0000000000
56524  24.490  -13.384  33.422 0.0000000000
117015  25.136  -13.700  33.230 0.0000000000
55480  24.638  -14.054  33.599 0.0000000000
54277  25.859  -15.270  38.403 0.0000000000
126898  44.932  -5.339  16.846 0.0000000000
63522  33.198  -6.334  26.031 0.0000000000
63535  33.227  -6.538  25.200 0.0000000000
62535  32.754  -7.321  24.954 0.0000000000
59600  30.773  -10.219  29.376 0.0000000000
59599  31.207  -10.446  28.938 0.0000000000
60539  35.242  -9.416  29.157 0.0000000000
59641  34.013  -10.425  25.679 0.0000000000
59640  34.856  -10.304  26.047 0.0000000000
60575  36.367  -9.713  26.113 0.0000000000
54328  35.737  -16.038  35.282 0.0000000000
54327  36.659  -15.670  35.541 0.0000000000
54326  37.406  -15.268  35.846 0.0000000000
69918  53.873  -0.007  6.818 0.0000000000
68973  53.620  -1.152  7.593 0.0000000000
111649  51.268  -1.482  10.142 0.0000000000
68051  53.576  -2.439  9.594 0.0000000000
128936  54.129  -2.901  10.009 0.0000000000
56446  20.288  -13.577  38.002 0.0000000000
120503  20.236  -14.451  38.269 0.0000000000
58566  20.787  -11.204  36.902 0.0000000000
129568  48.430  -4.896  15.656 0.0000000000
57573  35.202  -12.833  32.298 0.0000000000
69880  46.185  -0.411  14.557 0.0000000000
69886  46.062  -0.764  13.747 0.0000000000
44133  9.152  -24.179  53.466 0.0000000000
68929  41.012  -1.923  16.742 0.0000000000
67991  40.412  -2.417  16.849 0.0000000000
67992  39.646  -2.716  17.306 0.0000000000
66958  39.473  -3.614  17.219 0.0000000000
65909  38.827  -4.623  17.848 0.0000000000
65874  36.074  -4.730  20.318 0.0000000000
64653  35.784  -5.428  20.516 0.0000000000
61599  39.422  -8.251  23.191 0.0000000000
61583  39.254  -8.272  24.074 0.0000000000
62534  39.762  -7.741  25.488 0.0000000000
52009  32.027  -17.024  36.733 0.0000000000
130220  32.716  -16.898  36.784 0.0000000000
51997  32.467  -17.145  37.518 0.0000000000
49646  20.216  -19.938  43.327 0.0000000000
48363  19.757  -20.304  43.908 0.0000000000
48348  20.159  -20.450  44.644 0.0000000000
47288  18.085  -21.197  46.780 0.0000000000
127251  17.970  -21.029  45.982 0.0000000000
47278  17.376  -21.356  47.171 0.0000000000
49538  12.528  -20.001  49.478 0.0000000000
48278  11.988  -20.446  49.909 0.0000000000
49514  11.738  -19.829  51.599 0.0000000000
56520  29.943  -13.586  33.250 0.0000000000
55476  29.825  -14.369  32.699 0.0000000000
54373  28.357  -15.436  32.879 0.0000000000
53251  27.900  -15.885  33.388 0.0000000000
53232  27.437  -16.235  34.814 0.0000000000
55444  24.059  -14.719  35.817 0.0000000000
54279  24.289  -14.587  37.514 0.0000000000
127904  24.484  -14.409  38.192 0.0000000000
55407  24.243  -14.305  38.801 0.0000000000
54278  25.068  -14.682  38.587 0.0000000000
63508  31.961  -7.179  26.869 0.0000000000
130861  31.595  -8.340  26.311 0.0000000000
59588  34.291  -10.217  30.353 0.0000000000
59596  34.080  -10.005  29.870 0.0000000000
60540  34.598  -9.676  29.501 0.0000000000
126172  35.049  -9.374  29.932 0.0000000000
60538  35.960  -9.145  28.941 0.0000000000
70849  52.359  0.415  8.397 0.0000000000
67037  50.895  -2.920  12.142 0.0000000000
46199  5.576  -22.738  53.638 0.0000000000
66928  36.278  -3.628  20.964 0.0000000000
67968  36.539  -3.332  21.754 0.0000000000
66929  35.843  -4.275  20.918 0.0000000000
64632  34.703  -6.011  21.763 0.0000000000
133499  34.831  -7.454  21.810 0.0000000000
61603  34.762  -8.629  22.648 0.0000000000
53133  23.180  -16.451  40.586 0.0000000000
51951  22.524  -17.319  40.425 0.0000000000
53153  19.941  -16.747  39.433 0.0000000000
54269  19.656  -15.992  39.591 0.0000000000
50801  19.946  -18.153  40.599 0.0000000000
50791  20.068  -18.771  41.302 0.0000000000
49680  19.290  -18.805  41.694 0.0000000000
50774  17.590  -18.649  43.594 0.0000000000
58585  26.692  -11.896  33.691 0.0000000000
58587  25.010  -10.952  34.199 0.0000000000
58600  24.606  -11.500  33.662 0.0000000000
57561  24.657  -12.364  33.365 0.0000000000
55461  23.133  -14.121  34.633 0.0000000000
57542  21.403  -11.838  35.351 0.0000000000
57541  21.917  -12.064  34.720 0.0000000000
58590  22.539  -11.747  34.329 0.0000000000
55462  22.518  -13.730  34.664 0.0000000000
55430  23.066  -14.765  35.939 0.0000000000
54294  22.704  -15.365  37.505 0.0000000000
54313  21.817  -15.390  36.602 0.0000000000
125222  22.085  -15.641  37.110 0.0000000000
54267  23.019  -16.084  39.294 0.0000000000
62452  31.239  -7.568  30.926 0.0000000000
61466  30.828  -8.206  31.283 0.0000000000
124950  30.589  -8.726  30.840 0.0000000000
117454  30.525  -9.543  30.772 0.0000000000
60519  30.572  -9.688  31.719 0.0000000000
59591  30.785  -10.288  30.235 0.0000000000
112094  31.993  -10.748  30.118 0.0000000000
111521  32.897  -10.740  30.055 0.0000000000
132626  33.332  -11.043  30.516 0.0000000000
59589  33.640  -10.520  30.113 0.0000000000
59575  36.206  -10.407  31.585 0.0000000000
69898  50.083  -0.155  10.939 0.0000000000
69899  49.559  -0.157  11.377 0.0000000000
114090  48.875  -2.417  12.244 0.0000000000
68017  49.643  -2.521  12.033 0.0000000000
66990  44.029  -3.152  14.515 0.0000000000
64720  43.232  -5.636  17.673 0.0000000000
121759  41.142  -3.814  16.093 0.0000000000
131463  42.890  -6.338  19.667 0.0000000000
63611  41.713  -6.226  19.093 0.0000000000
67979  37.700  -2.776  19.274 0.0000000000
67988  38.121  -2.853  18.693 0.0000000000
64704  38.645  -5.218  18.260 0.0000000000
65890  36.518  -4.867  19.768 0.0000000000
64678  36.842  -5.315  19.515 0.0000000000
64677  37.430  -5.432  19.116 0.0000000000
63602  37.588  -6.251  19.424 0.0000000000
63615  38.989  -5.808  18.559 0.0000000000
132428  40.907  -6.850  19.932 0.0000000000
63584  40.720  -7.155  20.516 0.0000000000
54368  34.294  -15.144  32.820 0.0000000000
54329  35.036  -16.142  34.781 0.0000000000
53224  34.369  -16.281  34.886 0.0000000000
50778  23.002  -18.016  42.647 0.0000000000
49645  21.204  -19.670  43.374 0.0000000000
53076  18.139  -16.962  43.547 0.0000000000
51870  17.530  -17.357  44.852 0.0000000000
50764  17.090  -18.753  44.165 0.0000000000
48321  15.842  -20.232  45.387 0.0000000000
49609  15.356  -19.580  45.516 0.0000000000
47290  15.608  -20.769  46.152 0.0000000000
47280  15.196  -21.470  47.307 0.0000000000
50724  14.473  -18.636  47.383 0.0000000000
49589  14.203  -19.413  46.979 0.0000000000
49568  13.896  -19.975  47.047 0.0000000000
48310  14.236  -20.597  47.014 0.0000000000
113933  15.038  -21.693  47.827 0.0000000000
47245  14.777  -22.237  49.820 0.0000000000
46216  14.230  -22.542  51.241 0.0000000000
44143  10.348  -24.318  52.918 0.0000000000
44155  9.503  -24.127  52.818 0.0000000000
46217  10.449  -22.881  51.345 0.0000000000
49494  9.826  -19.962  53.879 0.0000000000
61451  30.992  -8.628  32.956 0.0000000000
55491  33.231  -14.520  32.556 0.0000000000
54369  32.929  -15.627  33.092 0.0000000000
53246  32.387  -16.117  33.696 0.0000000000
54392  30.089  -15.272  32.659 0.0000000000
53229  30.198  -16.478  33.839 0.0000000000
52023  31.661  -16.902  35.975 0.0000000000
128437  26.285  -13.395  32.865 0.0000000000
55479  26.582  -14.065  32.786 0.0000000000
54375  26.125  -14.827  33.415 0.0000000000
132551  26.906  -15.958  34.515 0.0000000000
118500  24.951  -15.112  35.869 0.0000000000
123983  25.662  -15.364  37.190 0.0000000000
53213  27.203  -16.240  35.764 0.0000000000
64718  45.740  -5.393  17.257 0.0000000000
131506  44.721  -5.792  19.204 0.0000000000
112790  34.864  -5.230  24.779 0.0000000000
64593  34.239  -5.676  24.061 0.0000000000
63545  33.231  -6.939  24.334 0.0000000000
129866  33.792  -6.722  23.056 0.0000000000
61604  34.004  -7.996  22.720 0.0000000000
60622  34.838  -9.122  23.139 0.0000000000
62470  31.113  -7.581  30.055 0.0000000000
123299  31.050  -7.666  29.237 0.0000000000
60541  30.547  -9.757  29.051 0.0000000000
62488  30.699  -8.403  28.773 0.0000000000
62487  31.100  -7.714  28.458 0.0000000000
61516  30.856  -8.478  27.760 0.0000000000
61531  31.170  -8.915  26.783 0.0000000000
127599  31.654  -8.923  25.927 0.0000000000
59605  33.132  -10.425  28.756 0.0000000000
112075  32.084  -10.517  27.561 0.0000000000
133858  32.077  -10.446  26.874 0.0000000000
59631  31.719  -10.149  26.541 0.0000000000
59644  31.957  -10.017  25.920 0.0000000000
60589  32.017  -9.522  25.592 0.0000000000
59656  32.562  -9.524  24.955 0.0000000000
60604  33.124  -9.456  24.330 0.0000000000
121159  33.851  -10.285  24.929 0.0000000000
131956  34.328  -10.157  24.595 0.0000000000
60603  33.887  -9.910  24.275 0.0000000000
60611  34.446  -9.476  23.642 0.0000000000
60610  35.260  -9.454  23.484 0.0000000000
61559  37.839  -9.112  25.235 0.0000000000
60574  37.101  -9.446  25.659 0.0000000000
55474  35.747  -14.773  32.714 0.0000000000
56514  37.088  -13.874  32.667 0.0000000000
56513  37.724  -13.354  33.099 0.0000000000
55442  37.893  -14.612  35.376 0.0000000000
58594  38.290  -11.778  33.565 0.0000000000
69906  50.978  -0.099  10.007 0.0000000000
70845  51.892  0.822  8.963 0.0000000000
69909  52.340  -0.468  8.427 0.0000000000
132483  51.714  -1.544  9.850 0.0000000000
68041  52.479  -2.564  10.774 0.0000000000
131327  51.962  -1.187  9.113 0.0000000000
69908  52.915  -0.849  7.976 0.0000000000
68059  53.773  -2.113  8.796 0.0000000000
68966  54.064  -1.759  8.027 0.0000000000
60509  36.573  -9.625  32.129 0.0000000000
61500  30.479  -9.075  29.277 0.0000000000
61574  33.112  -8.761  24.015 0.0000000000
