#!ascii label  , from subject sub-v1s18x0051220_ses-1 vox2ras=TkReg
568
39195  10.669  -15.019  -4.340 0.1428571492
38251  10.328  -15.648  -3.829 0.1428571492
40132  10.575  -14.206  -5.511 0.1428571492
40109  11.901  -14.565  -3.353 0.1428571492
105706  11.001  -14.390  -4.852 0.2857142985
40120  10.259  -14.813  -5.054 0.1428571492
41099  11.767  -13.849  -4.600 0.1428571492
118926  11.166  -13.436  -6.637 0.5714285970
41114  12.084  -13.329  -5.270 0.1428571492
42129  13.154  -12.245  -5.434 0.2857142985
42130  12.348  -12.717  -5.969 0.2857142985
43238  13.625  -11.586  -5.775 0.1428571492
45382  14.159  -9.702  -7.623 0.2857142985
44304  13.615  -10.484  -7.784 0.2857142985
47423  14.483  -7.825  -8.578 0.2857142985
46439  14.288  -8.599  -8.266 0.2857142985
48387  14.722  -7.049  -9.080 0.2857142985
47440  14.151  -7.743  -9.326 0.2857142985
49392  14.835  -6.155  -11.342 0.2857142985
50376  16.036  -5.477  -13.325 0.8571428657
49403  15.272  -5.705  -11.868 0.4285714328
49379  14.876  -6.001  -10.402 0.2857142985
51460  16.540  -3.780  -13.727 0.7142857313
51448  16.265  -3.654  -12.634 0.7142857313
50367  15.633  -5.294  -12.357 0.7142857313
53302  16.590  -1.772  -13.658 0.8571428657
53293  16.541  -2.212  -12.986 0.5714285970
52395  16.677  -2.874  -14.015 0.8571428657
51449  16.363  -4.650  -13.543 0.7142857313
107564  16.760  0.146  -13.391 0.4285714328
109938  16.724  -1.291  -14.293 0.7142857313
57122  16.629  2.564  -13.696 0.2857142985
56167  16.561  1.817  -14.355 0.5714285970
54215  16.737  -0.416  -14.370 0.8571428657
55191  16.662  0.545  -13.990 0.7142857313
58105  16.719  3.449  -13.457 0.1428571492
58084  16.879  3.127  -12.796 0.1428571492
107651  16.593  1.080  -14.552 0.5714285970
55201  16.687  0.284  -14.909 0.8571428657
60170  16.479  5.230  -14.522 0.1428571492
59109  16.762  4.174  -13.592 0.1428571492
58121  16.440  3.373  -14.353 0.4285714328
107563  16.694  0.802  -15.334 0.8571428657
61173  16.901  6.605  -14.125 0.1428571492
60148  16.933  5.867  -13.828 0.1428571492
109518  16.559  5.921  -14.593 0.1428571492
59129  16.443  4.361  -14.438 0.1428571492
58127  16.185  3.741  -15.216 0.4285714328
110723  16.172  3.000  -15.164 0.5714285970
56176  16.585  1.581  -15.307 0.7142857313
121256  16.755  0.236  -16.248 0.8571428657
61195  16.413  6.426  -15.038 0.1428571492
61196  15.862  6.265  -15.898 0.1428571492
60189  16.156  5.530  -15.374 0.1428571492
59146  16.186  4.622  -15.272 0.5714285970
57141  16.504  2.375  -15.723 0.8571428657
55219  16.854  0.886  -16.014 0.8571428657
56188  16.579  1.654  -16.194 0.8571428657
107730  16.196  7.092  -15.527 0.1428571492
62142  15.791  6.951  -16.425 0.2857142985
60190  15.712  5.456  -16.324 0.8571428657
58138  16.318  3.140  -15.948 0.8571428657
58139  15.827  3.161  -16.762 0.8571428657
62172  15.598  7.358  -17.747 0.1428571492
63111  15.684  8.200  -17.673 0.1428571492
61208  15.587  6.123  -16.842 0.4285714328
60202  15.587  5.257  -17.301 0.8571428657
59163  15.687  4.642  -16.736 0.8571428657
109024  15.645  3.811  -17.146 0.8571428657
57156  15.537  2.365  -17.484 0.8571428657
105961  15.648  6.794  -17.352 0.4285714328
59179  15.581  4.364  -17.774 0.8571428657
108948  15.406  3.570  -18.067 0.8571428657
63123  15.628  8.466  -18.633 0.2857142985
102099  15.585  6.743  -18.156 0.8571428657
61224  15.660  5.909  -17.996 0.8571428657
60217  15.494  4.927  -18.306 0.8571428657
58171  14.843  3.418  -18.433 0.8571428657
63134  15.523  7.743  -19.717 0.2857142985
119381  15.525  7.353  -18.655 0.5714285970
120145  15.466  6.621  -19.789 0.8571428657
105190  15.384  5.308  -18.886 0.8571428657
60231  14.363  4.520  -19.664 0.8571428657
59190  15.159  4.138  -18.523 0.8571428657
62194  15.103  6.641  -20.510 0.8571428657
60241  15.012  5.001  -19.759 0.8571428657
60242  14.281  4.866  -20.134 0.7142857313
62203  15.254  7.484  -20.595 0.8571428657
61248  14.890  5.652  -20.278 0.8571428657
108300  14.149  5.848  -21.056 0.8571428657
62214  13.779  5.990  -21.947 0.8571428657
61249  13.805  5.250  -20.584 0.7142857313
63153  14.299  7.234  -21.856 0.7142857313
62227  13.555  6.570  -22.744 0.8571428657
119792  13.177  6.732  -23.976 0.7142857313
66070  14.147  10.904  -24.859 0.1428571492
63161  13.528  6.905  -23.715 0.8571428657
63169  13.281  7.020  -24.296 0.7142857313
62228  13.188  6.492  -23.324 0.8571428657
66081  13.440  10.278  -26.603 0.1428571492
64168  13.234  7.576  -24.576 0.5714285970
109234  12.879  8.008  -25.366 0.5714285970
64176  12.337  8.253  -25.977 0.5714285970
65113  13.361  8.544  -25.718 0.1428571492
66093  13.259  10.881  -27.140 0.1428571492
66106  12.086  11.167  -27.632 0.1428571492
67017  12.244  12.041  -28.227 0.1428571492
64181  12.707  8.708  -26.859 0.1428571492
67878  11.496  12.772  -28.200 0.1428571492
64182  12.383  8.463  -26.638 0.5714285970
67018  11.366  11.751  -28.015 0.1428571492
66108  10.649  11.383  -27.626 0.1428571492
67863  10.773  13.059  -27.707 0.1428571492
67008  10.137  11.803  -27.233 0.1428571492
115125  10.704  -15.900  -3.195 0.1428571492
40131  11.305  -13.807  -5.398 0.2857142985
42119  12.711  -12.792  -5.094 0.2857142985
45366  14.632  -9.596  -6.898 0.2857142985
44303  14.147  -10.137  -7.097 0.2857142985
44294  13.883  -10.781  -6.928 0.1428571492
48421  14.441  -6.664  -10.788 0.2857142985
54206  16.651  -0.743  -13.287 0.2857142985
118136  16.750  0.721  -13.373 0.1428571492
109937  16.952  -1.335  -15.255 0.8571428657
59147  15.898  4.854  -15.940 0.8571428657
58128  16.018  4.016  -16.136 0.8571428657
57155  16.180  2.433  -16.461 0.8571428657
117093  15.525  3.115  -17.591 0.8571428657
63160  14.031  7.772  -22.709 0.8571428657
64167  13.725  8.319  -24.091 0.7142857313
65125  12.945  8.427  -26.369 0.1428571492
111526  12.660  10.386  -27.337 0.1428571492
68719  11.913  13.586  -28.588 0.1428571492
111234  10.042  -16.238  -3.244 0.1428571492
41132  11.557  -13.315  -6.041 0.4285714328
42146  12.960  -12.037  -6.276 0.2857142985
42148  10.946  -13.205  -7.207 0.2857142985
43253  13.455  -11.419  -6.622 0.1428571492
46422  14.679  -8.940  -7.483 0.2857142985
47412  14.879  -8.037  -7.756 0.2857142985
46440  13.730  -9.202  -8.766 0.2857142985
46460  13.920  -8.431  -9.058 0.2857142985
49421  15.661  -6.232  -12.959 0.7142857313
62124  16.746  7.258  -14.639 0.1428571492
62141  16.064  7.767  -16.068 0.1428571492
62157  15.732  7.600  -16.970 0.2857142985
63101  16.012  8.426  -16.650 0.1428571492
112126  16.205  0.814  -16.577 1.0000000000
108401  15.614  9.106  -19.414 0.1428571492
63145  15.388  8.402  -20.351 0.2857142985
59206  13.800  4.251  -19.321 0.8571428657
64146  14.816  8.327  -21.671 0.5714285970
64155  14.615  8.879  -22.139 0.5714285970
64161  13.726  7.531  -23.945 0.7142857313
65106  13.390  8.584  -24.736 0.4285714328
65105  14.054  9.620  -23.724 0.2857142985
65112  13.732  9.745  -24.759 0.1428571492
66071  13.593  9.512  -26.014 0.1428571492
65136  13.126  9.115  -26.852 0.1428571492
104646  11.447  10.023  -26.603 0.2857142985
66107  11.318  11.007  -27.579 0.1428571492
66095  10.928  10.693  -27.230 0.1428571492
66096  10.151  11.172  -26.956 0.1428571492
66105  12.851  11.441  -27.711 0.1428571492
121299  10.318  12.496  -27.361 0.1428571492
67864  9.831  12.318  -26.685 0.1428571492
106682  11.218  13.862  -26.753 0.1428571492
109259  15.179  8.707  -20.932 0.4285714328
64145  15.086  9.424  -21.280 0.4285714328
65091  14.745  9.769  -22.071 0.4285714328
65100  14.474  10.006  -22.710 0.4285714328
107718  14.041  8.912  -22.983 0.5714285970
40119  11.437  -14.477  -4.048 0.1428571492
38252  9.377  -15.797  -3.812 0.1428571492
40133  9.807  -14.414  -5.524 0.2857142985
41115  10.887  -13.762  -6.077 0.5714285970
41098  12.668  -13.278  -4.338 0.1428571492
116376  12.365  -12.394  -6.756 0.1428571492
45404  14.106  -9.251  -8.091 0.2857142985
51461  16.470  -4.431  -14.316 0.7142857313
53312  16.951  -2.227  -14.946 0.8571428657
121226  16.699  1.418  -13.473 0.5714285970
57133  16.379  2.443  -14.759 0.5714285970
59128  16.819  5.048  -13.661 0.1428571492
61237  15.467  6.091  -19.108 0.8571428657
60230  14.991  4.593  -19.110 0.8571428657
63146  15.042  7.831  -21.108 0.8571428657
62204  14.682  6.796  -21.189 0.8571428657
67006  13.565  11.829  -27.477 0.1428571492
64183  11.829  8.839  -26.527 0.4285714328
67877  12.302  13.013  -28.448 0.1428571492
67016  12.884  12.334  -28.090 0.1428571492
118878  13.038  9.865  -27.097 0.1428571492
66094  11.931  10.155  -27.229 0.1428571492
67007  10.655  12.214  -27.886 0.1428571492
45365  15.208  -9.708  -6.339 0.1428571492
42147  11.767  -13.032  -6.932 0.4285714328
65138  10.515  10.740  -26.646 0.1428571492
45419  12.854  -9.707  -10.037 0.5714285970
45420  12.041  -9.758  -10.015 0.5714285970
44341  10.464  -9.778  -9.612 0.2857142985
46462  13.024  -8.858  -10.478 0.5714285970
46476  11.474  -8.530  -10.834 0.5714285970
118055  10.595  -10.328  -9.075 0.4285714328
46475  12.248  -8.658  -10.701 0.5714285970
45422  9.494  -9.522  -9.408 0.2857142985
46463  10.064  -9.095  -9.998 0.4285714328
48422  13.911  -7.342  -11.286 0.4285714328
47469  12.561  -7.874  -11.792 0.5714285970
46486  11.983  -8.225  -11.281 0.5714285970
47456  11.024  -8.166  -11.378 0.4285714328
48436  13.932  -7.313  -12.172 0.5714285970
48437  13.162  -7.460  -12.290 0.5714285970
121290  11.705  -7.897  -11.841 0.4285714328
48452  13.908  -7.179  -12.810 0.7142857313
48453  12.845  -6.979  -12.842 0.4285714328
48451  14.728  -7.150  -12.767 0.4285714328
46477  10.683  -8.715  -10.621 0.4285714328
46478  9.773  -8.516  -10.495 0.2857142985
46464  9.202  -8.898  -9.895 0.2857142985
47470  11.005  -7.597  -12.052 0.4285714328
48435  14.471  -6.927  -11.878 0.7142857313
49438  15.179  -6.159  -13.656 0.7142857313
49440  12.856  -5.810  -13.847 0.4285714328
49445  13.963  -4.909  -14.496 0.7142857313
50408  12.856  -4.581  -14.534 0.5714285970
51476  13.421  -3.971  -14.767 0.7142857313
51477  12.449  -3.802  -14.743 0.2857142985
49437  15.843  -6.020  -13.570 0.5714285970
50393  15.863  -5.608  -14.105 0.5714285970
49444  14.891  -5.561  -14.207 0.7142857313
101718  15.608  -4.165  -14.948 0.7142857313
51487  13.889  -3.441  -15.260 0.7142857313
52414  14.457  -2.756  -15.548 0.7142857313
52415  13.432  -2.602  -15.509 0.7142857313
51488  12.935  -3.292  -15.229 0.4285714328
52416  12.466  -2.471  -15.476 0.4285714328
51474  16.763  -3.804  -14.623 0.5714285970
50406  16.150  -4.737  -14.397 0.5714285970
52405  16.897  -3.233  -15.052 0.5714285970
109392  15.353  -2.935  -15.528 0.5714285970
53321  15.351  -2.161  -16.014 0.7142857313
53322  14.057  -1.923  -15.894 0.7142857313
53333  14.702  -1.163  -16.430 0.7142857313
53323  12.968  -1.776  -15.740 0.7142857313
53334  13.487  -1.115  -16.254 0.5714285970
54242  13.916  -0.345  -16.687 0.5714285970
54224  16.896  -0.526  -15.500 0.7142857313
53320  16.547  -1.957  -16.114 0.5714285970
52413  16.173  -2.729  -15.601 0.5714285970
54231  16.398  -1.010  -16.312 0.7142857313
114283  14.805  -0.317  -16.780 0.8571428657
53324  12.054  -1.700  -15.717 0.4285714328
55220  15.450  0.157  -16.919 0.7142857313
55221  14.370  0.470  -17.148 0.7142857313
55222  13.298  0.370  -16.991 0.5714285970
109853  16.920  -1.267  -15.969 0.5714285970
53332  15.751  -1.418  -16.351 0.7142857313
56190  15.207  1.005  -17.160 0.8571428657
56196  14.574  1.393  -17.892 0.7142857313
55231  13.663  1.083  -17.489 0.5714285970
57176  13.355  2.230  -17.822 0.2857142985
112614  13.360  2.861  -17.649 0.7142857313
56189  15.810  1.697  -16.854 0.7142857313
56195  15.208  1.605  -17.786 0.8571428657
57174  14.979  2.008  -18.323 0.8571428657
57190  13.894  2.686  -18.276 0.8571428657
58172  14.177  3.323  -18.561 0.8571428657
58158  13.590  3.342  -18.041 0.7142857313
57189  14.604  2.678  -18.442 0.8571428657
59192  13.805  3.903  -18.604 0.8571428657
59191  14.392  4.073  -18.906 0.8571428657
108611  13.200  5.505  -20.931 0.7142857313
61250  13.067  5.567  -20.308 0.7142857313
61258  12.849  5.708  -21.143 0.7142857313
61257  13.165  5.777  -21.633 0.7142857313
61266  13.162  6.080  -22.517 0.8571428657
62215  12.533  6.780  -21.983 0.7142857313
62195  12.758  6.376  -20.303 0.7142857313
110217  12.430  7.504  -22.270 0.7142857313
117326  12.385  8.190  -22.553 0.7142857313
63147  12.612  8.837  -20.528 0.5714285970
63170  12.517  6.914  -23.679 0.7142857313
63162  12.281  7.285  -23.283 0.7142857313
64147  12.542  9.621  -20.982 0.5714285970
64162  12.199  8.239  -23.521 0.4285714328
64156  12.472  9.234  -22.158 0.5714285970
112053  12.532  7.248  -24.137 0.5714285970
65107  11.778  8.946  -24.060 0.5714285970
65101  12.322  9.842  -22.819 0.5714285970
65092  12.488  10.487  -21.514 0.5714285970
65085  12.513  10.513  -20.346 0.4285714328
66034  12.421  11.173  -19.832 0.5714285970
65078  12.373  10.504  -19.335 0.4285714328
112977  12.364  11.403  -21.417 0.5714285970
66041  12.421  11.301  -20.627 0.5714285970
66941  12.118  11.910  -19.876 0.4285714328
65060  11.635  10.103  -17.978 0.4285714328
66959  12.151  11.996  -20.890 0.5714285970
66952  11.615  12.571  -20.381 0.4285714328
51440  15.883  -4.414  -12.254 0.2857142985
52412  16.864  -2.593  -15.510 0.5714285970
66960  11.624  12.568  -21.277 0.2857142985
66942  11.454  12.511  -19.444 0.2857142985
44339  12.415  -10.380  -9.620 0.5714285970
44322  12.010  -11.095  -9.253 0.5714285970
47454  13.433  -8.035  -10.861 0.2857142985
47441  13.617  -8.218  -9.889 0.4285714328
109877  11.249  -9.647  -9.950 0.5714285970
47453  14.068  -7.302  -10.116 0.2857142985
47457  10.252  -8.205  -10.989 0.4285714328
47478  12.073  -7.308  -12.277 0.4285714328
46479  8.940  -8.214  -10.374 0.2857142985
47471  10.228  -7.716  -11.512 0.2857142985
48461  13.455  -6.534  -13.330 0.5714285970
52376  16.380  -2.917  -12.002 0.2857142985
50395  11.395  -5.045  -14.078 0.2857142985
57175  14.263  1.996  -18.406 0.7142857313
60243  13.444  4.919  -20.025 0.7142857313
63154  12.551  7.734  -21.224 0.7142857313
106883  12.546  9.749  -19.963 0.5714285970
66025  12.135  11.376  -19.115 0.2857142985
62247  12.867  6.867  -24.183 0.5714285970
63177  12.936  7.355  -24.517 0.5714285970
64169  12.491  7.961  -24.826 0.5714285970
66052  12.357  11.051  -22.282 0.5714285970
66053  12.006  11.559  -22.728 0.2857142985
48454  11.073  -6.684  -12.471 0.4285714328
50392  16.346  -5.352  -14.017 0.5714285970
54240  16.317  -0.180  -16.556 0.7142857313
116737  16.837  -0.450  -16.157 0.7142857313
58157  15.187  2.789  -18.182 0.7142857313
61276  12.812  6.391  -22.893 0.8571428657
49404  15.141  -6.724  -12.518 0.5714285970
49422  15.437  -6.853  -13.190 0.5714285970
118712  13.503  4.379  -18.601 0.7142857313
51475  16.665  -4.030  -15.035 0.5714285970
45432  12.434  -9.240  -10.344 0.5714285970
45421  10.787  -9.257  -10.113 0.5714285970
45433  11.551  -9.098  -10.380 0.4285714328
44340  11.423  -10.309  -9.539 0.5714285970
47455  12.860  -8.286  -11.177 0.5714285970
44323  11.091  -10.849  -8.840 0.5714285970
47468  13.324  -7.745  -11.639 0.5714285970
48462  12.407  -6.303  -13.278 0.4285714328
49423  14.645  -6.900  -13.264 0.5714285970
49439  14.005  -5.881  -13.875 0.7142857313
49446  13.153  -5.334  -14.314 0.5714285970
50394  12.307  -5.207  -14.254 0.4285714328
49441  11.902  -5.635  -13.661 0.4285714328
50407  15.180  -4.871  -14.494 0.7142857313
109116  14.444  -4.119  -14.833 0.7142857313
50409  11.904  -4.427  -14.453 0.2857142985
51485  15.975  -3.492  -15.315 0.7142857313
51486  14.913  -3.540  -15.309 0.7142857313
114794  16.646  -3.245  -15.252 0.5714285970
54241  15.585  -0.677  -16.619 0.5714285970
54243  12.893  -0.348  -16.532 0.2857142985
56198  13.042  1.663  -17.497 0.5714285970
56199  12.114  1.500  -17.327 0.2857142985
61267  12.771  6.120  -22.113 0.7142857313
66064  12.112  10.535  -23.303 0.7142857313
66969  12.112  11.875  -21.793 0.5714285970
47472  9.485  -7.262  -11.479 0.1428571492
48455  10.118  -6.244  -12.416 0.4285714328
41116  10.092  -13.875  -6.022 0.4285714328
47422  15.106  -7.256  -8.149 0.1428571492
49391  15.294  -5.304  -10.647 0.1428571492
50354  15.571  -4.827  -11.434 0.1428571492
48405  15.095  -6.293  -9.102 0.1428571492
48386  15.286  -6.533  -8.465 0.1428571492
50353  15.737  -4.374  -10.469 0.1428571492
49378  15.274  -5.658  -9.557 0.1428571492
51427  15.766  -4.035  -11.184 0.1428571492
112925  16.480  -2.113  -11.984 0.2857142985
109765  16.567  -1.417  -12.578 0.1428571492
116524  13.802  4.508  -19.845 0.5714285970
68684  9.975  14.664  -24.752 0.1428571492
59180  13.391  4.171  -17.547 0.4285714328
68685  8.375  14.614  -25.496 0.1428571492
66999  9.427  11.683  -26.293 0.1428571492
61225  13.085  6.132  -17.704 0.4285714328
61238  13.084  5.714  -19.186 0.5714285970
62183  12.871  6.602  -19.330 0.4285714328
66986  7.382  12.787  -24.845 0.2857142985
66066  10.454  11.496  -24.069 0.2857142985
66073  9.544  10.722  -25.003 0.2857142985
62158  12.221  7.496  -16.907 0.1428571492
62205  12.669  6.739  -21.024 0.5714285970
66984  9.888  12.275  -23.487 0.2857142985
115169  12.430  7.896  -17.634 0.4285714328
63135  12.585  8.359  -19.105 0.5714285970
66054  10.927  11.874  -22.996 0.2857142985
102712  12.045  8.791  -17.599 0.4285714328
64124  12.032  9.351  -18.144 0.2857142985
66961  10.822  13.165  -21.681 0.1428571492
66970  11.422  12.320  -22.138 0.1428571492
64125  11.460  9.413  -17.638 0.1428571492
107827  12.146  9.960  -18.655 0.4285714328
67810  11.184  13.260  -20.843 0.1428571492
67824  9.917  13.459  -22.389 0.1428571492
67803  10.504  13.698  -19.422 0.1428571492
67811  10.713  13.998  -21.150 0.1428571492
109959  10.268  13.921  -21.703 0.1428571492
111766  10.708  13.868  -20.323 0.1428571492
68645  10.329  14.667  -20.705 0.1428571492
41133  10.453  -13.498  -6.623 0.4285714328
42173  9.518  -12.297  -7.483 0.2857142985
50328  15.809  -5.122  -8.817 0.1428571492
51439  16.159  -3.387  -11.458 0.1428571492
60218  13.277  5.078  -17.695 0.2857142985
65115  11.460  9.462  -25.452 0.2857142985
66972  9.540  12.967  -23.095 0.2857142985
66067  9.214  11.793  -24.510 0.2857142985
68658  9.384  14.287  -22.214 0.2857142985
42174  8.525  -11.980  -7.229 0.2857142985
44293  14.563  -10.277  -6.414 0.1428571492
43252  14.088  -10.950  -6.112 0.1428571492
46421  15.348  -8.346  -7.008 0.1428571492
63113  11.194  8.786  -17.349 0.1428571492
63112  11.812  8.266  -17.089 0.2857142985
111028  12.596  9.027  -19.572 0.5714285970
65114  11.799  8.683  -25.066 0.4285714328
67833  7.742  13.343  -24.249 0.2857142985
65116  10.629  10.485  -25.393 0.2857142985
66995  8.041  12.160  -25.048 0.2857142985
67000  7.858  12.626  -25.637 0.1428571492
67855  7.343  13.441  -25.553 0.1428571492
102500  8.820  12.413  -26.073 0.1428571492
67825  8.672  13.669  -23.203 0.2857142985
68697  8.017  13.545  -25.712 0.1428571492
66082  9.748  11.081  -26.104 0.1428571492
54198  16.706  -0.584  -12.201 0.2857142985
67834  6.919  13.620  -24.939 0.2857142985
65117  9.422  10.846  -25.386 0.2857142985
66083  8.827  11.396  -25.613 0.1428571492
52387  16.475  -2.918  -12.868 0.4285714328
65126  11.289  9.906  -25.972 0.2857142985
62196  12.708  7.388  -19.570 0.5714285970
65108  11.656  9.949  -24.360 0.2857142985
67802  11.008  13.106  -19.928 0.2857142985
60232  13.332  4.844  -19.088 0.5714285970
113587  12.640  7.947  -20.121 0.5714285970
109550  12.403  9.209  -18.775 0.5714285970
50343  15.737  -4.769  -9.635 0.1428571492
49363  15.476  -5.827  -8.642 0.1428571492
51426  16.125  -3.568  -10.475 0.1428571492
66985  8.666  12.741  -24.076 0.2857142985
66065  11.576  11.131  -23.705 0.2857142985
66072  10.968  10.593  -24.673 0.2857142985
62184  12.672  7.686  -18.611 0.4285714328
66971  10.453  12.689  -22.585 0.1428571492
63124  12.389  8.588  -18.269 0.4285714328
42150  9.040  -12.716  -6.827 0.2857142985
52369  16.444  -2.930  -10.602 0.1428571492
59165  12.963  5.397  -15.917 0.2857142985
66074  8.716  11.294  -25.238 0.2857142985
66075  8.168  12.064  -25.427 0.2857142985
53335  12.474  -1.069  -16.149 0.4285714328
55232  12.698  0.999  -17.265 0.2857142985
69519  7.865  15.995  -22.839 0.1428571492
68670  7.575  14.236  -24.024 0.1428571492
70424  7.011  17.254  -24.375 0.1428571492
69516  9.629  15.513  -21.095 0.1428571492
70423  7.933  16.741  -22.614 0.1428571492
68659  8.021  14.894  -23.028 0.1428571492
68660  7.180  15.217  -24.134 0.1428571492
69514  8.790  16.479  -21.347 0.1428571492
68651  9.014  15.212  -21.991 0.1428571492
70415  7.384  17.628  -23.655 0.1428571492
69517  8.746  15.989  -21.895 0.1428571492
105428  9.324  18.248  -20.689 0.1428571492
70414  8.191  17.399  -22.271 0.1428571492
71286  8.423  18.228  -21.909 0.1428571492
68671  6.713  14.890  -24.863 0.1428571492
69520  7.007  16.137  -24.140 0.1428571492
69528  6.473  16.042  -25.237 0.1428571492
70405  9.039  17.216  -20.733 0.1428571492
43294  12.296  -11.520  -8.669 0.4285714328
43293  12.952  -11.122  -8.319 0.2857142985
43272  13.224  -11.261  -7.472 0.1428571492
44321  12.707  -10.959  -9.173 0.2857142985
45418  13.156  -10.075  -9.289 0.2857142985
43274  11.882  -12.145  -8.210 0.2857142985
116517  12.423  9.716  -19.250 0.4285714328
46461  13.337  -9.094  -9.603 0.2857142985
43295  11.527  -11.570  -8.617 0.4285714328
45405  13.675  -9.873  -8.374 0.1428571492
113113  13.226  -10.566  -8.686 0.1428571492
62173  12.841  6.906  -18.227 0.2857142985
43273  12.535  -11.816  -7.992 0.2857142985
42172  10.477  -12.567  -7.643 0.2857142985
43275  11.012  -12.092  -8.132 0.2857142985
43276  10.062  -11.889  -8.027 0.2857142985
43296  10.618  -11.424  -8.441 0.2857142985
103401  11.959  -6.760  -12.885 0.2857142985
104136  11.491  -6.124  -13.057 0.2857142985
49442  11.015  -5.437  -13.300 0.2857142985
51478  11.487  -3.657  -14.668 0.1428571492
51489  11.974  -3.126  -15.198 0.1428571492
57177  12.549  2.128  -17.268 0.1428571492
57157  12.939  2.713  -17.010 0.1428571492
57158  12.380  2.444  -16.130 0.1428571492
58140  13.218  3.438  -16.679 0.1428571492
58129  12.928  3.719  -15.618 0.1428571492
60204  12.462  6.182  -16.196 0.1428571492
61226  12.636  7.045  -17.422 0.1428571492
61210  11.898  6.968  -16.440 0.1428571492
61209  12.593  6.676  -16.770 0.1428571492
65062  10.756  10.114  -17.541 0.1428571492
66026  11.768  11.993  -19.040 0.1428571492
66018  10.629  11.840  -17.980 0.1428571492
41134  9.563  -13.411  -6.477 0.2857142985
42171  11.387  -12.606  -7.627 0.1428571492
58130  12.237  3.958  -15.456 0.1428571492
41135  8.639  -13.260  -6.217 0.2857142985
48438  10.185  -7.088  -12.070 0.2857142985
49424  10.714  -5.975  -12.843 0.2857142985
52417  11.579  -2.358  -15.493 0.1428571492
54244  11.960  -0.349  -16.427 0.1428571492
54245  11.106  -0.404  -16.446 0.1428571492
55223  12.339  0.356  -16.782 0.1428571492
56200  11.201  1.318  -17.229 0.1428571492
57178  11.589  1.925  -16.932 0.1428571492
57159  11.208  2.614  -16.013 0.1428571492
59164  13.206  4.430  -16.088 0.1428571492
60205  11.545  6.254  -16.213 0.1428571492
65061  11.241  10.959  -17.846 0.1428571492
65071  11.982  10.808  -18.417 0.1428571492
60203  13.090  5.902  -16.607 0.1428571492
50377  10.012  -5.447  -13.014 0.1428571492
58141  12.925  2.968  -15.890 0.1428571492
57179  10.649  1.905  -16.786 0.1428571492
41136  7.781  -13.049  -5.758 0.1428571492
42151  7.973  -12.440  -6.526 0.1428571492
117996  9.829  -11.282  -8.325 0.1428571492
105659  16.793  -0.025  -12.694 0.1428571492
55164  16.858  0.227  -11.937 0.1428571492
40134  9.056  -14.462  -5.279 0.1428571492
43297  9.094  -11.431  -7.866 0.1428571492
44324  10.215  -10.770  -8.656 0.1428571492
43277  8.024  -11.268  -7.571 0.1428571492
64137  15.407  9.363  -20.362 0.1428571492
65090  15.228  10.416  -21.368 0.1428571492
45423  8.651  -9.219  -9.216 0.1428571492
41117  9.250  -13.872  -5.853 0.1428571492
55182  16.801  0.750  -12.700 0.1428571492
44342  9.816  -10.139  -8.939 0.1428571492
47458  9.543  -7.899  -10.986 0.1428571492
42149  9.990  -13.052  -7.137 0.1428571492
105212  8.430  -13.764  -5.509 0.1428571492
44325  9.337  -10.716  -8.451 0.1428571492
49347  15.637  -6.083  -8.030 0.1428571492
49425  9.301  -5.830  -12.343 0.2857142985
53319  17.048  -1.960  -15.713 0.8571428657
55212  16.943  0.203  -15.821 0.8571428657
56197  13.838  1.645  -17.898 0.5714285970
62229  12.475  6.663  -22.908 0.7142857313
62239  12.786  6.658  -23.576 0.7142857313
64189  12.143  8.975  -27.035 0.4285714328
65127  10.526  10.589  -25.979 0.2857142985
65137  12.651  9.357  -27.102 0.1428571492
67846  7.007  14.021  -25.513 0.1428571492
68698  7.085  14.507  -25.826 0.1428571492
107509  12.533  8.578  -21.592 0.5714285970
108965  13.199  5.039  -16.660 0.2857142985
116556  8.509  11.995  -25.795 0.1428571492
119994  12.681  7.139  -20.219 0.5714285970
