#!ascii label  , from subject sub-v1s18x0051239_ses-1 vox2ras=TkReg
1834
35486  27.332  -47.070  1.044 0.8999999762
35500  26.847  -47.594  0.377 0.8000000119
36539  26.422  -46.196  -0.804 0.8000000119
36554  26.387  -46.578  -1.581 0.6999999881
36570  27.333  -46.105  -1.682 0.8000000119
34443  26.320  -48.578  1.452 0.8999999762
36538  27.072  -45.782  -0.330 1.0000000000
37556  27.030  -45.227  -0.917 1.0000000000
37570  27.279  -45.158  -1.306 0.8999999762
155176  27.761  -45.598  -1.761 0.8000000119
141299  29.279  -46.218  -2.777 0.8000000119
36569  28.527  -46.088  -2.205 0.8999999762
36568  29.146  -46.908  -2.650 0.8000000119
36587  29.557  -46.684  -3.473 0.6999999881
35578  29.658  -47.432  -4.024 0.6999999881
35475  25.724  -47.934  2.433 0.8000000119
35488  26.255  -48.165  2.012 0.8999999762
36503  26.688  -46.621  2.635 0.8999999762
35476  24.893  -47.630  2.638 0.8999999762
35489  23.247  -47.775  2.122 0.8999999762
36526  27.567  -46.259  0.680 0.8999999762
37547  27.443  -45.191  -0.413 1.0000000000
37569  28.040  -45.127  -1.943 0.8999999762
38651  28.426  -44.396  -2.304 1.0000000000
38650  29.328  -44.849  -3.171 0.8999999762
37583  29.521  -45.776  -3.312 0.8000000119
35593  29.634  -47.315  -4.890 0.6999999881
36502  27.382  -46.228  2.297 0.8999999762
37519  26.931  -45.766  2.958 0.8999999762
36505  24.526  -46.709  2.802 0.8999999762
35478  23.174  -46.999  2.283 0.8999999762
36514  27.151  -47.009  1.893 0.8999999762
37527  28.025  -45.778  1.222 0.8999999762
39643  27.870  -43.987  -1.041 1.0000000000
136591  29.703  -45.268  -3.940 0.8000000119
154843  29.732  -45.614  -4.528 0.8000000119
36615  29.601  -46.511  -5.307 0.8000000119
36628  29.115  -45.799  -6.571 0.8000000119
36616  29.219  -46.525  -6.311 0.8000000119
36629  28.473  -46.273  -7.054 0.8000000119
37521  25.097  -46.025  3.150 0.8999999762
37523  23.206  -45.621  2.385 0.8999999762
37528  22.524  -45.546  1.996 0.8999999762
38601  23.521  -44.917  2.510 0.8999999762
38607  22.380  -44.802  1.691 0.8000000119
37529  21.916  -45.501  1.533 0.8000000119
37517  28.255  -45.136  1.886 0.8999999762
154626  22.709  -44.363  1.833 0.6999999881
38608  21.833  -44.748  1.172 0.6999999881
38615  21.254  -44.744  0.468 0.6999999881
38613  28.488  -44.566  0.456 0.8999999762
134426  21.414  -44.040  0.163 0.6999999881
38624  21.003  -44.310  -0.347 0.6999999881
39642  28.602  -43.582  -0.559 1.0000000000
39644  21.144  -43.651  -1.061 0.6000000238
39650  28.238  -43.273  -1.446 1.0000000000
38634  27.978  -43.831  -1.644 1.0000000000
38663  28.974  -43.819  -2.996 1.0000000000
38662  29.620  -44.271  -3.994 0.8999999762
39675  28.523  -42.841  -2.783 1.0000000000
39684  29.615  -43.390  -4.695 0.8999999762
38677  29.812  -44.261  -4.919 0.8000000119
142710  29.783  -44.977  -4.692 0.8000000119
37616  29.547  -45.314  -6.058 0.8000000119
38697  29.153  -44.413  -7.055 0.8000000119
144845  28.547  -45.497  -7.114 0.8000000119
37628  27.928  -45.019  -7.447 0.8000000119
38701  28.404  -44.345  -7.465 0.8000000119
37629  26.991  -45.180  -7.696 0.8000000119
37520  26.083  -46.006  3.144 0.8999999762
37522  24.063  -45.683  2.818 0.8999999762
38581  26.456  -44.315  3.435 0.8999999762
140534  24.687  -45.259  3.095 0.8999999762
38600  24.152  -44.749  2.829 0.8999999762
39612  23.104  -44.009  2.068 0.8999999762
38597  28.626  -44.290  2.218 0.8999999762
39626  21.816  -44.024  0.714 0.6999999881
38606  28.710  -44.504  1.229 0.8999999762
39633  22.214  -43.212  0.780 0.6000000238
39634  21.710  -43.408  0.164 0.6000000238
39631  29.370  -43.209  0.030 1.0000000000
40682  21.440  -42.098  -2.256 0.5000000000
41751  21.357  -41.253  -2.222 0.5000000000
40670  28.459  -42.511  -1.831 1.0000000000
150739  28.442  -42.413  -2.374 1.0000000000
40692  28.777  -42.451  -3.423 1.0000000000
40691  29.171  -42.538  -4.158 1.0000000000
40705  29.657  -42.895  -5.524 0.8999999762
38689  29.742  -44.763  -5.488 0.8000000119
147858  29.635  -42.363  -6.060 0.8999999762
137791  29.615  -43.027  -6.338 0.8000000119
39697  29.501  -43.756  -6.688 0.8000000119
40711  29.499  -42.282  -6.725 0.8999999762
39701  29.367  -42.996  -7.138 0.8000000119
41787  28.743  -41.459  -7.762 0.8999999762
39703  28.053  -43.639  -7.814 0.8000000119
144672  26.740  -43.933  -8.180 0.8000000119
40731  26.131  -42.274  -8.524 0.8000000119
39704  26.007  -43.885  -8.339 0.8000000119
39610  24.312  -43.941  2.846 0.8999999762
38599  27.133  -44.912  3.171 0.8999999762
38580  27.276  -43.971  3.381 0.8999999762
39624  23.100  -43.153  1.794 0.6999999881
39623  29.166  -43.742  1.480 0.8999999762
39588  28.508  -43.058  3.164 0.8999999762
40645  22.542  -42.297  0.813 0.6999999881
40653  22.020  -42.616  0.128 0.6000000238
40671  21.553  -42.284  -1.447 0.6000000238
41719  22.555  -41.419  0.512 0.6999999881
41733  22.208  -41.239  -0.189 0.6000000238
41742  21.615  -41.513  -1.577 0.5000000000
40660  29.062  -42.720  -0.876 1.0000000000
155483  21.553  -40.854  -1.562 0.5000000000
42909  21.280  -40.463  -1.699 0.5000000000
40669  29.126  -42.002  -1.473 1.0000000000
41750  28.789  -41.445  -2.998 1.0000000000
41761  29.130  -40.972  -3.555 1.0000000000
41762  28.888  -41.769  -3.661 1.0000000000
139065  29.517  -42.068  -5.417 0.8999999762
146358  29.302  -40.823  -2.663 1.0000000000
41769  29.238  -41.287  -4.247 0.8999999762
41776  29.467  -41.196  -5.151 0.8999999762
41782  29.574  -41.562  -6.150 0.8999999762
136975  29.564  -40.778  -5.882 0.8999999762
42972  28.997  -40.746  -7.352 0.8999999762
41797  28.071  -41.426  -8.328 0.8999999762
40729  27.717  -42.027  -8.424 0.8999999762
140593  29.416  -40.783  -6.600 0.8999999762
147951  28.367  -40.723  -8.010 0.8999999762
41799  26.560  -41.518  -8.552 0.8999999762
42974  27.882  -40.044  -8.088 0.8999999762
145216  25.814  -43.714  3.499 0.8999999762
39592  25.055  -43.802  3.284 0.8999999762
39611  23.748  -43.309  2.406 0.8999999762
145413  25.319  -43.080  3.320 0.8999999762
40625  24.232  -42.444  2.539 1.0000000000
40626  23.584  -42.420  2.069 0.8000000119
39590  26.802  -43.097  3.535 0.8999999762
40644  23.064  -42.343  1.489 0.6999999881
138922  29.414  -43.371  0.765 0.8999999762
39607  29.329  -43.037  1.967 0.8999999762
41698  22.979  -41.544  1.149 0.6999999881
143016  22.470  -40.738  0.177 0.6999999881
42890  22.093  -40.455  -0.410 0.5000000000
134025  29.760  -42.546  -0.159 1.0000000000
44096  21.415  -39.904  -1.033 0.5000000000
44114  20.787  -40.226  -2.058 0.5000000000
41732  29.862  -41.850  -0.730 1.0000000000
41740  29.662  -41.205  -1.611 1.0000000000
42908  29.837  -40.436  -1.981 1.0000000000
42938  29.485  -39.987  -3.528 1.0000000000
42923  29.771  -39.860  -2.564 1.0000000000
44178  29.608  -39.676  -4.659 0.8999999762
42966  29.518  -40.099  -6.169 0.8999999762
149024  28.757  -39.242  -7.019 0.8999999762
150553  26.249  -41.642  -11.117 0.6999999881
43022  24.847  -40.733  -10.664 0.8000000119
41826  23.539  -41.760  -10.294 0.8000000119
43025  22.668  -40.806  -9.841 0.8000000119
40607  27.955  -42.382  3.408 0.8999999762
41662  26.701  -41.839  3.533 1.0000000000
40610  25.628  -42.399  3.358 1.0000000000
41676  25.250  -41.147  2.933 1.0000000000
41678  24.037  -41.678  2.251 0.6999999881
41697  23.490  -41.643  1.737 0.6999999881
40643  29.694  -42.471  1.545 0.8999999762
40623  29.333  -42.321  2.429 0.8999999762
42844  22.850  -40.714  0.774 0.6999999881
44076  21.878  -39.820  -0.435 0.6000000238
41731  30.449  -41.278  -0.204 1.0000000000
41718  30.214  -42.012  0.173 0.8999999762
41674  29.806  -41.577  2.061 0.8999999762
44115  20.563  -39.580  -1.381 0.4000000060
41739  30.252  -41.096  -0.899 1.0000000000
44137  29.760  -39.003  -3.099 1.0000000000
143343  29.755  -38.929  -4.949 1.0000000000
44156  29.766  -38.970  -4.121 1.0000000000
42978  23.415  -40.602  -8.491 0.8999999762
43040  28.193  -40.962  -11.025 0.6000000238
43042  26.602  -41.020  -11.013 0.6000000238
154486  25.471  -40.578  -10.712 0.8000000119
43024  23.255  -40.395  -10.149 0.8000000119
41811  22.647  -41.613  -9.397 0.8999999762
142145  22.724  -40.961  -8.761 0.8999999762
41675  29.075  -41.569  2.934 0.8999999762
41660  28.233  -41.598  3.359 0.8999999762
42830  24.491  -40.824  2.397 0.8000000119
42843  23.388  -40.815  1.425 0.6999999881
44075  22.713  -39.396  0.530 0.6999999881
45134  21.785  -39.323  -0.063 0.6000000238
45136  20.492  -39.050  -0.497 0.4000000060
41717  30.453  -41.382  0.569 1.0000000000
41696  30.163  -41.912  1.059 0.8999999762
42889  30.629  -40.535  -0.543 1.0000000000
42907  30.305  -40.513  -1.317 1.0000000000
42922  30.318  -39.814  -1.752 1.0000000000
44136  30.278  -39.084  -2.227 1.0000000000
45178  29.901  -38.025  -3.713 1.0000000000
44210  24.386  -39.105  -7.901 0.8999999762
138739  23.613  -38.668  -7.727 0.8999999762
44211  23.346  -39.460  -8.208 0.8999999762
42992  22.088  -39.735  -8.832 0.8999999762
42979  22.667  -40.122  -8.605 0.8999999762
148374  29.167  -40.309  -10.541 0.6000000238
43020  28.798  -40.939  -10.775 0.6000000238
43041  27.473  -40.999  -11.074 0.6000000238
43021  26.121  -40.291  -10.711 0.8000000119
44249  24.266  -39.965  -10.334 0.8000000119
43004  22.430  -40.765  -9.271 0.8999999762
42816  26.744  -41.109  3.454 0.8999999762
42817  26.021  -40.636  3.195 0.8999999762
42829  25.304  -40.247  2.654 0.6999999881
142276  26.879  -40.104  3.294 0.8999999762
42828  26.081  -39.737  2.896 0.8999999762
144237  23.839  -39.280  1.484 0.6000000238
151073  29.664  -40.177  2.600 1.0000000000
42827  28.523  -40.752  3.244 1.0000000000
45107  23.222  -39.017  0.924 0.6000000238
145928  22.423  -38.976  0.512 0.6000000238
45108  21.579  -38.807  0.372 0.5000000000
42867  30.748  -40.569  0.473 1.0000000000
41695  30.431  -41.003  1.366 1.0000000000
42841  30.689  -40.150  1.393 1.0000000000
130678  31.000  -39.822  -0.126 1.0000000000
44113  30.759  -39.847  -0.994 1.0000000000
136749  30.770  -39.120  -1.422 1.0000000000
45161  30.102  -38.219  -2.620 1.0000000000
46217  29.800  -37.406  -4.607 1.0000000000
46236  29.384  -37.739  -5.844 1.0000000000
47330  28.331  -36.964  -6.259 1.0000000000
46252  27.894  -37.577  -6.633 1.0000000000
137496  27.090  -37.455  -6.848 1.0000000000
46266  26.476  -37.835  -7.209 0.8999999762
45220  27.456  -38.104  -7.100 0.8999999762
45231  25.053  -38.396  -7.604 0.8999999762
44233  21.897  -39.505  -9.338 0.8999999762
45272  30.445  -38.494  -10.266 0.6000000238
44245  30.074  -39.259  -9.998 0.6000000238
138570  28.647  -40.077  -10.726 0.6000000238
44265  27.925  -40.217  -10.853 0.6000000238
44248  25.293  -40.020  -10.537 0.8000000119
44250  23.329  -39.490  -9.987 0.8000000119
149970  27.865  -39.987  3.286 0.8999999762
44031  26.188  -38.960  2.672 0.6999999881
152464  24.249  -39.537  1.856 0.6000000238
45085  23.742  -38.717  1.582 0.6000000238
44030  29.571  -39.511  2.745 0.8999999762
45086  22.965  -38.585  1.218 0.6000000238
45087  22.040  -38.431  1.065 0.5000000000
42825  30.300  -39.924  2.133 1.0000000000
44074  31.048  -39.638  0.804 1.0000000000
44047  30.841  -39.190  1.680 0.8999999762
44073  31.245  -39.055  0.245 1.0000000000
44095  31.106  -39.145  -0.615 1.0000000000
45133  31.118  -38.352  -1.000 1.0000000000
45147  30.637  -38.351  -1.801 1.0000000000
46188  29.901  -37.321  -2.937 1.0000000000
47279  29.683  -36.425  -3.146 1.0000000000
46200  29.764  -36.988  -3.811 1.0000000000
47312  29.450  -36.969  -5.384 1.0000000000
47331  27.281  -36.737  -6.479 1.0000000000
46253  26.284  -37.004  -6.754 1.0000000000
46268  24.749  -37.642  -7.238 0.8999999762
46269  24.021  -37.544  -7.171 0.8999999762
46270  21.299  -38.109  -7.830 0.8999999762
45273  29.621  -38.734  -10.549 0.6000000238
44263  28.976  -39.074  -10.743 0.6000000238
133853  27.584  -39.474  -10.739 0.6000000238
45274  26.609  -38.583  -10.466 0.6999999881
135141  25.092  -39.181  -10.268 0.6999999881
130061  24.202  -38.938  -10.035 0.6999999881
45278  22.095  -39.345  -9.584 0.8000000119
45255  21.498  -39.067  -9.382 0.8999999762
45271  31.472  -38.229  -10.061 0.6000000238
45276  23.405  -38.553  -9.786 0.6999999881
45254  21.879  -38.674  -9.593 0.8999999762
133196  24.983  -38.344  2.289 0.6999999881
46118  23.373  -38.147  2.000 0.6000000238
44018  28.083  -39.254  3.273 0.8999999762
44019  27.300  -39.320  3.227 0.8000000119
147562  26.286  -38.147  2.898 0.6999999881
44029  30.164  -39.034  2.430 0.8999999762
133376  28.836  -39.091  3.132 0.8000000119
45106  31.206  -38.882  0.990 1.0000000000
45066  30.663  -38.308  2.204 0.8000000119
46117  31.366  -37.408  1.201 0.8999999762
45084  31.177  -38.256  1.499 0.8000000119
44094  31.313  -38.533  -0.230 1.0000000000
46164  31.193  -37.598  -0.945 1.0000000000
46178  30.898  -37.754  -1.430 1.0000000000
46187  30.448  -37.433  -2.069 1.0000000000
47271  30.037  -36.601  -2.467 1.0000000000
133342  29.554  -36.219  -3.880 1.0000000000
48478  28.342  -35.684  -5.425 1.0000000000
47314  27.865  -36.181  -5.985 1.0000000000
47332  26.341  -36.136  -6.401 1.0000000000
46254  25.318  -37.063  -6.850 0.8999999762
46256  23.501  -37.089  -6.855 0.8999999762
45221  23.301  -37.924  -7.335 0.8999999762
46258  21.698  -37.476  -7.142 0.8999999762
44264  28.320  -39.342  -10.774 0.6000000238
45275  25.806  -38.451  -10.230 0.6999999881
46280  20.880  -38.228  -8.674 0.8999999762
142125  31.375  -37.473  -11.058 0.6000000238
46309  30.716  -37.894  -10.715 0.6000000238
46312  24.265  -37.969  -9.754 0.6999999881
45253  22.674  -38.169  -9.658 0.6999999881
45069  25.600  -38.562  2.474 0.6999999881
45071  24.237  -38.242  2.118 0.6000000238
143045  27.738  -38.230  3.343 0.8000000119
137590  27.114  -38.159  3.245 0.8000000119
46092  25.921  -37.315  3.184 0.6999999881
46099  25.453  -37.856  2.711 0.6999999881
46098  29.212  -37.605  3.170 0.6999999881
141900  28.340  -37.991  3.334 0.8000000119
46096  31.030  -37.467  1.988 0.6999999881
47210  31.230  -36.609  1.642 0.6999999881
47247  31.505  -36.427  0.049 0.8000000119
46163  31.367  -37.056  -0.522 0.8000000119
47248  31.254  -36.249  -0.741 0.8000000119
140683  30.755  -36.098  -1.421 0.8999999762
47264  30.143  -35.942  -2.015 0.8999999762
48460  29.246  -35.749  -4.337 1.0000000000
47315  27.038  -35.914  -6.143 1.0000000000
48462  27.919  -34.866  -5.132 1.0000000000
48479  27.399  -35.426  -5.652 1.0000000000
129971  25.640  -36.388  -6.580 1.0000000000
47333  24.793  -36.144  -6.558 1.0000000000
47334  23.813  -36.290  -6.559 0.8999999762
47336  21.966  -36.767  -6.625 0.8999999762
46328  29.666  -37.532  -11.323 0.6000000238
45292  29.311  -38.196  -10.818 0.6000000238
45294  27.939  -38.627  -10.762 0.6000000238
46310  26.405  -37.547  -10.357 0.6999999881
153925  21.089  -37.542  -7.447 0.8999999762
46291  21.157  -38.266  -9.358 0.8999999762
129577  24.215  -36.974  -9.974 0.6999999881
46313  23.466  -37.626  -9.759 0.6999999881
132176  21.109  -37.283  -9.790 0.8999999762
47360  20.431  -37.605  -9.139 0.8999999762
46090  27.641  -37.535  3.433 0.6999999881
46091  26.745  -37.443  3.346 0.6000000238
47180  25.558  -36.567  3.460 0.6000000238
46101  23.792  -37.599  2.570 0.6000000238
47194  28.935  -36.715  3.350 0.6999999881
47178  27.184  -36.698  3.549 0.6000000238
47193  29.810  -36.720  2.940 0.6999999881
48379  31.019  -35.698  2.024 0.6999999881
48415  31.433  -35.514  -0.125 0.8000000119
48434  30.369  -35.338  -1.561 0.8000000119
134502  29.661  -35.773  -2.610 0.8000000119
48453  29.294  -35.557  -3.358 1.0000000000
48444  29.144  -34.980  -2.598 0.8000000119
49655  27.007  -34.633  -5.347 1.0000000000
48480  26.344  -35.289  -5.890 1.0000000000
154207  24.829  -35.393  -6.244 1.0000000000
134043  26.042  -34.295  -5.497 1.0000000000
146786  25.339  -34.978  -5.930 1.0000000000
48482  24.506  -34.905  -6.009 1.0000000000
48483  23.632  -34.896  -6.087 1.0000000000
48495  23.219  -35.680  -6.277 1.0000000000
48496  22.290  -35.930  -6.354 0.8999999762
140812  28.264  -37.794  -10.835 0.6000000238
47337  20.988  -36.966  -7.062 0.8999999762
46327  30.440  -37.523  -11.378 0.6000000238
46329  28.968  -37.664  -11.084 0.6000000238
131333  27.387  -37.872  -10.595 0.6999999881
46311  25.710  -36.893  -10.305 0.6999999881
47374  23.248  -36.589  -10.039 0.6999999881
47376  20.440  -36.643  -9.732 0.8999999762
47181  24.769  -36.403  3.434 0.5000000000
47177  28.069  -36.679  3.525 0.6000000238
139133  26.744  -35.905  3.696 0.5000000000
140614  29.441  -36.069  3.205 0.6999999881
132863  30.235  -35.772  2.723 0.6999999881
152493  30.638  -35.245  2.374 0.6999999881
48393  31.506  -35.210  0.707 0.6999999881
49595  31.506  -34.639  0.148 0.6999999881
48416  31.042  -35.448  -0.946 0.8000000119
49617  30.711  -34.690  -1.151 0.8000000119
49618  30.028  -34.601  -1.741 0.8000000119
48435  29.710  -35.184  -2.100 0.8000000119
49626  29.266  -34.417  -2.182 0.8000000119
49627  28.476  -34.230  -2.620 0.8000000119
49635  28.206  -34.400  -3.402 0.8999999762
49642  28.125  -34.591  -4.354 1.0000000000
141501  27.562  -33.977  -3.779 0.8999999762
49644  26.803  -33.891  -5.057 1.0000000000
49656  25.029  -34.340  -5.723 1.0000000000
49669  22.649  -35.091  -6.173 1.0000000000
140793  21.355  -36.152  -6.592 0.8999999762
147436  20.584  -36.260  -6.950 0.8999999762
48497  21.653  -35.366  -6.359 0.8999999762
48513  20.050  -35.764  -7.359 0.8999999762
47404  29.193  -36.927  -11.746 0.6000000238
46330  27.864  -37.078  -11.045 0.6000000238
47392  24.972  -36.364  -10.273 0.6999999881
135137  21.386  -36.293  -10.201 0.8000000119
48545  20.065  -35.829  -9.300 0.8999999762
46341  30.071  -37.041  -11.977 0.6000000238
47391  25.705  -35.775  -10.820 0.6999999881
137452  24.153  -35.916  -10.246 0.6999999881
48529  19.731  -35.914  -8.315 0.8999999762
47393  22.484  -35.790  -10.282 0.6999999881
49705  19.701  -35.025  -8.787 0.8999999762
48338  27.610  -35.889  3.634 0.5000000000
140138  26.283  -35.134  3.893 0.5000000000
48361  29.463  -35.312  3.223 0.6999999881
141244  27.135  -35.113  3.804 0.5000000000
135908  30.918  -34.796  2.106 0.6999999881
48360  30.197  -34.756  2.765 0.6999999881
49557  31.224  -34.145  1.610 0.6999999881
49574  31.522  -34.386  0.877 0.6999999881
50789  31.438  -33.448  -0.325 0.6999999881
49596  31.212  -34.721  -0.507 0.6999999881
151045  30.474  -34.065  -1.417 0.8000000119
50817  29.850  -33.785  -1.909 0.8000000119
50829  28.871  -33.724  -2.312 0.8000000119
49636  27.745  -33.733  -3.018 0.8000000119
152036  26.442  -33.165  -4.034 0.8999999762
50846  26.317  -33.358  -4.858 1.0000000000
50861  24.613  -33.694  -5.643 1.0000000000
130730  24.267  -34.408  -5.906 1.0000000000
50830  28.102  -33.456  -2.705 0.8000000119
50839  26.604  -33.017  -3.515 0.8000000119
50860  25.550  -33.561  -5.371 0.8999999762
154439  24.083  -33.498  -5.740 1.0000000000
152635  23.163  -34.643  -6.144 1.0000000000
50849  24.526  -32.863  -5.486 0.8999999762
50880  22.219  -34.139  -6.245 1.0000000000
49670  21.941  -34.698  -6.235 1.0000000000
49671  21.007  -34.837  -6.507 1.0000000000
49672  20.042  -34.871  -7.069 0.8999999762
46331  27.062  -36.852  -10.749 0.6999999881
49659  20.474  -34.111  -6.708 0.8999999762
47405  28.336  -36.485  -11.597 0.6000000238
47406  27.479  -36.118  -11.361 0.6000000238
49690  19.546  -35.064  -7.908 0.8999999762
47407  26.623  -35.842  -11.130 0.6999999881
48551  24.799  -35.299  -10.793 0.6999999881
49744  23.116  -34.889  -10.429 0.6999999881
48543  21.712  -35.453  -10.334 0.6999999881
49727  20.440  -34.867  -9.553 0.8000000119
49726  21.661  -34.671  -9.973 0.6999999881
49706  19.481  -34.101  -8.171 0.8000000119
50900  19.010  -33.556  -7.541 0.8999999762
50933  21.198  -33.835  -9.538 0.6999999881
48362  28.623  -35.820  3.466 0.6000000238
143766  28.036  -35.083  3.680 0.5000000000
145212  29.870  -33.759  3.058 0.6999999881
49541  29.307  -34.450  3.327 0.5000000000
50753  31.488  -33.448  0.978 0.6999999881
50754  31.037  -33.280  1.868 0.6999999881
51961  31.230  -32.643  1.374 0.6999999881
139923  31.543  -33.224  0.223 0.6999999881
51993  31.505  -32.729  -0.265 0.6999999881
50816  31.319  -32.822  -1.003 0.6999999881
147844  30.750  -33.318  -1.490 0.6999999881
50828  29.556  -33.079  -2.366 0.8000000119
137503  30.337  -32.259  -2.485 0.8000000119
52022  28.672  -32.998  -2.577 0.8000000119
50838  27.280  -33.100  -3.000 0.8000000119
52028  28.759  -32.243  -3.005 0.8000000119
53202  28.003  -31.881  -3.400 0.8000000119
52031  26.088  -32.386  -3.717 0.8000000119
52037  25.084  -32.036  -4.815 0.8999999762
50862  23.663  -33.119  -5.778 0.8999999762
50863  22.876  -33.719  -6.139 1.0000000000
53203  26.997  -31.975  -3.404 0.8000000119
53204  26.330  -32.067  -3.546 0.8000000119
50881  21.480  -34.165  -6.400 1.0000000000
50864  22.091  -33.442  -6.289 1.0000000000
50865  21.178  -33.489  -6.481 1.0000000000
48552  24.048  -34.801  -10.685 0.6999999881
49673  19.681  -33.974  -7.184 0.8999999762
144844  20.408  -33.374  -6.635 1.0000000000
49725  22.759  -34.321  -10.080 0.6999999881
50934  20.143  -34.032  -9.019 0.8000000119
54301  31.029  -31.325  1.150 0.6999999881
51981  31.476  -32.570  0.545 0.6999999881
142941  31.504  -32.132  -0.081 0.6999999881
142803  31.534  -32.081  -0.738 0.6999999881
52019  31.422  -31.892  -1.432 0.6999999881
52010  31.017  -32.456  -1.794 0.6999999881
53192  31.220  -31.508  -2.207 0.6999999881
53193  30.556  -31.378  -2.964 0.8000000119
52021  29.375  -32.492  -2.713 0.8000000119
53201  29.086  -31.469  -3.497 0.8000000119
54388  27.452  -31.243  -3.874 0.8000000119
52038  24.229  -32.179  -5.394 0.8999999762
146808  25.747  -31.648  -3.863 0.8000000119
53211  24.565  -31.394  -4.791 0.8999999762
52048  22.892  -32.899  -5.986 0.8999999762
48563  26.065  -34.688  -11.477 0.6000000238
152951  23.626  -30.974  -5.242 0.8999999762
52040  22.404  -31.786  -5.922 0.8999999762
150864  21.651  -32.862  -6.373 1.0000000000
48562  27.027  -34.743  -11.706 0.6000000238
130227  20.919  -32.723  -6.491 0.8999999762
49743  23.760  -34.098  -10.369 0.6999999881
52050  20.181  -32.415  -6.568 0.8999999762
50913  20.750  -32.996  -9.167 0.8000000119
50915  18.867  -33.226  -8.067 0.8999999762
50901  18.543  -32.993  -7.151 0.8000000119
53128  31.405  -31.727  0.479 0.6999999881
53150  31.561  -31.486  -0.302 0.6999999881
53163  31.620  -31.336  -1.071 0.6999999881
54378  31.213  -30.707  -2.835 0.6999999881
54377  31.534  -30.655  -2.131 0.6999999881
54385  30.512  -30.699  -3.503 0.6999999881
54389  26.496  -31.439  -3.744 0.8000000119
139379  24.651  -30.861  -4.414 0.8000000119
146292  25.185  -30.952  -4.123 0.8000000119
141732  24.709  -30.207  -4.459 0.8000000119
138128  22.293  -32.523  -6.157 0.8999999762
48564  25.305  -34.584  -11.275 0.6000000238
142321  24.094  -30.869  -4.884 0.8000000119
54401  23.409  -30.455  -5.181 0.8999999762
53214  22.088  -31.183  -5.821 0.8999999762
52049  21.666  -31.997  -6.269 0.8999999762
49752  26.379  -33.768  -11.631 0.6000000238
48565  24.732  -34.415  -11.068 0.6999999881
53225  20.758  -31.809  -6.412 0.8999999762
50932  22.292  -33.686  -9.695 0.6999999881
53227  18.919  -31.726  -6.752 0.8000000119
52101  20.242  -32.448  -8.593 0.6999999881
52103  18.620  -32.576  -7.793 0.8000000119
54349  31.595  -30.715  -0.602 0.6999999881
54368  31.640  -30.547  -1.430 0.6999999881
132625  31.652  -30.039  -2.001 0.6999999881
54398  26.883  -30.666  -4.206 0.8000000119
134732  25.422  -30.325  -4.341 0.8000000119
54400  24.085  -30.307  -4.694 0.8000000119
142539  22.530  -30.518  -5.533 0.8999999762
54402  21.749  -30.491  -5.800 0.8999999762
49754  25.102  -33.746  -11.238 0.6000000238
53224  21.281  -31.102  -6.138 0.8999999762
50952  24.565  -33.574  -10.430 0.6999999881
49724  23.215  -33.652  -9.831 0.6999999881
54414  20.351  -30.988  -6.371 0.8999999762
52100  21.389  -32.276  -8.531 0.6999999881
52102  19.228  -32.580  -8.297 0.8000000119
54426  18.347  -31.122  -6.931 0.8000000119
53276  19.747  -31.813  -8.188 0.6999999881
53278  18.506  -31.811  -7.371 0.8000000119
53266  18.349  -31.817  -7.048 0.8000000119
143794  19.313  -31.106  -7.806 0.8000000119
135202  31.629  -30.081  -0.893 0.6999999881
55538  31.643  -29.714  -1.462 0.6000000238
50970  25.557  -33.213  -11.131 0.6000000238
55571  23.476  -29.698  -5.011 0.8000000119
55573  21.966  -29.355  -5.572 0.8999999762
138399  20.910  -30.210  -6.085 0.8999999762
50951  25.330  -33.285  -10.707 0.6000000238
55588  20.291  -29.469  -6.201 0.8999999762
52114  22.802  -33.111  -9.323 0.8000000119
142484  19.796  -30.205  -6.420 0.8999999762
54455  18.186  -30.727  -7.135 0.8000000119
53275  20.740  -31.705  -8.150 0.6999999881
135359  18.605  -30.942  -7.600 0.8000000119
140217  17.820  -29.722  -7.261 0.8000000119
50930  24.355  -33.471  -9.469 0.6999999881
56764  22.758  -29.035  -5.291 0.8000000119
50912  24.166  -33.287  -8.499 0.5000000000
50931  23.619  -33.326  -9.354 0.6000000238
150296  23.305  -32.575  -7.862 0.6000000238
52099  22.513  -32.560  -8.410 0.6999999881
55589  19.261  -29.438  -6.492 0.8000000119
52091  22.170  -32.038  -7.897 0.6000000238
54453  21.100  -30.903  -7.695 0.6000000238
54470  18.937  -30.233  -7.908 0.6999999881
55640  18.103  -29.062  -7.876 0.8000000119
144245  18.587  -30.225  -6.760 0.8000000119
144673  20.496  -30.202  -7.746 0.6000000238
56765  22.027  -28.688  -5.575 0.8000000119
56784  20.789  -28.143  -6.035 0.8000000119
56785  19.884  -28.260  -6.302 0.8999999762
50898  24.069  -32.827  -7.772 0.6000000238
56818  17.860  -28.576  -7.491 0.8000000119
56796  18.064  -28.605  -7.033 0.8000000119
58026  19.022  -27.685  -6.626 0.8000000119
55639  18.689  -29.387  -8.079 0.6000000238
58023  22.023  -27.632  -5.972 0.8000000119
58025  20.109  -27.562  -6.372 0.8000000119
52090  22.898  -32.101  -7.690 0.6000000238
148112  21.915  -30.799  -7.592 0.6000000238
58027  18.277  -27.807  -7.164 0.8000000119
55620  21.555  -29.970  -7.618 0.6000000238
58063  18.163  -27.771  -7.709 0.6999999881
59224  19.496  -26.986  -6.717 0.8000000119
55621  20.668  -29.137  -7.863 0.6000000238
58080  18.754  -27.788  -8.211 0.6000000238
59284  18.921  -27.044  -8.276 0.6999999881
153978  22.179  -30.272  -7.558 0.6000000238
58042  23.242  -27.304  -6.297 0.8000000119
58024  21.095  -27.433  -6.221 0.8000000119
52089  23.700  -32.149  -7.572 0.6000000238
58043  22.468  -27.293  -6.242 0.8000000119
52088  24.942  -32.577  -7.539 0.5000000000
59244  20.038  -26.506  -6.937 0.8000000119
151592  20.325  -26.999  -6.541 0.8000000119
53262  24.253  -31.488  -7.404 0.6000000238
53263  23.351  -31.273  -7.474 0.6000000238
60438  19.509  -26.146  -7.875 0.6000000238
53261  25.000  -31.732  -7.355 0.5000000000
54451  23.376  -30.308  -7.473 0.6000000238
55619  22.571  -29.758  -7.579 0.6000000238
58079  20.582  -27.532  -8.602 0.6000000238
140874  24.004  -30.019  -7.432 0.6000000238
56817  21.863  -28.956  -7.737 0.6000000238
56837  21.221  -28.229  -8.205 0.6000000238
155008  21.103  -27.082  -8.902 0.6000000238
59242  22.540  -26.674  -6.719 0.8000000119
58044  21.780  -26.994  -6.409 0.8000000119
59241  23.361  -26.688  -6.806 0.8000000119
59269  23.061  -26.226  -7.302 0.6999999881
59270  22.222  -26.056  -7.403 0.6999999881
136163  24.873  -30.898  -7.330 0.6000000238
59301  19.577  -26.549  -8.515 0.6000000238
60458  20.257  -25.640  -8.815 0.6000000238
60437  20.209  -25.701  -8.128 0.6999999881
146290  24.649  -30.145  -7.414 0.5000000000
58101  20.654  -26.770  -8.981 0.6000000238
55617  24.314  -29.471  -7.580 0.5000000000
56836  22.277  -28.123  -8.148 0.6000000238
58077  22.750  -27.529  -8.767 0.6000000238
152511  24.999  -29.556  -7.565 0.5000000000
150999  24.248  -25.968  -7.642 0.6999999881
60435  22.766  -25.690  -7.932 0.6000000238
61523  20.776  -25.271  -8.885 0.6000000238
60436  21.379  -25.811  -7.565 0.6000000238
61538  20.879  -25.318  -9.297 0.6000000238
61522  21.519  -25.075  -8.858 0.6000000238
56814  24.762  -28.867  -7.835 0.5000000000
56835  23.299  -28.126  -8.244 0.6000000238
58098  23.221  -27.071  -9.386 0.6000000238
58099  22.325  -26.934  -9.335 0.6000000238
60470  20.862  -25.797  -9.570 0.6000000238
61537  21.373  -24.952  -9.498 0.6000000238
56834  24.342  -28.135  -8.372 0.6000000238
58075  24.391  -27.600  -8.951 0.6000000238
55616  25.682  -29.169  -7.811 0.5000000000
56833  25.311  -28.394  -8.371 0.5000000000
56832  26.207  -28.546  -8.453 0.4000000060
56852  25.809  -27.929  -8.938 0.5000000000
60434  23.593  -25.828  -7.793 0.6000000238
60457  23.299  -25.299  -8.477 0.6000000238
59297  22.789  -26.632  -9.853 0.6000000238
59321  21.365  -25.372  -10.006 0.6000000238
61536  22.174  -24.674  -9.520 0.6000000238
135766  24.084  -27.200  -9.444 0.6000000238
58121  23.609  -26.657  -10.144 0.6000000238
56853  25.014  -27.782  -8.876 0.5000000000
58097  24.743  -27.372  -9.334 0.6000000238
58096  26.225  -27.479  -9.506 0.5000000000
56831  27.108  -28.633  -8.582 0.4000000060
56851  26.657  -28.050  -9.041 0.4000000060
60483  22.605  -25.432  -10.944 0.6000000238
61548  21.977  -24.652  -10.173 0.5000000000
61520  23.706  -24.715  -9.149 0.5000000000
60456  24.278  -25.415  -8.285 0.5000000000
59319  22.682  -26.191  -10.504 0.6000000238
60503  22.757  -24.540  -11.189 0.5000000000
58120  24.770  -26.879  -9.957 0.6000000238
58119  25.765  -26.947  -10.041 0.5000000000
58095  27.083  -27.560  -9.565 0.4000000060
61534  24.372  -24.266  -9.661 0.4000000060
59338  23.411  -26.079  -11.000 0.6000000238
60502  23.363  -25.268  -11.392 0.5000000000
59317  25.314  -26.552  -10.735 0.4000000060
59318  24.357  -26.427  -10.833 0.6000000238
59337  24.143  -25.840  -11.364 0.6000000238
61562  23.521  -24.421  -11.638 0.4000000060
58118  26.642  -27.013  -10.066 0.4000000060
59334  26.631  -26.089  -11.227 0.4000000060
61576  23.703  -23.756  -11.680 0.4000000060
59335  25.802  -26.185  -11.307 0.4000000060
60501  24.120  -25.056  -11.701 0.4000000060
58117  27.521  -27.052  -10.054 0.4000000060
60500  25.410  -25.577  -11.666 0.4000000060
132648  26.198  -23.724  -9.888 0.4000000060
62533  24.732  -23.414  -10.842 0.4000000060
61574  24.221  -24.235  -12.041 0.4000000060
59333  27.486  -25.898  -11.038 0.4000000060
60499  26.229  -25.582  -11.724 0.4000000060
60513  26.616  -24.958  -12.208 0.4000000060
60514  25.733  -24.869  -12.076 0.4000000060
62522  25.518  -23.540  -10.380 0.4000000060
63584  25.338  -22.972  -11.220 0.4000000060
62546  24.565  -23.041  -11.731 0.4000000060
60497  27.819  -25.320  -11.583 0.3000000119
131099  25.056  -23.918  -12.310 0.4000000060
130441  24.879  -23.135  -12.401 0.4000000060
63583  26.033  -22.650  -11.470 0.4000000060
63603  25.452  -22.667  -12.325 0.4000000060
40761  23.181  -42.191  -9.814 0.8000000119
40722  22.849  -42.170  -8.898 0.8999999762
41789  23.845  -41.458  -8.553 0.8999999762
40721  23.350  -42.169  -8.752 0.8999999762
139700  25.189  -42.225  -8.566 0.8999999762
44192  29.622  -39.344  -5.653 0.8999999762
45209  29.651  -38.430  -5.469 1.0000000000
45193  29.846  -38.249  -4.714 1.0000000000
147577  26.934  -40.911  -8.554 0.8999999762
42973  28.613  -40.026  -7.524 0.8999999762
45229  27.880  -38.835  -7.379 0.8999999762
46251  28.781  -37.711  -6.355 1.0000000000
42990  26.233  -40.771  -8.496 0.8999999762
44206  28.140  -39.485  -7.600 0.8999999762
44207  27.361  -39.385  -7.887 0.8999999762
135559  28.368  -38.348  -6.804 1.0000000000
136676  25.353  -40.693  -8.428 0.8999999762
45230  25.980  -38.523  -7.623 0.8999999762
62524  22.641  -24.212  -10.284 0.4000000060
62548  23.304  -23.848  -11.328 0.4000000060
62523  24.106  -23.775  -10.445 0.4000000060
61533  25.264  -24.331  -9.422 0.4000000060
38652  27.767  -44.520  -1.589 1.0000000000
36599  29.683  -46.692  -4.394 0.8000000119
35477  23.925  -47.311  2.483 0.8999999762
38614  28.011  -44.913  -0.004 1.0000000000
37608  29.692  -45.617  -5.245 0.8000000119
38598  27.960  -44.667  2.871 0.8999999762
40700  29.487  -42.568  -4.875 0.8999999762
39691  29.782  -43.820  -5.716 0.8000000119
39702  28.964  -43.694  -7.381 0.8000000119
145211  27.293  -43.600  -8.137 0.8000000119
41741  28.810  -41.776  -2.297 1.0000000000
40716  28.372  -42.159  -8.087 0.8999999762
40717  27.694  -42.834  -8.255 0.8000000119
40732  25.721  -41.481  -8.523 0.8999999762
42961  29.559  -40.270  -5.316 0.8999999762
42975  26.916  -40.132  -8.354 0.8999999762
39591  26.039  -43.043  3.533 0.8999999762
40611  24.916  -42.432  2.985 1.0000000000
147426  22.234  -39.465  0.122 0.6000000238
44097  21.105  -39.523  -0.889 0.4000000060
45135  21.231  -39.177  -0.277 0.4000000060
45219  29.244  -38.587  -6.303 0.8999999762
150650  24.104  -42.503  -10.030 0.6999999881
44251  22.647  -39.848  -9.798 0.8000000119
137047  27.597  -40.857  3.426 0.8999999762
136944  24.105  -39.923  -8.265 0.8999999762
41838  27.788  -41.695  -11.260 0.6000000238
42991  22.427  -40.553  -8.931 0.8999999762
44032  25.392  -39.292  2.376 0.6999999881
45109  20.744  -38.659  0.273 0.4000000060
42976  25.893  -39.973  -8.305 0.8999999762
42980  22.389  -39.321  -8.345 0.8999999762
45243  21.364  -38.754  -8.539 0.8999999762
44266  27.103  -40.280  -10.791 0.6999999881
44247  25.945  -39.344  -10.478 0.6999999881
44020  26.660  -39.341  3.042 0.8000000119
137513  28.858  -39.911  3.109 0.8999999762
47294  29.564  -36.525  -4.581 1.0000000000
145312  26.926  -38.650  -7.571 0.8999999762
152751  25.913  -37.408  -7.041 0.8999999762
44208  26.416  -39.287  -8.015 0.8999999762
45222  22.268  -38.064  -7.446 0.8999999762
45067  29.795  -38.302  2.765 0.8000000119
46102  22.875  -37.519  2.499 0.5000000000
45105  31.389  -38.192  0.561 1.0000000000
46257  22.613  -37.305  -6.934 0.8999999762
46097  30.244  -37.510  2.594 0.6999999881
47225  31.479  -36.581  0.866 0.8000000119
46138  31.487  -37.260  0.318 0.8999999762
152173  25.626  -37.703  -10.089 0.6999999881
47349  20.516  -37.517  -8.023 0.8999999762
47375  22.139  -36.875  -10.054 0.8000000119
46093  25.103  -37.165  3.140 0.6000000238
143881  28.428  -37.338  3.408 0.8000000119
47179  26.354  -36.647  3.503 0.6000000238
47192  30.671  -36.625  2.327 0.6999999881
48378  31.420  -35.829  1.245 0.6999999881
144429  31.511  -35.908  0.560 0.6999999881
48454  28.728  -35.068  -3.876 1.0000000000
48494  24.115  -35.501  -6.302 1.0000000000
47350  20.192  -36.608  -7.656 0.8999999762
48339  25.950  -35.896  3.714 0.6000000238
47182  23.912  -36.225  3.323 0.5000000000
49556  31.339  -35.009  1.448 0.6999999881
48445  28.718  -34.848  -3.077 0.8999999762
140746  25.450  -35.198  3.878 0.5000000000
50770  31.549  -33.880  0.266 0.6999999881
50790  31.080  -33.862  -0.831 0.8000000119
47338  20.726  -35.573  -6.711 0.8999999762
49521  28.442  -34.344  3.617 0.6000000238
49522  27.566  -34.326  3.810 0.5000000000
49540  30.651  -33.948  2.359 0.6999999881
50847  25.851  -32.935  -4.886 0.8999999762
52029  27.918  -32.766  -2.832 0.8000000119
52030  26.720  -32.582  -3.376 0.8000000119
50882  19.126  -33.371  -7.001 0.8999999762
142304  28.018  -33.681  3.689 0.5000000000
50732  30.280  -32.932  2.648 0.6999999881
53200  29.941  -31.260  -3.462 0.8000000119
144179  25.559  -31.950  -4.044 0.8999999762
53212  23.763  -31.530  -5.362 0.8999999762
52115  21.822  -32.938  -9.303 0.8000000119
50914  19.715  -33.257  -8.617 0.8000000119
54397  27.759  -30.571  -4.362 0.8000000119
54415  19.237  -30.991  -6.611 0.8999999762
55572  22.742  -29.815  -5.338 0.8999999762
55492  31.355  -29.985  -0.174 0.6000000238
54469  20.209  -31.064  -7.779 0.6999999881
55574  21.109  -29.403  -5.829 0.8999999762
56839  18.615  -28.631  -8.147 0.6999999881
56838  19.538  -28.855  -8.156 0.6000000238
59246  18.546  -27.097  -7.579 0.8000000119
58102  19.708  -27.092  -8.541 0.6000000238
60409  20.660  -26.056  -7.313 0.6999999881
56816  22.886  -28.836  -7.796 0.6000000238
59299  21.365  -26.016  -9.883 0.6000000238
56815  23.854  -28.775  -7.828 0.6000000238
60484  22.032  -24.860  -10.488 0.6000000238
134114  24.946  -23.888  -10.058 0.4000000060
62534  23.274  -23.748  -10.908 0.4000000060
62521  27.031  -23.403  -9.945 0.4000000060
61572  27.018  -24.239  -12.557 0.4000000060
41788  24.806  -41.445  -8.502 0.8999999762
32525  21.691  -50.373  -4.526 0.4000000060
30244  22.370  -52.177  -3.260 0.4000000060
29137  22.158  -53.122  -3.050 0.4000000060
33523  23.172  -49.479  -3.856 0.4000000060
137088  22.750  -53.028  -2.657 0.4000000060
29121  22.525  -53.669  -2.205 0.4000000060
33521  24.149  -48.822  -3.429 0.3000000119
31379  22.961  -50.465  -3.210 0.4000000060
33520  25.100  -49.031  -3.395 0.4000000060
33518  27.311  -49.706  -3.114 0.4000000060
32519  28.668  -50.233  -3.588 0.4000000060
32537  29.166  -50.380  -4.198 0.4000000060
29105  23.232  -53.181  -1.954 0.5000000000
29106  22.603  -53.672  -1.367 0.4000000060
31378  23.703  -50.884  -2.490 0.4000000060
34530  24.507  -48.407  -3.065 0.5000000000
33498  26.750  -48.752  -2.799 0.4000000060
33517  28.729  -49.509  -3.275 0.4000000060
33516  29.177  -49.753  -3.776 0.5000000000
135646  29.559  -48.714  -5.246 0.5000000000
33555  29.366  -49.799  -6.253 0.5000000000
33556  29.076  -49.553  -6.829 0.6000000238
34585  28.284  -48.679  -7.544 0.4000000060
30210  23.777  -52.567  -1.398 0.5000000000
139367  22.408  -53.451  -0.649 0.5000000000
144984  21.640  -53.659  -0.542 0.5000000000
29084  20.104  -54.125  -0.473 0.5000000000
32505  23.952  -49.926  -2.274 0.6000000238
31377  24.355  -51.281  -1.736 0.6000000238
33499  23.987  -48.861  -2.362 0.5000000000
33481  24.597  -48.773  -1.709 0.6000000238
34516  24.629  -48.137  -2.515 0.5000000000
33497  27.983  -49.065  -2.826 0.4000000060
34529  29.536  -48.178  -3.766 0.6000000238
34545  29.615  -48.041  -4.570 0.6000000238
141303  29.534  -47.895  -5.344 0.6000000238
34559  29.225  -48.148  -6.255 0.6000000238
35608  28.669  -47.197  -6.917 0.6000000238
36630  27.471  -46.638  -7.467 0.6000000238
34576  28.488  -48.054  -7.165 0.6000000238
34577  27.745  -48.099  -7.602 0.6000000238
35619  26.988  -47.818  -7.829 0.6000000238
30189  23.549  -52.596  -0.480 0.5000000000
30190  22.801  -52.872  -0.214 0.5000000000
30192  21.019  -53.086  -0.106 0.5000000000
137770  20.219  -53.249  -0.250 0.5000000000
32491  24.767  -50.647  -1.400 0.6000000238
31338  24.638  -51.626  -0.807 0.6000000238
35556  25.296  -47.567  -2.265 0.6000000238
34505  24.874  -47.912  -1.671 0.6000000238
143458  26.123  -47.897  -2.503 0.5000000000
152796  25.213  -47.434  -1.611 0.6000000238
34514  27.305  -48.004  -2.382 0.6000000238
35553  29.411  -47.558  -3.226 0.6000000238
35594  29.399  -47.273  -5.833 0.6000000238
146345  26.557  -46.544  -7.736 0.6999999881
30173  22.369  -52.277  0.336 0.6000000238
30174  21.316  -52.295  0.271 0.5000000000
31339  20.124  -52.221  0.071 0.5000000000
32478  25.139  -50.869  -0.568 0.6000000238
31317  24.701  -51.454  0.036 0.6000000238
30172  23.256  -52.397  0.134 0.6000000238
31322  19.837  -51.059  0.205 0.5000000000
31340  19.157  -51.501  -0.077 0.5000000000
32477  25.604  -50.149  -0.356 0.6000000238
139134  28.314  -46.936  -2.235 0.6000000238
37619  26.747  -45.956  -7.671 0.6999999881
31319  23.208  -51.728  0.551 0.6000000238
151971  22.309  -51.571  0.611 0.6000000238
31321  20.860  -51.334  0.445 0.6000000238
32456  25.014  -50.776  0.502 0.6000000238
139077  21.735  -51.075  0.717 0.6000000238
32459  21.105  -50.430  0.679 0.6000000238
32460  20.340  -50.505  0.445 0.6000000238
151914  19.132  -50.713  -0.038 0.6000000238
32441  25.074  -50.071  1.201 0.6000000238
32480  17.823  -50.975  -0.823 0.5000000000
33480  25.554  -49.051  -0.877 0.6000000238
32492  18.018  -50.174  -0.802 0.6000000238
37630  25.991  -45.377  -7.999 0.6999999881
32457  23.440  -51.025  0.912 0.6000000238
33447  21.321  -49.714  0.918 0.6000000238
33434  24.463  -49.573  1.653 0.6000000238
33435  23.356  -49.545  1.576 0.6000000238
33436  22.395  -49.704  1.313 0.6000000238
32461  19.546  -50.048  0.208 0.6000000238
32479  18.712  -50.074  -0.294 0.6000000238
32455  25.594  -50.144  0.524 0.6000000238
33466  18.929  -49.260  -0.071 0.6000000238
33464  26.186  -48.882  -0.226 0.6000000238
150997  26.143  -46.493  -1.240 0.6000000238
39705  25.214  -43.859  -8.670 0.6999999881
33432  25.941  -49.126  1.419 0.6000000238
33437  21.747  -49.129  1.258 0.6999999881
129895  20.934  -49.015  0.926 0.6999999881
34465  26.665  -48.332  0.802 0.6000000238
40720  24.650  -42.914  -8.805 0.6999999881
34444  25.673  -48.668  1.985 0.6999999881
34445  24.818  -48.887  2.079 0.6999999881
34448  22.126  -48.397  1.514 0.6999999881
34466  21.269  -48.258  1.182 0.6999999881
150144  20.303  -48.871  0.643 0.6000000238
34468  19.932  -48.219  0.486 0.6999999881
35503  19.941  -47.363  0.355 0.6000000238
34488  19.174  -48.432  0.043 0.5000000000
40747  23.151  -42.409  -9.291 0.8000000119
34430  24.223  -48.191  2.304 0.6999999881
34447  23.027  -48.550  1.789 0.6999999881
35491  21.766  -47.571  1.487 0.6999999881
153320  21.198  -47.619  1.181 0.6999999881
35535  18.868  -46.972  -0.872 0.5000000000
35501  21.160  -46.994  1.163 0.6999999881
35502  20.486  -46.858  0.612 0.6000000238
35518  19.395  -46.989  -0.258 0.6000000238
153834  24.631  -29.563  -4.676 0.6999999881
54387  28.532  -30.904  -4.069 0.6999999881
55567  27.384  -29.970  -4.705 0.6999999881
133955  31.119  -29.992  -3.449 0.6000000238
55568  26.287  -29.962  -4.583 0.6999999881
55587  26.123  -29.168  -5.057 0.6999999881
55570  24.132  -29.626  -4.721 0.6999999881
56763  23.631  -28.984  -5.028 0.6999999881
54384  31.543  -29.968  -2.649 0.6000000238
54395  30.230  -30.020  -4.139 0.6000000238
54396  29.265  -30.277  -4.359 0.6999999881
55585  27.889  -29.316  -5.143 0.6999999881
55547  31.665  -29.218  -2.214 0.6000000238
56762  24.518  -28.919  -4.968 0.6999999881
58022  22.778  -27.788  -5.858 0.6999999881
55554  30.925  -29.311  -4.015 0.6000000238
56760  29.808  -28.817  -4.918 0.6000000238
147324  28.643  -29.295  -5.052 0.6999999881
55586  26.961  -29.290  -5.123 0.6999999881
56779  25.541  -28.560  -5.343 0.6999999881
145658  24.697  -28.113  -5.613 0.6999999881
58021  24.024  -27.696  -6.001 0.6999999881
55553  31.493  -29.113  -3.239 0.6000000238
56750  31.269  -28.677  -3.921 0.6000000238
56759  30.654  -28.613  -4.493 0.5000000000
56761  29.117  -28.937  -5.136 0.6000000238
135610  27.830  -27.942  -5.889 0.5000000000
58019  26.220  -27.968  -5.862 0.6999999881
58040  26.004  -27.416  -6.377 0.6999999881
145876  24.115  -26.986  -6.657 0.6999999881
59295  30.583  -26.576  -9.634 0.3000000119
59296  29.791  -26.857  -9.764 0.3000000119
59315  27.066  -26.513  -10.586 0.3000000119
30245  21.477  -51.962  -3.674 0.4000000060
133832  20.559  -53.332  -3.682 0.3000000119
28090  20.403  -54.358  -3.254 0.4000000060
148163  22.463  -49.948  -4.237 0.3000000119
28072  20.782  -54.807  -2.351 0.4000000060
32522  25.728  -50.007  -3.586 0.4000000060
154087  21.427  -54.513  -1.464 0.4000000060
152121  27.129  -50.911  -3.478 0.4000000060
32538  28.634  -50.974  -3.925 0.4000000060
31415  29.092  -51.129  -4.649 0.4000000060
33543  29.490  -49.669  -5.536 0.5000000000
143096  28.761  -50.046  -7.520 0.4000000060
28039  19.899  -55.019  -0.642 0.4000000060
34586  27.418  -48.623  -8.046 0.5000000000
143874  19.316  -54.219  -0.273 0.5000000000
35620  26.092  -47.484  -8.066 0.6000000238
29085  18.684  -53.307  -0.209 0.5000000000
30193  19.082  -52.458  -0.187 0.5000000000
30195  17.202  -52.522  -0.535 0.5000000000
37620  25.952  -46.146  -7.933 0.6000000238
31342  17.571  -51.754  -0.738 0.5000000000
32493  17.327  -50.361  -1.263 0.4000000060
38704  25.595  -44.640  -8.372 0.6999999881
34489  18.552  -48.586  -0.510 0.5000000000
39711  24.726  -43.697  -8.969 0.6999999881
152763  18.283  -48.057  -0.960 0.5000000000
40733  24.128  -42.807  -9.082 0.8000000119
40746  23.886  -42.695  -9.217 0.6999999881
35557  18.027  -46.959  -2.101 0.5000000000
36542  19.218  -46.269  -0.932 0.6000000238
51962  30.749  -32.528  2.026 0.6000000238
53113  30.821  -31.934  1.646 0.6000000238
149542  31.506  -28.201  -3.501 0.5000000000
141166  30.753  -27.920  -4.678 0.5000000000
58016  29.655  -27.447  -5.643 0.5000000000
58017  28.678  -27.736  -5.843 0.5000000000
150990  27.375  -27.525  -6.239 0.5000000000
144587  27.224  -26.978  -6.632 0.5000000000
59267  25.357  -26.365  -7.260 0.5000000000
60468  31.797  -25.621  -9.589 0.3000000119
60469  30.955  -25.793  -10.011 0.3000000119
60482  28.491  -25.693  -10.886 0.3000000119
35515  26.170  -47.419  -0.554 0.6000000238
35516  25.621  -47.232  -1.230 0.6000000238
35555  26.166  -47.195  -2.122 0.6000000238
144542  21.780  -46.819  1.566 0.8000000119
37618  27.675  -45.782  -7.418 0.6999999881
38703  26.420  -44.576  -8.044 0.6999999881
40719  25.625  -43.062  -8.548 0.6999999881
56782  22.396  -28.266  -5.618 0.6999999881
145874  24.578  -26.410  -7.221 0.6000000238
59313  29.039  -26.472  -10.261 0.3000000119
148421  23.782  -42.547  -8.867 0.8000000119
128347  24.990  -43.038  -10.030 0.6999999881
55566  28.423  -30.004  -4.679 0.6999999881
32524  22.228  -50.104  -3.846 0.4000000060
32506  23.256  -49.897  -2.953 0.4000000060
33534  23.753  -49.460  -3.887 0.3000000119
34531  24.002  -48.315  -2.996 0.5000000000
28037  21.431  -54.382  -0.991 0.5000000000
32563  29.401  -50.380  -5.913 0.3000000119
33564  28.203  -49.356  -7.987 0.4000000060
28040  19.094  -55.173  -0.279 0.5000000000
135851  19.414  -47.744  0.078 0.6000000238
56778  26.549  -28.584  -5.458 0.6999999881
56780  23.905  -28.314  -5.423 0.6999999881
55565  29.396  -29.535  -4.705 0.6999999881
55564  30.232  -29.278  -4.488 0.6000000238
56777  27.448  -28.615  -5.500 0.6999999881
56774  30.124  -28.118  -5.094 0.5000000000
56776  28.421  -28.606  -5.448 0.6000000238
58020  25.440  -27.807  -5.953 0.6999999881
58041  24.775  -27.495  -6.261 0.6999999881
56749  31.261  -28.055  -4.176 0.5000000000
58015  30.530  -27.422  -5.098 0.5000000000
56775  29.298  -28.300  -5.383 0.5000000000
58018  27.029  -28.006  -5.860 0.5000000000
58039  26.730  -27.484  -6.309 0.5000000000
59239  26.475  -26.901  -6.742 0.5000000000
145875  24.988  -26.915  -6.785 0.6999999881
57997  31.660  -27.534  -3.114 0.5000000000
58037  28.969  -26.951  -6.233 0.5000000000
59265  26.968  -26.360  -7.135 0.5000000000
38711  24.796  -44.521  -9.118 0.6000000238
148041  24.748  -43.715  -9.205 0.6000000238
39743  26.839  -42.915  -11.201 0.5000000000
39731  25.283  -43.825  -9.703 0.6000000238
130414  25.210  -42.619  -10.531 0.6000000238
149026  28.867  -42.856  -10.717 0.5000000000
39742  27.626  -43.113  -11.263 0.5000000000
40760  26.065  -42.723  -10.881 0.6000000238
38636  20.372  -44.499  -1.604 0.5000000000
152483  24.825  -42.218  -10.651 0.6000000238
40758  29.306  -42.380  -10.362 0.5000000000
40772  28.063  -42.377  -11.297 0.5000000000
41810  29.813  -41.706  -9.846 0.5000000000
39652  20.832  -43.805  -1.914 0.4000000060
39663  20.922  -43.407  -2.990 0.4000000060
39662  21.240  -42.671  -2.852 0.4000000060
41823  29.093  -41.664  -10.638 0.5000000000
43003  30.392  -40.870  -9.520 0.5000000000
43019  29.465  -40.916  -10.252 0.5000000000
155038  21.056  -41.354  -2.608 0.4000000060
44232  30.638  -39.863  -9.459 0.5000000000
43018  29.767  -40.088  -9.942 0.5000000000
42925  20.591  -40.674  -2.648 0.4000000060
46119  22.446  -38.037  1.875 0.4000000060
46120  21.501  -37.862  1.771 0.4000000060
45088  21.064  -38.290  1.015 0.4000000060
45110  19.876  -38.447  0.253 0.3000000119
49524  25.767  -34.358  3.978 0.4000000060
49525  24.866  -34.464  3.897 0.4000000060
47196  23.368  -36.916  2.964 0.4000000060
47197  22.508  -36.777  2.797 0.4000000060
50719  25.214  -33.607  3.762 0.4000000060
144472  22.330  -36.077  2.947 0.4000000060
46104  21.182  -37.213  2.263 0.4000000060
48363  21.901  -35.510  2.802 0.4000000060
47198  21.610  -36.482  2.621 0.4000000060
46121  20.512  -37.509  1.685 0.4000000060
46139  20.170  -38.049  0.879 0.4000000060
48341  24.533  -35.444  3.663 0.4000000060
49526  23.964  -34.562  3.645 0.4000000060
48342  23.539  -35.389  3.422 0.4000000060
50718  26.133  -33.504  3.768 0.4000000060
50720  24.318  -33.724  3.636 0.4000000060
50721  23.503  -33.850  3.404 0.4000000060
49527  23.126  -34.603  3.326 0.4000000060
49542  22.341  -34.662  2.945 0.4000000060
49543  21.522  -34.750  2.499 0.4000000060
47199  20.617  -36.605  2.248 0.4000000060
50737  21.150  -33.896  2.085 0.4000000060
49544  20.703  -34.847  1.977 0.4000000060
47211  19.930  -36.721  1.744 0.4000000060
50734  28.874  -33.513  3.455 0.4000000060
51928  25.562  -32.798  3.460 0.4000000060
51929  24.684  -32.943  3.384 0.4000000060
51930  23.827  -33.061  3.196 0.4000000060
50733  29.517  -33.002  3.172 0.5000000000
50716  27.994  -32.912  3.496 0.4000000060
51927  26.469  -32.688  3.462 0.4000000060
144477  24.283  -32.472  2.983 0.4000000060
50735  23.214  -32.797  2.762 0.4000000060
153955  23.179  -33.375  3.025 0.4000000060
50736  22.022  -33.911  2.615 0.4000000060
51944  21.821  -33.025  2.251 0.4000000060
51936  30.095  -31.868  2.413 0.5000000000
51937  29.521  -32.384  2.886 0.5000000000
51925  28.781  -32.532  3.240 0.5000000000
51938  27.825  -31.972  3.066 0.4000000060
51939  26.808  -31.960  3.046 0.4000000060
51940  25.928  -32.054  3.045 0.4000000060
51941  24.983  -32.127  2.960 0.4000000060
51943  22.607  -32.506  2.451 0.4000000060
134963  28.859  -31.655  2.703 0.5000000000
53115  27.145  -31.232  2.549 0.4000000060
53117  25.498  -31.473  2.577 0.4000000060
53118  24.133  -31.850  2.579 0.4000000060
54288  28.461  -30.834  2.197 0.4000000060
54290  26.460  -30.783  2.244 0.4000000060
54291  25.849  -30.965  2.317 0.4000000060
53130  24.286  -30.984  2.226 0.4000000060
54304  28.075  -30.238  1.707 0.4000000060
55496  27.324  -29.156  0.712 0.4000000060
55473  26.910  -29.611  1.255 0.4000000060
55474  25.963  -29.690  1.353 0.4000000060
55498  25.573  -29.050  0.838 0.4000000060
54302  30.569  -30.486  1.179 0.5000000000
54303  29.692  -30.357  1.581 0.5000000000
151577  28.419  -29.840  1.329 0.4000000060
55497  26.456  -29.023  0.683 0.4000000060
137894  25.118  -28.560  0.545 0.3000000119
54330  31.288  -30.776  0.392 0.5000000000
54289  27.674  -30.694  2.167 0.4000000060
54306  26.600  -30.214  1.748 0.4000000060
54307  25.887  -30.431  1.911 0.4000000060
54308  24.562  -30.267  1.727 0.4000000060
54305  27.345  -30.156  1.693 0.4000000060
149769  25.311  -30.144  1.667 0.4000000060
55470  29.950  -29.758  1.084 0.5000000000
55471  29.080  -29.789  1.213 0.5000000000
154183  27.847  -29.238  0.725 0.4000000060
56692  25.864  -28.480  0.409 0.3000000119
55519  30.814  -29.104  0.035 0.5000000000
55494  29.326  -29.279  0.689 0.5000000000
55495  28.429  -29.343  0.788 0.4000000060
56690  27.901  -28.727  0.403 0.4000000060
145878  26.813  -27.966  0.008 0.4000000060
154318  26.476  -28.384  0.295 0.3000000119
56714  25.378  -27.940  0.099 0.3000000119
145471  24.452  -28.033  0.236 0.3000000119
56709  30.355  -28.317  -0.318 0.5000000000
55518  31.451  -29.380  -0.733 0.4000000060
143288  31.552  -28.894  -1.363 0.5000000000
56711  28.337  -28.030  -0.045 0.3000000119
56712  27.510  -28.032  0.016 0.4000000060
56713  26.138  -27.923  0.009 0.3000000119
57956  25.731  -27.381  -0.389 0.3000000119
59152  24.439  -26.718  -0.642 0.3000000119
57958  24.055  -27.340  -0.232 0.3000000119
56688  29.797  -28.731  0.262 0.3000000119
56708  31.170  -28.599  -0.697 0.4000000060
148251  31.366  -28.237  -1.244 0.4000000060
56743  31.659  -28.334  -2.730 0.4000000060
57954  27.807  -27.431  -0.426 0.3000000119
57955  26.514  -27.420  -0.393 0.3000000119
59151  25.297  -26.743  -0.730 0.3000000119
59180  23.051  -26.082  -0.857 0.3000000119
59154  22.704  -26.767  -0.435 0.3000000119
56710  29.331  -28.028  -0.188 0.3000000119
59179  23.952  -26.089  -1.012 0.3000000119
60347  22.514  -25.485  -1.248 0.3000000119
57951  30.872  -27.879  -0.868 0.3000000119
57978  31.303  -27.622  -1.520 0.3000000119
58009  31.513  -27.446  -3.815 0.4000000060
58010  31.183  -27.357  -4.478 0.4000000060
129141  30.361  -26.879  -5.508 0.4000000060
58038  28.035  -27.155  -6.383 0.4000000060
59181  22.118  -26.139  -0.744 0.3000000119
57980  29.536  -27.078  -0.807 0.3000000119
57953  28.744  -27.353  -0.558 0.3000000119
57952  30.023  -27.619  -0.591 0.3000000119
57979  30.524  -27.068  -1.157 0.3000000119
59172  31.293  -26.846  -1.857 0.3000000119
59191  31.608  -26.699  -2.734 0.3000000119
145715  31.627  -26.899  -3.468 0.4000000060
59203  31.664  -26.205  -3.460 0.3000000119
59214  31.541  -26.601  -4.151 0.4000000060
59223  29.828  -26.627  -6.039 0.4000000060
59236  29.291  -26.216  -6.533 0.4000000060
59238  27.741  -26.412  -6.904 0.4000000060
141382  31.674  -25.843  -4.048 0.3000000119
59221  31.446  -25.805  -4.806 0.3000000119
59222  30.687  -26.098  -5.646 0.4000000060
59235  30.032  -25.967  -6.296 0.4000000060
59237  28.496  -26.405  -6.701 0.4000000060
60429  28.418  -25.343  -7.503 0.4000000060
60430  27.559  -25.692  -7.498 0.4000000060
60432  25.757  -25.778  -7.715 0.4000000060
60433  24.922  -25.840  -7.703 0.5000000000
60386  31.613  -25.141  -4.228 0.3000000119
60394  31.510  -24.882  -4.999 0.3000000119
60395  31.185  -25.351  -5.539 0.3000000119
60405  30.601  -25.260  -6.271 0.4000000060
60406  29.686  -25.506  -6.766 0.4000000060
60407  28.877  -25.772  -7.025 0.4000000060
60428  29.240  -25.077  -7.335 0.3000000119
61501  27.893  -24.914  -7.988 0.4000000060
60454  26.197  -25.218  -8.247 0.3000000119
60455  25.288  -25.322  -8.303 0.3000000119
61518  25.723  -24.752  -8.843 0.3000000119
61519  24.783  -24.807  -8.936 0.3000000119
61459  31.536  -24.300  -4.410 0.3000000119
61468  31.521  -24.079  -5.241 0.3000000119
61481  30.964  -24.367  -6.495 0.3000000119
61482  30.158  -24.692  -7.059 0.3000000119
61499  29.552  -24.449  -7.588 0.3000000119
61515  28.145  -24.256  -8.493 0.3000000119
61516  27.457  -24.548  -8.489 0.3000000119
61517  26.677  -24.536  -8.784 0.3000000119
62456  31.409  -23.394  -4.667 0.3000000119
61480  31.416  -23.979  -5.953 0.3000000119
147373  30.735  -23.998  -7.062 0.3000000119
61498  30.178  -23.963  -7.559 0.3000000119
62496  28.825  -23.905  -8.420 0.3000000119
62512  27.492  -23.937  -9.103 0.3000000119
61532  26.701  -23.971  -9.398 0.3000000119
62511  28.426  -23.562  -8.963 0.3000000119
132173  27.603  -22.848  -10.252 0.3000000119
53129  30.314  -31.120  1.762 0.5000000000
38705  24.999  -44.625  -8.743 0.6000000238
37647  24.554  -45.379  -9.006 0.5000000000
38733  25.132  -44.865  -9.363 0.5000000000
38731  26.722  -44.170  -10.566 0.5000000000
38732  25.892  -44.523  -9.978 0.5000000000
40745  30.059  -42.538  -9.641 0.5000000000
38728  28.537  -44.013  -10.555 0.5000000000
39728  27.494  -43.842  -10.952 0.5000000000
36529  20.341  -46.159  0.269 0.6000000238
36541  19.779  -46.147  -0.322 0.6000000238
38616  20.724  -44.975  -0.047 0.6000000238
153693  19.767  -45.315  -1.181 0.5000000000
37557  19.477  -45.127  -2.325 0.5000000000
38653  20.477  -44.121  -2.636 0.5000000000
38665  19.772  -44.217  -3.829 0.5000000000
39676  20.458  -43.508  -3.492 0.4000000060
40693  20.577  -42.793  -3.482 0.4000000060
130743  20.143  -42.154  -3.502 0.4000000060
42939  20.130  -40.772  -3.162 0.4000000060
45148  19.966  -39.176  -0.955 0.3000000119
45137  19.533  -38.723  -0.329 0.3000000119
46140  19.397  -37.667  0.685 0.4000000060
49558  19.937  -34.850  1.411 0.4000000060
46122  19.646  -37.236  1.235 0.4000000060
50738  20.425  -34.233  1.623 0.4000000060
53131  23.480  -31.331  2.250 0.4000000060
50755  21.101  -33.115  1.828 0.4000000060
51965  20.076  -32.438  1.215 0.4000000060
53132  22.728  -31.731  2.248 0.4000000060
51963  22.022  -32.092  2.126 0.4000000060
53133  21.576  -31.546  1.756 0.4000000060
55475  24.979  -29.500  1.273 0.4000000060
55499  24.383  -28.881  0.850 0.4000000060
55476  24.029  -29.658  1.363 0.4000000060
57946  23.687  -27.798  0.140 0.3000000119
57959  23.255  -27.342  -0.157 0.3000000119
57960  22.464  -27.465  -0.040 0.3000000119
41809  30.632  -41.869  -9.416 0.5000000000
44116  19.806  -39.443  -1.655 0.4000000060
49559  19.763  -34.114  1.088 0.4000000060
50757  19.893  -33.217  1.127 0.4000000060
136038  22.814  -30.990  1.965 0.4000000060
153175  22.227  -31.413  1.972 0.4000000060
44138  20.232  -40.235  -2.674 0.4000000060
40774  26.510  -42.236  -11.179 0.5000000000
49523  26.667  -34.305  3.911 0.4000000060
56734  31.624  -28.301  -1.893 0.5000000000
50717  27.156  -33.408  3.681 0.4000000060
54331  30.722  -29.891  0.556 0.5000000000
60431  26.618  -25.734  -7.649 0.4000000060
60408  28.217  -25.948  -7.155 0.4000000060
39729  26.436  -43.397  -10.791 0.6000000238
39727  28.126  -43.612  -10.981 0.5000000000
39720  29.415  -43.132  -10.142 0.5000000000
48364  20.998  -35.677  2.445 0.4000000060
48365  20.053  -35.768  1.826 0.4000000060
51926  27.249  -32.559  3.396 0.4000000060
51964  21.317  -32.387  1.813 0.4000000060
134157  20.609  -32.746  1.513 0.4000000060
53114  27.979  -31.272  2.544 0.4000000060
54287  29.389  -30.981  2.133 0.5000000000
54292  25.162  -30.781  2.181 0.4000000060
144858  28.824  -30.327  1.695 0.5000000000
56689  28.832  -28.677  0.342 0.4000000060
57989  31.610  -27.555  -2.313 0.3000000119
59215  31.043  -26.701  -4.963 0.4000000060
59174  29.728  -26.483  -1.281 0.3000000119
61500  28.775  -24.558  -7.909 0.3000000119
60453  27.071  -25.116  -8.119 0.4000000060
61469  31.294  -24.662  -5.789 0.3000000119
62477  31.245  -23.455  -6.503 0.3000000119
62520  27.962  -23.208  -9.643 0.3000000119
33482  17.537  -49.441  -1.302 0.4000000060
34507  17.472  -48.656  -1.632 0.4000000060
33502  16.962  -48.997  -1.981 0.4000000060
34519  17.161  -48.172  -2.293 0.3000000119
35537  17.799  -47.906  -1.663 0.4000000060
35558  17.500  -47.362  -2.639 0.3000000119
34588  25.427  -47.970  -8.373 0.5000000000
36555  18.680  -46.477  -1.655 0.5000000000
36572  18.387  -46.207  -2.663 0.3000000119
35621  25.050  -47.108  -8.292 0.5000000000
36638  24.425  -46.492  -8.572 0.5000000000
34589  24.387  -47.692  -8.627 0.5000000000
36571  18.903  -45.680  -2.448 0.4000000060
36637  25.222  -46.377  -8.248 0.5000000000
34590  23.607  -47.439  -8.960 0.5000000000
36646  23.682  -46.613  -9.082 0.3000000119
37636  24.663  -45.370  -8.856 0.5000000000
36645  24.019  -46.042  -8.949 0.4000000060
36654  23.954  -46.173  -9.082 0.4000000060
36663  24.219  -46.904  -9.618 0.3000000119
150618  24.190  -46.350  -9.343 0.3000000119
36662  25.084  -46.853  -9.767 0.3000000119
145091  24.887  -46.212  -9.551 0.3000000119
37646  27.349  -45.709  -9.896 0.3000000119
138678  26.512  -45.815  -9.816 0.3000000119
37655  26.270  -45.066  -9.933 0.4000000060
37657  24.659  -45.709  -9.288 0.4000000060
40694  20.202  -43.155  -3.548 0.3000000119
38719  29.382  -44.039  -10.018 0.4000000060
38720  28.682  -44.790  -10.104 0.4000000060
130705  26.989  -44.940  -10.195 0.4000000060
44157  19.739  -40.287  -3.231 0.3000000119
134294  19.067  -36.776  0.799 0.3000000119
48380  19.419  -35.440  1.024 0.3000000119
47226  18.952  -35.914  0.653 0.3000000119
140324  19.427  -34.796  0.836 0.3000000119
48394  18.973  -35.099  0.355 0.3000000119
49575  19.177  -34.454  0.513 0.3000000119
54311  21.189  -30.868  1.420 0.3000000119
53134  20.696  -31.800  1.452 0.3000000119
53151  19.812  -31.760  0.984 0.3000000119
53153  18.776  -31.423  0.262 0.3000000119
54309  23.598  -30.484  1.793 0.3000000119
145752  22.814  -30.391  1.630 0.3000000119
55479  21.639  -30.065  1.241 0.3000000119
54332  20.827  -30.178  1.071 0.3000000119
54312  20.394  -30.968  1.135 0.3000000119
55500  23.450  -29.109  1.012 0.3000000119
55501  22.773  -29.354  1.098 0.3000000119
55502  21.257  -29.404  0.864 0.3000000119
55503  20.449  -29.556  0.704 0.3000000119
144905  21.728  -28.583  0.544 0.3000000119
56695  20.823  -28.772  0.543 0.3000000119
56693  23.618  -28.407  0.517 0.3000000119
56694  22.716  -28.674  0.672 0.3000000119
56715  21.116  -28.113  0.312 0.3000000119
34587  26.407  -48.252  -8.216 0.5000000000
38729  27.975  -44.238  -10.671 0.4000000060
54310  22.087  -30.737  1.635 0.3000000119
139791  19.053  -32.118  0.488 0.3000000119
150662  22.091  -29.321  0.984 0.3000000119
37572  18.722  -45.581  -3.260 0.3000000119
37571  19.320  -44.976  -3.454 0.3000000119
39685  19.205  -44.442  -4.219 0.3000000119
27046  18.733  -55.935  -0.450 0.4000000060
27047  18.002  -56.177  -0.005 0.4000000060
28041  18.092  -55.232  0.157 0.4000000060
27048  15.129  -55.082  0.184 0.4000000060
28043  15.409  -54.219  -0.037 0.3000000119
129637  17.413  -54.138  0.148 0.4000000060
28042  16.386  -54.115  0.125 0.4000000060
29087  16.786  -53.301  -0.225 0.4000000060
32564  29.179  -50.255  -6.669 0.3000000119
29086  17.761  -53.287  -0.216 0.4000000060
30211  15.856  -51.977  -1.166 0.3000000119
31361  16.310  -51.341  -1.418 0.3000000119
30196  16.255  -52.593  -0.662 0.4000000060
32509  15.403  -50.360  -2.389 0.3000000119
31380  15.145  -51.114  -2.007 0.3000000119
33503  16.321  -49.311  -2.381 0.3000000119
31360  17.066  -51.155  -1.163 0.4000000060
32494  16.608  -50.627  -1.613 0.3000000119
33483  16.836  -49.825  -1.780 0.3000000119
27029  16.658  -55.673  0.460 0.4000000060
28025  16.040  -54.927  0.363 0.4000000060
34520  16.505  -48.462  -2.759 0.3000000119
27044  20.155  -55.268  -1.161 0.3000000119
33524  15.799  -48.798  -3.127 0.3000000119
27028  17.428  -55.687  0.330 0.4000000060
27045  19.465  -55.671  -0.853 0.4000000060
28024  17.008  -54.940  0.410 0.4000000060
28038  20.655  -54.728  -0.849 0.4000000060
28058  21.942  -54.188  -1.576 0.4000000060
28059  20.916  -54.843  -1.462 0.4000000060
28071  21.441  -54.572  -2.026 0.4000000060
28089  21.173  -54.192  -2.975 0.4000000060
29082  23.176  -53.192  -0.986 0.5000000000
29083  20.880  -53.919  -0.540 0.5000000000
29088  15.778  -53.361  -0.328 0.3000000119
29122  21.862  -53.970  -2.579 0.4000000060
29138  21.368  -53.188  -3.403 0.3000000119
30188  24.291  -52.006  -1.353 0.6000000238
30191  21.933  -52.992  -0.064 0.5000000000
30194  18.120  -52.477  -0.415 0.5000000000
30197  15.293  -52.651  -0.845 0.3000000119
30223  23.588  -52.448  -2.162 0.5000000000
30224  23.096  -52.406  -2.717 0.4000000060
31318  24.072  -52.065  0.018 0.6000000238
31320  21.695  -51.709  0.501 0.6000000238
31341  18.384  -51.657  -0.437 0.5000000000
31343  16.713  -51.887  -0.969 0.4000000060
31359  24.004  -51.918  -2.008 0.6000000238
31362  15.641  -51.457  -1.599 0.3000000119
31400  21.712  -50.805  -3.854 0.4000000060
32442  22.987  -50.405  1.241 0.6000000238
32443  21.967  -50.315  1.017 0.6000000238
32458  22.603  -51.048  0.881 0.6000000238
32490  25.224  -49.979  -1.139 0.6000000238
32495  15.918  -50.874  -1.903 0.3000000119
32507  22.797  -49.773  -3.653 0.4000000060
32508  16.150  -50.114  -2.137 0.3000000119
32520  27.816  -50.671  -3.442 0.4000000060
32521  26.784  -50.302  -3.366 0.4000000060
32523  24.643  -49.679  -3.800 0.3000000119
32550  29.396  -50.411  -5.040 0.4000000060
33433  25.315  -49.369  1.621 0.6000000238
33444  26.339  -49.017  0.665 0.6000000238
33445  25.795  -49.647  1.000 0.6000000238
33446  24.108  -50.476  1.226 0.6000000238
33448  20.448  -49.662  0.591 0.6000000238
33449  19.681  -49.076  0.360 0.6000000238
33465  26.050  -49.601  0.067 0.6000000238
33467  18.267  -49.370  -0.674 0.6000000238
33496  28.866  -48.878  -2.990 0.6000000238
33500  23.498  -49.072  -2.901 0.5000000000
33501  23.191  -49.461  -3.576 0.4000000060
33519  26.203  -49.344  -3.232 0.4000000060
33522  23.590  -48.957  -3.310 0.3000000119
33525  15.100  -49.141  -3.483 0.3000000119
33563  28.675  -49.285  -7.375 0.6000000238
34429  25.105  -48.316  2.386 0.8000000119
34446  23.922  -48.865  1.928 0.6999999881
34467  20.603  -48.403  0.826 0.6999999881
34487  26.500  -48.296  -0.001 0.6000000238
34504  25.606  -47.893  -0.890 0.6000000238
34506  17.968  -48.673  -1.095 0.4000000060
34512  29.221  -48.293  -3.067 0.6000000238
34513  28.519  -48.303  -2.618 0.4000000060
34515  25.452  -48.370  -2.845 0.5000000000
34517  24.388  -48.266  -2.417 0.5000000000
34518  23.820  -48.554  -2.846 0.5000000000
34575  29.363  -49.100  -6.196 0.5000000000
35474  26.471  -47.493  2.289 0.8999999762
35487  26.818  -47.824  1.454 0.8999999762
35490  22.465  -47.090  1.907 0.6999999881
35517  19.960  -46.704  0.153 0.6000000238
35519  18.835  -47.735  -0.491 0.5000000000
35533  25.631  -47.080  -1.691 0.6999999881
35534  24.841  -47.551  -2.060 0.6000000238
35536  18.396  -47.367  -1.252 0.5000000000
35554  28.921  -47.661  -2.591 0.8000000119
35609  27.666  -47.472  -7.489 0.6000000238
35610  26.750  -47.125  -7.711 0.6000000238
35622  24.011  -46.991  -8.722 0.5000000000
35627  23.534  -46.976  -9.097 0.5000000000
35634  23.546  -47.135  -9.211 0.3000000119
36504  25.691  -46.979  2.832 0.8999999762
36506  23.582  -46.448  2.519 0.8999999762
36507  22.809  -46.332  2.194 0.8999999762
36513  27.618  -46.404  1.545 0.8999999762
36515  22.138  -46.247  1.785 0.8999999762
36516  21.512  -46.210  1.348 0.8000000119
36527  27.007  -46.677  0.151 1.0000000000
36528  20.930  -46.216  0.814 0.8000000119
36540  25.953  -46.764  -1.047 0.6000000238
36553  26.562  -45.842  -1.099 0.8999999762
36573  17.852  -46.582  -3.047 0.3000000119
36588  18.325  -45.882  -3.656 0.3000000119
36631  25.928  -46.796  -7.968 0.6000000238
36639  23.799  -46.483  -8.936 0.4000000060
37502  26.331  -45.147  3.302 0.8999999762
37503  25.466  -45.261  3.297 0.8999999762
37518  27.632  -45.447  2.586 0.8999999762
37536  28.335  -45.136  0.852 0.8999999762
37537  27.767  -45.520  0.339 0.8999999762
37538  21.341  -45.494  0.999 0.6999999881
37539  20.791  -45.523  0.405 0.6999999881
37548  20.277  -45.487  -0.231 0.6000000238
37568  28.990  -45.441  -2.583 0.8999999762
37596  29.708  -46.102  -4.700 0.8000000119
37617  29.160  -45.090  -6.762 0.8000000119
37631  25.377  -45.823  -8.240 0.6000000238
37654  27.759  -44.931  -10.272 0.3000000119
37656  25.508  -45.407  -9.615 0.3000000119
38582  25.661  -44.468  3.424 0.8999999762
38583  24.860  -44.566  3.200 0.8999999762
38602  22.939  -44.806  2.127 0.8999999762
38622  28.247  -44.281  -0.276 1.0000000000
38623  27.547  -44.632  -0.777 1.0000000000
38625  20.459  -44.802  -0.720 0.6000000238
38635  27.539  -44.525  -1.156 1.0000000000
38637  19.973  -44.678  -2.140 0.5000000000
38654  19.922  -44.460  -3.050 0.5000000000
38664  20.441  -43.923  -3.396 0.5000000000
38678  19.159  -44.510  -4.304 0.3000000119
38696  29.561  -44.538  -6.314 0.8000000119
38702  27.373  -44.343  -7.811 0.8000000119
38721  24.691  -44.295  -9.053 0.5000000000
38730  27.391  -44.381  -10.583 0.4000000060
39589  27.660  -43.142  3.403 0.8999999762
39608  28.914  -43.528  2.518 0.8999999762
39609  28.263  -43.847  3.107 0.8999999762
39622  29.523  -43.102  1.252 0.8999999762
39625  22.468  -43.905  1.430 0.6999999881
39632  28.933  -43.945  0.444 1.0000000000
39645  20.766  -44.223  -1.116 0.5000000000
39651  21.297  -42.980  -1.970 0.4000000060
39661  28.140  -42.985  -2.053 1.0000000000
39674  29.148  -43.220  -3.671 1.0000000000
39677  19.797  -44.024  -3.844 0.3000000119
39721  24.594  -43.451  -9.058 0.6000000238
39726  28.740  -43.437  -10.647 0.5000000000
39730  25.691  -43.246  -10.421 0.6000000238
40608  27.131  -42.425  3.538 0.8999999762
40609  26.357  -42.395  3.527 1.0000000000
40624  28.757  -42.329  3.104 0.8999999762
40652  29.793  -42.706  0.636 0.8999999762
40661  21.868  -41.932  -0.641 0.6000000238
40681  28.535  -42.058  -2.916 1.0000000000
40683  20.947  -42.788  -3.333 0.4000000060
40715  29.104  -42.226  -7.461 0.8000000119
40718  26.652  -43.127  -8.397 0.8000000119
40730  27.022  -42.217  -8.505 0.8000000119
40734  23.192  -42.481  -8.980 0.8000000119
40735  22.780  -42.237  -9.009 0.8000000119
40748  22.848  -42.130  -9.474 0.8000000119
40759  28.658  -42.333  -10.931 0.5000000000
40762  22.916  -41.678  -9.925 0.8000000119
40773  27.329  -42.353  -11.317 0.5000000000
40775  25.553  -42.042  -10.989 0.6000000238
41661  27.381  -41.698  3.506 1.0000000000
41663  25.971  -41.613  3.385 1.0000000000
41664  25.251  -41.856  3.085 1.0000000000
41677  24.674  -41.728  2.693 1.0000000000
41734  21.838  -41.010  -0.936 0.5000000000
41752  20.653  -41.329  -2.942 0.4000000060
41763  20.091  -41.422  -3.442 0.4000000060
41786  29.342  -41.505  -7.050 0.8999999762
41790  22.999  -41.591  -8.704 0.8999999762
41798  27.329  -41.474  -8.518 0.8999999762
41800  22.656  -41.568  -8.931 0.8999999762
41824  28.423  -41.680  -11.065 0.6000000238
41825  24.580  -41.646  -10.700 0.6000000238
41839  27.008  -41.667  -11.205 0.5000000000
42826  29.379  -40.785  2.757 1.0000000000
42831  23.867  -41.023  1.945 0.6999999881
42842  30.060  -40.681  2.109 1.0000000000
42868  23.192  -39.839  1.030 0.6999999881
42869  22.524  -39.969  0.205 0.6000000238
42891  21.627  -40.366  -1.039 0.5000000000
42924  21.031  -40.861  -2.391 0.5000000000
42955  29.382  -40.559  -4.398 0.8999999762
42977  24.946  -39.902  -8.251 0.8999999762
42989  27.609  -40.763  -8.406 0.8999999762
43005  22.130  -40.046  -9.060 0.8999999762
43023  23.901  -40.955  -10.482 0.8000000119
43026  22.326  -39.980  -9.515 0.8999999762
43043  25.617  -41.159  -10.924 0.6999999881
44033  24.649  -39.829  2.168 0.6999999881
44048  23.930  -40.151  1.806 0.6999999881
44209  25.444  -39.190  -7.967 0.8999999762
44212  21.778  -39.186  -8.558 0.8999999762
44221  21.527  -39.345  -9.024 0.8999999762
44246  29.313  -39.573  -10.501 0.6000000238
45059  28.222  -38.627  3.299 0.8999999762
45060  27.525  -38.721  3.267 0.8000000119
45068  28.956  -38.431  3.172 0.8000000119
45070  24.595  -38.954  1.916 0.6999999881
45132  31.372  -37.836  -0.332 1.0000000000
45232  24.189  -38.201  -7.496 0.8999999762
45233  22.803  -38.687  -7.826 0.8999999762
45234  21.930  -38.732  -8.015 0.8999999762
45252  30.975  -39.068  -9.611 0.6000000238
45277  22.665  -38.914  -9.793 0.8000000119
45291  29.991  -38.011  -10.848 0.6000000238
45293  28.667  -38.438  -10.783 0.6000000238
45295  27.269  -38.805  -10.644 0.6999999881
46100  24.659  -37.704  2.625 0.6000000238
46103  21.968  -37.375  2.416 0.4000000060
46237  29.041  -37.138  -6.011 1.0000000000
46255  24.355  -36.968  -6.831 0.8999999762
46267  25.584  -37.796  -7.292 0.8999999762
46289  22.719  -37.413  -9.837 0.6999999881
46290  21.918  -37.784  -9.696 0.8999999762
47183  23.034  -36.152  3.159 0.4000000060
47195  24.261  -37.027  3.082 0.5000000000
47212  19.424  -36.305  1.232 0.3000000119
47263  30.480  -36.624  -1.879 1.0000000000
47295  29.146  -36.052  -5.127 1.0000000000
47313  28.765  -36.491  -5.737 1.0000000000
47335  22.898  -36.522  -6.520 0.8999999762
47361  19.997  -36.795  -8.735 0.8999999762
47390  26.342  -36.595  -10.602 0.6999999881
48340  25.252  -35.910  3.671 0.5000000000
48343  22.708  -35.390  3.142 0.4000000060
48461  28.642  -35.305  -4.765 1.0000000000
48481  25.529  -35.685  -6.319 1.0000000000
48544  20.844  -35.628  -10.043 0.8000000119
48553  23.412  -35.568  -10.319 0.6999999881
49643  27.433  -34.184  -4.715 1.0000000000
49657  23.631  -34.081  -6.004 1.0000000000
49658  22.743  -34.424  -6.183 1.0000000000
49660  19.844  -33.629  -6.846 1.0000000000
49691  19.563  -34.323  -7.583 0.8999999762
49742  24.528  -33.906  -10.922 0.6999999881
49753  25.708  -33.724  -11.455 0.6000000238
50722  22.770  -33.922  3.073 0.4000000060
50756  20.503  -33.544  1.553 0.4000000060
50840  26.135  -32.888  -4.046 0.8999999762
50845  26.887  -33.563  -4.163 0.8999999762
50848  25.274  -32.855  -5.232 0.8999999762
50866  19.683  -33.036  -6.712 1.0000000000
50867  18.811  -32.799  -6.860 0.8999999762
50899  23.359  -32.993  -8.554 0.6000000238
50916  18.538  -33.002  -7.568 0.8000000119
50953  23.906  -33.623  -9.944 0.6999999881
50969  26.234  -33.226  -11.305 0.6000000238
50971  25.038  -33.404  -10.995 0.6000000238
51942  23.752  -32.456  2.789 0.4000000060
52020  30.371  -32.982  -2.040 0.8000000119
52036  25.686  -32.439  -4.358 0.8999999762
52039  22.969  -32.054  -5.759 0.8999999762
52051  19.343  -32.332  -6.695 0.8000000119
52052  18.691  -32.260  -6.842 0.8000000119
52070  18.421  -32.427  -6.994 0.8000000119
52087  25.587  -33.057  -7.597 0.5000000000
52092  18.425  -32.512  -7.265 0.8000000119
53116  26.276  -31.424  2.600 0.4000000060
53119  23.317  -32.112  2.517 0.4000000060
53152  19.355  -31.379  0.634 0.3000000119
53194  29.675  -31.836  -3.028 0.8000000119
53210  25.164  -31.415  -4.228 0.8000000119
53213  22.983  -31.201  -5.538 0.8999999762
53226  19.834  -31.697  -6.561 0.8999999762
53242  18.440  -31.911  -6.935 0.8000000119
53260  25.802  -32.126  -7.362 0.5000000000
53264  22.418  -31.446  -7.626 0.6000000238
53265  21.602  -31.595  -7.833 0.6000000238
53277  18.896  -31.846  -7.954 0.8000000119
54386  29.624  -30.791  -3.902 0.6999999881
54399  25.904  -30.866  -4.035 0.8000000119
54403  21.573  -29.898  -5.765 0.8999999762
54449  25.499  -30.184  -7.426 0.5000000000
54450  24.104  -30.686  -7.383 0.6000000238
54452  22.635  -30.628  -7.525 0.6000000238
54454  19.620  -29.711  -7.967 0.6000000238
54471  18.192  -29.807  -7.589 0.8000000119
55472  27.760  -29.633  1.183 0.4000000060
55477  23.184  -29.812  1.384 0.3000000119
55478  22.430  -29.937  1.339 0.3000000119
55493  30.130  -29.314  0.575 0.5000000000
55569  25.295  -29.506  -4.719 0.6999999881
55590  18.221  -29.381  -6.878 0.8000000119
55597  17.773  -29.300  -7.326 0.8000000119
55618  23.496  -29.504  -7.594 0.6000000238
55622  17.812  -29.142  -7.534 0.8000000119
55638  26.653  -29.201  -7.982 0.5000000000
56691  27.080  -28.550  0.350 0.4000000060
56766  21.350  -28.736  -5.743 0.8000000119
56781  23.149  -28.376  -5.454 0.6999999881
56783  21.622  -28.127  -5.807 0.8000000119
56786  18.898  -28.574  -6.568 0.8000000119
56840  18.106  -28.424  -7.828 0.6999999881
57957  24.894  -27.390  -0.328 0.3000000119
58045  20.915  -26.692  -6.667 0.8000000119
58046  18.873  -27.041  -6.817 0.8000000119
58076  23.695  -27.588  -8.832 0.6000000238
58078  21.663  -27.417  -8.762 0.6000000238
58100  21.427  -26.692  -9.357 0.6000000238
59153  23.580  -26.705  -0.538 0.3000000119
59240  25.728  -26.868  -6.801 0.6999999881
59243  21.593  -26.371  -6.973 0.6999999881
59245  19.229  -26.585  -7.355 0.8000000119
59266  26.156  -26.349  -7.244 0.5000000000
59268  23.832  -26.364  -7.244 0.8000000119
59271  19.046  -26.549  -7.932 0.6000000238
59272  18.520  -27.015  -8.008 0.6999999881
59283  19.246  -26.540  -8.258 0.6999999881
59294  31.378  -26.334  -9.377 0.3000000119
59298  22.041  -26.373  -9.980 0.6000000238
59300  20.218  -26.240  -9.059 0.6000000238
59312  30.011  -26.178  -10.162 0.3000000119
59314  27.988  -26.446  -10.468 0.3000000119
59316  26.199  -26.574  -10.694 0.4000000060
59320  21.942  -25.673  -10.391 0.6000000238
59336  24.969  -26.110  -11.291 0.4000000060
60410  19.857  -26.142  -7.519 0.8000000119
60459  19.638  -26.078  -8.324 0.6000000238
60471  20.471  -25.661  -9.186 0.6000000238
60472  19.842  -26.037  -8.722 0.6000000238
60485  21.018  -25.388  -9.541 0.6000000238
60498  27.022  -25.513  -11.749 0.3000000119
60515  24.862  -24.875  -11.940 0.4000000060
61502  21.899  -25.511  -8.076 0.6000000238
61503  21.067  -25.466  -8.212 0.6000000238
61521  22.413  -25.135  -8.648 0.6000000238
61535  22.909  -24.398  -9.623 0.6000000238
61549  21.381  -25.024  -9.877 0.6000000238
61563  23.218  -24.021  -11.465 0.4000000060
61573  26.127  -24.076  -12.409 0.4000000060
61575  23.817  -23.799  -11.887 0.4000000060
62535  22.696  -24.217  -10.888 0.4000000060
62547  23.873  -23.565  -11.510 0.4000000060
62560  24.309  -23.338  -12.018 0.4000000060
63569  26.189  -23.190  -10.619 0.4000000060
63595  25.260  -22.588  -11.997 0.4000000060
63604  24.953  -22.856  -12.256 0.4000000060
131128  26.041  -43.839  -10.353 0.6000000238
131598  20.885  -26.275  -9.434 0.6000000238
131926  29.301  -48.980  -3.631 0.5000000000
132271  28.916  -48.801  -6.903 0.6000000238
132292  25.031  -38.281  -9.945 0.6999999881
132604  25.706  -46.002  -9.673 0.3000000119
132919  26.771  -39.473  -10.631 0.6999999881
134272  21.114  -38.831  -9.051 0.8999999762
134481  24.485  -49.610  -1.769 0.6000000238
134625  17.993  -30.083  -7.118 0.8000000119
135063  29.706  -37.745  -5.239 1.0000000000
135120  21.546  -42.927  -0.719 0.6000000238
135212  25.395  -27.397  -9.438 0.6000000238
135650  29.451  -49.527  -4.490 0.5000000000
135688  22.658  -42.975  1.296 0.6999999881
135692  28.127  -49.876  -3.212 0.4000000060
135735  28.650  -42.932  -7.754 0.8000000119
135818  19.171  -45.780  -1.656 0.5000000000
136078  22.889  -24.797  -9.069 0.6000000238
136449  24.076  -23.469  -11.136 0.4000000060
137089  30.989  -36.973  -1.324 0.8999999762
137161  22.333  -34.987  -10.365 0.6999999881
137464  18.418  -54.216  -0.042 0.5000000000
137471  24.227  -42.156  -8.639 0.8999999762
137559  27.313  -32.529  -3.119 0.8000000119
138338  29.217  -40.034  -6.910 0.8999999762
138513  24.624  -45.919  -8.595 0.5000000000
139021  29.264  -41.889  -4.581 0.8999999762
139030  21.102  -41.964  -2.882 0.4000000060
139253  26.458  -46.894  -0.410 0.8000000119
139394  20.617  -42.139  -3.349 0.4000000060
139396  20.296  -28.335  -8.250 0.6000000238
139826  24.620  -43.162  -9.467 0.6999999881
139945  22.602  -33.261  2.690 0.4000000060
140528  23.154  -41.163  -10.215 0.8000000119
140855  31.408  -34.109  -0.261 0.6999999881
141439  20.642  -47.671  0.844 0.6999999881
141612  28.284  -43.462  -2.269 1.0000000000
141807  24.431  -40.659  -8.414 0.8999999762
142387  23.655  -44.210  2.496 0.8999999762
142608  23.404  -51.644  -2.665 0.4000000060
142765  26.843  -38.761  3.074 0.8000000119
143021  22.127  -30.011  -5.595 0.8999999762
143609  20.569  -28.797  -6.014 0.8999999762
143786  25.176  -45.314  -8.472 0.6000000238
143850  22.515  -47.870  1.757 0.8999999762
143866  18.529  -50.848  -0.421 0.6000000238
144223  24.717  -25.538  -11.593 0.6000000238
144504  23.499  -32.358  -5.659 0.8999999762
144612  22.238  -41.910  0.158 0.6999999881
144642  28.790  -35.001  3.491 0.6000000238
144838  27.224  -46.998  -2.041 0.6000000238
144903  20.265  -39.842  -2.104 0.4000000060
144951  24.568  -43.149  2.897 0.8999999762
144976  22.519  -49.062  1.516 0.6999999881
145071  23.401  -24.056  -10.035 0.4000000060
145161  28.351  -42.965  -11.075 0.5000000000
145327  19.508  -28.024  -8.361 0.6000000238
145585  22.599  -51.190  -3.305 0.4000000060
145698  21.473  -39.559  -0.562 0.4000000060
145854  25.387  -27.321  -6.450 0.6999999881
145877  23.420  -27.890  -5.773 0.6999999881
146187  29.744  -46.036  -4.038 0.8000000119
146929  22.967  -49.965  -4.447 0.3000000119
147133  20.329  -32.929  -6.591 1.0000000000
147874  28.161  -47.632  -2.311 0.6000000238
148277  22.053  -53.956  -0.972 0.5000000000
148343  31.543  -31.187  -1.664 0.6999999881
148925  29.332  -39.454  -6.440 0.8999999762
148941  24.165  -52.266  -0.763 0.6000000238
148963  19.503  -53.347  -0.236 0.5000000000
149164  21.093  -39.923  -1.428 0.5000000000
149180  24.139  -51.317  0.591 0.6000000238
149245  29.448  -38.873  2.886 0.8000000119
149410  19.820  -28.883  -6.305 0.8999999762
149586  26.462  -43.624  3.512 0.8999999762
149733  27.188  -33.431  -3.380 0.8000000119
149841  21.833  -49.727  1.133 0.6000000238
150154  24.810  -31.439  2.500 0.4000000060
150445  28.550  -37.200  -11.255 0.6000000238
150556  25.004  -37.368  -10.003 0.6999999881
150961  27.034  -43.516  -11.076 0.5000000000
151040  29.391  -27.523  -0.529 0.3000000119
151125  19.705  -30.484  -7.821 0.6999999881
151292  27.869  -45.837  1.960 0.8999999762
151375  28.688  -44.889  -7.195 0.8000000119
151406  27.042  -30.587  2.121 0.4000000060
151461  25.612  -23.959  -9.791 0.4000000060
151556  26.049  -24.232  -9.349 0.4000000060
152331  31.292  -32.041  1.077 0.6999999881
152362  29.544  -48.688  -4.308 0.6000000238
152646  18.280  -27.653  -8.185 0.6999999881
152856  26.655  -45.708  -0.893 0.8000000119
153501  18.471  -28.117  -6.780 0.8000000119
153609  19.706  -52.798  -0.155 0.5000000000
153653  23.590  -48.352  2.057 0.6999999881
153723  29.483  -45.967  -5.887 0.8000000119
153741  25.166  -38.789  2.226 0.6999999881
154022  24.393  -32.182  -7.485 0.6000000238
154081  29.059  -42.886  2.727 0.8999999762
154109  24.107  -46.212  -8.805 0.5000000000
154613  20.808  -25.685  -7.759 0.6000000238
154636  24.385  -23.576  -12.167 0.4000000060
154670  30.398  -40.453  1.738 1.0000000000
154880  23.289  -44.469  2.297 0.8999999762
154998  25.020  -28.979  0.902 0.4000000060
155015  22.476  -50.127  -4.563 0.3000000119
155499  21.374  -43.677  -0.338 0.6000000238
