#!ascii label  , from subject sub-v1s18x0051224_ses-1 vox2ras=TkReg
870
56598  8.814  -13.853  75.416 0.0000000000
54503  3.413  -15.807  64.084 0.0000000000
53197  1.200  -16.936  77.139 0.0000000000
58894  6.764  -11.783  75.649 0.0000000000
62010  8.376  -8.130  70.500 0.0000000000
124860  4.666  -15.724  78.314 0.0000000000
57710  6.005  -12.015  80.683 0.0000000000
54341  12.428  -16.226  77.085 0.0000000000
119073  7.366  -17.488  76.805 0.0000000000
50008  2.177  -19.176  75.962 0.0000000000
64219  6.990  -6.785  77.294 0.0000000000
133508  9.007  -9.900  73.325 0.0000000000
141228  3.517  -6.496  74.278 0.0000000000
52101  -0.272  -17.774  72.530 0.0000000000
55514  1.630  -15.150  71.415 0.0000000000
56599  2.797  -13.465  76.277 0.0000000000
60873  6.914  -9.746  80.597 0.0000000000
56707  5.161  -13.684  69.720 0.0000000000
128286  8.617  -13.446  68.156 0.0000000000
58973  11.624  -11.431  66.428 0.0000000000
62051  5.804  -8.094  66.068 0.0000000000
55441  7.151  -15.001  76.841 0.0000000000
57741  7.630  -12.923  78.141 0.0000000000
54370  10.577  -15.696  76.076 0.0000000000
51014  10.047  -17.160  76.813 0.0000000000
53194  8.208  -16.731  77.196 0.0000000000
52041  6.107  -16.903  77.825 0.0000000000
64227  5.303  -6.533  76.246 0.0000000000
52076  -0.269  -16.983  74.923 0.0000000000
54394  0.817  -15.596  73.944 0.0000000000
55442  1.660  -14.789  76.773 0.0000000000
59814  8.418  -10.401  81.371 0.0000000000
137574  6.221  -11.052  80.816 0.0000000000
51020  1.418  -18.261  77.048 0.0000000000
49028  0.859  -20.574  75.439 0.0000000000
50019  -0.121  -20.151  76.203 0.0000000000
49035  -0.441  -20.589  73.639 0.0000000000
56637  3.404  -13.649  73.488 0.0000000000
55526  2.773  -14.342  69.999 0.0000000000
121097  5.876  -13.427  72.927 0.0000000000
60929  9.060  -9.200  72.103 0.0000000000
57836  8.978  -12.578  71.068 0.0000000000
59893  10.266  -10.868  70.256 0.0000000000
57891  10.620  -12.570  67.473 0.0000000000
123250  10.933  -9.634  68.584 0.0000000000
53180  3.367  -15.928  78.447 0.0000000000
56547  3.411  -13.794  78.555 0.0000000000
55409  5.083  -13.578  79.532 0.0000000000
58860  8.457  -11.545  80.166 0.0000000000
52060  13.243  -16.757  76.128 0.0000000000
52085  12.227  -16.684  73.335 0.0000000000
136447  11.290  -17.435  75.620 0.0000000000
124972  8.619  -17.565  75.086 0.0000000000
50005  5.280  -18.178  76.510 0.0000000000
51010  4.168  -17.486  77.695 0.0000000000
60894  7.740  -9.605  76.967 0.0000000000
58901  7.937  -11.297  74.697 0.0000000000
63115  8.225  -7.856  75.046 0.0000000000
63127  7.105  -7.427  73.679 0.0000000000
63142  6.305  -7.544  72.228 0.0000000000
56633  11.093  -13.361  73.857 0.0000000000
119057  17.464  -16.145  74.951 0.0000000000
54327  17.619  -14.917  78.099 0.0000000000
55437  14.594  -14.865  77.124 0.0000000000
131036  12.676  -14.845  75.212 0.0000000000
50042  -0.273  -19.510  69.464 0.0000000000
52147  0.531  -17.312  69.344 0.0000000000
131971  0.581  -16.462  71.416 0.0000000000
55487  1.585  -14.926  73.244 0.0000000000
57764  4.124  -12.848  75.838 0.0000000000
57732  4.188  -12.470  79.186 0.0000000000
58877  4.697  -11.955  78.284 0.0000000000
59842  6.446  -10.904  78.066 0.0000000000
119792  7.625  -7.834  78.515 0.0000000000
53314  1.363  -16.584  68.129 0.0000000000
55571  2.330  -15.255  67.401 0.0000000000
55569  4.110  -14.477  67.108 0.0000000000
57814  7.908  -12.973  72.335 0.0000000000
56706  6.615  -13.621  69.172 0.0000000000
55604  5.748  -14.561  65.498 0.0000000000
55601  8.053  -14.266  65.236 0.0000000000
56791  9.778  -13.903  64.706 0.0000000000
64254  2.563  -6.851  72.222 0.0000000000
125790  4.009  -7.627  70.258 0.0000000000
135725  2.776  -7.493  68.268 0.0000000000
125114  7.425  -7.529  68.313 0.0000000000
136987  9.409  -8.218  66.495 0.0000000000
55440  7.703  -14.867  76.259 0.0000000000
57751  8.483  -12.944  76.677 0.0000000000
56583  8.714  -13.235  75.958 0.0000000000
54371  9.672  -15.469  75.750 0.0000000000
54358  9.364  -15.945  76.453 0.0000000000
54359  8.406  -15.554  76.219 0.0000000000
54344  7.647  -15.911  76.859 0.0000000000
53389  3.558  -16.871  62.397 0.0000000000
54520  4.205  -15.760  62.796 0.0000000000
52064  -0.049  -17.125  75.722 0.0000000000
119671  0.412  -15.894  75.425 0.0000000000
54360  1.396  -15.404  76.938 0.0000000000
53253  13.870  -16.270  72.299 0.0000000000
52048  1.454  -17.503  77.267 0.0000000000
50010  0.196  -19.660  76.482 0.0000000000
134013  0.218  -18.318  76.825 0.0000000000
51033  -0.259  -19.016  76.082 0.0000000000
56616  4.745  -13.312  74.311 0.0000000000
56652  4.991  -13.495  72.790 0.0000000000
57800  6.288  -13.137  73.748 0.0000000000
62001  8.611  -8.491  71.473 0.0000000000
133183  9.733  -9.874  71.216 0.0000000000
141719  9.507  -8.849  70.057 0.0000000000
60949  10.617  -9.807  69.344 0.0000000000
122085  9.567  -8.622  69.370 0.0000000000
53178  4.123  -15.791  78.435 0.0000000000
129418  4.207  -14.317  78.873 0.0000000000
55419  5.081  -14.230  78.991 0.0000000000
57730  8.039  -12.011  79.778 0.0000000000
59825  9.312  -10.721  80.059 0.0000000000
52050  12.318  -16.624  76.962 0.0000000000
127524  11.945  -17.267  75.679 0.0000000000
52051  11.966  -17.178  77.197 0.0000000000
51022  8.957  -17.334  76.596 0.0000000000
133032  9.458  -17.465  76.323 0.0000000000
51029  8.015  -17.619  75.672 0.0000000000
50004  6.096  -17.876  76.581 0.0000000000
53177  5.196  -16.651  78.007 0.0000000000
51003  5.156  -17.113  77.908 0.0000000000
52036  4.238  -16.761  78.108 0.0000000000
52042  3.265  -17.065  77.950 0.0000000000
61960  7.910  -7.893  77.421 0.0000000000
60893  8.162  -8.929  76.325 0.0000000000
63101  7.488  -7.206  76.402 0.0000000000
64237  5.045  -6.635  75.227 0.0000000000
63117  6.254  -6.945  74.500 0.0000000000
63118  5.034  -6.844  74.353 0.0000000000
63128  6.141  -7.346  73.073 0.0000000000
63129  4.743  -7.110  73.581 0.0000000000
54339  14.722  -15.452  77.340 0.0000000000
119629  -0.254  -18.632  70.845 0.0000000000
52130  -0.075  -17.938  70.872 0.0000000000
52114  -0.030  -17.434  71.695 0.0000000000
56601  1.663  -14.568  75.651 0.0000000000
128770  1.272  -15.244  74.000 0.0000000000
133656  1.884  -14.278  75.013 0.0000000000
56617  3.307  -13.453  74.902 0.0000000000
120478  3.428  -12.967  76.514 0.0000000000
56545  4.861  -13.003  79.862 0.0000000000
56558  3.568  -13.257  78.692 0.0000000000
57712  4.972  -11.908  79.968 0.0000000000
60865  6.561  -10.520  80.984 0.0000000000
58870  5.398  -11.550  79.556 0.0000000000
59834  6.116  -11.070  79.092 0.0000000000
58876  5.506  -11.466  78.456 0.0000000000
59833  6.837  -10.369  78.532 0.0000000000
60887  7.497  -9.468  77.947 0.0000000000
61955  7.293  -8.550  79.837 0.0000000000
52099  10.536  -17.104  72.259 0.0000000000
139272  11.078  -16.936  71.763 0.0000000000
50022  3.089  -18.914  75.003 0.0000000000
49033  2.481  -19.875  73.803 0.0000000000
127924  1.956  -20.276  74.386 0.0000000000
47925  0.554  -21.431  74.529 0.0000000000
47933  1.205  -21.631  73.640 0.0000000000
50029  -0.425  -19.894  72.544 0.0000000000
49042  -0.485  -20.393  71.699 0.0000000000
53273  1.197  -15.978  70.458 0.0000000000
52166  0.858  -17.164  68.547 0.0000000000
127941  1.532  -15.640  70.009 0.0000000000
56689  4.596  -13.686  70.359 0.0000000000
55553  2.284  -14.994  68.418 0.0000000000
56728  3.843  -14.227  68.699 0.0000000000
55570  2.838  -14.889  67.039 0.0000000000
56746  4.456  -14.191  68.025 0.0000000000
59858  8.459  -11.080  74.100 0.0000000000
57799  7.791  -12.517  73.333 0.0000000000
124797  8.842  -11.580  72.877 0.0000000000
57853  9.040  -12.867  70.255 0.0000000000
56685  8.425  -13.200  70.509 0.0000000000
138311  8.268  -13.427  68.886 0.0000000000
56744  6.160  -13.942  67.683 0.0000000000
56760  7.156  -14.054  66.630 0.0000000000
55602  7.276  -14.362  65.391 0.0000000000
56759  8.466  -13.748  66.671 0.0000000000
57890  11.228  -12.059  66.998 0.0000000000
56757  10.277  -13.383  66.136 0.0000000000
57930  11.055  -13.075  65.767 0.0000000000
65376  2.595  -6.439  70.899 0.0000000000
63163  2.659  -7.201  71.645 0.0000000000
63176  2.252  -7.123  70.165 0.0000000000
62053  3.582  -8.201  66.254 0.0000000000
137759  4.485  -7.756  67.393 0.0000000000
63202  5.054  -7.563  68.497 0.0000000000
63212  6.723  -7.561  67.629 0.0000000000
63210  8.791  -7.788  67.621 0.0000000000
63220  8.030  -7.790  66.727 0.0000000000
54346  6.073  -15.030  77.812 0.0000000000
56571  6.243  -14.096  78.080 0.0000000000
56570  7.009  -13.747  77.576 0.0000000000
54357  12.105  -16.043  77.046 0.0000000000
52045  11.672  -16.708  77.162 0.0000000000
131400  10.622  -16.727  77.084 0.0000000000
53193  9.515  -16.706  76.950 0.0000000000
51006  8.334  -16.992  77.169 0.0000000000
51017  6.659  -17.497  77.154 0.0000000000
125333  7.510  -16.817  77.414 0.0000000000
53182  6.609  -16.751  77.697 0.0000000000
64210  5.770  -6.290  78.153 0.0000000000
64220  5.529  -6.408  77.206 0.0000000000
64212  4.211  -5.939  77.334 0.0000000000
64222  3.928  -5.962  76.731 0.0000000000
64230  3.496  -5.904  75.359 0.0000000000
51055  -0.425  -18.330  73.594 0.0000000000
52088  0.086  -16.428  73.379 0.0000000000
143093  0.067  -16.018  74.413 0.0000000000
55456  1.268  -15.136  75.466 0.0000000000
56588  1.968  -14.334  76.500 0.0000000000
57709  7.304  -11.689  81.130 0.0000000000
58850  6.106  -11.535  80.797 0.0000000000
138334  6.925  -10.995  81.434 0.0000000000
59816  6.925  -10.636  81.394 0.0000000000
60864  6.992  -9.920  81.138 0.0000000000
61948  7.250  -8.951  80.756 0.0000000000
50001  2.318  -18.595  76.692 0.0000000000
50017  1.348  -19.922  75.778 0.0000000000
50009  0.881  -19.492  76.348 0.0000000000
47911  0.368  -20.622  75.697 0.0000000000
49031  0.224  -21.018  75.171 0.0000000000
47934  -0.279  -21.758  73.845 0.0000000000
50026  -0.410  -20.180  74.506 0.0000000000
120915  -0.474  -19.209  74.293 0.0000000000
56654  2.816  -13.911  72.739 0.0000000000
127837  1.994  -14.841  70.898 0.0000000000
56671  3.532  -13.743  71.880 0.0000000000
56670  4.136  -13.730  71.110 0.0000000000
119512  5.098  -13.620  71.056 0.0000000000
60917  8.926  -9.166  72.939 0.0000000000
58925  9.206  -11.095  72.532 0.0000000000
60928  9.482  -9.921  71.816 0.0000000000
124416  10.003  -11.051  70.843 0.0000000000
58949  9.926  -12.056  69.853 0.0000000000
57892  9.944  -13.035  67.874 0.0000000000
58955  10.728  -11.401  68.830 0.0000000000
58954  11.304  -10.845  68.140 0.0000000000
59911  11.449  -10.246  67.535 0.0000000000
62065  4.929  -8.382  65.340 0.0000000000
62063  7.562  -8.345  65.202 0.0000000000
62080  7.038  -8.389  64.317 0.0000000000
53185  2.278  -16.250  78.104 0.0000000000
54333  2.619  -15.440  78.225 0.0000000000
54332  3.211  -15.251  78.427 0.0000000000
55410  4.655  -13.551  79.433 0.0000000000
56534  5.821  -12.539  80.269 0.0000000000
56557  6.015  -13.568  79.167 0.0000000000
57721  7.277  -12.277  80.253 0.0000000000
143210  7.104  -12.078  80.863 0.0000000000
58848  8.130  -11.354  80.972 0.0000000000
53217  14.009  -16.594  75.375 0.0000000000
52096  13.067  -16.486  72.823 0.0000000000
52073  12.299  -16.963  74.651 0.0000000000
52052  10.982  -17.269  76.815 0.0000000000
139002  9.417  -17.525  75.065 0.0000000000
51049  9.060  -17.482  73.515 0.0000000000
50015  4.121  -18.390  75.369 0.0000000000
49999  4.061  -18.254  76.929 0.0000000000
142866  5.638  -17.943  77.189 0.0000000000
49994  4.532  -17.907  77.393 0.0000000000
50000  3.176  -18.299  77.004 0.0000000000
51012  2.758  -17.590  77.586 0.0000000000
52043  2.690  -17.094  77.869 0.0000000000
58885  7.061  -11.186  76.423 0.0000000000
58902  7.327  -11.855  74.869 0.0000000000
59852  7.836  -10.396  75.857 0.0000000000
60901  8.342  -9.362  75.492 0.0000000000
61977  8.484  -8.480  74.284 0.0000000000
63107  7.509  -7.263  75.630 0.0000000000
63116  7.406  -7.327  74.696 0.0000000000
61983  8.531  -8.418  73.430 0.0000000000
63140  8.086  -7.861  73.087 0.0000000000
61991  7.976  -7.996  72.113 0.0000000000
120881  6.894  -7.607  70.991 0.0000000000
56613  10.452  -13.884  74.335 0.0000000000
53229  16.162  -16.327  73.987 0.0000000000
55414  19.676  -14.220  78.233 0.0000000000
56540  18.860  -13.388  78.967 0.0000000000
54335  18.640  -15.202  77.227 0.0000000000
53199  17.675  -15.676  76.412 0.0000000000
53200  16.254  -16.223  76.446 0.0000000000
53216  14.782  -16.545  75.707 0.0000000000
132269  13.584  -16.059  77.124 0.0000000000
54355  13.322  -15.840  77.104 0.0000000000
55449  14.077  -14.698  76.388 0.0000000000
55439  12.693  -15.297  76.133 0.0000000000
55451  12.051  -15.122  75.280 0.0000000000
55469  10.713  -14.649  74.612 0.0000000000
130197  0.510  -17.040  70.197 0.0000000000
54406  0.961  -15.865  71.485 0.0000000000
53254  0.505  -16.087  72.964 0.0000000000
54393  1.210  -15.428  73.070 0.0000000000
55501  1.568  -15.061  72.340 0.0000000000
122357  2.621  -13.900  73.613 0.0000000000
57783  4.047  -13.220  75.039 0.0000000000
57782  5.079  -12.898  75.122 0.0000000000
55421  2.439  -14.736  77.901 0.0000000000
56572  2.898  -13.630  77.809 0.0000000000
57745  3.153  -13.283  77.778 0.0000000000
58852  5.420  -11.916  80.086 0.0000000000
58878  4.211  -12.249  78.858 0.0000000000
123105  3.524  -12.841  77.456 0.0000000000
57742  4.719  -12.201  77.466 0.0000000000
57753  5.235  -12.257  76.642 0.0000000000
57752  6.089  -11.791  76.533 0.0000000000
59841  7.227  -10.290  77.576 0.0000000000
61961  7.740  -8.541  77.927 0.0000000000
122644  7.414  -7.054  78.639 0.0000000000
63084  7.389  -7.301  79.498 0.0000000000
64201  6.914  -6.651  79.252 0.0000000000
64202  5.962  -6.246  78.958 0.0000000000
49036  2.549  -20.202  72.882 0.0000000000
47923  1.462  -20.922  74.186 0.0000000000
55537  2.118  -14.942  69.389 0.0000000000
55554  2.015  -15.399  67.979 0.0000000000
54475  3.508  -15.286  65.113 0.0000000000
121942  7.061  -12.939  73.431 0.0000000000
56650  7.052  -13.360  72.270 0.0000000000
56687  6.808  -13.524  70.784 0.0000000000
57824  8.658  -12.524  71.948 0.0000000000
56686  7.672  -13.418  70.693 0.0000000000
127736  5.748  -13.725  69.100 0.0000000000
56745  5.160  -14.218  67.464 0.0000000000
120950  4.922  -14.571  65.848 0.0000000000
55626  4.187  -15.084  64.701 0.0000000000
55624  5.839  -14.779  64.180 0.0000000000
56758  9.392  -13.593  66.443 0.0000000000
56792  8.935  -14.170  65.000 0.0000000000
65347  3.361  -5.858  74.152 0.0000000000
65352  3.328  -5.700  73.154 0.0000000000
64248  3.203  -6.583  73.662 0.0000000000
137156  3.150  -7.264  72.397 0.0000000000
119841  4.572  -7.572  71.154 0.0000000000
63173  6.440  -7.539  70.298 0.0000000000
63189  3.338  -7.567  69.504 0.0000000000
128385  5.744  -7.534  68.981 0.0000000000
63186  7.481  -7.570  69.294 0.0000000000
63199  9.240  -8.005  68.124 0.0000000000
60964  10.809  -8.931  67.440 0.0000000000
60963  11.285  -9.520  67.048 0.0000000000
60984  10.927  -8.848  65.792 0.0000000000
55455  8.462  -14.706  75.679 0.0000000000
56584  8.092  -13.898  76.116 0.0000000000
55454  9.329  -14.677  75.217 0.0000000000
54372  8.954  -15.284  75.708 0.0000000000
143122  3.508  -15.984  63.692 0.0000000000
54521  3.724  -16.203  63.130 0.0000000000
54502  3.883  -15.612  63.599 0.0000000000
53206  0.765  -16.724  76.658 0.0000000000
54348  1.245  -16.171  77.115 0.0000000000
53252  14.729  -16.123  72.805 0.0000000000
52049  0.778  -17.570  76.917 0.0000000000
51021  0.769  -18.307  76.848 0.0000000000
52053  0.283  -17.391  76.529 0.0000000000
57762  5.861  -12.370  75.664 0.0000000000
140219  5.548  -13.133  74.299 0.0000000000
122937  6.092  -12.696  74.665 0.0000000000
62009  9.142  -8.692  70.654 0.0000000000
62020  8.947  -8.358  69.869 0.0000000000
54322  4.242  -15.071  78.556 0.0000000000
54331  5.071  -15.098  78.403 0.0000000000
53191  12.684  -16.257  77.091 0.0000000000
53192  12.089  -16.535  77.103 0.0000000000
51016  8.194  -17.251  76.907 0.0000000000
51023  8.066  -17.510  76.395 0.0000000000
51024  7.315  -17.658  76.173 0.0000000000
50012  6.628  -17.774  76.015 0.0000000000
49996  6.715  -17.678  76.665 0.0000000000
53183  5.555  -16.212  77.942 0.0000000000
130144  4.466  -16.427  78.180 0.0000000000
131935  4.020  -16.308  78.317 0.0000000000
63093  7.550  -7.225  77.801 0.0000000000
63100  7.748  -7.491  76.866 0.0000000000
141564  4.345  -6.655  74.761 0.0000000000
64247  3.963  -6.777  74.354 0.0000000000
63130  3.506  -6.910  73.733 0.0000000000
51076  -0.277  -18.286  71.613 0.0000000000
56600  2.214  -14.001  75.973 0.0000000000
120329  2.585  -13.707  75.212 0.0000000000
56535  5.495  -12.234  80.198 0.0000000000
57711  5.556  -11.748  80.605 0.0000000000
60874  6.467  -10.484  80.345 0.0000000000
60882  6.553  -10.451  79.495 0.0000000000
60881  6.978  -9.662  79.753 0.0000000000
138444  7.172  -9.813  78.919 0.0000000000
139100  2.727  -18.925  75.597 0.0000000000
135193  2.488  -19.598  74.509 0.0000000000
49030  2.139  -19.691  75.178 0.0000000000
46674  0.477  -21.998  74.010 0.0000000000
46673  0.823  -21.718  74.005 0.0000000000
51066  -0.367  -18.824  72.502 0.0000000000
50032  -0.359  -19.314  71.455 0.0000000000
126630  1.394  -15.503  70.995 0.0000000000
53283  1.290  -16.207  69.548 0.0000000000
56708  4.174  -13.886  69.555 0.0000000000
55551  3.394  -14.500  67.746 0.0000000000
56727  4.820  -13.972  68.896 0.0000000000
129226  8.817  -10.161  74.022 0.0000000000
58912  8.458  -11.733  73.440 0.0000000000
59869  8.935  -10.838  73.293 0.0000000000
56703  9.011  -13.215  68.851 0.0000000000
56704  8.620  -13.252  69.637 0.0000000000
56724  7.762  -13.571  68.209 0.0000000000
56742  8.146  -13.647  67.436 0.0000000000
126564  7.716  -13.856  66.833 0.0000000000
57911  11.438  -12.347  66.147 0.0000000000
65375  3.273  -5.670  71.086 0.0000000000
65383  3.001  -5.946  70.250 0.0000000000
64276  2.221  -6.968  70.580 0.0000000000
136175  2.348  -6.679  70.189 0.0000000000
62052  4.567  -8.230  66.164 0.0000000000
63223  3.994  -7.961  66.851 0.0000000000
134306  5.119  -7.873  66.846 0.0000000000
63222  6.245  -7.742  66.916 0.0000000000
63221  7.290  -7.690  66.981 0.0000000000
134307  6.757  -7.891  66.358 0.0000000000
55428  6.700  -14.588  77.363 0.0000000000
133600  11.423  -15.854  76.572 0.0000000000
132112  11.010  -16.063  76.995 0.0000000000
53205  8.935  -16.509  76.892 0.0000000000
135370  9.143  -16.779  76.964 0.0000000000
53181  8.398  -16.692  77.085 0.0000000000
52039  7.716  -16.892  77.333 0.0000000000
53195  7.145  -16.504  77.478 0.0000000000
54345  6.728  -15.560  77.325 0.0000000000
54329  6.194  -16.088  77.731 0.0000000000
64211  4.685  -6.041  77.819 0.0000000000
65326  3.794  -5.921  76.369 0.0000000000
64229  3.635  -5.889  75.943 0.0000000000
65332  3.530  -5.853  75.736 0.0000000000
52077  -0.380  -17.517  74.368 0.0000000000
53233  -0.154  -16.524  74.178 0.0000000000
53232  -0.040  -16.264  75.036 0.0000000000
54373  1.258  -15.268  76.140 0.0000000000
55457  0.846  -15.570  75.410 0.0000000000
123242  1.519  -14.820  76.111 0.0000000000
59817  8.084  -10.941  81.397 0.0000000000
128724  7.409  -11.185  81.393 0.0000000000
59815  7.561  -10.658  81.484 0.0000000000
60861  7.416  -10.008  81.485 0.0000000000
61943  7.425  -9.204  81.251 0.0000000000
50002  1.457  -18.789  76.703 0.0000000000
133138  1.583  -19.214  76.286 0.0000000000
50011  0.009  -19.616  76.618 0.0000000000
50018  0.122  -20.187  76.249 0.0000000000
137084  0.149  -20.598  75.862 0.0000000000
49029  -0.114  -20.679  75.500 0.0000000000
52065  -0.289  -17.842  75.385 0.0000000000
51044  -0.429  -18.557  74.816 0.0000000000
56672  2.649  -14.186  71.784 0.0000000000
56653  3.947  -13.607  72.692 0.0000000000
120405  4.709  -13.576  71.907 0.0000000000
142287  5.512  -13.511  72.295 0.0000000000
119514  5.680  -13.541  71.660 0.0000000000
59881  9.430  -10.640  72.063 0.0000000000
59894  10.035  -10.320  70.777 0.0000000000
58941  10.296  -11.467  69.684 0.0000000000
57851  10.113  -12.138  69.161 0.0000000000
59905  11.043  -10.407  68.851 0.0000000000
59904  11.307  -10.127  68.220 0.0000000000
62083  3.965  -8.352  64.662 0.0000000000
62082  5.201  -8.379  64.443 0.0000000000
62081  6.181  -8.401  64.332 0.0000000000
53184  2.849  -16.051  78.381 0.0000000000
54324  3.640  -15.140  78.506 0.0000000000
56544  5.228  -12.918  79.964 0.0000000000
138984  5.514  -13.057  79.925 0.0000000000
56556  6.799  -13.286  78.649 0.0000000000
57720  7.741  -11.837  80.614 0.0000000000
58859  8.774  -11.148  80.423 0.0000000000
52072  13.248  -16.730  75.078 0.0000000000
52074  11.380  -17.280  74.833 0.0000000000
52046  10.971  -16.919  77.203 0.0000000000
142133  8.618  -17.570  75.623 0.0000000000
51028  9.295  -17.564  75.711 0.0000000000
51038  9.167  -17.483  74.384 0.0000000000
122747  8.247  -17.561  74.224 0.0000000000
135429  6.983  -17.828  74.261 0.0000000000
50006  4.252  -18.347  76.190 0.0000000000
135211  4.655  -18.293  76.711 0.0000000000
120874  6.381  -17.239  77.555 0.0000000000
49997  5.999  -17.620  77.354 0.0000000000
51008  5.790  -17.377  77.632 0.0000000000
51004  4.569  -17.171  77.898 0.0000000000
51009  4.923  -17.550  77.655 0.0000000000
49995  3.687  -17.914  77.380 0.0000000000
51018  2.885  -18.030  77.314 0.0000000000
51011  3.425  -17.502  77.672 0.0000000000
52038  3.088  -16.572  78.236 0.0000000000
52044  2.144  -16.978  77.797 0.0000000000
59847  7.503  -10.386  76.716 0.0000000000
60902  7.968  -9.755  76.258 0.0000000000
61971  8.315  -8.308  75.690 0.0000000000
134409  8.468  -8.588  74.984 0.0000000000
133396  8.616  -9.355  74.568 0.0000000000
64226  6.655  -6.792  76.344 0.0000000000
63126  8.116  -7.877  74.047 0.0000000000
63141  7.231  -7.621  72.652 0.0000000000
63159  7.148  -7.686  71.777 0.0000000000
63160  6.390  -7.576  71.543 0.0000000000
57778  10.401  -12.972  74.409 0.0000000000
53227  17.518  -15.919  74.105 0.0000000000
53240  17.079  -16.229  73.574 0.0000000000
53228  16.833  -16.218  74.474 0.0000000000
56554  17.641  -13.719  78.444 0.0000000000
57719  18.267  -13.295  78.800 0.0000000000
56541  18.298  -13.962  78.794 0.0000000000
55415  18.962  -14.409  78.521 0.0000000000
54326  18.456  -14.911  78.007 0.0000000000
53186  18.117  -15.614  77.019 0.0000000000
54336  17.944  -15.354  77.620 0.0000000000
130934  16.075  -15.968  77.297 0.0000000000
53215  15.548  -16.454  76.060 0.0000000000
55427  14.241  -15.457  77.161 0.0000000000
54340  14.019  -15.742  77.178 0.0000000000
123806  13.907  -15.341  77.015 0.0000000000
56597  14.719  -14.077  75.632 0.0000000000
55450  13.287  -14.788  75.703 0.0000000000
55438  13.352  -15.338  76.813 0.0000000000
54369  12.023  -15.640  76.366 0.0000000000
55486  11.750  -14.026  73.759 0.0000000000
55468  11.484  -14.653  74.533 0.0000000000
56612  11.070  -14.165  74.109 0.0000000000
49054  -0.396  -20.293  69.227 0.0000000000
52129  0.352  -17.150  70.979 0.0000000000
51083  0.166  -17.706  70.116 0.0000000000
53274  0.754  -16.473  70.736 0.0000000000
53243  0.312  -15.946  73.842 0.0000000000
56619  1.690  -14.673  74.128 0.0000000000
56638  2.085  -14.334  73.401 0.0000000000
57763  4.961  -12.596  76.007 0.0000000000
55420  3.063  -14.540  78.351 0.0000000000
57733  3.732  -12.886  78.862 0.0000000000
57734  3.370  -13.262  78.346 0.0000000000
57744  3.682  -12.775  78.436 0.0000000000
134221  6.247  -11.294  80.983 0.0000000000
58851  5.810  -11.645  80.457 0.0000000000
59818  6.018  -11.420  80.643 0.0000000000
58871  4.735  -11.843  79.113 0.0000000000
57743  4.095  -12.415  77.948 0.0000000000
58887  5.387  -11.788  77.454 0.0000000000
58886  6.256  -11.349  77.364 0.0000000000
59848  6.928  -10.861  77.251 0.0000000000
119146  7.491  -8.941  78.795 0.0000000000
63078  7.493  -7.910  80.273 0.0000000000
52097  12.216  -16.606  72.252 0.0000000000
49027  1.433  -20.453  74.951 0.0000000000
47910  1.083  -20.850  74.822 0.0000000000
49048  -0.442  -20.152  70.070 0.0000000000
53299  1.466  -16.142  68.763 0.0000000000
52188  0.984  -17.509  67.860 0.0000000000
52187  1.454  -16.814  67.321 0.0000000000
56690  2.608  -14.401  70.854 0.0000000000
55527  2.232  -14.718  70.136 0.0000000000
55572  1.993  -15.618  67.400 0.0000000000
55588  2.550  -15.321  66.622 0.0000000000
119260  3.373  -14.779  66.579 0.0000000000
55587  3.000  -15.014  66.371 0.0000000000
55606  3.313  -15.074  65.856 0.0000000000
134850  3.014  -15.470  65.467 0.0000000000
55586  4.067  -14.647  66.207 0.0000000000
57781  7.060  -12.525  74.203 0.0000000000
57780  7.903  -11.890  74.145 0.0000000000
56634  7.342  -13.072  72.880 0.0000000000
56669  6.531  -13.491  71.572 0.0000000000
56668  7.398  -13.382  71.527 0.0000000000
58932  9.390  -11.365  71.884 0.0000000000
58933  9.006  -11.853  72.310 0.0000000000
138998  9.183  -12.050  71.704 0.0000000000
137720  7.933  -13.456  69.901 0.0000000000
120349  7.130  -13.559  69.956 0.0000000000
134283  5.429  -13.932  68.268 0.0000000000
56726  6.192  -13.745  68.514 0.0000000000
56761  6.466  -14.149  66.842 0.0000000000
56762  5.732  -14.250  67.006 0.0000000000
55585  5.778  -14.390  66.314 0.0000000000
127227  4.912  -14.766  65.091 0.0000000000
55625  4.965  -14.914  64.359 0.0000000000
127359  5.590  -14.714  64.805 0.0000000000
55642  7.514  -14.590  63.692 0.0000000000
56741  9.166  -13.465  67.402 0.0000000000
56740  10.088  -13.233  67.013 0.0000000000
56773  9.596  -13.758  65.578 0.0000000000
55621  9.121  -14.238  64.096 0.0000000000
65364  3.485  -5.486  72.056 0.0000000000
65353  2.839  -6.328  72.703 0.0000000000
65348  3.077  -6.314  73.570 0.0000000000
64253  2.846  -6.758  72.949 0.0000000000
63131  2.972  -7.010  73.109 0.0000000000
63145  2.626  -7.000  72.399 0.0000000000
63175  3.329  -7.507  70.972 0.0000000000
63162  3.555  -7.475  71.677 0.0000000000
120999  5.902  -7.544  70.997 0.0000000000
63174  5.308  -7.529  70.284 0.0000000000
63215  2.560  -7.444  67.659 0.0000000000
135345  2.171  -7.079  68.261 0.0000000000
63205  2.291  -7.166  68.417 0.0000000000
63204  2.672  -7.421  68.950 0.0000000000
63201  6.190  -7.529  68.356 0.0000000000
125483  6.645  -7.510  69.050 0.0000000000
135491  8.127  -7.648  68.883 0.0000000000
63200  8.453  -7.684  68.229 0.0000000000
62042  8.710  -7.853  66.945 0.0000000000
62041  9.430  -8.089  67.352 0.0000000000
62040  10.194  -8.456  67.004 0.0000000000
60972  10.889  -8.859  66.617 0.0000000000
120057  8.442  -8.152  66.020 0.0000000000
56585  7.348  -14.231  76.780 0.0000000000
57750  9.106  -12.544  76.398 0.0000000000
55453  10.188  -15.114  75.156 0.0000000000
127834  10.221  -16.036  76.540 0.0000000000
55664  4.608  -15.358  63.207 0.0000000000
53218  0.327  -16.478  75.945 0.0000000000
54374  0.867  -15.886  76.222 0.0000000000
50003  0.746  -18.951  76.686 0.0000000000
51025  0.144  -19.059  76.717 0.0000000000
51026  -0.032  -18.930  76.848 0.0000000000
52054  -0.081  -18.100  76.419 0.0000000000
56636  4.413  -13.495  73.492 0.0000000000
56615  5.358  -13.379  73.585 0.0000000000
60937  9.326  -9.226  71.316 0.0000000000
60944  9.755  -9.437  70.571 0.0000000000
60943  10.312  -10.041  70.100 0.0000000000
59898  10.611  -10.669  69.558 0.0000000000
60950  10.020  -9.284  69.742 0.0000000000
136518  10.279  -9.018  68.864 0.0000000000
53179  3.774  -15.827  78.452 0.0000000000
54323  3.946  -15.098  78.571 0.0000000000
54321  4.643  -14.459  78.830 0.0000000000
55408  5.437  -13.580  79.447 0.0000000000
57740  8.291  -12.274  78.728 0.0000000000
58869  8.762  -11.684  79.206 0.0000000000
58868  9.105  -11.213  79.662 0.0000000000
136504  12.963  -16.449  76.844 0.0000000000
133965  12.636  -17.025  75.865 0.0000000000
141772  12.651  -16.784  76.600 0.0000000000
52061  12.192  -17.069  76.613 0.0000000000
52062  11.555  -17.323  76.427 0.0000000000
124283  8.716  -17.558  76.066 0.0000000000
131343  5.753  -18.022  76.911 0.0000000000
52034  5.649  -16.882  77.903 0.0000000000
52035  4.894  -16.946  78.014 0.0000000000
51005  3.889  -17.076  77.963 0.0000000000
52037  3.665  -16.524  78.247 0.0000000000
61965  7.906  -8.721  77.148 0.0000000000
61964  8.158  -8.061  76.536 0.0000000000
63106  8.027  -7.699  75.997 0.0000000000
64228  4.076  -6.267  76.145 0.0000000000
63108  6.473  -6.821  75.402 0.0000000000
142775  5.903  -7.102  73.810 0.0000000000
63143  5.161  -7.362  72.622 0.0000000000
53213  17.928  -15.794  75.463 0.0000000000
123533  17.389  -14.322  78.296 0.0000000000
53189  15.290  -15.619  77.454 0.0000000000
55426  15.206  -14.885  77.447 0.0000000000
134153  12.257  -14.558  74.456 0.0000000000
50037  -0.326  -19.256  70.315 0.0000000000
51084  -0.155  -18.431  70.139 0.0000000000
52113  0.294  -16.786  71.750 0.0000000000
55472  1.028  -15.442  74.715 0.0000000000
55471  1.398  -14.917  74.833 0.0000000000
56618  2.231  -14.088  74.272 0.0000000000
57765  3.308  -13.249  75.654 0.0000000000
56546  3.733  -13.467  78.880 0.0000000000
57724  4.038  -12.897  79.255 0.0000000000
57723  4.638  -12.450  79.553 0.0000000000
134627  4.854  -12.176  79.644 0.0000000000
59826  6.153  -10.999  79.999 0.0000000000
52098  11.337  -16.818  72.617 0.0000000000
47924  1.005  -21.268  74.401 0.0000000000
122247  -0.451  -19.474  73.464 0.0000000000
120165  -0.499  -20.959  72.736 0.0000000000
136577  -0.413  -19.996  70.850 0.0000000000
133691  0.511  -17.885  68.604 0.0000000000
53300  1.047  -16.605  68.990 0.0000000000
54419  1.642  -15.741  69.109 0.0000000000
119626  3.508  -13.955  70.332 0.0000000000
55536  2.564  -14.648  69.318 0.0000000000
56709  3.270  -14.266  69.409 0.0000000000
55552  2.951  -14.554  68.557 0.0000000000
135305  2.661  -14.824  67.794 0.0000000000
141208  3.380  -14.650  67.102 0.0000000000
57798  8.486  -12.247  72.735 0.0000000000
141699  8.092  -13.445  69.389 0.0000000000
56705  7.525  -13.531  69.116 0.0000000000
56725  6.908  -13.677  68.343 0.0000000000
56743  7.177  -13.819  67.405 0.0000000000
55584  6.679  -14.323  65.972 0.0000000000
56775  7.712  -14.059  66.088 0.0000000000
57912  10.824  -12.832  66.610 0.0000000000
56772  10.438  -13.519  65.271 0.0000000000
65354  2.731  -6.327  71.787 0.0000000000
64267  2.379  -6.900  71.447 0.0000000000
63146  2.412  -7.003  71.811 0.0000000000
63164  2.333  -7.026  71.095 0.0000000000
135471  2.560  -7.252  70.818 0.0000000000
129590  2.876  -7.475  70.215 0.0000000000
63224  2.946  -7.827  66.758 0.0000000000
63214  3.448  -7.720  67.656 0.0000000000
122947  4.393  -7.666  67.973 0.0000000000
63213  5.478  -7.628  67.656 0.0000000000
63211  8.052  -7.631  67.485 0.0000000000
140509  7.419  -7.567  67.601 0.0000000000
54330  5.575  -15.428  78.075 0.0000000000
56569  7.784  -13.371  77.071 0.0000000000
54342  11.844  -16.486  77.109 0.0000000000
54343  11.258  -16.679  77.164 0.0000000000
53204  10.319  -16.630  76.985 0.0000000000
52047  10.048  -16.808  76.985 0.0000000000
51015  9.149  -17.044  76.954 0.0000000000
51007  7.369  -17.178  77.277 0.0000000000
52040  6.981  -16.976  77.598 0.0000000000
64221  4.361  -6.162  77.002 0.0000000000
65320  4.129  -5.910  77.199 0.0000000000
139552  3.747  -6.313  75.117 0.0000000000
52089  -0.227  -17.186  73.406 0.0000000000
54384  0.406  -15.761  74.669 0.0000000000
56587  2.610  -13.734  77.027 0.0000000000
127950  6.574  -11.844  81.010 0.0000000000
58849  6.631  -11.344  81.226 0.0000000000
58846  6.510  -11.024  81.235 0.0000000000
49026  0.525  -20.170  76.070 0.0000000000
138642  0.635  -20.947  75.040 0.0000000000
47926  0.146  -21.673  74.455 0.0000000000
49032  -0.147  -21.181  74.698 0.0000000000
50023  -0.378  -19.657  75.264 0.0000000000
55513  2.000  -14.688  71.638 0.0000000000
125230  3.274  -13.989  71.180 0.0000000000
56688  5.400  -13.602  70.410 0.0000000000
59882  9.235  -10.108  72.595 0.0000000000
59887  9.733  -10.691  71.436 0.0000000000
57823  9.608  -11.692  71.141 0.0000000000
57835  9.544  -12.274  70.400 0.0000000000
57852  9.460  -12.694  69.555 0.0000000000
56723  9.319  -13.256  68.194 0.0000000000
57869  9.730  -12.808  68.671 0.0000000000
57868  10.410  -12.332  68.342 0.0000000000
58962  11.066  -11.765  67.895 0.0000000000
58961  11.451  -11.142  67.285 0.0000000000
62066  3.838  -8.367  65.581 0.0000000000
130920  6.738  -8.205  65.653 0.0000000000
62064  5.949  -8.399  65.123 0.0000000000
62098  6.521  -8.248  63.769 0.0000000000
53196  1.679  -16.601  77.605 0.0000000000
54347  1.859  -15.625  77.724 0.0000000000
55412  3.593  -14.283  78.650 0.0000000000
130703  3.891  -14.452  78.740 0.0000000000
55411  4.083  -13.606  79.163 0.0000000000
55418  5.524  -14.452  78.510 0.0000000000
57731  7.482  -12.596  79.254 0.0000000000
56542  6.628  -12.830  79.709 0.0000000000
56543  6.124  -13.184  79.918 0.0000000000
57722  6.490  -12.340  80.517 0.0000000000
53231  14.004  -16.537  74.325 0.0000000000
53242  13.918  -16.394  73.326 0.0000000000
52084  13.139  -16.592  73.930 0.0000000000
52086  11.385  -17.001  73.809 0.0000000000
51060  9.815  -17.316  72.882 0.0000000000
52063  10.814  -17.531  76.026 0.0000000000
51027  10.159  -17.498  76.262 0.0000000000
51037  10.076  -17.561  75.497 0.0000000000
134609  10.685  -17.480  75.153 0.0000000000
134608  9.964  -17.457  74.684 0.0000000000
51048  9.851  -17.363  73.814 0.0000000000
51040  7.433  -17.690  74.587 0.0000000000
50020  4.997  -18.309  74.949 0.0000000000
50016  3.417  -18.559  75.678 0.0000000000
50007  3.101  -18.504  76.271 0.0000000000
142693  6.234  -17.749  77.031 0.0000000000
49993  5.529  -17.585  77.536 0.0000000000
134940  5.179  -18.015  77.239 0.0000000000
49998  4.956  -18.175  77.072 0.0000000000
51019  2.140  -18.216  77.227 0.0000000000
51013  2.110  -17.630  77.476 0.0000000000
126387  7.577  -11.181  75.409 0.0000000000
59851  8.325  -10.427  74.899 0.0000000000
60909  8.795  -9.203  73.756 0.0000000000
61990  8.548  -8.479  72.517 0.0000000000
62002  7.781  -7.888  71.171 0.0000000000
56614  9.664  -13.641  74.818 0.0000000000
140111  14.632  -16.408  73.688 0.0000000000
55406  19.553  -13.975  78.631 0.0000000000
122507  17.129  -15.860  75.857 0.0000000000
133426  16.906  -16.007  76.872 0.0000000000
53214  16.536  -16.229  75.413 0.0000000000
129352  15.801  -16.334  74.989 0.0000000000
53230  14.980  -16.435  74.501 0.0000000000
53190  14.478  -15.839  77.268 0.0000000000
56581  15.515  -14.256  77.148 0.0000000000
56582  14.883  -14.385  76.570 0.0000000000
54356  12.681  -15.801  77.008 0.0000000000
55452  11.183  -15.325  75.420 0.0000000000
55470  10.030  -14.443  74.723 0.0000000000
52100  0.111  -16.794  72.537 0.0000000000
53264  0.547  -16.218  72.111 0.0000000000
131256  0.791  -15.743  73.288 0.0000000000
54399  0.928  -15.761  72.514 0.0000000000
54405  1.290  -15.446  72.012 0.0000000000
55500  2.019  -14.498  72.509 0.0000000000
128249  2.944  -13.667  74.274 0.0000000000
118858  3.814  -13.469  74.247 0.0000000000
55430  1.876  -14.917  77.399 0.0000000000
55429  2.985  -13.848  78.186 0.0000000000
56573  2.323  -14.247  77.409 0.0000000000
56586  3.052  -13.278  77.058 0.0000000000
58861  5.609  -11.652  80.142 0.0000000000
137361  4.550  -12.016  79.167 0.0000000000
120206  4.276  -12.540  76.811 0.0000000000
64209  6.936  -6.693  78.337 0.0000000000
122704  9.285  -12.952  75.574 0.0000000000
52109  13.004  -16.434  71.774 0.0000000000
52110  12.175  -16.592  71.290 0.0000000000
124931  11.606  -16.743  71.774 0.0000000000
136885  1.633  -21.222  73.484 0.0000000000
51112  0.455  -18.357  68.018 0.0000000000
55528  1.760  -15.171  70.355 0.0000000000
134412  1.761  -15.390  69.513 0.0000000000
55538  1.908  -15.388  68.737 0.0000000000
54434  1.729  -15.816  68.177 0.0000000000
120786  1.715  -16.106  67.406 0.0000000000
53327  1.772  -16.325  66.771 0.0000000000
55646  3.657  -15.440  64.391 0.0000000000
136801  6.643  -12.283  75.022 0.0000000000
56635  6.670  -13.296  72.916 0.0000000000
56651  6.239  -13.467  72.270 0.0000000000
119513  5.946  -13.552  70.911 0.0000000000
56667  8.208  -13.123  71.373 0.0000000000
120675  6.127  -13.586  70.008 0.0000000000
55568  4.973  -14.423  66.658 0.0000000000
55605  4.086  -14.865  65.433 0.0000000000
55645  4.354  -15.232  63.961 0.0000000000
55644  5.203  -15.045  63.639 0.0000000000
56774  8.678  -13.923  65.840 0.0000000000
55622  8.263  -14.375  64.358 0.0000000000
65339  3.374  -5.968  75.127 0.0000000000
64238  3.446  -6.170  74.494 0.0000000000
63144  3.829  -7.252  72.999 0.0000000000
122643  4.289  -7.468  72.119 0.0000000000
63161  5.490  -7.519  71.767 0.0000000000
63172  7.463  -7.669  70.217 0.0000000000
63190  2.519  -7.358  69.612 0.0000000000
63203  3.698  -7.617  68.608 0.0000000000
63188  4.750  -7.550  69.389 0.0000000000
63187  5.999  -7.522  69.622 0.0000000000
136146  6.835  -7.530  69.697 0.0000000000
63185  8.234  -7.821  69.623 0.0000000000
62021  8.914  -8.003  68.981 0.0000000000
62031  9.622  -8.416  68.653 0.0000000000
62030  10.084  -8.520  67.944 0.0000000000
138959  10.720  -9.088  68.142 0.0000000000
60956  11.183  -9.554  67.843 0.0000000000
59919  11.611  -10.355  66.605 0.0000000000
62050  7.495  -7.977  66.167 0.0000000000
62049  10.228  -8.512  66.139 0.0000000000
60971  11.376  -9.446  66.227 0.0000000000
53187  17.452  -15.693  77.250 0.0000000000
53188  16.714  -15.679  77.423 0.0000000000
53284  0.905  -16.567  69.871 0.0000000000
55407  19.072  -13.889  78.891 0.0000000000
58862  5.058  -11.960  79.711 0.0000000000
58942  9.969  -11.575  70.380 0.0000000000
62054  2.934  -8.159  65.860 0.0000000000
63191  2.213  -7.102  69.295 0.0000000000
136115  2.627  -16.611  78.117 0.0000000000
140872  18.138  -14.540  78.421 0.0000000000
