#!ascii label  , from subject sub-v1s18x0051263_ses-1 vox2ras=TkReg
1000
110769  18.339  -20.399  63.741 0.0000000000
50374  28.855  -16.859  71.894 0.0000000000
114247  37.874  -3.660  49.733 0.0000000000
57044  28.210  -10.155  56.630 0.0000000000
54204  33.328  -13.763  62.924 0.0000000000
70769  49.252  4.584  42.493 0.0000000000
59940  38.995  -7.669  51.747 0.0000000000
60919  33.896  -6.398  51.228 0.0000000000
45752  14.155  -22.184  63.020 0.0000000000
126042  24.211  -21.091  66.228 0.0000000000
128516  25.537  -17.085  67.190 0.0000000000
46774  21.585  -21.114  61.487 0.0000000000
109497  42.975  1.686  46.724 0.0000000000
47671  19.995  -20.666  68.938 0.0000000000
47663  16.132  -20.754  68.994 0.0000000000
65472  42.651  -0.896  50.015 0.0000000000
44806  11.706  -23.655  67.446 0.0000000000
41726  8.743  -26.689  66.474 0.0000000000
60829  31.863  -5.662  56.432 0.0000000000
55992  30.592  -11.803  60.514 0.0000000000
52269  30.396  -15.547  59.532 0.0000000000
52176  28.125  -15.517  63.909 0.0000000000
60883  38.179  -6.764  53.615 0.0000000000
109979  36.019  -7.684  51.683 0.0000000000
61826  35.451  -5.684  52.915 0.0000000000
60882  40.955  -7.170  53.628 0.0000000000
47761  17.392  -20.401  61.324 0.0000000000
117011  15.270  -21.470  61.253 0.0000000000
47733  15.971  -20.900  63.297 0.0000000000
112849  21.036  -20.757  65.495 0.0000000000
46745  22.306  -21.146  63.394 0.0000000000
47741  20.017  -20.636  62.523 0.0000000000
46789  18.826  -21.160  59.651 0.0000000000
65490  37.264  -1.573  48.531 0.0000000000
63650  40.116  -3.885  51.065 0.0000000000
113363  39.680  -1.830  49.777 0.0000000000
128443  39.462  -0.037  48.262 0.0000000000
46655  14.617  -21.403  70.715 0.0000000000
45714  13.472  -22.320  68.115 0.0000000000
45701  12.763  -22.845  70.227 0.0000000000
41667  8.402  -26.335  71.771 0.0000000000
42664  9.509  -25.576  69.249 0.0000000000
40716  7.714  -27.637  68.755 0.0000000000
38908  6.088  -29.365  68.223 0.0000000000
38051  5.012  -30.039  70.728 0.0000000000
56962  30.629  -10.163  63.159 0.0000000000
129170  31.737  -12.455  61.725 0.0000000000
54242  32.334  -13.471  58.844 0.0000000000
119278  32.464  -15.151  61.120 0.0000000000
50433  23.651  -17.282  63.188 0.0000000000
113747  27.351  -14.852  66.194 0.0000000000
122041  24.969  -14.705  62.836 0.0000000000
52255  26.334  -15.214  60.605 0.0000000000
59872  29.492  -7.622  56.266 0.0000000000
111482  30.418  -7.015  53.846 0.0000000000
58084  27.934  -9.194  53.532 0.0000000000
71630  51.807  5.244  40.914 0.0000000000
69934  49.759  3.663  41.181 0.0000000000
61847  38.755  -5.894  49.899 0.0000000000
120827  36.706  -7.391  49.977 0.0000000000
62726  40.824  -4.816  52.069 0.0000000000
47669  25.617  -18.826  69.950 0.0000000000
50395  27.287  -16.810  70.702 0.0000000000
47704  25.400  -19.715  65.753 0.0000000000
118166  24.295  -20.088  62.557 0.0000000000
47774  22.932  -20.692  60.283 0.0000000000
130006  45.556  1.445  48.033 0.0000000000
111909  46.077  2.534  46.300 0.0000000000
69904  46.117  4.010  44.277 0.0000000000
69925  46.977  4.284  42.603 0.0000000000
47694  19.432  -20.427  66.219 0.0000000000
47696  17.076  -20.400  66.189 0.0000000000
47673  18.255  -20.300  68.507 0.0000000000
110841  22.064  -21.192  68.259 0.0000000000
66399  43.022  0.208  48.264 0.0000000000
127559  15.155  -21.365  66.161 0.0000000000
45736  13.098  -22.972  65.881 0.0000000000
43804  11.226  -24.339  65.168 0.0000000000
43731  10.927  -24.109  69.948 0.0000000000
42688  10.142  -25.162  66.973 0.0000000000
35672  4.725  -33.877  71.656 0.0000000000
62689  34.813  -4.421  55.878 0.0000000000
58922  29.116  -7.878  59.107 0.0000000000
57971  29.298  -8.789  60.911 0.0000000000
57011  28.779  -10.937  58.577 0.0000000000
55124  31.077  -12.570  57.136 0.0000000000
53285  31.122  -14.868  57.143 0.0000000000
52308  28.476  -15.837  56.876 0.0000000000
51255  28.735  -15.351  68.177 0.0000000000
110653  30.072  -15.866  65.258 0.0000000000
51316  31.201  -16.259  63.021 0.0000000000
52232  29.374  -15.743  61.107 0.0000000000
52291  27.661  -15.523  58.405 0.0000000000
126312  32.649  -5.663  53.115 0.0000000000
59946  30.629  -7.261  50.626 0.0000000000
61794  38.354  -6.097  54.561 0.0000000000
60885  36.773  -6.620  52.969 0.0000000000
61796  36.790  -5.045  54.437 0.0000000000
60847  39.830  -7.026  55.156 0.0000000000
109396  17.794  -20.323  63.008 0.0000000000
47745  16.438  -20.600  62.591 0.0000000000
109703  17.530  -20.339  63.905 0.0000000000
111664  19.634  -20.524  64.892 0.0000000000
47729  20.034  -20.634  63.524 0.0000000000
47730  19.136  -20.532  63.643 0.0000000000
47742  19.074  -20.451  62.032 0.0000000000
64558  37.439  -2.242  49.135 0.0000000000
63658  39.050  -3.472  50.118 0.0000000000
64551  40.157  -2.281  50.361 0.0000000000
110327  39.163  -2.576  49.987 0.0000000000
111889  38.924  -1.660  49.342 0.0000000000
40689  7.482  -27.357  70.817 0.0000000000
41688  8.101  -26.869  70.403 0.0000000000
126255  7.214  -27.827  69.701 0.0000000000
39781  6.574  -28.600  68.664 0.0000000000
39765  6.565  -28.433  69.736 0.0000000000
38063  5.559  -30.052  68.707 0.0000000000
107692  31.926  -12.332  63.390 0.0000000000
55099  33.013  -13.080  61.945 0.0000000000
54213  33.018  -13.151  61.096 0.0000000000
53220  33.063  -14.519  61.658 0.0000000000
50381  29.739  -16.470  71.295 0.0000000000
115122  22.860  -17.886  60.969 0.0000000000
52201  24.080  -15.552  63.496 0.0000000000
51339  23.106  -15.955  61.072 0.0000000000
52256  23.558  -15.326  60.401 0.0000000000
58941  28.753  -8.267  56.687 0.0000000000
58958  29.033  -8.127  54.887 0.0000000000
70761  49.133  4.901  43.299 0.0000000000
71613  50.723  5.333  43.622 0.0000000000
70768  50.581  4.658  42.131 0.0000000000
70777  50.815  4.335  41.489 0.0000000000
69922  49.440  4.148  41.785 0.0000000000
60933  38.883  -6.893  50.278 0.0000000000
60949  37.356  -6.856  49.811 0.0000000000
59959  38.156  -7.640  50.744 0.0000000000
59944  34.708  -7.274  50.917 0.0000000000
129936  35.085  -7.683  50.507 0.0000000000
123628  34.324  -7.322  49.950 0.0000000000
60901  40.089  -7.268  52.380 0.0000000000
60915  40.312  -6.699  51.498 0.0000000000
61834  40.249  -5.934  50.833 0.0000000000
46765  14.631  -21.706  62.531 0.0000000000
44835  13.056  -23.140  62.938 0.0000000000
47680  25.459  -20.277  67.683 0.0000000000
48632  25.510  -19.321  68.002 0.0000000000
46715  24.839  -20.677  66.003 0.0000000000
46762  21.757  -21.007  62.546 0.0000000000
46760  23.593  -21.106  62.776 0.0000000000
46772  23.395  -20.972  61.850 0.0000000000
47757  23.447  -20.358  61.017 0.0000000000
47758  22.885  -21.048  61.019 0.0000000000
46786  21.438  -21.213  60.397 0.0000000000
55136  30.230  -13.018  55.639 0.0000000000
68236  44.186  1.342  47.413 0.0000000000
129217  45.350  1.900  47.048 0.0000000000
128035  44.301  2.112  46.418 0.0000000000
69906  44.638  3.377  44.572 0.0000000000
69915  44.641  3.633  43.612 0.0000000000
127897  46.322  4.293  43.636 0.0000000000
47681  19.941  -20.606  68.085 0.0000000000
47683  18.419  -20.317  67.724 0.0000000000
47659  19.326  -20.477  69.498 0.0000000000
114850  21.264  -21.017  68.404 0.0000000000
110500  21.000  -20.854  66.934 0.0000000000
109711  44.011  0.310  48.491 0.0000000000
66400  42.388  -0.142  48.758 0.0000000000
67342  39.457  0.578  47.532 0.0000000000
47685  16.901  -20.448  67.570 0.0000000000
46708  15.882  -20.950  66.438 0.0000000000
46696  15.284  -21.212  66.937 0.0000000000
45721  12.883  -22.758  67.603 0.0000000000
45720  13.526  -22.336  67.245 0.0000000000
117650  12.472  -23.303  66.280 0.0000000000
44818  12.479  -23.544  65.433 0.0000000000
43785  11.243  -24.292  66.077 0.0000000000
43712  10.526  -24.439  70.572 0.0000000000
41708  9.203  -26.191  67.849 0.0000000000
42677  9.623  -25.585  68.344 0.0000000000
41725  9.199  -26.168  66.954 0.0000000000
42712  9.570  -25.684  65.584 0.0000000000
59857  30.714  -6.204  58.405 0.0000000000
56976  29.792  -10.433  61.842 0.0000000000
57951  29.590  -9.212  61.838 0.0000000000
56984  29.334  -10.168  60.983 0.0000000000
56985  28.852  -9.592  60.195 0.0000000000
57010  29.290  -11.366  59.179 0.0000000000
56015  30.258  -11.987  57.636 0.0000000000
56004  30.505  -12.001  58.654 0.0000000000
53253  31.937  -14.861  59.403 0.0000000000
107671  31.721  -14.248  57.766 0.0000000000
53271  31.207  -15.066  58.077 0.0000000000
52307  29.307  -15.651  57.337 0.0000000000
120123  29.589  -15.575  58.166 0.0000000000
50407  25.900  -16.924  69.141 0.0000000000
51231  27.885  -15.799  70.193 0.0000000000
120533  27.091  -15.095  68.736 0.0000000000
52177  27.266  -14.905  64.582 0.0000000000
52154  28.863  -15.504  66.242 0.0000000000
51297  28.960  -15.709  64.213 0.0000000000
51295  30.655  -16.079  64.585 0.0000000000
116589  30.013  -15.937  63.212 0.0000000000
51329  30.148  -16.026  62.051 0.0000000000
51319  28.791  -15.764  62.480 0.0000000000
52293  25.138  -14.973  58.569 0.0000000000
109772  26.646  -15.313  59.653 0.0000000000
114250  33.218  -5.071  56.115 0.0000000000
61799  33.498  -5.039  54.544 0.0000000000
61800  32.659  -5.348  54.731 0.0000000000
59930  29.208  -7.863  51.975 0.0000000000
60905  30.746  -6.883  52.059 0.0000000000
112337  51.376  5.006  40.131 0.0000000000
59913  38.877  -7.380  53.027 0.0000000000
59942  37.722  -7.814  51.598 0.0000000000
59914  37.242  -7.063  52.756 0.0000000000
124882  35.832  -7.111  52.127 0.0000000000
60902  35.166  -6.290  52.204 0.0000000000
59877  40.688  -7.298  55.103 0.0000000000
115927  39.461  -7.257  53.654 0.0000000000
46777  15.965  -21.082  60.937 0.0000000000
47746  15.725  -20.985  62.550 0.0000000000
46749  14.794  -21.729  63.458 0.0000000000
46706  22.368  -21.004  66.065 0.0000000000
46717  23.541  -21.130  65.073 0.0000000000
46731  21.839  -20.960  64.228 0.0000000000
46746  21.540  -20.895  63.423 0.0000000000
115306  20.815  -20.828  62.044 0.0000000000
46776  19.844  -20.803  60.628 0.0000000000
47759  19.152  -20.509  60.958 0.0000000000
47775  18.504  -20.677  60.274 0.0000000000
68250  41.352  1.896  45.689 0.0000000000
47644  19.510  -20.519  70.320 0.0000000000
64542  41.209  -2.356  51.617 0.0000000000
65464  41.573  -1.624  51.003 0.0000000000
65479  40.960  -1.096  49.784 0.0000000000
66392  41.326  -0.640  49.365 0.0000000000
66394  39.765  -1.190  49.262 0.0000000000
65488  38.954  -0.750  48.667 0.0000000000
46669  15.335  -20.959  69.425 0.0000000000
46682  14.699  -21.426  68.174 0.0000000000
128225  14.366  -21.657  69.224 0.0000000000
45706  13.440  -22.369  68.981 0.0000000000
44797  12.207  -23.279  68.846 0.0000000000
42655  9.646  -25.273  71.108 0.0000000000
41687  8.727  -26.250  70.345 0.0000000000
116739  8.688  -26.577  69.046 0.0000000000
40715  8.307  -27.147  67.628 0.0000000000
39795  7.273  -28.294  67.100 0.0000000000
107689  30.956  -11.828  62.305 0.0000000000
107683  31.287  -12.169  61.177 0.0000000000
107679  31.822  -12.493  59.180 0.0000000000
55106  32.500  -13.021  60.207 0.0000000000
53252  32.437  -14.334  59.803 0.0000000000
52268  31.283  -15.386  59.854 0.0000000000
130638  25.042  -16.933  65.781 0.0000000000
52138  26.307  -15.205  67.119 0.0000000000
52158  25.227  -14.903  65.647 0.0000000000
52178  26.235  -14.477  64.882 0.0000000000
52200  26.461  -14.688  63.921 0.0000000000
52216  27.478  -15.495  62.574 0.0000000000
52218  25.831  -14.986  62.271 0.0000000000
110975  24.269  -14.991  60.232 0.0000000000
116395  30.912  -6.458  55.998 0.0000000000
60867  30.874  -6.645  54.522 0.0000000000
59899  29.695  -7.600  54.416 0.0000000000
58984  28.684  -8.340  53.476 0.0000000000
71625  51.949  5.274  41.787 0.0000000000
69932  50.879  4.094  40.888 0.0000000000
120656  38.477  -5.071  49.762 0.0000000000
62758  36.636  -4.349  49.234 0.0000000000
61859  37.770  -5.745  49.669 0.0000000000
59960  36.518  -7.749  50.465 0.0000000000
109714  35.007  -7.536  49.854 0.0000000000
61813  42.068  -5.524  53.738 0.0000000000
62718  41.719  -4.944  53.338 0.0000000000
62724  41.554  -4.152  53.188 0.0000000000
62734  40.580  -3.923  51.740 0.0000000000
62743  39.757  -4.409  50.547 0.0000000000
49515  27.360  -17.303  71.572 0.0000000000
50383  28.138  -16.836  71.354 0.0000000000
49533  26.329  -17.633  70.307 0.0000000000
49541  25.478  -18.138  68.263 0.0000000000
120133  25.464  -18.676  66.344 0.0000000000
46743  24.214  -20.799  63.960 0.0000000000
119670  24.842  -19.823  64.128 0.0000000000
49549  25.156  -18.485  65.048 0.0000000000
49554  24.112  -18.416  62.909 0.0000000000
49560  23.424  -18.803  61.188 0.0000000000
48724  23.059  -19.528  59.908 0.0000000000
69097  47.245  2.755  46.594 0.0000000000
127426  44.894  2.886  45.397 0.0000000000
69103  45.817  2.914  45.648 0.0000000000
110083  47.549  3.865  45.595 0.0000000000
70756  47.543  4.366  44.801 0.0000000000
70763  47.546  4.710  43.957 0.0000000000
69924  47.769  4.229  42.270 0.0000000000
69923  48.622  4.196  42.006 0.0000000000
47707  18.948  -20.354  65.403 0.0000000000
129560  17.688  -20.271  65.470 0.0000000000
114195  18.546  -20.289  66.159 0.0000000000
129897  17.677  -20.297  67.418 0.0000000000
47675  16.902  -20.498  68.525 0.0000000000
47645  18.667  -20.363  70.182 0.0000000000
46653  16.154  -20.726  69.880 0.0000000000
46633  16.222  -20.654  70.858 0.0000000000
49494  28.131  -17.217  72.900 0.0000000000
48598  26.255  -18.125  71.688 0.0000000000
46646  25.320  -20.040  70.287 0.0000000000
109190  24.591  -21.075  68.409 0.0000000000
46677  23.572  -21.248  68.415 0.0000000000
115456  22.849  -21.134  66.813 0.0000000000
116732  21.439  -20.854  66.123 0.0000000000
46707  20.434  -20.644  66.100 0.0000000000
108715  45.825  0.938  49.051 0.0000000000
67340  43.685  0.804  47.805 0.0000000000
68238  42.931  0.976  47.468 0.0000000000
67335  41.164  0.334  48.246 0.0000000000
67341  41.559  0.803  47.679 0.0000000000
68245  41.253  1.595  46.409 0.0000000000
47710  16.366  -20.718  65.081 0.0000000000
46733  15.632  -21.205  64.746 0.0000000000
45734  14.335  -22.078  64.933 0.0000000000
45719  14.155  -21.913  66.892 0.0000000000
45726  14.378  -21.908  65.972 0.0000000000
45745  13.733  -22.624  64.462 0.0000000000
44826  12.576  -23.651  64.396 0.0000000000
43819  11.842  -23.989  63.783 0.0000000000
44783  11.597  -23.629  70.226 0.0000000000
43752  11.091  -24.072  68.563 0.0000000000
120151  10.600  -24.505  68.294 0.0000000000
43765  10.638  -24.639  67.424 0.0000000000
43805  10.641  -24.752  65.591 0.0000000000
37256  4.861  -31.701  70.825 0.0000000000
62687  36.524  -4.550  55.228 0.0000000000
60810  31.855  -5.732  57.388 0.0000000000
119049  31.010  -6.183  57.522 0.0000000000
59859  29.310  -7.574  57.203 0.0000000000
114372  28.709  -8.419  57.594 0.0000000000
57990  29.107  -8.295  60.024 0.0000000000
57991  28.653  -9.085  59.357 0.0000000000
57024  28.565  -10.458  57.906 0.0000000000
129782  29.538  -11.723  57.108 0.0000000000
56028  30.279  -12.177  56.677 0.0000000000
107667  31.155  -13.315  56.529 0.0000000000
107674  32.054  -12.798  58.642 0.0000000000
108547  31.252  -14.092  56.841 0.0000000000
107666  30.792  -14.667  56.334 0.0000000000
52324  29.765  -15.452  56.624 0.0000000000
51373  28.820  -16.081  55.421 0.0000000000
53181  33.393  -14.245  64.202 0.0000000000
50393  29.033  -16.482  70.820 0.0000000000
51240  29.934  -16.165  69.007 0.0000000000
51254  30.431  -16.071  67.971 0.0000000000
52136  27.991  -15.042  66.767 0.0000000000
51267  29.514  -15.718  66.674 0.0000000000
51265  31.465  -15.922  66.347 0.0000000000
51278  31.918  -15.835  65.697 0.0000000000
51304  32.254  -16.110  64.253 0.0000000000
53208  33.092  -15.195  62.988 0.0000000000
52213  32.291  -15.767  61.925 0.0000000000
52231  30.658  -16.018  61.261 0.0000000000
52252  29.614  -15.696  60.206 0.0000000000
116018  27.927  -15.579  60.907 0.0000000000
52271  28.114  -15.598  60.032 0.0000000000
109020  28.364  -15.623  59.157 0.0000000000
52309  27.724  -15.622  57.312 0.0000000000
119070  35.288  -4.812  54.138 0.0000000000
61827  34.536  -5.428  52.823 0.0000000000
112930  33.131  -6.043  51.679 0.0000000000
60890  30.999  -6.640  52.981 0.0000000000
60904  31.549  -6.383  52.182 0.0000000000
60937  31.969  -6.613  50.517 0.0000000000
69935  48.914  3.657  41.299 0.0000000000
120787  38.045  -5.444  54.908 0.0000000000
61795  37.604  -5.613  54.396 0.0000000000
61785  37.376  -4.933  55.029 0.0000000000
61784  38.670  -5.779  55.236 0.0000000000
127324  17.122  -20.326  63.072 0.0000000000
126711  18.867  -20.430  64.483 0.0000000000
124062  19.593  -20.563  64.201 0.0000000000
47731  18.623  -20.436  62.920 0.0000000000
112348  37.638  -2.952  49.533 0.0000000000
63671  36.920  -2.860  49.103 0.0000000000
63660  37.125  -3.613  49.440 0.0000000000
62756  38.617  -4.152  49.904 0.0000000000
63659  38.424  -3.173  49.879 0.0000000000
64557  38.274  -2.370  49.514 0.0000000000
39730  6.861  -27.857  71.197 0.0000000000
39748  7.033  -27.851  70.359 0.0000000000
39749  6.417  -28.426  70.742 0.0000000000
126066  5.785  -29.170  70.381 0.0000000000
54194  33.052  -13.429  63.589 0.0000000000
55088  32.628  -12.881  63.502 0.0000000000
55094  33.037  -13.247  62.710 0.0000000000
53219  33.232  -13.688  61.916 0.0000000000
51200  30.061  -16.214  72.298 0.0000000000
50367  29.543  -16.646  72.030 0.0000000000
120728  22.874  -16.987  61.662 0.0000000000
50441  22.761  -16.847  60.612 0.0000000000
50447  22.595  -16.804  59.674 0.0000000000
125661  28.309  -9.231  56.967 0.0000000000
58950  28.273  -8.830  56.144 0.0000000000
71602  49.810  5.203  43.866 0.0000000000
70760  50.037  5.034  42.874 0.0000000000
126901  49.904  4.521  42.179 0.0000000000
60917  39.057  -7.441  51.039 0.0000000000
59945  33.884  -6.800  50.524 0.0000000000
59962  33.347  -6.914  49.903 0.0000000000
59924  39.245  -7.559  52.361 0.0000000000
60916  39.651  -7.366  51.585 0.0000000000
60932  39.742  -6.832  50.795 0.0000000000
45760  14.054  -22.240  62.078 0.0000000000
45761  13.576  -22.666  62.539 0.0000000000
45753  13.647  -22.647  63.485 0.0000000000
46704  24.649  -21.041  66.830 0.0000000000
46689  25.317  -20.417  66.835 0.0000000000
46773  22.440  -21.169  61.762 0.0000000000
124674  22.177  -21.231  61.016 0.0000000000
54271  30.323  -13.837  55.501 0.0000000000
68244  43.868  1.723  46.809 0.0000000000
68243  44.642  1.816  46.914 0.0000000000
69100  43.591  2.195  46.234 0.0000000000
69927  44.843  3.603  42.692 0.0000000000
46680  20.867  -21.057  69.232 0.0000000000
117432  20.564  -20.812  68.487 0.0000000000
113181  43.046  -0.403  49.250 0.0000000000
47676  16.120  -20.797  68.115 0.0000000000
47686  16.032  -20.863  67.254 0.0000000000
46681  15.350  -21.128  67.736 0.0000000000
44805  12.232  -23.184  67.956 0.0000000000
44812  12.324  -23.204  67.089 0.0000000000
44813  11.832  -23.722  66.504 0.0000000000
43701  10.194  -24.775  71.192 0.0000000000
41718  8.723  -26.681  67.349 0.0000000000
41733  9.186  -26.176  66.070 0.0000000000
124577  29.875  -11.088  61.122 0.0000000000
125014  29.694  -11.189  60.524 0.0000000000
56997  29.128  -10.813  60.075 0.0000000000
55998  30.008  -11.672  59.742 0.0000000000
108189  31.139  -12.160  59.409 0.0000000000
52289  31.225  -15.226  59.004 0.0000000000
111317  30.351  -15.435  58.588 0.0000000000
50408  25.604  -17.111  68.106 0.0000000000
51256  26.289  -15.919  68.633 0.0000000000
51257  25.908  -16.006  67.753 0.0000000000
52155  28.189  -15.440  64.847 0.0000000000
51307  29.623  -15.870  63.599 0.0000000000
51308  28.880  -15.751  63.329 0.0000000000
51318  29.611  -15.863  62.773 0.0000000000
60849  32.357  -5.358  55.701 0.0000000000
61787  33.139  -5.116  55.286 0.0000000000
60865  31.970  -5.672  54.961 0.0000000000
116333  38.043  -7.111  52.958 0.0000000000
61815  36.224  -5.818  53.176 0.0000000000
60886  36.009  -6.570  52.647 0.0000000000
59894  41.451  -7.201  55.130 0.0000000000
60862  38.613  -6.716  54.201 0.0000000000
59896  39.309  -7.063  54.357 0.0000000000
59897  38.757  -7.031  53.667 0.0000000000
47732  16.697  -20.498  63.600 0.0000000000
46764  15.274  -21.290  62.966 0.0000000000
46748  15.472  -21.280  63.848 0.0000000000
46718  21.851  -20.923  65.251 0.0000000000
46719  21.058  -20.771  64.757 0.0000000000
46732  20.935  -20.780  63.900 0.0000000000
46747  20.857  -20.751  63.002 0.0000000000
46763  19.938  -20.650  61.548 0.0000000000
47743  18.060  -20.317  62.122 0.0000000000
47760  18.304  -20.391  61.168 0.0000000000
63645  41.045  -3.180  52.082 0.0000000000
64543  40.486  -2.991  51.209 0.0000000000
64550  40.811  -2.107  50.950 0.0000000000
65473  40.895  -1.571  50.350 0.0000000000
65480  40.340  -1.461  49.808 0.0000000000
66393  40.548  -0.841  49.302 0.0000000000
65481  38.073  -1.689  49.018 0.0000000000
129380  38.524  -1.304  48.884 0.0000000000
65489  38.056  -1.060  48.558 0.0000000000
46654  15.337  -20.963  70.312 0.0000000000
46670  14.611  -21.442  69.778 0.0000000000
120703  13.419  -22.429  69.839 0.0000000000
45707  12.817  -22.849  69.349 0.0000000000
42634  9.004  -25.887  72.244 0.0000000000
42646  8.982  -25.851  71.223 0.0000000000
40701  8.038  -27.137  69.695 0.0000000000
41698  8.452  -26.669  69.670 0.0000000000
40700  8.210  -27.132  69.005 0.0000000000
127910  8.031  -27.414  68.205 0.0000000000
40731  7.859  -27.672  67.401 0.0000000000
39780  7.293  -28.017  68.115 0.0000000000
39796  6.652  -28.755  67.665 0.0000000000
38057  5.294  -29.986  69.744 0.0000000000
38058  4.983  -30.828  69.165 0.0000000000
117465  4.822  -30.840  70.231 0.0000000000
107690  31.711  -12.379  62.504 0.0000000000
107691  31.224  -11.772  63.199 0.0000000000
108477  31.780  -12.453  60.070 0.0000000000
107682  32.225  -12.672  60.969 0.0000000000
53234  33.078  -14.062  61.006 0.0000000000
54223  32.770  -13.713  60.334 0.0000000000
124620  32.639  -14.470  60.437 0.0000000000
53235  32.096  -15.039  60.170 0.0000000000
50427  24.364  -16.959  64.512 0.0000000000
51298  24.700  -16.382  65.236 0.0000000000
52180  24.327  -15.731  64.456 0.0000000000
53209  24.448  -14.924  63.192 0.0000000000
52179  24.914  -14.543  64.503 0.0000000000
53182  25.559  -14.447  64.259 0.0000000000
53196  25.684  -14.709  63.340 0.0000000000
52217  26.619  -15.104  62.932 0.0000000000
126354  23.997  -15.055  61.040 0.0000000000
59878  30.336  -7.086  55.875 0.0000000000
59879  29.661  -7.619  55.338 0.0000000000
58974  28.344  -8.665  54.399 0.0000000000
58973  29.075  -8.068  54.122 0.0000000000
69933  50.404  3.804  41.061 0.0000000000
69944  50.440  3.613  40.436 0.0000000000
69945  50.017  3.295  40.584 0.0000000000
60950  36.282  -6.891  49.494 0.0000000000
59971  35.788  -7.425  49.787 0.0000000000
110774  36.825  -7.816  51.672 0.0000000000
108642  37.148  -7.948  50.954 0.0000000000
109133  36.261  -7.948  51.071 0.0000000000
59972  34.813  -7.180  48.969 0.0000000000
60861  41.771  -6.976  54.424 0.0000000000
60880  42.409  -6.239  54.389 0.0000000000
60881  41.719  -6.533  53.672 0.0000000000
61824  41.104  -5.692  52.417 0.0000000000
61814  41.582  -5.690  53.092 0.0000000000
62725  41.295  -4.873  52.782 0.0000000000
117386  41.029  -4.011  52.539 0.0000000000
61846  39.555  -5.997  50.266 0.0000000000
61845  39.917  -5.242  50.454 0.0000000000
62744  39.286  -4.993  50.000 0.0000000000
122187  26.063  -18.264  70.706 0.0000000000
125708  26.422  -17.869  70.743 0.0000000000
48620  25.844  -18.283  70.055 0.0000000000
112170  25.621  -19.412  67.050 0.0000000000
48636  25.461  -18.660  68.463 0.0000000000
48637  25.526  -18.933  67.521 0.0000000000
49545  25.502  -18.297  67.203 0.0000000000
48655  25.436  -19.121  65.864 0.0000000000
46730  22.717  -21.254  64.106 0.0000000000
46728  24.221  -20.926  64.739 0.0000000000
46729  23.536  -21.207  64.200 0.0000000000
47740  23.964  -20.703  62.368 0.0000000000
46759  24.206  -20.628  63.136 0.0000000000
48678  24.607  -19.932  63.309 0.0000000000
48667  25.068  -19.073  64.491 0.0000000000
48677  24.762  -19.361  63.662 0.0000000000
49551  24.677  -18.764  63.604 0.0000000000
48687  24.467  -19.277  62.836 0.0000000000
48696  23.839  -19.558  61.393 0.0000000000
47773  23.199  -20.128  60.285 0.0000000000
48709  23.427  -19.532  60.664 0.0000000000
46787  20.426  -21.156  60.141 0.0000000000
46788  19.604  -21.109  59.841 0.0000000000
68232  46.023  1.359  48.388 0.0000000000
68242  45.980  2.179  46.883 0.0000000000
69098  46.678  2.470  46.716 0.0000000000
69896  46.693  2.907  46.080 0.0000000000
69109  43.143  2.903  44.657 0.0000000000
69104  43.372  2.684  45.505 0.0000000000
69905  45.363  3.687  44.331 0.0000000000
69901  45.344  3.249  45.012 0.0000000000
108732  45.974  3.508  45.005 0.0000000000
112810  46.461  3.289  45.507 0.0000000000
69903  46.777  3.807  45.020 0.0000000000
69913  46.257  4.294  42.929 0.0000000000
70772  46.922  4.466  43.414 0.0000000000
70771  47.642  4.609  43.107 0.0000000000
47684  17.633  -20.313  68.117 0.0000000000
47674  17.661  -20.339  68.926 0.0000000000
47646  17.798  -20.278  70.650 0.0000000000
47647  16.992  -20.493  70.260 0.0000000000
49501  27.514  -17.394  72.605 0.0000000000
46676  25.248  -20.516  68.586 0.0000000000
110201  22.769  -21.248  68.123 0.0000000000
46692  23.254  -21.245  67.557 0.0000000000
46693  22.392  -21.157  67.545 0.0000000000
114992  21.931  -20.999  66.858 0.0000000000
47693  19.980  -20.530  67.110 0.0000000000
47706  19.759  -20.517  65.571 0.0000000000
61861  36.197  -5.153  49.004 0.0000000000
66402  40.835  -0.247  48.804 0.0000000000
66401  41.671  -0.154  48.798 0.0000000000
67336  40.244  0.213  48.231 0.0000000000
67348  39.863  0.989  46.851 0.0000000000
109712  40.545  0.871  47.513 0.0000000000
68239  41.167  1.229  47.089 0.0000000000
68246  40.482  1.300  46.588 0.0000000000
47695  17.726  -20.271  66.054 0.0000000000
47709  17.149  -20.351  65.448 0.0000000000
46720  15.754  -21.075  65.616 0.0000000000
46721  15.012  -21.543  65.308 0.0000000000
46734  14.936  -21.701  64.385 0.0000000000
45713  14.097  -21.880  67.739 0.0000000000
46697  14.694  -21.500  67.356 0.0000000000
45727  13.638  -22.405  66.368 0.0000000000
45735  13.728  -22.516  65.438 0.0000000000
44817  13.194  -23.151  64.942 0.0000000000
44825  13.175  -23.197  63.956 0.0000000000
44827  11.892  -24.006  64.789 0.0000000000
43820  11.240  -24.390  64.218 0.0000000000
43711  11.154  -23.988  70.781 0.0000000000
44790  11.468  -23.765  69.248 0.0000000000
111900  10.715  -24.320  69.122 0.0000000000
125376  9.375  -25.580  70.232 0.0000000000
42689  9.651  -25.624  67.421 0.0000000000
42676  10.112  -25.060  67.899 0.0000000000
43786  10.685  -24.741  66.520 0.0000000000
42700  10.123  -25.210  66.042 0.0000000000
121015  4.781  -31.660  71.592 0.0000000000
35664  4.713  -33.110  71.965 0.0000000000
35671  5.068  -33.314  71.200 0.0000000000
112463  34.032  -4.774  56.482 0.0000000000
59846  29.774  -6.804  58.756 0.0000000000
59858  29.994  -6.725  57.659 0.0000000000
59847  29.147  -7.569  58.169 0.0000000000
58907  29.771  -7.628  60.570 0.0000000000
56998  28.682  -10.339  59.391 0.0000000000
58007  28.511  -9.851  58.628 0.0000000000
57043  28.712  -10.937  57.082 0.0000000000
56016  29.146  -11.354  57.795 0.0000000000
56014  31.114  -12.331  57.952 0.0000000000
55131  30.710  -12.743  56.262 0.0000000000
107678  32.241  -12.896  59.396 0.0000000000
127238  30.503  -15.120  56.688 0.0000000000
52326  29.051  -15.836  56.363 0.0000000000
51374  28.333  -16.114  55.787 0.0000000000
50394  28.202  -16.548  70.817 0.0000000000
51241  28.859  -15.563  69.238 0.0000000000
123383  30.704  -16.161  68.587 0.0000000000
124946  29.595  -15.804  68.155 0.0000000000
109950  26.545  -14.754  66.378 0.0000000000
52137  27.144  -14.843  67.086 0.0000000000
51280  29.605  -15.734  65.900 0.0000000000
51266  30.459  -15.887  66.178 0.0000000000
116559  30.967  -16.074  67.123 0.0000000000
51279  31.223  -15.938  65.700 0.0000000000
51305  31.363  -16.243  63.948 0.0000000000
52197  32.065  -16.239  63.288 0.0000000000
52196  32.763  -15.751  63.617 0.0000000000
115129  32.515  -15.797  62.689 0.0000000000
52214  31.855  -16.232  62.379 0.0000000000
118610  29.903  -15.905  61.437 0.0000000000
117006  30.010  -15.829  60.876 0.0000000000
52251  30.548  -15.723  60.390 0.0000000000
52234  26.876  -15.267  62.021 0.0000000000
52233  27.689  -15.578  61.755 0.0000000000
113868  27.112  -15.347  61.168 0.0000000000
109131  26.785  -15.297  58.682 0.0000000000
52272  27.486  -15.486  59.378 0.0000000000
110480  28.849  -15.634  59.830 0.0000000000
52290  28.649  -15.694  58.096 0.0000000000
62688  35.649  -4.409  55.488 0.0000000000
62703  35.874  -4.629  54.669 0.0000000000
62704  34.962  -4.485  54.957 0.0000000000
60888  33.047  -5.353  53.845 0.0000000000
61817  33.948  -5.038  53.640 0.0000000000
60887  33.565  -5.387  52.939 0.0000000000
126126  33.161  -5.711  52.403 0.0000000000
60889  31.250  -6.354  53.876 0.0000000000
60922  30.512  -7.134  51.347 0.0000000000
60921  31.238  -6.698  51.192 0.0000000000
60920  32.200  -6.285  51.430 0.0000000000
60938  31.272  -7.019  50.339 0.0000000000
71637  51.203  5.322  39.365 0.0000000000
71636  51.533  6.138  39.327 0.0000000000
69129  48.342  3.113  40.729 0.0000000000
60863  37.899  -6.340  53.953 0.0000000000
60884  37.532  -6.664  53.314 0.0000000000
60864  37.042  -5.876  53.658 0.0000000000
60848  39.021  -6.608  54.878 0.0000000000
47744  17.211  -20.337  62.276 0.0000000000
124705  20.371  -20.642  65.212 0.0000000000
47717  20.277  -20.649  64.420 0.0000000000
116765  19.377  -20.552  62.937 0.0000000000
63651  39.695  -3.369  50.518 0.0000000000
46635  14.577  -21.371  71.586 0.0000000000
45699  14.030  -21.971  70.278 0.0000000000
46656  13.968  -21.859  71.144 0.0000000000
114436  7.606  -27.412  70.041 0.0000000000
121630  7.695  -27.541  69.372 0.0000000000
39764  7.169  -27.990  69.051 0.0000000000
38893  6.007  -29.278  69.247 0.0000000000
123023  32.193  -12.692  62.536 0.0000000000
108147  32.470  -12.807  61.830 0.0000000000
50437  23.430  -17.786  62.340 0.0000000000
51309  23.886  -16.498  63.790 0.0000000000
51320  23.546  -16.183  62.951 0.0000000000
51321  23.297  -16.017  62.050 0.0000000000
52219  23.929  -15.388  62.498 0.0000000000
52236  24.223  -15.068  61.777 0.0000000000
52237  23.699  -15.409  61.474 0.0000000000
51347  22.971  -15.950  60.033 0.0000000000
58949  28.935  -8.176  55.764 0.0000000000
58959  28.348  -8.680  55.313 0.0000000000
70754  48.990  5.065  44.182 0.0000000000
70753  49.668  5.056  44.790 0.0000000000
70767  51.309  4.873  41.995 0.0000000000
69921  50.186  4.155  41.629 0.0000000000
60948  38.214  -6.558  49.912 0.0000000000
60934  38.048  -7.171  50.147 0.0000000000
60935  37.365  -7.552  50.312 0.0000000000
59928  35.330  -7.251  51.611 0.0000000000
59943  35.501  -7.792  51.068 0.0000000000
59923  40.144  -7.346  53.309 0.0000000000
60899  41.168  -6.482  52.945 0.0000000000
60900  40.734  -6.537  52.242 0.0000000000
61825  40.726  -5.773  51.616 0.0000000000
46778  14.600  -21.840  61.585 0.0000000000
47670  25.541  -19.410  69.035 0.0000000000
48631  25.533  -18.853  69.076 0.0000000000
47679  25.632  -19.845  67.340 0.0000000000
47692  25.337  -20.183  66.079 0.0000000000
46744  23.127  -21.308  63.423 0.0000000000
46761  22.782  -21.243  62.617 0.0000000000
47756  23.940  -20.266  61.816 0.0000000000
46785  22.321  -21.089  60.285 0.0000000000
110241  45.040  1.504  47.664 0.0000000000
68235  45.924  1.707  47.630 0.0000000000
69099  45.173  2.322  46.279 0.0000000000
69916  43.728  3.267  43.958 0.0000000000
69914  45.551  4.037  43.378 0.0000000000
122329  46.336  4.040  42.229 0.0000000000
110521  18.954  -20.364  66.955 0.0000000000
47682  19.275  -20.444  67.679 0.0000000000
47672  19.097  -20.421  68.524 0.0000000000
47660  18.468  -20.339  69.233 0.0000000000
46694  21.559  -21.008  67.634 0.0000000000
46695  20.724  -20.783  67.778 0.0000000000
66390  44.286  -0.067  49.169 0.0000000000
66398  43.647  -0.139  48.880 0.0000000000
121873  16.620  -20.558  66.702 0.0000000000
124350  16.484  -20.653  65.920 0.0000000000
45728  12.995  -22.837  66.751 0.0000000000
126809  12.139  -23.606  65.978 0.0000000000
44819  11.805  -23.920  65.666 0.0000000000
42678  9.146  -26.170  68.723 0.0000000000
42701  9.631  -25.652  66.504 0.0000000000
108948  31.529  -5.834  58.211 0.0000000000
60797  31.321  -5.897  58.929 0.0000000000
59845  30.541  -6.388  59.279 0.0000000000
59836  29.739  -7.174  59.679 0.0000000000
56975  30.379  -10.801  62.466 0.0000000000
56963  30.110  -9.705  62.584 0.0000000000
56005  29.562  -11.619  58.365 0.0000000000
53269  32.324  -14.180  59.081 0.0000000000
109788  32.174  -14.003  58.457 0.0000000000
53270  31.859  -14.640  58.607 0.0000000000
52306  30.285  -15.333  57.540 0.0000000000
50402  26.612  -16.756  70.090 0.0000000000
51243  26.903  -15.710  69.519 0.0000000000
51242  27.902  -15.063  69.134 0.0000000000
130435  27.571  -14.998  65.401 0.0000000000
124573  28.182  -15.263  65.781 0.0000000000
51281  29.096  -15.690  65.224 0.0000000000
130132  30.778  -15.983  65.325 0.0000000000
51296  29.809  -15.903  64.415 0.0000000000
51306  30.432  -16.090  63.656 0.0000000000
51317  30.391  -16.067  62.812 0.0000000000
51330  29.400  -15.827  61.908 0.0000000000
126230  25.912  -15.139  59.873 0.0000000000
52273  25.961  -15.142  59.048 0.0000000000
110595  26.897  -15.308  57.652 0.0000000000
52310  26.245  -15.084  56.986 0.0000000000
61786  33.971  -4.744  55.367 0.0000000000
110010  32.052  -5.705  54.048 0.0000000000
122051  29.583  -7.624  52.550 0.0000000000
59915  30.221  -7.202  52.792 0.0000000000
59929  29.953  -7.412  51.869 0.0000000000
70781  51.198  4.529  40.551 0.0000000000
59925  38.354  -7.585  52.258 0.0000000000
59941  38.485  -7.737  51.488 0.0000000000
59926  37.414  -7.484  52.288 0.0000000000
59927  36.553  -7.296  52.342 0.0000000000
60918  34.625  -6.565  51.595 0.0000000000
59895  41.091  -7.327  54.450 0.0000000000
127721  40.203  -7.331  54.272 0.0000000000
126893  39.539  -7.441  52.982 0.0000000000
47762  16.552  -20.595  61.554 0.0000000000
47763  15.812  -20.936  61.798 0.0000000000
114680  15.159  -21.289  62.086 0.0000000000
46705  23.401  -21.093  65.983 0.0000000000
116346  22.769  -21.085  65.303 0.0000000000
112276  22.439  -21.091  64.720 0.0000000000
46775  20.694  -21.013  61.072 0.0000000000
131156  19.184  -20.741  60.212 0.0000000000
68249  42.026  1.937  46.217 0.0000000000
69105  42.751  2.285  45.872 0.0000000000
47658  20.139  -20.738  69.803 0.0000000000
47643  20.187  -20.847  70.642 0.0000000000
64541  41.927  -1.935  51.852 0.0000000000
122221  42.269  -1.223  50.645 0.0000000000
113844  41.711  -1.114  50.047 0.0000000000
109933  42.146  -0.550  49.373 0.0000000000
111007  39.983  -0.473  48.767 0.0000000000
66403  38.165  -0.441  48.169 0.0000000000
116254  15.359  -21.019  68.578 0.0000000000
125561  14.715  -21.329  68.977 0.0000000000
45705  14.119  -21.862  68.667 0.0000000000
127033  14.021  -21.994  69.467 0.0000000000
45715  12.832  -22.780  68.470 0.0000000000
42665  9.014  -26.161  69.550 0.0000000000
41709  8.613  -26.754  68.262 0.0000000000
40730  8.298  -27.223  66.884 0.0000000000
125516  7.283  -28.555  66.289 0.0000000000
108512  30.748  -11.102  63.155 0.0000000000
55985  30.440  -11.419  61.577 0.0000000000
54233  32.498  -13.583  59.585 0.0000000000
50416  25.329  -16.955  66.420 0.0000000000
51268  25.620  -15.976  66.901 0.0000000000
51282  25.130  -15.855  66.021 0.0000000000
52139  25.743  -15.093  66.380 0.0000000000
52157  25.938  -14.547  65.737 0.0000000000
127619  24.637  -14.972  64.689 0.0000000000
53164  25.407  -14.486  65.061 0.0000000000
52156  26.812  -14.648  65.565 0.0000000000
52199  27.359  -15.269  63.479 0.0000000000
52198  28.119  -15.671  63.009 0.0000000000
109846  25.538  -15.025  61.324 0.0000000000
52235  24.879  -14.901  61.978 0.0000000000
111392  24.625  -14.977  61.155 0.0000000000
109651  25.302  -15.063  60.465 0.0000000000
52275  24.351  -15.018  59.150 0.0000000000
60850  31.492  -5.956  55.651 0.0000000000
119889  30.900  -6.577  55.259 0.0000000000
59898  30.363  -7.134  54.876 0.0000000000
58983  29.536  -7.683  53.418 0.0000000000
58998  29.000  -8.052  52.692 0.0000000000
70776  51.357  4.661  41.297 0.0000000000
62757  37.611  -4.509  49.636 0.0000000000
61860  36.905  -5.111  49.447 0.0000000000
127622  36.673  -5.987  49.423 0.0000000000
59961  35.692  -7.764  50.526 0.0000000000
63637  41.539  -3.334  52.798 0.0000000000
62735  40.364  -4.836  51.136 0.0000000000
62755  39.285  -4.091  50.213 0.0000000000
49514  28.084  -16.976  71.816 0.0000000000
49525  27.229  -17.313  71.077 0.0000000000
117902  25.630  -18.290  69.421 0.0000000000
49540  25.712  -17.827  69.327 0.0000000000
50423  25.427  -17.984  66.436 0.0000000000
46716  24.211  -20.983  65.529 0.0000000000
46727  24.692  -20.670  65.225 0.0000000000
47705  25.091  -20.242  65.408 0.0000000000
126976  23.758  -21.084  63.476 0.0000000000
47716  24.728  -20.401  64.587 0.0000000000
48656  25.123  -19.773  64.934 0.0000000000
131294  25.279  -19.318  65.244 0.0000000000
49547  25.316  -18.528  65.692 0.0000000000
50424  25.231  -17.788  65.824 0.0000000000
50426  24.943  -17.604  65.175 0.0000000000
49552  24.242  -18.092  63.598 0.0000000000
48695  24.171  -19.576  62.087 0.0000000000
49559  23.957  -18.785  61.997 0.0000000000
111371  23.226  -18.131  61.682 0.0000000000
49565  23.052  -18.740  60.398 0.0000000000
49570  22.705  -18.657  59.582 0.0000000000
69895  47.551  3.257  46.235 0.0000000000
112419  44.219  2.590  45.851 0.0000000000
125757  46.985  3.400  45.691 0.0000000000
69894  48.272  3.776  46.141 0.0000000000
70746  48.406  4.391  45.434 0.0000000000
70755  48.252  4.824  44.516 0.0000000000
70764  46.851  4.343  44.193 0.0000000000
70762  48.310  4.882  43.630 0.0000000000
70770  48.441  4.609  42.789 0.0000000000
120276  18.346  -20.276  64.957 0.0000000000
47718  18.142  -20.315  64.425 0.0000000000
47708  18.152  -20.245  65.486 0.0000000000
127173  18.106  -20.269  66.854 0.0000000000
118407  17.355  -20.336  66.801 0.0000000000
47628  18.635  -20.177  71.153 0.0000000000
47661  17.759  -20.373  69.773 0.0000000000
47662  16.933  -20.518  69.399 0.0000000000
46634  15.304  -20.973  71.208 0.0000000000
50357  29.493  -16.688  72.733 0.0000000000
50368  28.819  -16.977  72.488 0.0000000000
49507  27.433  -17.330  72.051 0.0000000000
48605  26.844  -17.707  71.642 0.0000000000
48606  26.207  -18.199  71.236 0.0000000000
47641  25.699  -18.775  71.277 0.0000000000
47657  25.486  -19.441  70.056 0.0000000000
46662  25.526  -19.979  69.302 0.0000000000
46690  25.005  -20.814  67.622 0.0000000000
46691  24.199  -21.203  67.593 0.0000000000
127360  24.186  -21.220  69.068 0.0000000000
117742  23.794  -21.282  66.824 0.0000000000
67333  45.290  1.140  48.385 0.0000000000
67329  44.909  0.492  48.908 0.0000000000
67339  44.493  0.957  48.132 0.0000000000
68237  43.523  1.294  47.236 0.0000000000
67334  42.046  0.268  48.230 0.0000000000
125617  42.328  0.680  47.738 0.0000000000
112420  42.034  1.328  47.097 0.0000000000
47719  17.702  -20.254  64.902 0.0000000000
47720  16.936  -20.394  64.527 0.0000000000
47721  16.188  -20.804  64.189 0.0000000000
45744  14.299  -22.206  63.965 0.0000000000
124930  14.715  -21.567  66.667 0.0000000000
44836  12.514  -23.630  63.374 0.0000000000
44789  12.183  -23.288  69.734 0.0000000000
44798  11.616  -23.654  68.314 0.0000000000
43713  9.934  -24.914  70.423 0.0000000000
43732  10.286  -24.591  69.776 0.0000000000
43753  10.084  -24.944  68.916 0.0000000000
112157  11.135  -24.120  67.840 0.0000000000
43764  11.243  -24.241  66.980 0.0000000000
42711  9.981  -25.170  65.059 0.0000000000
43821  10.605  -24.772  64.626 0.0000000000
120519  4.767  -30.894  71.175 0.0000000000
36511  5.099  -32.580  70.574 0.0000000000
36503  4.910  -32.470  71.462 0.0000000000
61763  32.518  -5.356  56.789 0.0000000000
60830  31.283  -6.101  56.609 0.0000000000
60831  30.580  -6.599  56.719 0.0000000000
59871  30.007  -7.163  56.741 0.0000000000
58932  28.681  -8.674  58.482 0.0000000000
58023  28.469  -9.442  57.846 0.0000000000
57025  28.347  -10.056  57.324 0.0000000000
56042  29.975  -12.285  55.924 0.0000000000
129921  30.836  -13.354  55.927 0.0000000000
113858  30.976  -13.993  55.999 0.0000000000
108993  31.475  -12.412  58.588 0.0000000000
108479  31.628  -12.738  57.953 0.0000000000
107673  32.050  -13.404  58.132 0.0000000000
107668  31.559  -13.365  57.362 0.0000000000
107664  30.204  -14.599  55.537 0.0000000000
111382  29.978  -15.189  55.769 0.0000000000
52325  29.320  -15.701  55.628 0.0000000000
123596  33.339  -13.842  63.688 0.0000000000
50382  28.934  -16.693  71.358 0.0000000000
125758  29.643  -16.447  70.807 0.0000000000
51216  29.865  -16.325  70.076 0.0000000000
51230  29.048  -16.069  70.126 0.0000000000
51229  30.601  -16.250  69.395 0.0000000000
51253  31.236  -16.021  67.962 0.0000000000
52122  26.742  -15.148  67.945 0.0000000000
52121  27.780  -14.952  67.914 0.0000000000
52120  28.727  -15.360  67.186 0.0000000000
125922  29.350  -15.636  67.461 0.0000000000
121557  30.059  -15.934  67.231 0.0000000000
51252  31.921  -15.862  67.172 0.0000000000
51264  32.152  -15.676  66.332 0.0000000000
51294  31.516  -16.100  64.942 0.0000000000
51293  32.332  -15.863  65.077 0.0000000000
52175  32.953  -15.516  64.725 0.0000000000
52174  33.280  -15.040  63.939 0.0000000000
53195  33.368  -14.420  63.338 0.0000000000
53207  33.236  -14.470  62.451 0.0000000000
121425  32.807  -15.186  62.108 0.0000000000
51328  31.004  -16.248  62.137 0.0000000000
52230  31.666  -15.980  61.528 0.0000000000
52250  31.468  -15.646  60.663 0.0000000000
52215  28.124  -15.716  62.282 0.0000000000
51331  28.582  -15.702  61.579 0.0000000000
52254  27.286  -15.448  60.291 0.0000000000
52253  28.746  -15.649  60.614 0.0000000000
52270  29.396  -15.622  59.101 0.0000000000
52327  26.845  -15.395  56.556 0.0000000000
51365  27.602  -15.814  56.128 0.0000000000
61797  36.172  -5.161  53.858 0.0000000000
130271  35.630  -5.279  53.482 0.0000000000
61798  34.391  -4.772  54.347 0.0000000000
61816  34.879  -5.107  53.534 0.0000000000
120206  34.038  -5.799  52.054 0.0000000000
60866  31.413  -6.142  54.719 0.0000000000
110936  31.788  -6.065  53.092 0.0000000000
60903  32.395  -5.964  52.316 0.0000000000
60936  32.990  -6.459  50.744 0.0000000000
69128  49.269  3.176  40.635 0.0000000000
46675  25.577  -19.883  68.258 0.0000000000
46678  22.659  -21.267  68.814 0.0000000000
47656  25.696  -18.800  70.746 0.0000000000
47691  25.586  -19.863  66.540 0.0000000000
47728  24.534  -20.321  63.799 0.0000000000
48597  26.936  -17.666  72.165 0.0000000000
48645  25.573  -19.045  66.711 0.0000000000
48666  25.266  -18.936  65.238 0.0000000000
49506  28.077  -17.079  72.336 0.0000000000
49516  26.732  -17.807  71.198 0.0000000000
50429  24.767  -18.084  64.305 0.0000000000
50430  24.027  -17.404  63.942 0.0000000000
50434  23.206  -16.784  62.484 0.0000000000
51283  24.775  -15.341  65.214 0.0000000000
52274  25.169  -15.078  59.565 0.0000000000
53197  24.938  -14.532  63.709 0.0000000000
53198  24.510  -14.933  64.037 0.0000000000
53221  24.473  -14.958  62.461 0.0000000000
58070  27.864  -9.152  55.003 0.0000000000
108056  32.596  -12.901  62.590 0.0000000000
109043  25.541  -19.438  66.374 0.0000000000
111221  22.713  -17.785  60.089 0.0000000000
123730  23.001  -21.240  64.682 0.0000000000
126261  26.360  -15.171  61.471 0.0000000000
129904  24.911  -14.757  65.070 0.0000000000
130349  41.408  -7.099  54.030 0.0000000000
130831  25.240  -18.207  65.402 0.0000000000
