#!ascii label  , from subject sub-v1s18x0051203_ses-1 vox2ras=TkReg
361
55507  -22.837  -3.286  -30.800 0.0000000000
52581  -20.243  -6.631  -26.539 0.0000000000
52612  -26.204  -6.816  -29.230 0.0000000000
103169  -24.220  -11.044  -26.477 0.0000000000
64965  -24.706  6.208  -37.398 0.0000000000
62637  -25.164  4.113  -33.686 0.0000000000
59133  -19.470  0.398  -30.553 0.0000000000
46003  -23.841  -14.128  -23.159 0.0000000000
50782  -22.098  -8.991  -27.123 0.0000000000
48885  -21.495  -10.463  -24.764 0.0000000000
63421  -24.912  5.307  -35.895 0.0000000000
61854  -23.041  3.167  -33.868 0.0000000000
56380  -18.732  -2.195  -28.280 0.0000000000
108748  -16.779  -0.058  -27.543 0.0000000000
57333  -20.435  -1.091  -30.358 0.0000000000
59159  -23.315  0.368  -32.680 0.0000000000
57346  -24.565  -1.344  -31.468 0.0000000000
107771  -26.117  -2.271  -29.919 0.0000000000
54578  -18.764  -4.589  -26.732 0.0000000000
54606  -20.908  -4.535  -28.435 0.0000000000
54617  -24.358  -5.125  -30.258 0.0000000000
52610  -23.356  -6.839  -29.364 0.0000000000
50793  -24.997  -9.319  -28.442 0.0000000000
49884  -26.784  -10.198  -26.003 0.0000000000
61002  -18.398  2.793  -31.150 0.0000000000
61027  -23.142  1.982  -33.494 0.0000000000
61016  -25.509  2.771  -32.660 0.0000000000
47873  -21.564  -11.465  -23.512 0.0000000000
47884  -23.779  -12.104  -24.747 0.0000000000
49880  -20.748  -9.213  -25.317 0.0000000000
48884  -20.738  -9.910  -24.187 0.0000000000
104109  -22.679  4.440  -34.410 0.0000000000
61846  -21.086  3.593  -33.244 0.0000000000
56382  -20.171  -2.792  -29.103 0.0000000000
57304  -19.272  -1.860  -28.954 0.0000000000
56412  -21.203  -2.234  -30.158 0.0000000000
56419  -22.530  -1.548  -31.492 0.0000000000
56421  -23.922  -2.357  -31.429 0.0000000000
56423  -25.194  -1.898  -31.006 0.0000000000
56416  -24.512  -3.156  -30.942 0.0000000000
53641  -19.076  -5.539  -26.358 0.0000000000
54592  -19.605  -4.240  -27.569 0.0000000000
53659  -21.165  -5.716  -27.881 0.0000000000
53674  -22.330  -5.708  -29.124 0.0000000000
52600  -22.082  -6.822  -28.208 0.0000000000
49883  -23.024  -10.118  -26.660 0.0000000000
50792  -23.992  -9.130  -28.323 0.0000000000
49894  -24.528  -10.155  -27.352 0.0000000000
49905  -26.093  -9.642  -27.577 0.0000000000
48912  -25.701  -10.917  -26.747 0.0000000000
64948  -22.074  7.021  -34.886 0.0000000000
65736  -21.920  8.150  -35.136 0.0000000000
108910  -23.231  7.730  -36.302 0.0000000000
65752  -24.101  8.150  -37.337 0.0000000000
64197  -25.651  6.823  -37.739 0.0000000000
62651  -24.868  4.738  -35.095 0.0000000000
59082  -17.690  0.473  -28.829 0.0000000000
60020  -17.319  2.236  -29.364 0.0000000000
60044  -19.267  1.366  -30.918 0.0000000000
60071  -21.063  1.639  -32.616 0.0000000000
59157  -21.313  1.062  -32.472 0.0000000000
60061  -25.344  1.358  -32.082 0.0000000000
60073  -24.243  1.496  -33.012 0.0000000000
110601  -25.616  2.165  -32.128 0.0000000000
103582  -25.301  -5.898  -29.757 0.0000000000
54620  -25.842  -4.730  -29.593 0.0000000000
46001  -22.304  -13.463  -22.491 0.0000000000
46916  -22.655  -12.733  -23.367 0.0000000000
47874  -22.440  -12.065  -23.857 0.0000000000
46917  -23.596  -12.732  -24.135 0.0000000000
52567  -19.724  -7.168  -25.741 0.0000000000
51659  -21.191  -7.763  -27.020 0.0000000000
50769  -20.951  -8.679  -25.870 0.0000000000
49881  -21.404  -9.405  -25.777 0.0000000000
48898  -22.548  -10.261  -26.007 0.0000000000
120541  -23.163  5.840  -35.256 0.0000000000
108654  -24.947  5.232  -37.088 0.0000000000
63415  -23.781  5.298  -35.218 0.0000000000
62647  -23.843  3.819  -34.384 0.0000000000
61856  -23.996  3.322  -33.916 0.0000000000
56362  -17.473  -2.147  -27.069 0.0000000000
57283  -18.044  -1.745  -27.850 0.0000000000
58173  -18.071  -0.382  -28.727 0.0000000000
58213  -20.029  -0.476  -30.482 0.0000000000
59148  -21.551  0.371  -32.215 0.0000000000
57342  -22.455  -0.674  -31.885 0.0000000000
58224  -24.060  -0.339  -32.398 0.0000000000
109879  -24.939  -0.068  -31.658 0.0000000000
58216  -25.980  -0.777  -30.494 0.0000000000
45103  -24.182  -14.732  -22.725 0.0000000000
103139  -24.486  -13.954  -23.034 0.0000000000
111006  -18.330  -3.244  -27.275 0.0000000000
55487  -19.580  -3.476  -28.063 0.0000000000
55500  -21.582  -3.644  -29.622 0.0000000000
54625  -23.827  -4.424  -30.542 0.0000000000
53681  -22.970  -5.208  -29.736 0.0000000000
52617  -24.105  -6.282  -29.715 0.0000000000
51682  -25.245  -7.368  -29.687 0.0000000000
51669  -22.866  -7.925  -28.315 0.0000000000
51676  -24.492  -7.976  -29.414 0.0000000000
121930  -26.080  -8.247  -29.250 0.0000000000
120418  -26.471  -8.144  -27.802 0.0000000000
50784  -27.387  -8.646  -26.602 0.0000000000
105736  -26.147  6.378  -36.502 0.0000000000
61013  -20.494  2.748  -32.664 0.0000000000
61026  -22.626  2.438  -33.547 0.0000000000
61849  -24.296  2.824  -33.610 0.0000000000
59167  -23.071  0.991  -32.846 0.0000000000
61029  -24.392  2.245  -33.392 0.0000000000
61838  -25.463  3.458  -33.048 0.0000000000
55502  -25.465  -4.011  -30.130 0.0000000000
56402  -26.284  -2.998  -29.477 0.0000000000
48855  -20.562  -10.527  -22.501 0.0000000000
48872  -21.202  -10.693  -23.865 0.0000000000
47883  -22.161  -11.284  -24.447 0.0000000000
47895  -24.230  -11.498  -25.916 0.0000000000
46918  -24.657  -12.980  -24.137 0.0000000000
47885  -25.108  -12.149  -25.111 0.0000000000
47896  -25.093  -11.817  -25.807 0.0000000000
61835  -19.862  3.273  -32.485 0.0000000000
56400  -21.246  -2.866  -29.764 0.0000000000
56399  -20.610  -2.495  -29.557 0.0000000000
55506  -21.963  -2.921  -30.429 0.0000000000
56414  -22.607  -2.464  -31.158 0.0000000000
55515  -23.340  -2.831  -31.215 0.0000000000
55508  -23.561  -3.603  -30.859 0.0000000000
52580  -19.378  -6.368  -26.027 0.0000000000
53642  -19.959  -5.833  -26.795 0.0000000000
53658  -20.485  -5.395  -27.460 0.0000000000
52598  -20.710  -6.154  -27.243 0.0000000000
52599  -21.409  -6.498  -27.722 0.0000000000
49893  -23.642  -9.865  -27.257 0.0000000000
48910  -23.872  -10.491  -26.822 0.0000000000
48911  -24.778  -10.739  -26.886 0.0000000000
64964  -23.721  6.759  -36.302 0.0000000000
64963  -22.706  7.490  -35.674 0.0000000000
64976  -23.984  7.313  -37.047 0.0000000000
64977  -24.755  7.048  -37.701 0.0000000000
64985  -25.401  7.152  -37.907 0.0000000000
64196  -25.063  6.330  -37.692 0.0000000000
62649  -24.733  4.317  -34.305 0.0000000000
63404  -25.410  4.918  -34.650 0.0000000000
115733  -26.153  5.498  -34.320 0.0000000000
63405  -25.948  4.918  -33.672 0.0000000000
59108  -18.729  0.300  -29.765 0.0000000000
59106  -17.352  1.359  -28.918 0.0000000000
59132  -18.641  1.226  -30.220 0.0000000000
60021  -17.861  2.159  -30.047 0.0000000000
60060  -20.405  1.381  -32.162 0.0000000000
59146  -20.004  0.900  -31.413 0.0000000000
60062  -26.060  1.628  -31.430 0.0000000000
52620  -25.952  -5.991  -29.515 0.0000000000
53684  -26.208  -5.226  -29.304 0.0000000000
46002  -23.127  -13.886  -22.872 0.0000000000
46906  -22.059  -12.793  -22.712 0.0000000000
46014  -23.447  -13.408  -23.403 0.0000000000
51644  -20.096  -8.033  -25.587 0.0000000000
51645  -20.873  -8.057  -26.308 0.0000000000
49870  -21.050  -9.766  -25.030 0.0000000000
48897  -21.808  -10.075  -25.588 0.0000000000
63414  -22.212  5.225  -34.476 0.0000000000
115880  -22.934  5.215  -34.834 0.0000000000
61853  -22.468  3.666  -33.926 0.0000000000
104468  -23.483  4.485  -34.665 0.0000000000
62646  -23.180  3.736  -34.226 0.0000000000
61855  -23.520  3.186  -33.855 0.0000000000
56363  -18.176  -2.571  -27.521 0.0000000000
120526  -19.711  -1.620  -29.477 0.0000000000
57318  -19.204  -1.150  -29.379 0.0000000000
57319  -19.854  -1.082  -29.878 0.0000000000
58193  -19.331  -0.431  -29.874 0.0000000000
58214  -20.937  -0.591  -30.994 0.0000000000
57335  -21.768  -1.109  -31.267 0.0000000000
57344  -23.698  -1.343  -31.787 0.0000000000
57343  -23.140  -0.981  -31.895 0.0000000000
58225  -24.453  -0.565  -31.891 0.0000000000
58215  -25.718  0.193  -30.918 0.0000000000
57336  -25.194  -0.850  -31.106 0.0000000000
116981  -25.563  -2.338  -30.411 0.0000000000
57321  -25.762  -1.582  -30.440 0.0000000000
45092  -24.674  -15.260  -22.039 0.0000000000
45093  -25.617  -14.581  -21.481 0.0000000000
55454  -17.385  -3.870  -26.060 0.0000000000
55469  -18.146  -3.812  -26.675 0.0000000000
54593  -20.350  -4.678  -27.776 0.0000000000
54605  -20.257  -4.001  -28.232 0.0000000000
55489  -20.856  -3.855  -28.891 0.0000000000
54607  -21.486  -4.488  -29.133 0.0000000000
54615  -22.288  -4.452  -29.708 0.0000000000
53680  -22.090  -5.032  -29.290 0.0000000000
52609  -22.546  -6.494  -28.961 0.0000000000
52616  -23.215  -6.023  -29.491 0.0000000000
52611  -24.275  -7.114  -29.621 0.0000000000
51660  -22.038  -8.088  -27.533 0.0000000000
51670  -23.704  -8.445  -28.798 0.0000000000
50799  -24.718  -8.754  -29.037 0.0000000000
108505  -25.508  -8.167  -29.404 0.0000000000
50800  -25.683  -8.732  -28.855 0.0000000000
50801  -26.311  -8.240  -28.760 0.0000000000
121668  -26.105  -8.739  -28.429 0.0000000000
49896  -26.357  -10.080  -26.764 0.0000000000
50783  -26.680  -9.172  -27.056 0.0000000000
49897  -27.072  -9.427  -26.307 0.0000000000
63427  -24.873  5.300  -36.884 0.0000000000
58154  -17.145  -0.655  -27.572 0.0000000000
61003  -19.159  2.673  -31.625 0.0000000000
61012  -19.766  2.634  -32.270 0.0000000000
60080  -22.502  1.858  -33.278 0.0000000000
120223  -21.907  1.973  -33.115 0.0000000000
61033  -23.775  2.660  -33.672 0.0000000000
61028  -23.636  2.125  -33.547 0.0000000000
101901  -22.832  0.489  -32.686 0.0000000000
114684  -22.766  0.945  -32.783 0.0000000000
59168  -23.515  1.104  -32.859 0.0000000000
61015  -24.917  2.207  -32.991 0.0000000000
117108  -24.442  1.879  -33.191 0.0000000000
61837  -24.897  2.715  -33.291 0.0000000000
62626  -26.172  4.077  -32.498 0.0000000000
54626  -24.572  -4.513  -30.479 0.0000000000
55503  -25.844  -3.945  -29.582 0.0000000000
47861  -21.139  -11.631  -22.739 0.0000000000
47872  -20.827  -10.956  -23.044 0.0000000000
102341  -23.045  -11.916  -24.468 0.0000000000
48887  -23.327  -11.452  -25.154 0.0000000000
104748  -24.385  -12.000  -25.281 0.0000000000
46016  -24.901  -13.270  -23.395 0.0000000000
50768  -20.091  -8.799  -25.114 0.0000000000
49869  -20.315  -9.294  -24.621 0.0000000000
62645  -21.982  4.497  -34.082 0.0000000000
62636  -21.634  3.951  -33.683 0.0000000000
61847  -21.966  3.142  -33.490 0.0000000000
56381  -19.532  -2.694  -28.623 0.0000000000
56398  -19.908  -2.227  -29.299 0.0000000000
57320  -20.407  -1.732  -29.863 0.0000000000
57334  -21.075  -1.486  -30.602 0.0000000000
56413  -21.853  -1.991  -30.903 0.0000000000
56420  -23.204  -1.947  -31.572 0.0000000000
116705  -24.144  -1.644  -31.627 0.0000000000
56422  -24.594  -2.218  -31.269 0.0000000000
56417  -25.107  -2.745  -30.703 0.0000000000
53657  -19.718  -5.033  -27.129 0.0000000000
53672  -20.937  -5.060  -27.975 0.0000000000
53673  -21.506  -5.255  -28.643 0.0000000000
52608  -21.827  -6.097  -28.427 0.0000000000
51674  -22.733  -7.221  -28.743 0.0000000000
49892  -22.836  -9.485  -27.212 0.0000000000
50791  -23.001  -8.747  -27.828 0.0000000000
49902  -23.523  -9.370  -27.690 0.0000000000
49903  -24.308  -9.637  -27.827 0.0000000000
49904  -25.270  -9.755  -27.808 0.0000000000
107860  -25.820  -9.225  -28.221 0.0000000000
49895  -25.513  -10.293  -27.281 0.0000000000
48913  -26.285  -10.806  -26.340 0.0000000000
64987  -26.165  7.265  -37.802 0.0000000000
63422  -25.292  5.338  -35.690 0.0000000000
63423  -26.039  5.569  -35.249 0.0000000000
59998  -16.849  2.000  -28.641 0.0000000000
60043  -18.503  2.112  -30.682 0.0000000000
60058  -19.137  2.082  -31.293 0.0000000000
60059  -19.721  2.020  -31.992 0.0000000000
117720  -19.716  1.536  -31.578 0.0000000000
106376  -21.892  1.568  -32.873 0.0000000000
59161  -24.610  1.082  -32.519 0.0000000000
59160  -24.028  0.967  -32.776 0.0000000000
61826  -26.236  2.996  -31.847 0.0000000000
119363  -25.140  -5.509  -29.922 0.0000000000
54618  -25.024  -5.088  -30.180 0.0000000000
53683  -25.535  -5.315  -29.793 0.0000000000
46915  -21.856  -12.151  -23.085 0.0000000000
52582  -21.000  -6.940  -27.051 0.0000000000
51658  -20.553  -7.430  -26.377 0.0000000000
50781  -21.423  -8.474  -26.769 0.0000000000
50770  -21.606  -9.064  -26.418 0.0000000000
49882  -22.166  -9.653  -26.427 0.0000000000
48899  -23.355  -10.790  -26.054 0.0000000000
116613  -21.364  6.977  -34.154 0.0000000000
64949  -22.967  6.556  -35.461 0.0000000000
64183  -23.866  6.062  -35.734 0.0000000000
64184  -24.665  5.641  -36.887 0.0000000000
63420  -24.572  5.426  -35.935 0.0000000000
63416  -24.403  4.749  -35.033 0.0000000000
62648  -24.318  4.048  -34.425 0.0000000000
104979  -24.489  3.623  -33.898 0.0000000000
57303  -18.536  -1.269  -28.675 0.0000000000
57302  -17.768  -0.943  -28.106 0.0000000000
58172  -17.429  -0.107  -28.257 0.0000000000
59134  -20.385  0.164  -31.151 0.0000000000
58223  -21.692  -0.315  -31.736 0.0000000000
58233  -22.976  -0.243  -32.465 0.0000000000
58234  -23.612  -0.450  -32.345 0.0000000000
58235  -23.820  0.292  -32.648 0.0000000000
59149  -24.413  0.241  -32.377 0.0000000000
59150  -25.123  0.629  -31.900 0.0000000000
59151  -25.711  0.994  -31.459 0.0000000000
117046  -26.287  1.059  -30.817 0.0000000000
59115  -26.563  0.503  -30.358 0.0000000000
52601  -26.554  -6.777  -28.413 0.0000000000
46015  -24.155  -13.467  -23.634 0.0000000000
56364  -18.890  -2.973  -27.874 0.0000000000
55470  -18.888  -3.724  -27.404 0.0000000000
55488  -20.183  -3.328  -28.703 0.0000000000
55501  -22.486  -3.810  -30.249 0.0000000000
54624  -23.147  -3.964  -30.579 0.0000000000
54616  -23.083  -4.546  -30.256 0.0000000000
103225  -23.709  -5.030  -30.189 0.0000000000
53682  -23.929  -5.582  -29.944 0.0000000000
112912  -24.732  -5.683  -29.916 0.0000000000
52618  -24.948  -6.471  -29.775 0.0000000000
52619  -25.670  -6.711  -29.694 0.0000000000
51668  -21.657  -7.257  -27.585 0.0000000000
117235  -22.296  -7.425  -28.013 0.0000000000
51675  -23.515  -7.650  -29.181 0.0000000000
51677  -26.056  -7.693  -29.419 0.0000000000
51678  -26.381  -7.512  -28.871 0.0000000000
51671  -26.736  -7.459  -27.764 0.0000000000
50794  -26.289  -8.791  -27.848 0.0000000000
50795  -26.847  -8.342  -27.316 0.0000000000
64191  -24.850  5.617  -37.211 0.0000000000
64192  -25.369  6.224  -37.063 0.0000000000
64185  -25.667  5.864  -36.178 0.0000000000
61836  -20.579  3.317  -32.822 0.0000000000
61024  -21.201  2.937  -33.023 0.0000000000
61014  -21.276  2.197  -32.845 0.0000000000
61025  -21.894  2.435  -33.247 0.0000000000
61848  -22.710  2.942  -33.714 0.0000000000
59147  -20.777  0.655  -31.907 0.0000000000
60072  -22.656  1.320  -32.941 0.0000000000
60081  -23.098  1.496  -33.182 0.0000000000
59169  -23.852  1.451  -33.109 0.0000000000
60083  -24.026  1.838  -33.413 0.0000000000
114110  -24.012  2.270  -33.572 0.0000000000
119772  -24.836  3.274  -33.544 0.0000000000
62638  -25.796  4.298  -33.101 0.0000000000
55509  -24.203  -3.848  -30.807 0.0000000000
55510  -25.120  -3.603  -30.480 0.0000000000
56401  -25.686  -3.169  -30.144 0.0000000000
54619  -25.460  -4.651  -29.984 0.0000000000
48871  -20.549  -10.128  -23.297 0.0000000000
48886  -22.422  -10.722  -25.346 0.0000000000
46929  -24.483  -12.462  -24.686 0.0000000000
46930  -25.179  -12.479  -24.466 0.0000000000
48900  -24.994  -11.376  -26.431 0.0000000000
48901  -25.780  -11.359  -26.153 0.0000000000
46013  -22.694  -13.245  -22.969 0.0000000000
54627  -25.099  -4.366  -30.341 0.0000000000
55499  -20.758  -3.166  -29.268 0.0000000000
56415  -23.919  -3.196  -31.131 0.0000000000
57345  -24.058  -0.959  -31.985 0.0000000000
58171  -16.985  0.212  -27.877 0.0000000000
58192  -18.673  -0.499  -29.295 0.0000000000
58222  -21.082  0.074  -31.589 0.0000000000
58232  -22.313  0.053  -32.361 0.0000000000
59107  -17.973  1.125  -29.468 0.0000000000
59158  -22.237  0.846  -32.657 0.0000000000
60070  -20.419  2.068  -32.476 0.0000000000
60074  -24.814  1.696  -32.722 0.0000000000
60082  -23.556  1.685  -33.297 0.0000000000
61032  -23.236  2.574  -33.679 0.0000000000
108335  -18.245  0.175  -29.210 0.0000000000
114208  -24.721  -3.942  -30.612 0.0000000000
115887  -25.965  3.403  -32.331 0.0000000000
