#!ascii label  , from subject sub-v1s18x0051203_ses-1 vox2ras=TkReg
1195
3419  -31.631  -73.205  -13.774 0.5000000000
3026  -30.842  -73.521  -14.244 0.6000000238
122141  -36.365  -70.110  -9.978 0.3000000119
2655  -30.150  -73.915  -14.606 0.5000000000
3771  -36.161  -71.299  -12.668 0.4000000060
4140  -36.272  -70.433  -12.698 0.4000000060
4554  -36.503  -68.909  -11.456 0.4000000060
4542  -36.497  -69.488  -10.481 0.3000000119
3759  -30.879  -71.569  -11.209 0.5000000000
3403  -31.151  -72.147  -12.078 0.5000000000
3402  -30.195  -72.172  -11.969 0.5000000000
3418  -30.730  -72.879  -13.799 0.6000000238
4529  -37.961  -69.705  -9.403 0.3000000119
3417  -30.029  -72.793  -13.583 0.5000000000
3772  -35.488  -71.346  -13.507 0.5000000000
3770  -35.954  -71.661  -13.143 0.5000000000
4543  -37.370  -69.066  -9.978 0.3000000119
3410  -29.672  -72.565  -12.781 0.6000000238
3025  -29.916  -73.267  -14.258 0.5000000000
4143  -35.645  -70.528  -13.920 0.5000000000
4139  -36.035  -70.966  -13.365 0.4000000060
4560  -36.362  -69.338  -12.466 0.4000000060
4993  -36.892  -68.244  -11.539 0.3000000119
4978  -36.996  -68.570  -10.785 0.3000000119
4564  -36.178  -69.912  -13.535 0.4000000060
111112  -36.423  -68.719  -13.223 0.4000000060
4563  -35.723  -69.679  -14.194 0.4000000060
4967  -31.642  -68.904  -9.760 0.6999999881
4540  -32.171  -69.525  -10.224 0.6999999881
4126  -32.015  -70.177  -10.166 0.6999999881
3413  -32.515  -72.708  -13.067 0.5000000000
4965  -30.204  -68.043  -9.455 0.6999999881
4527  -30.967  -69.180  -9.059 0.6999999881
4125  -31.217  -70.360  -9.761 0.8000000119
3753  -31.582  -70.855  -10.535 0.5000000000
3752  -30.579  -71.112  -10.375 0.6999999881
3414  -33.447  -73.187  -13.325 0.5000000000
4111  -30.710  -69.901  -8.968 0.6999999881
105489  -34.072  -72.472  -13.272 0.4000000060
3769  -34.875  -71.999  -13.353 0.5000000000
4544  -38.479  -69.012  -9.858 0.3000000119
3751  -29.611  -71.415  -10.322 0.6000000238
4138  -34.545  -71.080  -13.589 0.5000000000
4142  -35.085  -70.736  -13.965 0.5000000000
3758  -29.895  -71.706  -11.136 0.5000000000
4141  -34.506  -70.438  -13.911 0.5000000000
4565  -34.388  -69.120  -14.430 0.4000000060
4562  -34.937  -70.027  -14.295 0.4000000060
115945  -36.480  -68.221  -13.837 0.4000000060
5519  -36.870  -67.745  -13.077 0.4000000060
5012  -36.638  -68.364  -12.268 0.4000000060
4566  -35.192  -69.142  -14.558 0.3000000119
5024  -35.768  -68.924  -14.418 0.4000000060
4988  -27.313  -68.258  -11.374 0.5000000000
4973  -27.443  -68.150  -10.203 0.6000000238
102616  -28.155  -68.104  -11.920 0.6000000238
4975  -29.865  -67.772  -10.317 0.6000000238
4976  -30.827  -68.095  -10.196 0.6000000238
118012  -24.522  -69.752  -11.312 0.5000000000
4538  -25.356  -69.508  -11.129 0.5000000000
4539  -26.429  -68.789  -10.763 0.6000000238
5486  -29.179  -67.716  -9.791 0.6000000238
3760  -32.024  -71.458  -11.404 0.6000000238
4103  -41.182  -71.080  -8.086 0.3000000119
4123  -23.771  -70.202  -10.050 0.6999999881
4124  -24.604  -69.901  -10.412 0.6000000238
4526  -26.264  -68.976  -9.617 0.6000000238
4962  -26.932  -68.481  -9.725 0.6000000238
110162  -28.259  -67.843  -9.560 0.6999999881
4958  -30.305  -68.634  -8.685 0.6999999881
4131  -33.147  -70.131  -11.445 0.6000000238
3761  -32.984  -70.952  -11.423 0.6000000238
115444  -33.315  -72.380  -12.858 0.5000000000
4524  -23.218  -69.871  -9.779 0.6999999881
4110  -24.370  -70.335  -9.409 0.6000000238
4525  -25.416  -69.707  -9.490 0.6000000238
4954  -26.961  -68.613  -8.871 0.6000000238
4956  -28.664  -68.299  -8.147 0.6999999881
4100  -30.106  -69.842  -8.353 0.6999999881
3768  -34.058  -71.512  -13.092 0.5000000000
4530  -39.081  -69.738  -9.428 0.3000000119
4961  -23.084  -69.224  -9.719 0.6999999881
4108  -23.314  -70.182  -9.137 0.6000000238
4098  -24.232  -70.696  -8.451 0.6999999881
4947  -27.073  -68.936  -7.831 0.6000000238
4948  -28.128  -68.693  -7.533 0.6000000238
3745  -30.231  -70.768  -9.565 0.6999999881
4132  -33.573  -70.095  -12.301 0.5000000000
4137  -33.986  -70.281  -13.340 0.5000000000
4516  -25.292  -70.163  -8.546 0.6000000238
4508  -26.681  -69.794  -7.259 0.6000000238
4090  -29.233  -70.137  -7.556 0.6000000238
3744  -29.222  -71.277  -9.426 0.6000000238
3750  -28.876  -71.743  -10.302 0.6000000238
4559  -33.531  -69.374  -12.994 0.5000000000
4979  -37.929  -68.364  -10.474 0.3000000119
4097  -23.531  -70.488  -8.521 0.6999999881
4088  -24.708  -70.950  -7.480 0.6000000238
106755  -26.210  -69.616  -7.956 0.6000000238
4509  -27.634  -69.376  -7.069 0.6000000238
4089  -28.606  -69.998  -7.054 0.5000000000
3724  -28.754  -70.781  -7.345 0.5000000000
3385  -28.321  -71.997  -9.827 0.5000000000
3396  -29.077  -71.963  -11.035 0.5000000000
4561  -34.101  -69.759  -13.942 0.5000000000
5530  -34.900  -67.468  -15.469 0.3000000119
5033  -35.400  -68.268  -14.814 0.3000000119
100765  -36.864  -67.552  -14.159 0.4000000060
3395  -28.372  -72.239  -10.787 0.5000000000
5529  -34.017  -67.692  -15.317 0.3000000119
5032  -34.654  -68.361  -14.873 0.3000000119
5025  -36.110  -68.074  -14.476 0.4000000060
4558  -24.571  -69.304  -12.507 0.5000000000
118444  -25.326  -69.201  -12.425 0.5000000000
5005  -26.043  -68.781  -12.845 0.5000000000
111692  -26.567  -68.689  -11.970 0.5000000000
5497  -23.365  -68.171  -12.208 0.5000000000
5003  -23.529  -68.643  -12.458 0.5000000000
4551  -24.068  -69.710  -11.875 0.5000000000
4987  -25.798  -69.200  -11.909 0.5000000000
4989  -29.953  -67.791  -11.279 0.6000000238
4990  -30.900  -67.945  -11.371 0.6000000238
5491  -23.394  -68.512  -11.283 0.5000000000
103913  -31.616  -68.352  -10.546 0.6000000238
4541  -32.678  -69.451  -10.971 0.8000000119
4104  -41.676  -70.573  -7.769 0.3000000119
5492  -23.662  -67.813  -10.705 0.6000000238
112636  -23.313  -68.716  -10.359 0.6000000238
111995  -23.673  -69.530  -11.310 0.6000000238
4991  -31.852  -68.243  -11.391 0.4000000060
4118  -41.806  -69.991  -8.410 0.3000000119
5484  -23.438  -68.340  -9.557 0.6999999881
4127  -32.583  -70.136  -10.763 0.6000000238
4531  -40.271  -69.985  -9.543 0.3000000119
5476  -23.374  -68.289  -8.570 0.6999999881
5011  -32.798  -68.658  -12.570 0.4000000060
4545  -39.612  -69.185  -9.964 0.3000000119
116242  -23.092  -68.876  -8.965 0.6000000238
4515  -23.181  -70.213  -8.511 0.6999999881
4553  -33.121  -69.418  -11.838 0.4000000060
4994  -37.517  -67.932  -11.268 0.3000000119
4935  -22.913  -69.206  -7.339 0.6000000238
4073  -23.174  -70.264  -7.361 0.6999999881
4507  -25.643  -70.355  -7.659 0.6000000238
4491  -27.203  -70.218  -6.651 0.5000000000
4078  -28.149  -70.678  -6.740 0.5000000000
3743  -28.549  -71.617  -8.814 0.6000000238
5022  -32.937  -68.510  -13.618 0.4000000060
5023  -33.612  -68.922  -14.061 0.4000000060
6003  -33.691  -66.330  -15.725 0.3000000119
5537  -34.170  -66.844  -15.777 0.3000000119
116434  -34.853  -66.584  -15.923 0.3000000119
5538  -35.399  -66.817  -15.784 0.3000000119
101883  -36.504  -67.168  -15.093 0.4000000060
5509  -37.180  -67.754  -12.069 0.3000000119
4075  -24.941  -71.298  -6.621 0.6000000238
3711  -27.016  -71.527  -5.896 0.5000000000
3345  -27.690  -71.476  -6.348 0.5000000000
3357  -28.249  -71.603  -7.071 0.5000000000
113072  -28.023  -72.189  -9.112 0.5000000000
3384  -27.665  -72.594  -9.736 0.6000000238
2995  -27.190  -73.070  -10.503 0.5000000000
109363  -33.105  -68.225  -14.489 0.3000000119
118034  -33.342  -67.854  -15.114 0.3000000119
4076  -25.867  -71.472  -6.076 0.5000000000
106288  -27.714  -72.316  -6.453 0.5000000000
102183  -27.615  -72.933  -7.893 0.5000000000
2955  -27.108  -73.741  -7.765 0.5000000000
114054  -23.234  -67.072  -12.959 0.5000000000
5508  -23.365  -67.818  -12.822 0.5000000000
5004  -25.242  -68.906  -12.906 0.5000000000
5015  -25.674  -68.424  -13.363 0.5000000000
5016  -26.709  -68.254  -13.600 0.5000000000
5006  -27.192  -68.447  -12.866 0.5000000000
5966  -23.725  -66.660  -11.392 0.5000000000
4557  -23.927  -69.010  -12.625 0.5000000000
112448  -28.234  -68.232  -13.139 0.4000000060
5956  -23.395  -67.506  -11.799 0.5000000000
102543  -29.111  -68.045  -13.249 0.4000000060
4091  -41.734  -70.862  -7.073 0.3000000119
103482  -41.822  -69.483  -8.023 0.3000000119
5957  -24.304  -66.962  -10.421 0.6000000238
5008  -29.974  -67.888  -12.374 0.4000000060
5009  -30.969  -67.916  -12.425 0.4000000060
5485  -24.136  -67.484  -9.749 0.6000000238
119008  -41.501  -70.431  -8.439 0.3000000119
4532  -41.406  -69.972  -9.257 0.3000000119
120476  -23.844  -67.785  -9.025 0.6000000238
5010  -31.969  -68.158  -12.432 0.4000000060
5477  -23.946  -67.628  -8.323 0.6000000238
5029  -31.403  -67.796  -14.356 0.4000000060
5021  -32.119  -68.065  -13.456 0.4000000060
4980  -39.011  -68.411  -10.450 0.3000000119
5470  -23.262  -68.171  -7.577 0.6999999881
5030  -32.301  -67.972  -14.393 0.3000000119
5528  -32.593  -67.684  -15.145 0.3000000119
115830  -24.167  -67.901  -13.346 0.5000000000
5014  -24.590  -68.590  -13.139 0.5000000000
5516  -25.072  -67.889  -13.496 0.5000000000
113847  -26.300  -67.895  -13.796 0.4000000060
5965  -23.279  -66.713  -12.297 0.5000000000
5517  -27.312  -68.026  -14.117 0.4000000060
5017  -27.604  -68.198  -13.890 0.4000000060
100945  -23.271  -65.886  -12.316 0.6000000238
111009  -29.186  -67.916  -13.949 0.4000000060
5019  -30.031  -67.852  -13.458 0.4000000060
4533  -41.943  -69.427  -9.111 0.3000000119
4520  -41.884  -69.496  -8.485 0.3000000119
5950  -24.947  -66.637  -9.650 0.6000000238
5020  -31.138  -67.864  -13.430 0.4000000060
5028  -30.475  -67.729  -14.327 0.4000000060
5527  -31.698  -67.633  -15.093 0.4000000060
5535  -32.146  -67.152  -15.460 0.3000000119
5462  -23.505  -67.672  -6.680 0.6000000238
5978  -23.293  -66.580  -13.123 0.5000000000
5979  -24.208  -67.044  -13.411 0.5000000000
5980  -25.452  -67.121  -13.561 0.4000000060
5981  -26.366  -67.087  -13.701 0.4000000060
107563  -23.118  -66.305  -12.905 0.5000000000
6553  -23.194  -65.586  -13.091 0.5000000000
112064  -27.148  -67.477  -13.997 0.4000000060
6517  -23.367  -64.952  -12.154 0.6000000238
6536  -23.163  -65.085  -12.883 0.6000000238
5522  -27.904  -67.566  -14.367 0.4000000060
6499  -24.608  -66.147  -10.535 0.6000000238
6518  -23.999  -65.594  -11.384 0.6000000238
5524  -29.185  -67.214  -15.069 0.4000000060
5027  -29.611  -67.706  -14.437 0.4000000060
5532  -29.966  -67.175  -15.298 0.4000000060
5526  -30.846  -67.620  -15.011 0.4000000060
6001  -31.146  -66.433  -15.332 0.4000000060
4546  -40.768  -69.440  -10.077 0.3000000119
114955  -41.941  -68.891  -10.411 0.3000000119
6483  -25.391  -65.714  -9.857 0.6000000238
121650  -31.786  -66.574  -15.454 0.4000000060
4996  -39.540  -67.901  -11.147 0.3000000119
4981  -40.143  -68.696  -10.603 0.3000000119
115862  -25.193  -66.716  -8.850 0.6000000238
5471  -24.161  -67.347  -7.498 0.6000000238
5946  -26.153  -66.042  -8.186 0.6999999881
7034  -26.761  -64.462  -8.638 0.6999999881
5945  -25.567  -66.513  -8.205 0.6000000238
6470  -26.431  -65.453  -8.481 0.6999999881
5938  -26.094  -66.320  -7.412 0.6000000238
7611  -26.414  -63.038  -9.324 0.6999999881
8081  -26.892  -62.463  -8.814 0.6000000238
6460  -27.209  -65.198  -7.287 0.6999999881
7592  -27.422  -63.666  -7.852 0.6999999881
6555  -24.802  -66.164  -13.379 0.5000000000
7095  -23.200  -64.507  -13.080 0.5000000000
7096  -23.647  -64.389  -13.392 0.5000000000
105297  -24.237  -65.195  -13.388 0.5000000000
6538  -26.411  -65.514  -12.831 0.5000000000
120628  -26.976  -66.449  -13.461 0.4000000060
7076  -23.513  -64.130  -11.961 0.6000000238
7652  -23.129  -63.371  -13.020 0.6000000238
7660  -23.273  -63.256  -13.185 0.6000000238
7661  -23.802  -63.523  -13.472 0.6000000238
5982  -27.851  -66.919  -14.196 0.4000000060
6500  -24.834  -65.203  -10.572 0.6000000238
8124  -23.297  -62.864  -12.643 0.6000000238
8141  -23.586  -62.480  -13.355 0.6000000238
5991  -28.524  -67.051  -14.748 0.4000000060
7064  -24.995  -64.323  -10.570 0.6000000238
8109  -24.471  -62.945  -11.159 0.6000000238
8125  -23.717  -62.384  -11.867 0.6000000238
8680  -23.246  -61.730  -12.987 0.6000000238
5992  -29.798  -66.676  -15.180 0.4000000060
120008  -31.043  -65.729  -13.268 0.4000000060
7049  -25.580  -64.829  -9.992 0.6000000238
7628  -25.123  -63.490  -10.526 0.6000000238
8673  -23.727  -61.303  -11.847 0.6000000238
9288  -23.610  -60.307  -12.191 0.6000000238
9828  -24.419  -58.886  -12.730 0.6000000238
6567  -30.274  -66.106  -14.842 0.4000000060
117463  -31.579  -65.733  -13.921 0.4000000060
8656  -24.563  -62.030  -11.071 0.6000000238
9277  -24.103  -60.443  -11.457 0.6000000238
9824  -23.820  -59.335  -12.392 0.6000000238
6469  -25.770  -66.075  -8.976 0.6999999881
119885  -26.094  -64.453  -9.478 0.6000000238
8110  -25.275  -62.639  -10.428 0.6000000238
8657  -24.692  -61.093  -10.871 0.6000000238
10432  -24.061  -58.304  -12.092 0.6000000238
10433  -25.015  -57.862  -12.500 0.6000000238
11078  -26.707  -57.224  -13.273 0.6000000238
9278  -24.808  -60.179  -10.697 0.6000000238
9819  -24.020  -58.451  -11.900 0.6000000238
10429  -24.420  -57.690  -11.902 0.6000000238
11067  -26.896  -56.728  -13.017 0.6000000238
8096  -26.103  -62.324  -9.640 0.6000000238
112989  -25.610  -60.848  -10.100 0.6000000238
118179  -24.417  -58.630  -11.167 0.5000000000
11057  -24.834  -57.325  -11.424 0.6000000238
11682  -26.619  -56.472  -12.263 0.6000000238
9820  -24.945  -59.296  -10.518 0.5000000000
8615  -27.370  -61.751  -8.048 0.6999999881
9262  -26.437  -60.669  -9.179 0.5000000000
9261  -25.680  -59.979  -9.830 0.6000000238
10421  -25.022  -58.409  -10.378 0.5000000000
11671  -25.380  -56.584  -11.320 0.5000000000
10412  -25.094  -57.542  -10.146 0.6000000238
9790  -21.282  -59.383  -4.765 0.6000000238
9791  -22.035  -59.378  -4.954 0.6000000238
9175  -22.245  -60.312  -5.739 0.6000000238
6537  -25.343  -65.336  -13.148 0.5000000000
7097  -24.623  -64.293  -13.290 0.5000000000
7088  -25.820  -64.577  -12.698 0.5000000000
6557  -27.991  -66.130  -13.384 0.4000000060
8683  -23.338  -61.879  -13.110 0.5000000000
8142  -24.395  -62.006  -13.389 0.5000000000
8681  -25.278  -61.597  -13.208 0.5000000000
107326  -28.825  -65.981  -13.696 0.4000000060
6541  -29.514  -65.647  -13.181 0.4000000060
8685  -24.479  -61.118  -13.398 0.5000000000
9301  -25.430  -60.741  -13.337 0.5000000000
109670  -29.051  -66.764  -14.967 0.4000000060
120284  -29.959  -65.707  -13.712 0.4000000060
6542  -30.359  -65.630  -13.016 0.4000000060
9836  -25.043  -59.380  -13.302 0.5000000000
9313  -24.704  -60.266  -13.369 0.5000000000
6558  -30.521  -65.757  -14.083 0.4000000060
10437  -25.483  -58.487  -13.174 0.6000000238
9837  -26.167  -58.992  -13.452 0.6000000238
10434  -25.929  -57.668  -13.089 0.6000000238
10439  -27.247  -57.688  -13.584 0.5000000000
11683  -27.508  -56.597  -12.914 0.4000000060
11068  -29.154  -56.813  -13.549 0.4000000060
105561  -28.672  -57.118  -13.849 0.4000000060
11674  -28.147  -56.670  -11.701 0.6000000238
11684  -28.208  -56.569  -12.621 0.6000000238
11058  -28.935  -56.895  -12.236 0.5000000000
101286  -29.661  -56.929  -12.944 0.4000000060
112252  -29.795  -56.946  -13.681 0.4000000060
11070  -31.074  -57.415  -13.237 0.4000000060
6452  -27.352  -65.154  -6.458 0.6999999881
11672  -26.021  -56.213  -11.384 0.6000000238
11059  -30.570  -57.478  -12.585 0.4000000060
109559  -27.081  -60.996  -8.431 0.6000000238
11661  -25.286  -56.571  -10.473 0.5000000000
11662  -25.658  -56.071  -10.638 0.5000000000
11051  -28.893  -57.340  -11.171 0.5000000000
118196  -29.851  -57.600  -11.710 0.5000000000
100836  -31.497  -57.811  -12.383 0.4000000060
9816  -26.253  -59.724  -8.904 0.6000000238
11664  -26.927  -56.178  -10.653 0.5000000000
9763  -21.331  -59.261  -3.405 0.6999999881
9776  -21.252  -59.108  -4.141 0.6000000238
9764  -22.018  -59.010  -2.841 0.6999999881
9777  -21.830  -58.785  -4.289 0.6000000238
10346  -22.820  -58.726  -2.804 0.6000000238
10369  -22.330  -58.208  -4.085 0.6000000238
10360  -22.792  -57.994  -3.822 0.6000000238
10348  -24.393  -58.346  -2.624 0.6000000238
10349  -25.014  -58.243  -2.830 0.6000000238
108512  -23.025  -60.053  -5.388 0.5000000000
9778  -22.451  -58.378  -4.422 0.6000000238
10370  -22.889  -57.774  -4.315 0.6000000238
121800  -23.188  -57.919  -3.729 0.6000000238
10361  -23.995  -58.052  -3.455 0.6000000238
6539  -27.350  -65.562  -12.655 0.5000000000
104600  -23.877  -59.988  -5.398 0.5000000000
9792  -22.829  -58.964  -5.034 0.5000000000
10973  -23.806  -57.248  -4.355 0.5000000000
10362  -24.732  -57.860  -3.525 0.5000000000
119807  -24.483  -63.561  -13.344 0.4000000060
7654  -26.014  -62.964  -12.363 0.5000000000
6519  -27.759  -65.082  -11.907 0.5000000000
105194  -28.075  -65.501  -12.492 0.4000000060
120801  -23.725  -59.023  -5.366 0.5000000000
10379  -23.051  -57.798  -4.831 0.5000000000
110042  -24.222  -56.773  -4.757 0.5000000000
10974  -24.953  -57.404  -4.028 0.5000000000
8137  -26.009  -62.062  -12.539 0.5000000000
6540  -28.706  -65.587  -12.783 0.4000000060
6521  -29.417  -65.376  -12.028 0.4000000060
6522  -30.388  -65.537  -11.892 0.4000000060
9793  -23.588  -58.037  -5.452 0.5000000000
10988  -23.735  -56.722  -5.155 0.6000000238
121399  -29.936  -65.506  -12.523 0.4000000060
9794  -25.038  -59.429  -5.673 0.6000000238
10380  -23.554  -56.964  -5.290 0.6999999881
9314  -25.869  -59.885  -13.435 0.4000000060
9315  -26.792  -59.433  -13.465 0.5000000000
8038  -25.892  -62.876  -4.673 0.6000000238
9838  -27.256  -58.624  -13.661 0.5000000000
10441  -29.155  -57.920  -14.257 0.4000000060
7522  -27.180  -63.076  -5.387 0.6000000238
10440  -28.069  -57.738  -13.883 0.4000000060
7537  -27.515  -63.828  -5.625 0.6000000238
8055  -27.652  -62.364  -6.711 0.6000000238
11081  -30.265  -57.115  -14.016 0.4000000060
9230  -27.320  -60.877  -7.586 0.6000000238
8068  -27.751  -63.024  -7.187 0.6999999881
9812  -25.884  -58.896  -8.664 0.6000000238
11041  -25.134  -57.282  -9.069 0.6000000238
11040  -25.179  -56.742  -9.607 0.5000000000
12266  -25.803  -55.748  -9.972 0.5000000000
9752  -21.338  -59.495  -2.469 0.6999999881
121689  -22.531  -58.981  -1.706 0.6999999881
10336  -23.390  -58.666  -1.837 0.6000000238
10952  -24.578  -57.795  -1.278 0.6000000238
10338  -24.957  -58.090  -1.971 0.6000000238
10962  -25.812  -57.836  -2.152 0.6999999881
119371  -26.289  -57.821  -2.553 0.6000000238
10350  -25.764  -58.011  -3.115 0.6000000238
7643  -26.613  -63.275  -11.826 0.5000000000
7077  -26.972  -63.916  -11.613 0.5000000000
7089  -26.872  -64.755  -12.097 0.5000000000
10975  -26.148  -57.630  -3.793 0.6000000238
10963  -26.809  -57.805  -2.912 0.5000000000
7078  -27.546  -64.406  -11.482 0.5000000000
6520  -28.533  -65.253  -11.898 0.5000000000
100971  -29.837  -65.296  -11.016 0.4000000060
11004  -25.749  -56.612  -5.209 0.6000000238
10989  -25.309  -57.049  -4.623 0.6000000238
107740  -27.237  -57.633  -3.708 0.5000000000
8682  -26.151  -61.243  -12.847 0.5000000000
8047  -26.442  -62.412  -5.255 0.6000000238
8566  -26.278  -61.357  -5.565 0.4000000060
9178  -25.671  -60.537  -5.626 0.6000000238
11002  -24.039  -56.244  -5.874 0.6000000238
11003  -24.437  -56.302  -5.432 0.6000000238
10990  -26.540  -57.344  -4.506 0.6000000238
9303  -26.885  -60.107  -13.195 0.4000000060
9289  -27.005  -60.813  -12.459 0.4000000060
8579  -26.884  -61.060  -6.033 0.5000000000
9179  -26.165  -60.389  -5.820 0.5000000000
9804  -25.436  -59.021  -6.249 0.6000000238
10381  -24.108  -57.905  -5.953 0.6999999881
10389  -23.975  -56.719  -6.149 0.6000000238
11624  -24.439  -55.883  -6.026 0.6000000238
11625  -25.225  -55.939  -5.903 0.6000000238
9829  -27.681  -59.650  -13.395 0.5000000000
8567  -27.021  -61.973  -5.745 0.6000000238
9795  -26.026  -59.782  -6.012 0.6000000238
10390  -24.774  -57.905  -6.669 0.6000000238
11632  -24.388  -55.878  -6.441 0.6000000238
11005  -27.329  -57.083  -5.860 0.6000000238
9839  -28.287  -58.804  -13.953 0.4000000060
8580  -27.372  -61.698  -6.385 0.5000000000
9203  -26.664  -60.282  -6.348 0.6000000238
10398  -25.799  -58.823  -6.941 0.6000000238
11640  -24.823  -55.723  -7.068 0.6000000238
11634  -26.049  -55.774  -6.613 0.6000000238
117745  -27.471  -62.456  -6.086 0.6000000238
8597  -27.577  -61.592  -7.094 0.6000000238
9204  -27.239  -60.890  -6.715 0.6000000238
10397  -25.219  -57.941  -7.464 0.6000000238
11022  -24.637  -56.316  -7.526 0.6000000238
10404  -25.399  -58.032  -8.412 0.6000000238
9813  -26.495  -59.494  -7.965 0.6000000238
12258  -25.559  -55.815  -9.362 0.5000000000
11042  -27.210  -56.402  -9.749 0.5000000000
9751  -20.665  -59.819  -2.110 0.6999999881
121424  -21.864  -59.353  -1.934 0.6999999881
9742  -19.490  -59.802  -1.446 0.6999999881
9733  -20.843  -59.016  -0.871 0.6999999881
10335  -21.754  -59.052  -1.187 0.6999999881
10324  -22.262  -58.581  -0.877 0.6999999881
10951  -23.792  -58.095  -1.112 0.6000000238
10946  -24.763  -57.215  -0.950 0.6000000238
11584  -25.788  -56.665  -1.162 0.5000000000
10953  -25.377  -57.407  -1.354 0.6999999881
10954  -26.259  -57.172  -1.566 0.5000000000
117710  -26.637  -57.539  -2.143 0.5000000000
10964  -27.408  -57.383  -2.313 0.5000000000
7644  -27.197  -63.055  -11.351 0.4000000060
7065  -27.961  -64.077  -10.913 0.5000000000
7066  -28.685  -64.343  -10.515 0.5000000000
6502  -28.981  -65.072  -11.139 0.5000000000
7067  -29.446  -64.784  -10.380 0.4000000060
8674  -26.731  -61.631  -12.028 0.4000000060
7629  -27.777  -63.337  -10.855 0.4000000060
10991  -27.640  -57.496  -4.524 0.6000000238
104537  -26.982  -57.167  -5.202 0.6000000238
11627  -27.073  -56.665  -6.494 0.6000000238
109192  -27.974  -57.445  -5.348 0.6000000238
12243  -25.231  -55.591  -7.843 0.6000000238
11641  -26.144  -55.571  -7.541 0.6000000238
102220  -28.072  -57.401  -6.237 0.6000000238
11032  -24.929  -57.079  -8.027 0.6000000238
11642  -26.870  -56.308  -7.286 0.5000000000
12251  -25.457  -55.688  -8.616 0.6000000238
11649  -26.752  -56.086  -8.146 0.5000000000
103896  -26.553  -55.857  -9.020 0.5000000000
9731  -19.176  -59.209  -0.908 0.6999999881
10321  -19.650  -58.561  -0.618 0.6999999881
10942  -21.166  -57.746  -0.429 0.6999999881
10323  -21.532  -58.423  -0.660 0.6999999881
11572  -22.835  -56.899  -0.482 0.6000000238
10944  -23.261  -57.535  -0.656 0.6999999881
10945  -24.086  -57.341  -0.776 0.4000000060
10334  -18.428  -59.038  -1.161 0.6999999881
10940  -19.377  -57.706  -0.609 0.6999999881
115986  -20.686  -57.148  -0.388 0.6000000238
11571  -21.417  -56.901  -0.402 0.6000000238
11575  -25.150  -56.834  -0.947 0.5000000000
118498  -17.129  -58.301  -1.949 0.6999999881
10949  -17.739  -57.862  -1.513 0.6999999881
11585  -26.670  -56.385  -1.404 0.5000000000
10960  -16.572  -57.772  -2.540 0.6999999881
11586  -27.678  -56.328  -1.646 0.5000000000
11594  -16.678  -56.841  -2.673 0.6000000238
11606  -16.236  -56.366  -3.308 0.6000000238
12209  -16.477  -55.570  -3.572 0.6000000238
12858  -15.388  -54.446  -4.770 0.5000000000
13523  -16.817  -53.866  -4.998 0.5000000000
7630  -28.362  -63.536  -10.448 0.4000000060
7051  -29.288  -64.214  -9.894 0.4000000060
11016  -28.604  -57.681  -6.872 0.6000000238
12174  -22.887  -55.958  -0.521 0.5000000000
11573  -23.565  -56.704  -0.561 0.5000000000
116250  -19.126  -56.964  -0.773 0.6000000238
11569  -19.906  -56.858  -0.469 0.6000000238
12173  -21.472  -55.982  -0.489 0.6000000238
115556  -22.113  -55.700  -0.533 0.6000000238
12175  -23.811  -55.779  -0.601 0.5000000000
12177  -25.220  -56.144  -0.840 0.5000000000
12186  -25.973  -55.893  -1.090 0.5000000000
11581  -17.849  -56.951  -1.598 0.6999999881
11582  -18.572  -56.559  -1.226 0.6000000238
11583  -19.300  -56.195  -0.849 0.6000000238
12172  -20.824  -55.485  -0.656 0.6000000238
12811  -20.890  -54.794  -0.899 0.6000000238
102322  -27.745  -54.890  -1.440 0.5000000000
11595  -17.356  -56.460  -2.274 0.6999999881
12181  -18.021  -56.064  -1.827 0.6000000238
12820  -19.037  -54.881  -1.808 0.6000000238
12821  -19.801  -54.560  -1.540 0.6000000238
12822  -20.548  -54.330  -1.347 0.6000000238
12198  -16.877  -55.991  -2.933 0.6000000238
12200  -18.288  -55.254  -2.153 0.6000000238
12840  -18.641  -54.530  -2.560 0.6000000238
115117  -19.408  -54.169  -2.239 0.6000000238
12210  -17.156  -55.234  -3.246 0.6000000238
12847  -17.505  -54.552  -3.617 0.6000000238
12848  -18.276  -54.230  -3.319 0.6000000238
13501  -19.846  -53.549  -2.715 0.6000000238
12846  -16.775  -54.840  -3.895 0.5000000000
12860  -17.157  -54.199  -4.294 0.5000000000
13513  -17.903  -53.916  -4.029 0.5000000000
13514  -18.679  -53.579  -3.738 0.6000000238
13515  -19.495  -53.258  -3.461 0.6000000238
7612  -28.957  -63.666  -9.883 0.4000000060
13532  -15.469  -53.889  -6.150 0.5000000000
13524  -17.599  -53.693  -4.722 0.5000000000
115595  -18.357  -53.420  -4.482 0.6000000238
13525  -19.122  -53.035  -4.225 0.6000000238
13542  -16.123  -53.944  -6.898 0.5000000000
13543  -17.270  -53.647  -6.529 0.5000000000
13534  -17.384  -53.573  -5.476 0.4000000060
118634  -18.040  -53.390  -5.110 0.5000000000
14157  -19.597  -52.554  -4.720 0.6000000238
12814  -24.122  -54.882  -0.776 0.6000000238
116205  -24.702  -55.054  -0.829 0.5000000000
12185  -25.302  -55.247  -0.947 0.5000000000
112521  -22.457  -55.070  -0.652 0.6000000238
102994  -24.221  -54.024  -1.158 0.5000000000
12828  -26.959  -54.973  -1.377 0.5000000000
13486  -21.810  -53.683  -1.547 0.6999999881
13487  -23.618  -53.607  -1.365 0.6999999881
13485  -20.954  -53.699  -1.730 0.6000000238
13504  -22.338  -53.057  -1.994 0.6999999881
13502  -20.639  -53.308  -2.465 0.6000000238
13503  -21.457  -53.163  -2.230 0.6999999881
13516  -20.314  -52.959  -3.212 0.6000000238
14132  -21.125  -52.724  -2.938 0.6999999881
14144  -19.931  -52.683  -3.932 0.6000000238
14145  -20.817  -52.260  -3.741 0.6999999881
13552  -15.720  -55.066  -8.384 0.5000000000
13535  -18.082  -53.316  -5.794 0.4000000060
14164  -19.419  -52.496  -5.572 0.6000000238
14158  -20.290  -52.260  -4.419 0.6000000238
103667  -17.678  -53.830  -7.513 0.5000000000
13544  -18.241  -53.452  -6.729 0.4000000060
14173  -19.444  -52.709  -6.505 0.5000000000
103367  -26.554  -54.143  -1.443 0.5000000000
103303  -25.612  -54.378  -1.270 0.5000000000
114192  -24.323  -53.124  -1.629 0.5000000000
119304  -26.031  -52.798  -1.742 0.5000000000
14122  -23.345  -52.888  -1.870 0.6999999881
14134  -22.767  -52.444  -2.530 0.6999999881
14147  -22.357  -52.119  -3.047 0.6000000238
14845  -21.597  -51.602  -3.957 0.6999999881
14846  -22.323  -51.624  -3.551 0.6000000238
105511  -20.130  -52.091  -5.177 0.6000000238
115241  -20.931  -51.709  -4.684 0.6000000238
13555  -18.520  -53.808  -7.979 0.5000000000
13545  -18.944  -53.266  -6.936 0.4000000060
14165  -19.972  -52.039  -6.028 0.6000000238
14192  -19.967  -53.612  -8.910 0.4000000060
13556  -19.543  -53.258  -7.700 0.4000000060
14174  -20.153  -52.475  -6.950 0.5000000000
119141  -24.687  -52.594  -1.930 0.6000000238
14136  -25.855  -52.103  -2.154 0.5000000000
115074  -24.194  -52.318  -2.198 0.6000000238
14135  -24.984  -52.168  -2.260 0.5000000000
14835  -23.953  -51.700  -2.786 0.6000000238
14834  -23.105  -51.766  -3.094 0.6000000238
14848  -24.537  -51.249  -3.116 0.5000000000
102974  -23.048  -51.159  -3.801 0.6000000238
14855  -21.767  -51.132  -4.683 0.6999999881
15529  -22.973  -50.598  -4.451 0.5000000000
14863  -20.674  -51.639  -5.654 0.6000000238
103714  -21.158  -51.320  -6.157 0.5000000000
14183  -20.285  -52.733  -8.028 0.4000000060
14875  -21.290  -51.371  -6.872 0.5000000000
18532  -18.567  -46.034  -9.524 0.4000000060
18524  -19.008  -46.030  -9.588 0.3000000119
18541  -19.144  -46.172  -10.176 0.4000000060
103067  -25.303  -51.419  -2.736 0.5000000000
17028  -19.074  -48.583  -10.229 0.3000000119
17789  -19.257  -47.315  -10.392 0.4000000060
15531  -24.409  -50.751  -3.735 0.5000000000
115775  -25.897  -50.734  -3.083 0.5000000000
16294  -19.825  -49.860  -10.566 0.3000000119
17029  -19.945  -48.683  -10.645 0.4000000060
15530  -23.709  -50.670  -4.072 0.5000000000
15603  -20.392  -51.083  -11.053 0.3000000119
15539  -22.396  -50.709  -4.755 0.6000000238
14864  -21.393  -51.197  -5.461 0.6999999881
15548  -22.881  -50.193  -5.285 0.6000000238
14889  -21.368  -51.486  -7.770 0.5000000000
15554  -21.770  -50.803  -6.311 0.5000000000
15564  -21.836  -50.868  -7.267 0.4000000060
16250  -22.868  -49.886  -6.957 0.4000000060
17759  -19.163  -47.755  -7.883 0.3000000119
17770  -19.071  -46.673  -8.782 0.3000000119
115286  -19.776  -46.525  -9.255 0.3000000119
18542  -19.881  -46.004  -10.131 0.3000000119
18553  -20.531  -46.691  -10.749 0.4000000060
15518  -25.126  -50.760  -3.411 0.5000000000
17030  -20.908  -48.827  -11.154 0.4000000060
17799  -20.794  -47.755  -11.102 0.4000000060
16224  -24.898  -50.233  -4.005 0.5000000000
16307  -21.548  -50.105  -11.487 0.4000000060
16308  -22.085  -49.336  -11.727 0.4000000060
16234  -23.684  -50.012  -4.750 0.5000000000
16235  -24.493  -49.697  -4.511 0.5000000000
15615  -21.946  -50.952  -11.642 0.4000000060
15547  -22.517  -50.286  -6.172 0.5000000000
16242  -23.514  -49.597  -5.626 0.5000000000
14904  -21.478  -51.687  -8.780 0.3000000119
15579  -22.462  -50.353  -8.749 0.4000000060
15565  -22.385  -50.354  -7.643 0.4000000060
16251  -23.456  -49.419  -6.535 0.4000000060
16979  -18.604  -48.488  -6.278 0.3000000119
17005  -19.846  -47.493  -8.338 0.3000000119
18535  -20.618  -45.958  -10.225 0.4000000060
100824  -20.785  -46.001  -10.507 0.4000000060
16217  -28.061  -49.532  -2.586 0.4000000060
18554  -21.296  -46.184  -11.185 0.4000000060
16216  -27.453  -49.477  -2.867 0.4000000060
17042  -21.398  -48.306  -11.428 0.4000000060
17801  -22.068  -47.219  -11.724 0.4000000060
119592  -26.226  -49.696  -3.524 0.4000000060
114018  -22.743  -48.114  -12.134 0.4000000060
121625  -22.362  -50.352  -11.756 0.4000000060
15604  -22.482  -50.711  -11.557 0.3000000119
16243  -24.127  -49.256  -5.167 0.5000000000
16271  -23.018  -49.642  -8.791 0.3000000119
120870  -19.887  -48.147  -7.654 0.3000000119
17760  -21.325  -47.522  -8.196 0.3000000119
120920  -20.779  -46.551  -9.444 0.3000000119
113737  -21.418  -45.909  -10.070 0.4000000060
18543  -21.297  -45.599  -10.685 0.4000000060
19281  -22.101  -44.768  -11.172 0.3000000119
19280  -21.676  -45.371  -11.175 0.4000000060
16925  -28.643  -49.158  -2.673 0.4000000060
16228  -29.807  -49.242  -3.086 0.4000000060
18555  -22.199  -46.266  -11.740 0.4000000060
16227  -27.368  -48.857  -3.144 0.4000000060
16937  -26.089  -49.131  -3.801 0.4000000060
17044  -22.918  -49.089  -12.231 0.3000000119
16952  -25.564  -48.614  -4.353 0.4000000060
15616  -22.516  -50.554  -11.689 0.3000000119
16310  -23.307  -49.675  -12.043 0.3000000119
16284  -23.351  -49.613  -10.511 0.3000000119
16983  -23.879  -48.872  -6.989 0.4000000060
16981  -21.061  -48.111  -6.495 0.3000000119
119749  -22.096  -46.860  -8.883 0.4000000060
18536  -22.519  -45.960  -9.591 0.4000000060
19275  -21.883  -45.227  -10.678 0.4000000060
16237  -30.448  -49.157  -4.369 0.4000000060
16940  -29.701  -48.526  -3.507 0.4000000060
19289  -22.480  -45.429  -11.768 0.4000000060
16939  -28.548  -48.383  -3.063 0.4000000060
17815  -23.021  -47.348  -12.317 0.4000000060
17702  -26.886  -48.355  -3.539 0.4000000060
16938  -27.761  -48.223  -3.228 0.4000000060
17816  -23.953  -47.640  -12.547 0.3000000119
16953  -26.213  -48.237  -4.022 0.4000000060
108795  -24.107  -48.678  -11.890 0.3000000119
16951  -24.821  -48.931  -4.743 0.5000000000
16296  -23.389  -49.756  -11.640 0.3000000119
17031  -23.835  -49.004  -11.061 0.3000000119
16968  -25.142  -48.119  -4.945 0.5000000000
103426  -23.311  -49.327  -8.137 0.3000000119
16984  -24.424  -48.264  -6.493 0.4000000060
16259  -22.898  -49.767  -7.915 0.4000000060
17748  -21.726  -47.733  -7.183 0.3000000119
19282  -22.452  -44.366  -10.943 0.3000000119
20008  -22.689  -44.079  -11.306 0.3000000119
16954  -30.190  -48.440  -4.142 0.4000000060
19294  -23.443  -45.674  -12.401 0.3000000119
17706  -29.784  -47.902  -3.896 0.4000000060
18567  -24.065  -46.712  -12.666 0.3000000119
17703  -27.485  -47.478  -3.612 0.4000000060
17705  -29.141  -47.839  -3.451 0.4000000060
106651  -24.595  -47.845  -12.008 0.3000000119
17032  -24.417  -48.185  -11.203 0.3000000119
17720  -25.856  -47.741  -4.499 0.4000000060
17018  -23.602  -48.971  -9.779 0.3000000119
115014  -24.178  -48.236  -8.260 0.3000000119
16996  -24.265  -48.298  -7.484 0.3000000119
118551  -24.825  -47.539  -6.451 0.3000000119
19295  -24.003  -45.113  -12.565 0.3000000119
20017  -24.118  -43.659  -12.146 0.3000000119
19296  -24.871  -45.672  -12.806 0.3000000119
17724  -30.273  -47.701  -4.417 0.3000000119
17704  -28.305  -47.568  -3.444 0.4000000060
17723  -29.624  -47.139  -4.126 0.4000000060
17792  -25.381  -46.634  -11.224 0.3000000119
17721  -26.670  -47.393  -4.040 0.4000000060
18462  -27.991  -46.789  -3.796 0.4000000060
17019  -24.084  -48.313  -10.022 0.3000000119
17771  -24.437  -47.809  -9.039 0.3000000119
17739  -25.466  -47.313  -5.180 0.3000000119
17750  -24.706  -47.659  -7.185 0.3000000119
18544  -25.743  -45.916  -11.138 0.3000000119
17781  -25.114  -46.974  -10.262 0.3000000119
17722  -27.329  -46.823  -3.950 0.3000000119
18481  -29.213  -46.403  -4.226 0.3000000119
106192  -24.888  -47.241  -9.457 0.3000000119
18477  -26.162  -46.887  -4.696 0.3000000119
17762  -24.582  -47.701  -8.040 0.3000000119
17751  -25.176  -47.029  -5.989 0.3000000119
19277  -26.072  -45.525  -10.135 0.3000000119
120669  -26.598  -44.935  -9.781 0.3000000119
17772  -25.331  -46.711  -9.324 0.3000000119
18479  -27.621  -46.194  -4.265 0.3000000119
19278  -26.473  -45.305  -9.134 0.3000000119
19994  -27.171  -44.599  -9.191 0.3000000119
16260  -23.387  -49.353  -7.405 0.4000000060
16283  -22.841  -50.101  -9.874 0.3000000119
17006  -23.450  -49.104  -8.809 0.3000000119
3754  -32.296  -70.657  -10.799 0.6000000238
3767  -32.831  -71.919  -12.094 0.5000000000
3412  -31.420  -72.586  -13.044 0.5000000000
3411  -30.521  -72.530  -12.895 0.5000000000
102247  -35.571  -72.299  -13.079 0.5000000000
4112  -31.504  -69.653  -9.614 0.6999999881
4977  -32.231  -68.826  -10.585 0.6999999881
4519  -30.292  -69.334  -8.472 0.6999999881
4099  -29.922  -70.473  -8.724 0.6999999881
118574  -33.873  -70.758  -12.909 0.5000000000
5007  -29.052  -67.961  -12.218 0.6000000238
5493  -29.044  -67.759  -11.007 0.6000000238
118661  -23.923  -69.855  -10.930 0.6000000238
5478  -28.952  -67.916  -8.863 0.6999999881
4117  -40.785  -70.553  -8.865 0.3000000119
4517  -26.217  -69.266  -8.681 0.6000000238
4955  -27.789  -68.356  -8.325 0.6000000238
4949  -29.097  -68.834  -7.618 0.6999999881
3762  -33.517  -70.813  -12.149 0.6000000238
103722  -33.445  -71.634  -12.463 0.5000000000
4511  -29.026  -69.533  -7.395 0.6000000238
3732  -29.222  -70.892  -8.226 0.6999999881
3731  -28.650  -71.418  -7.885 0.5000000000
5499  -38.966  -67.294  -11.806 0.3000000119
4087  -23.778  -70.851  -7.682 0.6000000238
3369  -28.170  -72.152  -8.108 0.5000000000
104833  -35.741  -67.433  -15.276 0.3000000119
4992  -32.561  -68.763  -11.509 0.5000000000
5498  -37.985  -67.418  -11.884 0.3000000119
3356  -27.909  -72.436  -7.216 0.5000000000
5018  -28.436  -68.073  -14.045 0.4000000060
4968  -42.229  -68.919  -9.745 0.3000000119
7063  -24.226  -64.669  -11.307 0.6000000238
6484  -26.068  -65.198  -9.278 0.6999999881
7610  -25.795  -63.219  -9.871 0.6000000238
8633  -26.111  -61.431  -9.646 0.6000000238
7642  -23.661  -63.297  -11.896 0.6000000238
8136  -25.238  -62.512  -13.028 0.5000000000
5983  -28.602  -66.552  -14.376 0.4000000060
9300  -23.614  -60.446  -12.795 0.6000000238
9312  -23.871  -60.739  -13.251 0.5000000000
105574  -24.061  -59.432  -11.586 0.6000000238
11079  -27.650  -56.984  -13.484 0.4000000060
7014  -27.637  -64.340  -6.169 0.6000000238
105960  -27.633  -62.267  -7.381 0.6999999881
11090  -30.008  -57.394  -14.217 0.4000000060
121217  -27.423  -56.431  -11.327 0.4000000060
7003  -27.401  -64.398  -5.489 0.6000000238
10359  -22.342  -58.448  -3.643 0.6000000238
10371  -23.317  -57.318  -4.703 0.6000000238
6501  -28.207  -64.748  -11.261 0.5000000000
9177  -24.889  -60.207  -5.504 0.4000000060
10405  -25.942  -58.794  -7.739 0.5000000000
113459  -27.548  -60.319  -12.742 0.5000000000
11023  -24.516  -56.905  -7.057 0.6000000238
9805  -26.304  -59.571  -6.607 0.5000000000
10971  -16.022  -57.217  -3.110 0.6000000238
13533  -16.501  -53.708  -5.866 0.5000000000
12812  -21.592  -55.061  -0.711 0.5000000000
12183  -19.515  -55.340  -1.149 0.6000000238
12184  -20.254  -55.020  -0.951 0.6000000238
12824  -22.115  -54.343  -0.956 0.6000000238
12839  -17.886  -54.892  -2.898 0.6000000238
13488  -25.003  -53.731  -1.386 0.5000000000
17788  -18.708  -46.567  -10.102 0.3000000119
14836  -24.591  -51.745  -2.616 0.5000000000
14903  -20.925  -52.210  -8.370 0.3000000119
16215  -26.960  -49.982  -2.950 0.4000000060
15532  -26.372  -50.112  -3.253 0.4000000060
15578  -21.899  -50.944  -8.215 0.4000000060
14905  -22.004  -51.197  -9.298 0.3000000119
16966  -23.949  -48.965  -6.022 0.5000000000
16982  -21.064  -48.063  -7.384 0.3000000119
17046  -24.139  -48.254  -12.239 0.3000000119
17817  -24.527  -47.324  -12.419 0.3000000119
17738  -24.860  -47.766  -5.737 0.4000000060
17749  -22.438  -47.212  -6.967 0.3000000119
17802  -25.109  -46.881  -12.187 0.3000000119
18537  -25.568  -46.292  -10.181 0.3000000119
2196  -25.134  -76.028  -5.166 0.5000000000
2197  -25.908  -75.721  -5.616 0.5000000000
105833  -26.707  -74.849  -6.816 0.5000000000
2582  -27.125  -74.164  -6.863 0.4000000060
2176  -25.117  -75.363  -3.310 0.5000000000
111763  -25.470  -75.644  -4.261 0.5000000000
2188  -26.248  -75.415  -4.838 0.5000000000
2570  -27.031  -74.626  -6.137 0.5000000000
2571  -27.394  -73.848  -6.058 0.5000000000
2956  -27.580  -73.211  -6.805 0.4000000060
2520  -25.359  -74.752  -2.938 0.4000000060
2533  -25.835  -75.007  -3.572 0.5000000000
2930  -27.066  -73.817  -5.016 0.5000000000
2944  -27.521  -73.095  -5.888 0.4000000060
2907  -25.812  -74.175  -3.255 0.5000000000
2916  -26.104  -73.545  -3.747 0.5000000000
2549  -26.721  -74.596  -4.738 0.5000000000
3309  -25.830  -72.754  -3.711 0.5000000000
2917  -26.590  -73.775  -4.415 0.5000000000
3318  -26.331  -73.089  -4.325 0.5000000000
3332  -26.595  -72.744  -4.986 0.5000000000
3710  -26.569  -72.239  -5.466 0.4000000060
101090  -25.585  -73.223  -2.986 0.5000000000
3331  -25.885  -72.436  -4.393 0.5000000000
102011  -25.647  -72.104  -5.146 0.5000000000
3719  -25.917  -71.903  -5.636 0.5000000000
4455  -24.816  -69.078  -2.294 0.5000000000
3300  -25.489  -72.205  -3.088 0.5000000000
121818  -25.343  -71.383  -2.719 0.5000000000
105416  -25.360  -71.396  -3.602 0.5000000000
4046  -25.168  -70.407  -3.714 0.5000000000
3695  -25.381  -71.875  -4.483 0.5000000000
4057  -24.804  -70.600  -4.622 0.5000000000
4066  -25.056  -71.488  -5.148 0.5000000000
3709  -25.066  -71.610  -5.877 0.5000000000
4456  -25.115  -69.506  -3.003 0.5000000000
4906  -24.713  -68.785  -3.412 0.5000000000
119375  -23.889  -66.689  -3.944 0.5000000000
4467  -24.853  -69.600  -3.917 0.5000000000
102662  -23.562  -67.607  -5.249 0.5000000000
5918  -23.808  -66.765  -5.116 0.5000000000
4472  -24.294  -69.625  -4.805 0.5000000000
4922  -23.634  -68.828  -5.430 0.5000000000
4478  -23.753  -70.061  -5.776 0.5000000000
4489  -23.223  -69.445  -6.431 0.5000000000
115543  -24.367  -70.944  -5.701 0.5000000000
117216  -24.442  -71.250  -6.452 0.5000000000
4074  -24.287  -71.125  -7.017 0.5000000000
6433  -26.300  -65.125  -4.513 0.5000000000
6442  -26.721  -65.439  -5.281 0.6000000238
5919  -24.959  -66.228  -5.220 0.5000000000
5450  -23.633  -67.205  -5.841 0.5000000000
5929  -25.369  -66.490  -6.123 0.5000000000
5463  -24.478  -66.932  -6.633 0.5000000000
5461  -23.113  -68.472  -6.774 0.5000000000
116825  -23.757  -70.773  -6.659 0.5000000000
7521  -26.146  -63.650  -4.257 0.5000000000
6989  -26.674  -64.304  -4.547 0.5000000000
103666  -26.891  -65.691  -6.049 0.6000000238
106365  -20.526  -59.936  -5.932 0.5000000000
117357  -20.726  -59.679  -5.246 0.6000000238
101459  -19.894  -59.874  -6.090 0.5000000000
9173  -20.061  -59.728  -5.318 0.5000000000
9789  -20.650  -59.546  -4.628 0.6000000238
9161  -19.950  -59.948  -4.380 0.6000000238
9160  -19.537  -60.093  -5.015 0.5000000000
9144  -20.053  -60.139  -3.378 0.6000000238
9127  -19.440  -60.501  -2.899 0.5000000000
9762  -20.712  -59.766  -2.962 0.6000000238
9128  -20.085  -60.144  -2.542 0.6000000238
9126  -18.662  -60.859  -3.220 0.5000000000
9109  -19.468  -60.286  -2.181 0.6000000238
9743  -20.370  -59.598  -1.394 0.6000000238
8539  -17.935  -60.984  -3.081 0.5000000000
9108  -18.795  -60.268  -1.955 0.5000000000
9749  -16.749  -59.879  -2.521 0.5000000000
10345  -16.552  -58.791  -2.451 0.6000000238
10368  -14.794  -57.825  -4.123 0.6000000238
10356  -15.292  -58.642  -3.707 0.5000000000
10333  -17.737  -58.734  -1.506 0.6000000238
9107  -18.067  -60.205  -1.934 0.5000000000
10357  -15.942  -58.190  -3.078 0.5000000000
116582  -15.216  -56.252  -4.047 0.6000000238
11605  -15.594  -56.711  -3.635 0.6000000238
12220  -16.012  -55.095  -4.187 0.6000000238
5511  -38.500  -67.050  -12.770 0.3000000119
5986  -39.128  -66.361  -14.400 0.3000000119
5531  -37.307  -66.813  -14.866 0.3000000119
6576  -39.545  -64.974  -15.971 0.3000000119
5520  -37.695  -67.144  -13.683 0.3000000119
5510  -37.619  -67.415  -12.660 0.3000000119
3333  -27.261  -72.388  -5.778 0.4000000060
4936  -23.337  -68.108  -6.035 0.5000000000
117547  -25.539  -66.595  -6.845 0.5000000000
9174  -21.317  -59.956  -5.595 0.5000000000
2562  -27.294  -73.655  -5.552 0.4000000060
2931  -27.174  -73.197  -5.314 0.5000000000
101096  -25.558  -72.151  -3.878 0.5000000000
4445  -25.049  -69.886  -2.135 0.5000000000
111028  -25.290  -70.516  -2.832 0.5000000000
4899  -24.441  -68.326  -2.388 0.5000000000
5437  -23.785  -67.180  -4.367 0.5000000000
4912  -24.485  -68.854  -4.078 0.5000000000
5451  -24.318  -66.668  -5.766 0.5000000000
5521  -38.585  -66.764  -13.741 0.3000000119
5996  -37.745  -66.038  -15.748 0.3000000119
5997  -38.736  -65.705  -15.609 0.3000000119
5985  -38.213  -66.534  -14.694 0.3000000119
6008  -38.016  -65.279  -16.243 0.3000000119
18463  -28.789  -46.924  -3.802 0.3000000119
2198  -26.722  -75.068  -5.489 0.5000000000
2206  -26.461  -75.283  -6.289 0.5000000000
2534  -26.259  -74.380  -3.974 0.5000000000
2548  -26.229  -75.089  -4.218 0.5000000000
2561  -27.124  -74.293  -5.486 0.5000000000
3017  -29.281  -72.937  -13.655 0.5000000000
3368  -27.583  -72.702  -8.880 0.5000000000
3394  -27.833  -72.511  -10.457 0.5000000000
4077  -27.504  -70.750  -6.415 0.5000000000
4086  -23.258  -70.441  -8.023 0.6999999881
4109  -23.682  -70.371  -9.246 0.6000000238
4122  -23.442  -70.124  -9.706 0.6999999881
4490  -26.020  -70.780  -6.785 0.6000000238
4492  -27.994  -69.973  -6.717 0.6000000238
4506  -22.975  -69.880  -8.024 0.6999999881
4510  -28.436  -69.342  -7.161 0.6000000238
4518  -29.643  -69.510  -7.885 0.6999999881
4521  -42.145  -69.117  -9.084 0.3000000119
4537  -23.539  -69.844  -10.374 0.6999999881
4547  -41.667  -69.315  -9.904 0.3000000119
4550  -23.729  -69.332  -12.097 0.5000000000
4552  -24.938  -69.635  -11.940 0.5000000000
4900  -24.770  -68.743  -2.811 0.5000000000
4905  -24.429  -68.073  -3.040 0.5000000000
4911  -24.223  -68.001  -3.819 0.5000000000
4946  -22.993  -68.976  -8.192 0.6000000238
4953  -23.046  -69.653  -8.898 0.6999999881
4957  -29.479  -68.406  -8.324 0.6999999881
4963  -27.600  -68.185  -9.232 0.6000000238
4964  -28.267  -68.036  -8.785 0.6999999881
4966  -30.900  -68.591  -9.306 0.6999999881
4972  -23.329  -69.353  -10.670 0.6999999881
4974  -28.194  -67.798  -10.624 0.6000000238
4986  -23.411  -69.024  -11.729 0.5000000000
4995  -38.456  -67.741  -11.082 0.3000000119
5013  -23.724  -68.288  -13.032 0.5000000000
5026  -28.913  -67.676  -14.461 0.4000000060
5031  -33.858  -68.374  -14.708 0.3000000119
5487  -29.686  -68.024  -8.952 0.6999999881
5518  -27.923  -68.003  -14.283 0.4000000060
5523  -28.462  -67.612  -14.542 0.4000000060
5525  -30.043  -67.486  -15.014 0.4000000060
5533  -30.488  -66.852  -15.398 0.4000000060
5534  -31.198  -67.169  -15.396 0.4000000060
5536  -33.195  -67.138  -15.577 0.3000000119
5930  -26.242  -66.235  -6.494 0.5000000000
5937  -25.150  -66.803  -7.486 0.6000000238
5944  -24.801  -67.057  -8.245 0.6000000238
5984  -29.514  -66.107  -14.379 0.4000000060
5993  -30.551  -66.360  -15.187 0.4000000060
6443  -27.314  -65.026  -5.687 0.6000000238
6451  -26.846  -65.805  -6.911 0.6000000238
6459  -26.668  -65.696  -7.735 0.6999999881
6471  -26.965  -65.109  -7.989 0.6999999881
6554  -23.698  -65.941  -13.350 0.5000000000
6556  -25.944  -66.263  -13.313 0.4000000060
6568  -31.096  -65.890  -14.981 0.4000000060
6990  -27.223  -64.005  -5.054 0.5000000000
7002  -27.062  -64.761  -5.020 0.6000000238
7022  -27.544  -64.630  -6.872 0.6999999881
7035  -27.348  -64.517  -7.613 0.6999999881
7050  -26.293  -63.761  -9.372 0.6000000238
7075  -23.228  -64.390  -12.623 0.6000000238
7087  -23.107  -64.117  -12.978 0.6000000238
7552  -27.704  -63.287  -6.280 0.6000000238
7571  -27.753  -63.923  -6.985 0.6000000238
7591  -26.932  -63.358  -8.704 0.6999999881
7627  -24.375  -63.807  -11.229 0.6000000238
7641  -23.247  -63.701  -12.615 0.6000000238
7653  -25.265  -63.545  -12.899 0.4000000060
7662  -24.402  -62.926  -13.365 0.6000000238
8039  -26.500  -63.127  -4.835 0.6000000238
8082  -27.438  -62.738  -8.006 0.6999999881
8135  -23.213  -62.480  -13.056 0.6000000238
8614  -26.739  -61.590  -8.982 0.6000000238
8632  -25.446  -61.732  -10.299 0.6000000238
8672  -23.345  -61.953  -12.641 0.6000000238
8684  -23.711  -61.540  -13.337 0.5000000000
9143  -19.365  -60.540  -3.722 0.5000000000
9172  -19.447  -60.055  -5.718 0.5000000000
9229  -26.927  -60.040  -7.191 0.6000000238
9249  -26.849  -60.278  -8.196 0.6000000238
9287  -23.410  -61.155  -12.682 0.6000000238
9299  -23.440  -61.261  -13.050 0.6000000238
9302  -26.309  -60.583  -13.176 0.5000000000
9304  -28.251  -60.218  -12.625 0.5000000000
9732  -19.950  -59.217  -0.823 0.6999999881
9740  -17.898  -59.520  -1.622 0.5000000000
9741  -18.637  -59.702  -1.452 0.6999999881
9744  -21.178  -59.454  -1.622 0.6999999881
9750  -17.216  -59.230  -1.956 0.6000000238
9775  -20.645  -59.556  -3.863 0.6000000238
9811  -26.386  -59.370  -7.253 0.5000000000
9815  -25.579  -59.105  -9.611 0.6000000238
9835  -24.094  -59.856  -13.034 0.5000000000
10320  -18.880  -58.448  -0.802 0.6999999881
10322  -20.292  -58.635  -0.589 0.6999999881
10325  -22.971  -58.357  -0.963 0.6999999881
10337  -24.178  -58.375  -1.919 0.6000000238
10347  -23.592  -58.469  -2.920 0.6000000238
10358  -21.842  -58.662  -3.834 0.6000000238
10413  -25.340  -58.214  -9.393 0.6000000238
10420  -24.582  -57.868  -11.184 0.5000000000
10428  -24.277  -57.918  -11.834 0.6000000238
10438  -26.483  -58.113  -13.409 0.5000000000
10941  -20.252  -57.866  -0.431 0.6000000238
10943  -22.227  -57.656  -0.532 0.6000000238
10950  -18.506  -57.538  -1.036 0.6000000238
10955  -27.090  -57.002  -1.733 0.5000000000
10961  -17.206  -57.358  -2.077 0.6999999881
10970  -15.418  -57.581  -3.608 0.6000000238
10972  -23.137  -57.553  -4.171 0.6000000238
11014  -24.257  -56.230  -6.597 0.6000000238
11015  -27.735  -57.087  -7.083 0.5000000000
11031  -24.972  -56.539  -8.518 0.6000000238
11050  -25.036  -57.223  -10.653 0.5000000000
11065  -25.113  -57.087  -11.987 0.6000000238
11066  -25.988  -56.933  -12.694 0.6000000238
11069  -30.373  -57.147  -13.538 0.4000000060
11080  -28.358  -56.750  -13.329 0.4000000060
11570  -20.718  -56.354  -0.466 0.6000000238
11574  -24.461  -56.537  -0.710 0.5000000000
11626  -26.407  -56.480  -5.855 0.6000000238
11633  -25.000  -55.674  -6.479 0.6000000238
11639  -24.752  -55.869  -7.630 0.6000000238
11647  -24.814  -56.090  -8.132 0.6000000238
11648  -26.079  -55.489  -8.314 0.5000000000
11654  -25.312  -56.188  -9.518 0.5000000000
11655  -25.491  -55.994  -10.014 0.5000000000
11656  -26.328  -55.780  -9.904 0.5000000000
11663  -26.169  -55.898  -10.687 0.5000000000
11673  -26.720  -56.209  -11.434 0.6000000238
11681  -25.810  -56.611  -11.946 0.6000000238
12171  -20.062  -55.854  -0.661 0.6000000238
12176  -24.599  -55.598  -0.728 0.5000000000
12182  -18.766  -55.695  -1.469 0.6000000238
12187  -26.620  -55.640  -1.304 0.5000000000
12188  -27.280  -55.666  -1.441 0.5000000000
12199  -17.574  -55.628  -2.545 0.6000000238
12208  -15.793  -55.900  -3.862 0.6000000238
12238  -25.479  -55.514  -7.210 0.6000000238
12244  -25.729  -55.457  -7.831 0.6000000238
12250  -25.014  -55.855  -8.296 0.6000000238
12252  -25.704  -55.519  -8.316 0.6000000238
12259  -25.889  -55.541  -9.088 0.5000000000
12813  -23.254  -55.050  -0.656 0.6000000238
12823  -21.307  -54.274  -1.154 0.6000000238
12825  -23.464  -54.282  -0.961 0.6000000238
12826  -24.821  -54.548  -1.039 0.5000000000
12827  -26.176  -55.067  -1.220 0.5000000000
12859  -16.362  -54.395  -4.539 0.5000000000
13484  -20.171  -53.861  -1.949 0.6000000238
13500  -19.055  -53.875  -3.008 0.6000000238
13553  -16.842  -54.253  -7.827 0.5000000000
14123  -25.243  -52.842  -1.773 0.5000000000
14133  -21.944  -52.606  -2.686 0.6999999881
14146  -21.669  -52.137  -3.315 0.6000000238
14156  -18.760  -52.965  -5.115 0.5000000000
14163  -18.781  -52.947  -6.062 0.5000000000
14194  -21.106  -52.489  -9.499 0.3000000119
14847  -23.820  -51.219  -3.452 0.6000000238
14856  -22.334  -51.127  -4.172 0.5000000000
14874  -20.645  -51.751  -6.468 0.5000000000
14888  -20.774  -51.984  -7.368 0.5000000000
14933  -22.164  -51.226  -11.290 0.3000000119
15519  -26.686  -50.600  -2.752 0.4000000060
15540  -24.240  -50.278  -4.218 0.5000000000
15546  -22.100  -50.677  -5.408 0.6000000238
15555  -22.303  -50.434  -6.875 0.4000000060
15591  -23.022  -50.275  -11.193 0.3000000119
15605  -23.015  -50.263  -11.962 0.3000000119
16225  -25.701  -50.062  -3.645 0.4000000060
16226  -26.758  -49.386  -3.305 0.4000000060
16236  -25.272  -49.487  -4.200 0.4000000060
16241  -23.052  -49.846  -6.121 0.5000000000
16295  -20.640  -49.805  -10.975 0.4000000060
16309  -22.980  -50.016  -12.144 0.4000000060
16322  -23.297  -49.374  -12.151 0.3000000119
16924  -27.987  -48.896  -2.846 0.4000000060
16926  -29.208  -48.749  -2.973 0.4000000060
16965  -20.433  -48.189  -5.597 0.3000000119
16967  -24.512  -48.531  -5.493 0.5000000000
16993  -18.503  -47.989  -7.256 0.3000000119
16994  -20.543  -47.931  -7.887 0.3000000119
16995  -23.719  -48.787  -7.971 0.3000000119
17007  -23.865  -48.503  -8.940 0.3000000119
17043  -22.095  -48.248  -11.741 0.4000000060
17045  -23.729  -49.047  -12.076 0.3000000119
17059  -23.483  -48.495  -12.297 0.3000000119
17763  -25.076  -47.082  -7.758 0.3000000119
17780  -24.609  -47.621  -10.187 0.3000000119
17790  -20.167  -47.665  -10.732 0.4000000060
17791  -24.926  -47.396  -11.290 0.3000000119
17800  -21.281  -47.330  -11.354 0.4000000060
18478  -26.885  -46.490  -4.391 0.3000000119
18494  -25.808  -46.551  -5.474 0.3000000119
18527  -25.845  -46.021  -9.199 0.3000000119
18533  -19.088  -45.903  -9.912 0.3000000119
18534  -19.719  -45.923  -9.902 0.3000000119
18566  -23.076  -46.399  -12.296 0.3000000119
20016  -23.279  -43.552  -11.717 0.3000000119
20026  -23.724  -44.239  -12.276 0.3000000119
100968  -22.944  -44.539  -11.948 0.3000000119
102200  -25.142  -71.195  -4.357 0.5000000000
102229  -23.280  -67.257  -12.640 0.5000000000
102686  -20.405  -48.348  -7.149 0.3000000119
104437  -41.832  -70.110  -7.714 0.3000000119
105141  -22.774  -53.744  -1.336 0.6999999881
105237  -29.528  -57.085  -14.017 0.4000000060
105397  -25.528  -46.216  -11.997 0.3000000119
106318  -26.267  -63.871  -12.185 0.5000000000
106639  -36.189  -69.027  -14.030 0.4000000060
106674  -24.347  -45.946  -12.744 0.3000000119
107096  -23.251  -49.470  -9.514 0.3000000119
107845  -16.005  -59.248  -3.043 0.6000000238
108080  -24.561  -67.254  -9.005 0.6000000238
108727  -23.954  -68.309  -4.589 0.5000000000
108843  -22.392  -50.786  -9.812 0.3000000119
109636  -25.680  -64.014  -9.990 0.6000000238
110433  -21.132  -50.948  -11.389 0.4000000060
111785  -29.832  -68.935  -8.098 0.6999999881
111838  -18.311  -60.625  -2.520 0.5000000000
112216  -18.244  -58.330  -1.181 0.6999999881
112285  -30.184  -49.084  -3.718 0.4000000060
112734  -20.813  -58.361  -0.532 0.6999999881
113024  -27.410  -56.412  -12.115 0.6000000238
113549  -22.165  -56.517  -0.459 0.6000000238
113618  -25.107  -56.211  -8.784 0.6000000238
114376  -26.880  -70.883  -6.172 0.5000000000
114997  -19.755  -46.657  -10.435 0.4000000060
115177  -23.553  -47.050  -12.511 0.4000000060
115536  -23.526  -67.480  -13.161 0.5000000000
115577  -20.483  -47.279  -8.632 0.3000000119
115722  -23.671  -49.277  -11.874 0.3000000119
115845  -20.484  -50.407  -10.943 0.3000000119
115854  -25.646  -69.399  -10.278 0.5000000000
116443  -26.807  -63.653  -4.779 0.6000000238
116549  -24.908  -70.686  -8.068 0.6000000238
116915  -18.752  -46.070  -9.914 0.4000000060
117129  -23.319  -63.873  -13.257 0.5000000000
117331  -25.260  -55.946  -8.895 0.5000000000
117388  -29.337  -63.152  -9.452 0.4000000060
117452  -31.991  -72.172  -12.287 0.5000000000
117523  -20.044  -60.011  -1.888 0.6000000238
117819  -27.480  -63.793  -11.223 0.5000000000
117945  -23.466  -65.100  -13.271 0.5000000000
118452  -25.278  -72.642  -2.448 0.5000000000
118488  -30.485  -67.320  -15.230 0.4000000060
118511  -29.700  -70.163  -8.060 0.6999999881
118607  -26.797  -73.320  -4.802 0.5000000000
118799  -22.808  -54.478  -0.848 0.6000000238
119258  -23.480  -52.212  -2.486 0.6000000238
119493  -23.158  -63.800  -13.075 0.6000000238
119641  -18.930  -60.550  -2.528 0.5000000000
119660  -25.739  -75.762  -4.948 0.5000000000
119889  -21.618  -45.171  -10.953 0.3000000119
121655  -23.991  -69.435  -12.276 0.5000000000
122000  -24.497  -55.978  -7.005 0.6000000238
122135  -28.882  -56.645  -12.994 0.4000000060
