#!ascii label  , from subject sub-v1s18x0051209_ses-1 vox2ras=TkReg
436
56856  -25.504  1.788  -33.291 0.0000000000
59301  -23.691  5.465  -34.255 0.0000000000
70959  -25.180  18.775  -35.644 0.0000000000
66075  -26.647  13.545  -37.047 0.0000000000
107267  -27.420  8.622  -38.874 0.0000000000
58498  -30.199  3.931  -36.799 0.0000000000
72511  -24.977  21.667  -36.707 0.0000000000
64403  -26.756  11.692  -38.357 0.0000000000
63534  -25.490  9.943  -34.632 0.0000000000
57714  -24.744  1.884  -35.725 0.0000000000
58495  -26.288  3.978  -36.926 0.0000000000
57716  -27.707  3.429  -34.466 0.0000000000
121059  -21.584  -2.061  -30.899 0.0000000000
56074  -22.812  1.498  -33.484 0.0000000000
75934  -19.421  26.635  -41.588 0.0000000000
74623  -22.489  24.757  -43.390 0.0000000000
74600  -24.994  24.622  -41.094 0.0000000000
73224  -27.024  22.506  -38.876 0.0000000000
70175  -26.562  19.020  -38.517 0.0000000000
68491  -26.494  15.954  -36.218 0.0000000000
68509  -25.053  16.208  -40.179 0.0000000000
65241  -23.536  12.835  -42.045 0.0000000000
64425  -27.144  10.462  -41.845 0.0000000000
62752  -29.538  9.167  -39.732 0.0000000000
60936  -26.118  7.452  -35.584 0.0000000000
60092  -28.145  6.026  -38.366 0.0000000000
63544  -25.091  10.737  -34.291 0.0000000000
63531  -22.942  9.842  -34.954 0.0000000000
56878  -25.230  1.486  -35.016 0.0000000000
56879  -26.023  2.365  -34.947 0.0000000000
56857  -26.221  2.397  -33.634 0.0000000000
50628  -21.643  -4.605  -26.753 0.0000000000
51574  -22.003  -3.899  -27.067 0.0000000000
52583  -21.941  -2.662  -28.263 0.0000000000
56875  -22.198  2.311  -33.396 0.0000000000
56073  -21.660  1.783  -33.205 0.0000000000
74611  -23.515  24.670  -42.337 0.0000000000
71736  -25.331  19.987  -36.153 0.0000000000
73220  -25.954  22.193  -37.635 0.0000000000
71751  -26.280  20.320  -36.851 0.0000000000
71760  -26.934  21.089  -38.544 0.0000000000
110184  -26.595  19.472  -37.627 0.0000000000
67647  -26.556  15.266  -36.606 0.0000000000
68502  -26.302  16.145  -37.928 0.0000000000
66881  -25.315  14.603  -39.496 0.0000000000
66892  -23.663  13.991  -41.652 0.0000000000
66079  -24.655  13.227  -40.168 0.0000000000
63560  -27.132  10.305  -38.246 0.0000000000
63569  -26.390  10.206  -40.249 0.0000000000
63570  -27.067  9.294  -40.458 0.0000000000
63571  -28.459  9.797  -41.113 0.0000000000
61842  -28.389  8.182  -40.148 0.0000000000
60068  -23.097  6.413  -34.410 0.0000000000
102780  -24.033  7.800  -34.661 0.0000000000
104067  -25.100  6.559  -35.038 0.0000000000
58497  -28.716  4.355  -36.609 0.0000000000
59322  -27.319  5.111  -37.721 0.0000000000
59324  -29.677  4.873  -37.203 0.0000000000
60963  -30.048  6.842  -37.894 0.0000000000
59325  -30.351  5.125  -36.919 0.0000000000
53461  -22.853  -1.232  -29.882 0.0000000000
53491  -21.635  -1.471  -31.756 0.0000000000
54372  -23.753  -0.406  -30.956 0.0000000000
55194  -23.740  -0.048  -31.963 0.0000000000
118618  -26.507  13.064  -34.921 0.0000000000
65224  -26.692  12.577  -37.743 0.0000000000
64388  -26.910  11.527  -35.718 0.0000000000
64389  -27.090  10.959  -36.206 0.0000000000
62742  -27.188  9.802  -36.842 0.0000000000
59293  -24.068  4.380  -34.549 0.0000000000
59303  -24.936  4.746  -35.633 0.0000000000
58486  -25.149  3.485  -36.463 0.0000000000
107812  -26.750  3.723  -36.405 0.0000000000
118554  -29.119  3.807  -35.571 0.0000000000
52584  -22.548  -1.973  -28.555 0.0000000000
59291  -22.533  4.707  -33.933 0.0000000000
57712  -23.432  2.874  -34.011 0.0000000000
106052  -23.865  1.196  -35.065 0.0000000000
56076  -23.980  0.840  -34.654 0.0000000000
75922  -20.242  27.712  -40.480 0.0000000000
75322  -19.401  25.294  -42.155 0.0000000000
75353  -19.512  25.898  -44.106 0.0000000000
75331  -23.789  26.194  -44.112 0.0000000000
74612  -24.668  25.480  -42.851 0.0000000000
104361  -26.605  24.516  -40.984 0.0000000000
73907  -25.421  23.400  -38.351 0.0000000000
73916  -26.640  23.683  -39.306 0.0000000000
73917  -27.165  23.777  -39.954 0.0000000000
73234  -27.687  22.728  -40.326 0.0000000000
71769  -26.889  20.716  -40.865 0.0000000000
71017  -25.847  19.489  -40.968 0.0000000000
69331  -26.305  17.439  -35.993 0.0000000000
69359  -26.583  17.675  -37.710 0.0000000000
68517  -25.549  17.639  -39.855 0.0000000000
70189  -24.989  18.050  -41.809 0.0000000000
68527  -24.125  16.622  -42.012 0.0000000000
66094  -26.207  13.002  -41.911 0.0000000000
65237  -25.157  11.639  -40.289 0.0000000000
64429  -25.542  11.031  -41.762 0.0000000000
61806  -23.557  8.584  -34.732 0.0000000000
61809  -26.205  8.336  -35.277 0.0000000000
61828  -27.074  8.320  -37.269 0.0000000000
60078  -25.764  5.537  -36.463 0.0000000000
60955  -27.031  6.654  -37.892 0.0000000000
60967  -28.142  7.415  -38.942 0.0000000000
115897  -29.371  7.826  -39.138 0.0000000000
102740  -30.365  7.766  -37.889 0.0000000000
55210  -22.490  0.244  -32.707 0.0000000000
108631  -23.648  0.529  -32.709 0.0000000000
56046  -25.306  1.049  -31.830 0.0000000000
56062  -26.602  2.052  -32.543 0.0000000000
50629  -22.458  -4.348  -26.456 0.0000000000
51575  -22.853  -3.645  -26.756 0.0000000000
70971  -24.899  19.363  -35.836 0.0000000000
71750  -25.753  20.438  -36.495 0.0000000000
70990  -26.018  19.741  -36.391 0.0000000000
70999  -26.535  20.093  -37.337 0.0000000000
70973  -26.157  18.919  -36.258 0.0000000000
66050  -26.398  13.876  -35.227 0.0000000000
66864  -26.634  14.384  -36.100 0.0000000000
66876  -26.521  14.538  -37.208 0.0000000000
66882  -26.093  14.620  -38.297 0.0000000000
66080  -25.828  13.730  -39.060 0.0000000000
108502  -27.228  9.388  -39.065 0.0000000000
63564  -26.902  9.947  -39.362 0.0000000000
62751  -27.468  8.708  -39.894 0.0000000000
62757  -27.658  8.633  -40.591 0.0000000000
61841  -27.860  8.164  -40.034 0.0000000000
60069  -24.140  6.161  -34.422 0.0000000000
58504  -29.206  4.629  -37.024 0.0000000000
120092  -30.044  4.321  -36.951 0.0000000000
59314  -30.564  4.004  -36.912 0.0000000000
58499  -31.267  3.498  -36.742 0.0000000000
117196  -30.946  3.243  -36.880 0.0000000000
53478  -23.367  -0.790  -30.190 0.0000000000
114397  -25.477  12.130  -34.191 0.0000000000
65211  -26.732  12.365  -35.372 0.0000000000
110364  -25.743  11.521  -34.331 0.0000000000
106244  -26.031  10.744  -34.643 0.0000000000
63545  -26.269  9.913  -35.011 0.0000000000
63546  -27.073  10.388  -36.250 0.0000000000
62734  -26.803  9.700  -35.807 0.0000000000
58479  -24.156  3.029  -35.337 0.0000000000
58485  -24.556  3.828  -35.574 0.0000000000
57724  -24.654  2.653  -35.994 0.0000000000
57715  -26.703  3.148  -34.998 0.0000000000
120165  -26.337  3.253  -36.014 0.0000000000
57727  -27.360  3.674  -35.360 0.0000000000
57728  -28.767  3.661  -34.934 0.0000000000
57717  -28.702  3.081  -34.060 0.0000000000
49738  -21.174  -5.222  -26.411 0.0000000000
49716  -21.475  -5.484  -25.613 0.0000000000
52585  -23.344  -1.804  -28.206 0.0000000000
58478  -23.652  3.786  -34.133 0.0000000000
120361  -23.312  1.400  -33.876 0.0000000000
56876  -23.305  1.875  -33.978 0.0000000000
56075  -23.606  1.135  -34.092 0.0000000000
103024  -19.764  27.313  -40.814 0.0000000000
75910  -19.753  28.145  -40.293 0.0000000000
75935  -20.287  27.202  -41.143 0.0000000000
102823  -21.791  26.848  -40.837 0.0000000000
75947  -21.021  26.445  -42.545 0.0000000000
74610  -20.685  23.646  -42.167 0.0000000000
74609  -19.524  23.694  -42.743 0.0000000000
74628  -20.881  24.856  -44.589 0.0000000000
75972  -21.244  26.309  -44.709 0.0000000000
75342  -21.914  25.601  -44.759 0.0000000000
75343  -22.961  26.523  -44.395 0.0000000000
75324  -25.689  25.064  -41.787 0.0000000000
100310  -25.885  24.493  -40.411 0.0000000000
73212  -24.932  22.195  -37.032 0.0000000000
73223  -26.495  22.390  -38.270 0.0000000000
73908  -26.580  23.080  -38.711 0.0000000000
73909  -27.095  23.182  -39.324 0.0000000000
103877  -27.440  23.215  -39.851 0.0000000000
73227  -27.379  22.539  -39.574 0.0000000000
111605  -26.842  20.293  -39.245 0.0000000000
71764  -27.122  20.941  -39.658 0.0000000000
71009  -26.422  19.435  -39.664 0.0000000000
71763  -26.589  20.131  -40.302 0.0000000000
67626  -25.707  15.583  -35.109 0.0000000000
68460  -26.037  16.266  -35.436 0.0000000000
68473  -26.380  16.642  -35.941 0.0000000000
106221  -26.560  17.798  -36.943 0.0000000000
108658  -26.532  16.920  -37.250 0.0000000000
68510  -25.704  16.192  -38.976 0.0000000000
117849  -25.481  16.831  -39.677 0.0000000000
69372  -24.856  17.624  -41.220 0.0000000000
68516  -24.551  17.045  -40.992 0.0000000000
69380  -24.386  17.382  -41.948 0.0000000000
104220  -24.175  16.125  -41.329 0.0000000000
66092  -23.413  13.151  -41.907 0.0000000000
66897  -23.432  14.117  -42.139 0.0000000000
66102  -23.771  13.814  -42.520 0.0000000000
112136  -25.646  13.820  -42.231 0.0000000000
65249  -24.135  12.361  -42.174 0.0000000000
65229  -26.240  12.201  -39.049 0.0000000000
64409  -26.077  11.153  -39.654 0.0000000000
63576  -26.181  10.154  -41.226 0.0000000000
64424  -25.326  10.882  -41.408 0.0000000000
65251  -26.487  11.136  -41.868 0.0000000000
65243  -26.762  12.171  -41.695 0.0000000000
65244  -27.571  11.531  -41.401 0.0000000000
63566  -30.196  9.608  -38.571 0.0000000000
61804  -21.978  8.761  -35.268 0.0000000000
104055  -25.047  7.521  -34.805 0.0000000000
106267  -25.732  7.698  -35.169 0.0000000000
117269  -26.803  8.304  -36.524 0.0000000000
61827  -26.528  7.676  -36.115 0.0000000000
59311  -25.492  4.514  -36.518 0.0000000000
59312  -26.115  4.616  -36.964 0.0000000000
59328  -27.924  5.476  -38.042 0.0000000000
60085  -26.741  5.725  -37.667 0.0000000000
108608  -27.584  6.462  -38.360 0.0000000000
60961  -27.562  7.214  -38.491 0.0000000000
60097  -28.160  6.814  -38.629 0.0000000000
60968  -28.844  7.333  -38.920 0.0000000000
60099  -29.354  6.655  -38.367 0.0000000000
60088  -30.318  6.184  -37.167 0.0000000000
60956  -30.651  7.219  -37.149 0.0000000000
55195  -24.528  0.263  -31.371 0.0000000000
55212  -24.129  0.470  -32.290 0.0000000000
55213  -24.682  0.744  -32.146 0.0000000000
55196  -25.152  0.683  -31.416 0.0000000000
64386  -24.613  11.578  -34.310 0.0000000000
63532  -23.619  9.903  -34.663 0.0000000000
63533  -24.516  9.929  -34.518 0.0000000000
56888  -25.333  2.112  -35.693 0.0000000000
56880  -27.207  2.970  -33.864 0.0000000000
56859  -28.517  2.359  -33.252 0.0000000000
56858  -27.175  2.479  -33.008 0.0000000000
56063  -27.827  1.870  -32.440 0.0000000000
50611  -22.016  -4.938  -26.062 0.0000000000
51593  -22.376  -3.119  -27.397 0.0000000000
51594  -23.278  -2.926  -27.109 0.0000000000
57710  -21.393  3.029  -33.604 0.0000000000
56874  -21.213  2.390  -33.470 0.0000000000
75323  -19.726  26.337  -41.006 0.0000000000
105181  -22.046  23.755  -41.730 0.0000000000
74598  -22.903  23.828  -40.750 0.0000000000
74586  -24.177  24.249  -40.185 0.0000000000
74587  -25.149  24.327  -39.781 0.0000000000
72517  -25.491  21.916  -37.101 0.0000000000
72512  -25.781  21.168  -36.804 0.0000000000
72518  -26.055  21.631  -37.311 0.0000000000
72521  -26.494  21.709  -37.923 0.0000000000
71003  -26.717  20.068  -38.272 0.0000000000
105785  -26.495  16.031  -36.975 0.0000000000
67657  -26.360  15.345  -37.548 0.0000000000
117972  -25.871  15.417  -38.567 0.0000000000
67677  -24.596  15.388  -40.444 0.0000000000
66893  -24.385  14.199  -40.713 0.0000000000
66093  -23.793  12.964  -41.194 0.0000000000
63563  -26.709  10.720  -38.923 0.0000000000
118720  -26.487  9.639  -40.947 0.0000000000
63578  -27.501  9.758  -41.632 0.0000000000
64426  -28.081  10.605  -41.352 0.0000000000
62758  -27.755  8.956  -41.266 0.0000000000
103457  -28.778  9.057  -40.723 0.0000000000
62759  -28.887  8.462  -40.221 0.0000000000
103193  -23.097  7.973  -34.726 0.0000000000
60934  -23.576  7.121  -34.570 0.0000000000
60935  -24.511  6.866  -34.649 0.0000000000
60945  -25.626  6.746  -35.517 0.0000000000
58496  -27.296  4.207  -36.824 0.0000000000
59313  -26.820  4.501  -37.280 0.0000000000
58503  -27.888  4.697  -37.199 0.0000000000
59323  -28.515  5.105  -37.630 0.0000000000
59329  -28.544  5.573  -38.050 0.0000000000
60094  -29.654  6.068  -37.861 0.0000000000
60087  -29.834  5.505  -37.432 0.0000000000
60080  -30.881  5.839  -36.451 0.0000000000
60081  -31.422  5.583  -35.762 0.0000000000
59315  -31.074  4.588  -36.600 0.0000000000
53460  -22.180  -1.687  -30.466 0.0000000000
53476  -21.965  -1.640  -31.305 0.0000000000
53477  -22.791  -1.107  -30.981 0.0000000000
54405  -23.053  -0.609  -31.784 0.0000000000
55211  -23.148  -0.058  -32.445 0.0000000000
65195  -26.068  13.437  -34.474 0.0000000000
66068  -26.708  13.330  -35.791 0.0000000000
109337  -26.375  13.169  -38.441 0.0000000000
65219  -26.855  12.656  -36.505 0.0000000000
65225  -26.991  11.961  -37.186 0.0000000000
64387  -26.452  11.564  -34.874 0.0000000000
64404  -27.120  11.179  -37.720 0.0000000000
63555  -27.249  10.601  -37.101 0.0000000000
62747  -27.240  9.679  -37.876 0.0000000000
105595  -27.233  9.001  -37.569 0.0000000000
59302  -24.436  5.119  -34.752 0.0000000000
58494  -25.734  3.882  -36.758 0.0000000000
57726  -25.767  2.707  -35.916 0.0000000000
101424  -25.713  3.311  -36.618 0.0000000000
58487  -28.199  4.055  -35.841 0.0000000000
58488  -29.607  3.874  -36.286 0.0000000000
57736  -30.833  3.062  -36.714 0.0000000000
57729  -30.223  3.219  -35.884 0.0000000000
49694  -20.954  -5.998  -25.058 0.0000000000
110551  -21.567  -2.268  -30.049 0.0000000000
100042  -21.891  -2.219  -29.050 0.0000000000
52601  -22.337  -1.758  -29.461 0.0000000000
53448  -23.065  -1.437  -28.972 0.0000000000
59292  -23.390  4.852  -34.061 0.0000000000
117030  -23.820  2.577  -34.937 0.0000000000
57711  -22.541  3.007  -33.547 0.0000000000
118035  -23.673  1.892  -34.998 0.0000000000
57713  -24.128  1.871  -35.554 0.0000000000
56877  -24.331  1.168  -35.264 0.0000000000
56077  -24.505  1.080  -34.407 0.0000000000
75945  -18.855  26.198  -42.595 0.0000000000
74608  -19.115  24.225  -42.954 0.0000000000
75959  -18.977  26.573  -43.387 0.0000000000
75960  -20.403  26.513  -43.690 0.0000000000
75961  -22.012  26.643  -44.210 0.0000000000
110474  -24.525  27.159  -44.189 0.0000000000
75332  -25.473  26.291  -43.362 0.0000000000
75333  -26.327  25.394  -42.363 0.0000000000
74613  -27.108  24.854  -41.857 0.0000000000
73906  -24.658  23.481  -38.470 0.0000000000
74576  -25.331  23.915  -38.919 0.0000000000
73900  -25.857  22.906  -38.076 0.0000000000
74577  -26.053  23.595  -38.711 0.0000000000
74588  -26.012  24.136  -39.419 0.0000000000
74589  -26.628  24.177  -39.986 0.0000000000
120026  -27.009  24.182  -40.338 0.0000000000
74601  -27.332  24.138  -40.867 0.0000000000
73925  -27.590  23.494  -40.473 0.0000000000
73241  -27.820  22.172  -41.329 0.0000000000
72525  -27.230  21.787  -39.177 0.0000000000
72530  -27.428  21.707  -40.277 0.0000000000
69319  -24.626  17.495  -35.386 0.0000000000
70137  -25.686  18.483  -35.770 0.0000000000
70155  -26.440  18.467  -36.640 0.0000000000
70167  -26.610  18.577  -37.495 0.0000000000
69366  -26.424  18.062  -38.570 0.0000000000
101102  -26.243  17.046  -38.509 0.0000000000
70184  -26.010  18.530  -39.635 0.0000000000
113629  -25.331  18.171  -40.626 0.0000000000
70190  -25.549  18.782  -40.784 0.0000000000
110963  -23.785  15.651  -42.105 0.0000000000
68539  -23.858  15.285  -42.409 0.0000000000
118473  -25.645  14.698  -42.177 0.0000000000
66894  -26.535  14.252  -41.492 0.0000000000
66087  -25.325  12.629  -39.668 0.0000000000
65236  -24.242  12.188  -40.737 0.0000000000
64417  -25.437  10.828  -40.784 0.0000000000
64416  -24.545  11.434  -41.172 0.0000000000
64423  -24.610  11.473  -41.711 0.0000000000
65250  -25.491  11.828  -42.060 0.0000000000
64418  -28.800  10.749  -40.421 0.0000000000
62720  -23.163  9.273  -34.818 0.0000000000
62721  -24.015  9.220  -34.658 0.0000000000
61807  -24.473  8.482  -34.708 0.0000000000
62723  -25.928  9.153  -34.852 0.0000000000
112743  -26.649  8.730  -35.831 0.0000000000
61819  -27.010  9.027  -36.590 0.0000000000
61833  -27.363  8.105  -38.231 0.0000000000
60070  -24.780  5.878  -34.922 0.0000000000
60946  -26.184  6.623  -36.228 0.0000000000
59321  -26.607  5.017  -37.381 0.0000000000
60079  -26.259  5.600  -37.072 0.0000000000
60954  -26.584  6.624  -37.012 0.0000000000
109396  -26.863  7.547  -37.063 0.0000000000
107067  -27.159  7.570  -37.817 0.0000000000
61837  -27.826  7.817  -39.110 0.0000000000
60972  -28.326  7.857  -39.555 0.0000000000
61843  -28.864  7.994  -39.682 0.0000000000
61838  -29.458  8.360  -39.498 0.0000000000
61834  -29.973  8.150  -38.710 0.0000000000
62753  -30.005  8.807  -38.931 0.0000000000
106878  -22.126  1.035  -32.962 0.0000000000
56058  -23.013  0.960  -33.293 0.0000000000
113717  -23.176  0.607  -32.908 0.0000000000
56059  -23.596  0.953  -33.577 0.0000000000
56060  -24.108  0.922  -33.298 0.0000000000
56061  -24.937  1.280  -32.759 0.0000000000
104403  -25.983  1.511  -31.927 0.0000000000
57725  -25.108  2.649  -36.204 0.0000000000
59330  -29.213  5.502  -37.755 0.0000000000
60071  -25.258  5.685  -35.643 0.0000000000
60086  -27.379  5.833  -38.101 0.0000000000
60093  -28.962  6.009  -38.195 0.0000000000
60098  -28.713  6.554  -38.477 0.0000000000
60962  -29.702  7.379  -38.572 0.0000000000
61805  -22.703  8.707  -34.912 0.0000000000
61808  -25.427  8.403  -34.860 0.0000000000
62722  -24.957  9.189  -34.702 0.0000000000
62733  -26.379  9.178  -35.272 0.0000000000
63577  -26.828  9.455  -41.344 0.0000000000
63581  -26.208  10.492  -41.678 0.0000000000
64398  -27.032  12.014  -36.218 0.0000000000
64399  -27.138  11.411  -36.672 0.0000000000
65210  -26.246  12.372  -34.450 0.0000000000
65242  -23.889  12.307  -41.627 0.0000000000
65248  -23.710  13.127  -42.319 0.0000000000
66098  -23.483  13.538  -42.193 0.0000000000
66099  -24.516  13.514  -42.535 0.0000000000
66100  -25.192  12.795  -42.333 0.0000000000
66900  -23.694  14.476  -42.440 0.0000000000
67627  -26.196  15.451  -35.430 0.0000000000
67667  -25.375  15.564  -39.497 0.0000000000
67687  -23.524  14.811  -41.991 0.0000000000
67688  -23.986  15.096  -41.411 0.0000000000
67696  -23.613  14.896  -42.216 0.0000000000
68459  -25.355  16.149  -35.208 0.0000000000
68540  -24.217  15.996  -42.376 0.0000000000
69321  -26.079  17.024  -35.631 0.0000000000
70128  -25.841  17.709  -35.634 0.0000000000
70138  -26.211  18.151  -36.089 0.0000000000
70972  -25.566  19.221  -35.956 0.0000000000
71758  -26.450  20.931  -37.482 0.0000000000
72522  -26.906  21.897  -38.526 0.0000000000
73219  -25.302  22.489  -37.443 0.0000000000
74595  -19.308  24.229  -42.805 0.0000000000
74599  -24.137  24.524  -41.357 0.0000000000
74620  -19.324  24.784  -43.676 0.0000000000
74621  -19.665  24.032  -43.746 0.0000000000
74622  -20.813  24.116  -43.592 0.0000000000
75330  -19.005  24.966  -42.732 0.0000000000
75341  -18.847  25.470  -43.076 0.0000000000
75354  -20.594  26.032  -44.783 0.0000000000
75355  -21.260  25.965  -45.042 0.0000000000
75946  -19.131  26.655  -42.657 0.0000000000
75971  -20.162  26.307  -44.236 0.0000000000
102870  -22.671  26.823  -43.605 0.0000000000
104469  -26.676  10.705  -35.428 0.0000000000
107426  -28.183  8.508  -40.622 0.0000000000
109683  -26.462  19.409  -36.877 0.0000000000
109823  -26.339  15.914  -35.761 0.0000000000
114487  -20.197  25.229  -44.614 0.0000000000
116613  -26.479  17.216  -36.450 0.0000000000
116618  -26.326  13.949  -37.971 0.0000000000
117689  -26.497  16.559  -36.515 0.0000000000
117897  -26.722  9.915  -41.674 0.0000000000
118879  -24.476  16.947  -35.366 0.0000000000
119163  -26.407  17.830  -36.393 0.0000000000
