#!ascii label  , from subject sub-v1s18x0051276_ses-1 vox2ras=TkReg
389
19381  50.873  -53.978  12.241 0.0000000000
17261  36.730  -55.429  11.714 0.0000000000
16112  49.990  -56.363  17.423 0.0000000000
19318  42.770  -53.246  16.574 0.0000000000
136950  44.310  -59.786  12.656 0.0000000000
14223  47.098  -58.673  15.277 0.0000000000
11416  47.152  -62.069  13.450 0.0000000000
17242  39.667  -55.411  14.601 0.0000000000
21346  41.634  -51.147  13.507 0.0000000000
19311  49.583  -53.473  16.470 0.0000000000
17207  46.085  -55.473  17.410 0.0000000000
16156  43.234  -57.170  14.915 0.0000000000
14287  40.768  -58.355  12.338 0.0000000000
11456  41.162  -61.872  10.877 0.0000000000
22399  49.475  -50.875  14.835 0.0000000000
21295  54.168  -51.889  16.063 0.0000000000
18271  54.506  -54.257  18.330 0.0000000000
21374  45.957  -51.865  11.504 0.0000000000
12283  47.804  -60.909  15.653 0.0000000000
17251  38.462  -55.570  13.598 0.0000000000
19357  37.850  -53.367  14.704 0.0000000000
18276  49.807  -54.270  17.453 0.0000000000
16114  47.999  -56.191  17.472 0.0000000000
13243  45.216  -59.001  13.724 0.0000000000
15211  44.598  -57.840  15.060 0.0000000000
14265  43.543  -58.529  13.391 0.0000000000
15243  41.625  -57.477  13.404 0.0000000000
14285  42.321  -58.710  12.656 0.0000000000
145952  38.962  -60.121  10.479 0.0000000000
21258  54.232  -51.769  17.941 0.0000000000
151895  54.720  -52.623  16.971 0.0000000000
20236  55.073  -52.421  18.985 0.0000000000
20282  45.380  -52.705  15.450 0.0000000000
133495  43.738  -52.325  13.758 0.0000000000
23475  42.049  -49.634  13.493 0.0000000000
24609  44.916  -49.024  13.142 0.0000000000
15187  50.307  -58.161  16.554 0.0000000000
15189  48.016  -57.816  16.672 0.0000000000
14221  48.827  -59.063  15.391 0.0000000000
13266  47.269  -60.152  13.556 0.0000000000
12341  45.520  -60.813  12.600 0.0000000000
18296  41.384  -53.962  16.511 0.0000000000
142742  42.041  -52.286  15.839 0.0000000000
20288  39.638  -52.596  15.850 0.0000000000
22415  39.538  -50.888  14.380 0.0000000000
17280  36.784  -55.456  9.705 0.0000000000
133576  50.936  -53.647  14.538 0.0000000000
19315  46.086  -53.369  16.674 0.0000000000
18293  44.228  -54.264  17.099 0.0000000000
16133  46.251  -56.904  16.980 0.0000000000
146385  44.670  -55.906  16.888 0.0000000000
17231  42.471  -55.497  16.152 0.0000000000
16148  41.510  -56.148  14.963 0.0000000000
16170  39.650  -56.521  13.367 0.0000000000
15257  38.895  -57.207  12.358 0.0000000000
12363  42.163  -60.768  11.672 0.0000000000
13311  40.722  -59.641  11.567 0.0000000000
14305  38.470  -58.785  11.039 0.0000000000
16201  36.887  -56.867  10.489 0.0000000000
22425  49.075  -50.690  12.863 0.0000000000
137876  50.801  -52.216  13.553 0.0000000000
132146  51.559  -51.450  15.492 0.0000000000
20296  52.864  -53.298  14.219 0.0000000000
19331  53.917  -53.220  14.859 0.0000000000
19288  52.555  -53.525  17.174 0.0000000000
17202  52.699  -55.890  17.683 0.0000000000
17194  54.102  -56.271  19.012 0.0000000000
142478  52.305  -57.619  17.545 0.0000000000
135117  43.708  -51.748  12.469 0.0000000000
20325  50.704  -53.746  12.091 0.0000000000
21372  50.608  -53.185  11.106 0.0000000000
20339  50.639  -53.946  11.380 0.0000000000
17258  37.272  -55.638  12.530 0.0000000000
18323  37.128  -54.280  13.414 0.0000000000
17204  50.383  -55.273  17.559 0.0000000000
17205  49.403  -55.264  17.541 0.0000000000
16113  48.974  -56.301  17.460 0.0000000000
136768  44.806  -59.326  13.114 0.0000000000
14264  44.368  -58.734  13.565 0.0000000000
13269  43.943  -59.122  12.982 0.0000000000
14284  43.123  -58.908  12.807 0.0000000000
13291  43.426  -59.650  12.539 0.0000000000
11466  37.955  -61.019  9.099 0.0000000000
127800  54.636  -51.949  18.905 0.0000000000
153404  44.150  -52.636  16.124 0.0000000000
20298  44.662  -52.547  14.354 0.0000000000
20284  43.631  -52.481  15.609 0.0000000000
24581  44.303  -48.417  13.568 0.0000000000
14197  49.622  -58.845  15.955 0.0000000000
13217  49.297  -59.122  15.619 0.0000000000
12301  47.654  -60.856  14.644 0.0000000000
147294  47.771  -59.956  14.140 0.0000000000
12317  47.378  -60.839  13.740 0.0000000000
13267  46.637  -59.907  13.339 0.0000000000
11428  46.697  -61.869  12.767 0.0000000000
17233  40.166  -54.915  15.457 0.0000000000
19337  40.028  -53.214  16.198 0.0000000000
18307  39.657  -53.947  15.770 0.0000000000
21320  38.480  -51.986  15.134 0.0000000000
22416  38.644  -50.754  14.138 0.0000000000
141750  40.345  -49.918  13.510 0.0000000000
19334  49.907  -53.456  15.465 0.0000000000
19351  49.741  -53.614  14.490 0.0000000000
19335  48.879  -53.404  15.838 0.0000000000
19316  45.161  -53.341  16.696 0.0000000000
18280  45.556  -54.761  17.391 0.0000000000
14199  47.538  -58.353  15.995 0.0000000000
132794  46.966  -57.650  16.617 0.0000000000
14200  46.624  -58.161  15.985 0.0000000000
15212  43.918  -57.464  15.035 0.0000000000
151015  44.375  -57.313  15.549 0.0000000000
16146  43.733  -56.810  15.628 0.0000000000
16135  43.893  -56.080  16.419 0.0000000000
17230  43.075  -56.164  15.969 0.0000000000
17232  41.695  -55.539  15.691 0.0000000000
130561  41.965  -56.555  14.648 0.0000000000
15254  41.244  -57.858  12.820 0.0000000000
16169  40.519  -56.719  13.543 0.0000000000
15245  40.160  -57.097  13.015 0.0000000000
154518  39.515  -56.963  12.804 0.0000000000
15256  39.750  -57.482  12.518 0.0000000000
140953  41.255  -65.051  10.363 0.0000000000
10529  40.634  -62.337  10.553 0.0000000000
9609  41.688  -63.595  10.595 0.0000000000
10517  41.909  -62.160  11.132 0.0000000000
11447  41.614  -61.324  11.312 0.0000000000
12364  41.284  -60.408  11.490 0.0000000000
11448  40.841  -61.127  11.022 0.0000000000
13333  38.285  -60.033  10.051 0.0000000000
13322  38.572  -59.436  10.629 0.0000000000
14315  37.841  -58.715  10.472 0.0000000000
139018  37.938  -58.218  11.124 0.0000000000
14306  37.260  -57.884  10.255 0.0000000000
23472  48.380  -49.553  13.631 0.0000000000
22413  49.248  -50.886  13.911 0.0000000000
21344  49.849  -51.622  13.291 0.0000000000
21329  50.315  -51.480  14.269 0.0000000000
21296  52.925  -51.500  16.426 0.0000000000
140856  52.255  -51.456  15.848 0.0000000000
129510  53.590  -51.977  15.355 0.0000000000
21315  52.751  -52.153  14.761 0.0000000000
21314  53.847  -52.841  14.728 0.0000000000
19348  53.487  -53.170  14.508 0.0000000000
19347  54.131  -53.108  14.962 0.0000000000
19286  54.487  -53.312  17.547 0.0000000000
19287  53.576  -53.471  17.281 0.0000000000
18272  53.809  -54.279  17.823 0.0000000000
152116  52.348  -54.850  17.671 0.0000000000
142856  53.266  -55.166  17.827 0.0000000000
15148  53.400  -57.242  19.412 0.0000000000
154174  53.624  -57.115  19.124 0.0000000000
16109  53.108  -57.021  17.802 0.0000000000
153141  41.491  -51.636  14.822 0.0000000000
20299  42.535  -51.813  13.989 0.0000000000
21345  42.477  -51.513  13.212 0.0000000000
23492  45.527  -49.538  12.588 0.0000000000
17243  38.830  -55.106  14.321 0.0000000000
18316  38.392  -54.160  14.769 0.0000000000
148887  50.299  -53.588  17.074 0.0000000000
19290  49.257  -53.786  17.195 0.0000000000
18277  48.887  -54.330  17.436 0.0000000000
152005  47.247  -56.009  17.474 0.0000000000
14248  45.590  -58.768  14.327 0.0000000000
14224  45.480  -58.302  15.091 0.0000000000
14249  44.739  -58.405  14.352 0.0000000000
15225  44.128  -57.913  14.578 0.0000000000
15226  43.522  -57.679  14.433 0.0000000000
15228  41.984  -57.082  14.096 0.0000000000
15242  42.402  -57.685  13.596 0.0000000000
14267  42.000  -58.058  12.997 0.0000000000
14286  41.539  -58.531  12.505 0.0000000000
12375  40.141  -61.128  10.659 0.0000000000
11459  39.408  -61.283  10.289 0.0000000000
12381  38.181  -60.585  9.528 0.0000000000
21274  54.719  -51.935  16.760 0.0000000000
21294  54.383  -52.379  15.974 0.0000000000
20246  55.045  -52.751  18.303 0.0000000000
19277  55.100  -53.515  18.981 0.0000000000
20326  45.091  -52.731  12.605 0.0000000000
20327  44.572  -52.401  12.325 0.0000000000
133090  41.757  -50.403  13.353 0.0000000000
23494  43.609  -50.321  12.899 0.0000000000
23473  44.024  -49.320  13.318 0.0000000000
24580  45.144  -48.162  13.355 0.0000000000
15164  50.653  -57.406  17.080 0.0000000000
15165  49.592  -57.264  17.145 0.0000000000
15188  49.203  -58.030  16.506 0.0000000000
14198  48.633  -58.576  15.850 0.0000000000
14222  48.068  -58.918  15.209 0.0000000000
13219  48.153  -59.435  14.952 0.0000000000
14246  47.493  -59.273  14.642 0.0000000000
13242  46.090  -59.308  13.896 0.0000000000
13268  45.687  -59.608  13.263 0.0000000000
18295  42.255  -53.930  16.654 0.0000000000
20271  42.382  -52.674  16.263 0.0000000000
20272  41.426  -52.530  16.188 0.0000000000
20287  40.833  -52.152  15.806 0.0000000000
21318  40.744  -51.619  15.153 0.0000000000
20289  38.833  -52.598  15.492 0.0000000000
21319  39.264  -51.965  15.442 0.0000000000
21332  40.376  -51.101  14.363 0.0000000000
22429  41.144  -50.557  13.510 0.0000000000
23476  40.993  -49.599  13.488 0.0000000000
17273  36.621  -55.437  10.674 0.0000000000
132801  51.155  -54.013  13.431 0.0000000000
133569  50.611  -54.155  12.355 0.0000000000
19368  50.154  -54.103  13.116 0.0000000000
147917  44.469  -53.605  16.878 0.0000000000
19317  43.662  -53.558  16.753 0.0000000000
16116  45.916  -56.154  17.274 0.0000000000
15191  45.540  -57.244  16.390 0.0000000000
16134  45.383  -56.471  16.864 0.0000000000
17208  45.380  -55.644  17.262 0.0000000000
17221  44.046  -55.199  16.933 0.0000000000
18294  43.466  -54.499  16.859 0.0000000000
152542  42.963  -53.954  16.773 0.0000000000
17223  41.914  -54.737  16.376 0.0000000000
18305  41.043  -54.861  16.059 0.0000000000
150812  40.361  -55.656  14.761 0.0000000000
16158  41.404  -56.549  14.291 0.0000000000
133709  40.859  -56.473  13.990 0.0000000000
16159  40.176  -56.133  14.087 0.0000000000
131784  38.880  -56.177  13.357 0.0000000000
16171  38.091  -56.099  12.925 0.0000000000
16181  37.401  -56.315  12.072 0.0000000000
11430  45.010  -61.437  12.271 0.0000000000
11445  43.404  -61.691  11.677 0.0000000000
12343  43.361  -60.928  11.990 0.0000000000
13309  42.006  -59.979  11.938 0.0000000000
13310  41.385  -59.652  11.814 0.0000000000
14303  40.241  -58.859  11.733 0.0000000000
12365  40.289  -60.348  11.110 0.0000000000
13312  40.010  -59.564  11.341 0.0000000000
14304  39.561  -58.439  11.738 0.0000000000
15271  38.409  -57.698  11.716 0.0000000000
16191  37.922  -57.073  11.946 0.0000000000
137259  36.787  -56.189  11.142 0.0000000000
143790  36.681  -56.071  10.325 0.0000000000
24605  49.949  -48.722  11.704 0.0000000000
23490  49.199  -49.799  12.131 0.0000000000
22445  49.434  -50.731  12.025 0.0000000000
21358  49.681  -51.685  12.315 0.0000000000
21357  50.223  -52.657  11.864 0.0000000000
21343  50.714  -52.799  12.709 0.0000000000
21297  50.880  -51.364  16.645 0.0000000000
21317  50.253  -51.249  15.098 0.0000000000
21328  51.344  -52.255  13.993 0.0000000000
21342  51.642  -53.151  13.503 0.0000000000
150131  51.781  -53.878  13.139 0.0000000000
19350  51.913  -53.717  13.693 0.0000000000
19333  52.005  -53.589  14.528 0.0000000000
19310  51.789  -53.382  15.812 0.0000000000
19307  54.312  -52.726  16.262 0.0000000000
19289  51.463  -53.501  17.035 0.0000000000
18275  50.802  -54.261  17.497 0.0000000000
17203  51.521  -55.294  17.600 0.0000000000
16111  51.014  -56.438  17.418 0.0000000000
138225  53.535  -56.197  18.180 0.0000000000
16110  52.104  -56.689  17.465 0.0000000000
137100  51.545  -57.540  17.189 0.0000000000
135760  43.100  -52.207  14.578 0.0000000000
20314  43.539  -52.285  12.926 0.0000000000
21359  44.389  -51.902  12.136 0.0000000000
23493  44.607  -50.024  12.730 0.0000000000
132808  45.270  -50.426  12.350 0.0000000000
8729  42.002  -64.634  10.489 0.0000000000
10528  41.392  -62.699  10.707 0.0000000000
11457  40.571  -61.651  10.687 0.0000000000
11465  38.601  -61.363  9.670 0.0000000000
12318  46.905  -60.800  13.142 0.0000000000
12319  46.100  -60.300  12.912 0.0000000000
12340  46.315  -61.051  12.745 0.0000000000
12344  42.852  -60.335  12.113 0.0000000000
12362  42.830  -61.048  11.778 0.0000000000
12376  39.543  -60.573  10.600 0.0000000000
12377  38.828  -60.685  10.144 0.0000000000
13200  49.148  -59.521  15.874 0.0000000000
13292  42.580  -59.471  12.391 0.0000000000
13293  41.806  -59.243  12.237 0.0000000000
13313  39.299  -59.065  11.313 0.0000000000
13321  39.469  -59.863  10.925 0.0000000000
13323  37.757  -59.305  9.933 0.0000000000
14247  46.462  -58.879  14.620 0.0000000000
14250  43.892  -58.226  14.042 0.0000000000
14266  42.761  -58.298  13.200 0.0000000000
14288  40.025  -58.119  12.188 0.0000000000
14302  41.083  -59.035  11.999 0.0000000000
15161  53.355  -57.322  18.586 0.0000000000
15190  46.219  -57.587  16.389 0.0000000000
15192  44.642  -56.815  16.256 0.0000000000
15210  45.846  -57.907  15.855 0.0000000000
15227  42.801  -57.410  14.269 0.0000000000
15241  43.158  -57.953  13.806 0.0000000000
15244  40.886  -57.291  13.208 0.0000000000
15255  40.499  -57.670  12.666 0.0000000000
15270  39.276  -57.876  12.008 0.0000000000
15272  37.496  -57.468  11.216 0.0000000000
16108  53.662  -56.851  18.677 0.0000000000
16115  46.585  -56.155  17.383 0.0000000000
16147  42.313  -56.223  15.355 0.0000000000
16157  42.555  -56.832  14.734 0.0000000000
16160  39.294  -55.842  13.876 0.0000000000
16168  41.233  -56.898  13.715 0.0000000000
16179  38.922  -56.609  12.863 0.0000000000
16180  38.267  -56.676  12.459 0.0000000000
16192  37.242  -56.802  11.408 0.0000000000
16208  36.820  -56.352  9.632 0.0000000000
17206  46.825  -55.375  17.472 0.0000000000
17209  44.793  -54.954  17.274 0.0000000000
17222  43.263  -55.357  16.562 0.0000000000
17241  40.867  -56.120  14.540 0.0000000000
17252  37.581  -55.253  13.191 0.0000000000
18273  52.756  -54.159  17.624 0.0000000000
18274  51.793  -54.181  17.526 0.0000000000
18281  44.987  -54.058  17.246 0.0000000000
18306  40.482  -53.997  16.245 0.0000000000
18308  38.975  -53.831  15.395 0.0000000000
18315  39.240  -54.573  15.113 0.0000000000
19276  55.382  -52.991  19.394 0.0000000000
19308  53.704  -53.114  16.103 0.0000000000
19309  52.786  -53.261  15.937 0.0000000000
19312  48.791  -53.560  16.850 0.0000000000
19319  41.863  -53.165  16.522 0.0000000000
19320  40.915  -53.188  16.446 0.0000000000
19330  54.338  -53.028  15.147 0.0000000000
19332  52.985  -53.420  14.647 0.0000000000
19338  39.251  -53.224  15.728 0.0000000000
19349  52.655  -53.404  14.095 0.0000000000
19356  38.504  -53.305  15.289 0.0000000000
19366  52.116  -53.597  13.827 0.0000000000
19367  51.235  -54.033  12.743 0.0000000000
20253  54.827  -52.395  17.216 0.0000000000
20267  54.281  -52.799  15.534 0.0000000000
20268  44.844  -52.748  16.162 0.0000000000
20269  44.302  -52.997  16.478 0.0000000000
20270  43.402  -52.758  16.299 0.0000000000
20273  40.473  -52.586  16.146 0.0000000000
20283  44.444  -52.568  15.469 0.0000000000
20285  42.773  -52.387  15.719 0.0000000000
20286  42.189  -51.936  14.987 0.0000000000
20300  38.124  -52.640  15.057 0.0000000000
20311  51.498  -53.923  12.954 0.0000000000
20313  44.295  -52.563  13.004 0.0000000000
20315  43.046  -52.075  13.332 0.0000000000
20328  43.870  -52.178  12.521 0.0000000000
20343  44.899  -52.297  11.961 0.0000000000
21257  54.827  -52.196  17.854 0.0000000000
21313  54.204  -52.607  15.356 0.0000000000
21316  51.366  -51.660  14.697 0.0000000000
21326  53.267  -53.028  14.359 0.0000000000
21327  52.414  -52.856  14.031 0.0000000000
21330  41.877  -51.561  13.988 0.0000000000
21331  41.154  -51.308  14.150 0.0000000000
21333  38.968  -51.410  14.825 0.0000000000
21334  38.202  -51.505  14.518 0.0000000000
21347  40.933  -50.950  13.776 0.0000000000
21360  43.174  -51.874  12.758 0.0000000000
21361  42.702  -51.360  12.919 0.0000000000
21375  45.147  -51.869  11.796 0.0000000000
22426  48.718  -50.206  13.530 0.0000000000
22427  42.598  -50.627  13.059 0.0000000000
22428  42.048  -51.045  13.167 0.0000000000
22430  40.172  -50.477  13.837 0.0000000000
22447  44.887  -51.193  12.173 0.0000000000
22448  44.130  -51.052  12.432 0.0000000000
23471  48.701  -49.697  12.911 0.0000000000
23474  43.064  -49.538  13.445 0.0000000000
24582  43.429  -48.602  13.739 0.0000000000
129881  45.064  -57.577  15.709 0.0000000000
130515  40.928  -55.584  15.256 0.0000000000
131588  42.717  -54.656  16.613 0.0000000000
133853  50.335  -54.168  11.615 0.0000000000
134168  39.817  -51.458  15.049 0.0000000000
134550  47.050  -59.560  13.946 0.0000000000
136483  54.865  -53.220  17.962 0.0000000000
136747  50.755  -53.720  10.545 0.0000000000
137541  42.982  -56.649  15.305 0.0000000000
138053  50.726  -53.424  15.864 0.0000000000
139569  43.751  -60.407  12.322 0.0000000000
140931  40.112  -52.021  15.673 0.0000000000
141237  38.827  -58.351  11.508 0.0000000000
143683  41.453  -52.015  15.540 0.0000000000
143974  46.281  -58.407  15.393 0.0000000000
145855  43.258  -51.258  12.672 0.0000000000
149105  54.558  -52.345  16.346 0.0000000000
152354  39.315  -50.371  13.888 0.0000000000
152949  43.910  -52.448  14.744 0.0000000000
154302  50.979  -53.451  16.553 0.0000000000
154589  44.736  -50.646  12.417 0.0000000000
