#!ascii label  , from subject sub-v1s18x0051268_ses-1 vox2ras=TkReg
815
51442  30.695  -23.010  40.823 0.0000000000
125191  47.340  -16.012  33.354 0.0000000000
57306  34.355  -18.451  31.172 0.0000000000
45644  14.557  -28.194  47.391 0.0000000000
127381  24.309  -25.568  40.760 0.0000000000
59599  38.264  -16.184  33.897 0.0000000000
46889  17.973  -27.660  41.936 0.0000000000
42816  17.384  -31.413  44.710 0.0000000000
45720  22.325  -28.711  38.540 0.0000000000
59579  50.044  -17.281  34.646 0.0000000000
52542  32.671  -22.498  40.095 0.0000000000
53723  30.703  -22.089  35.972 0.0000000000
49351  29.825  -25.330  37.756 0.0000000000
60732  49.853  -14.882  37.154 0.0000000000
60729  52.316  -15.999  38.634 0.0000000000
129255  43.968  -14.424  34.046 0.0000000000
57276  44.060  -17.847  31.605 0.0000000000
59634  41.425  -16.084  31.136 0.0000000000
56139  38.115  -19.064  30.538 0.0000000000
49296  30.125  -25.525  42.161 0.0000000000
45619  12.951  -28.562  49.273 0.0000000000
44567  9.888  -29.747  50.826 0.0000000000
42667  9.483  -31.213  56.074 0.0000000000
51459  27.376  -23.254  40.573 0.0000000000
46924  27.066  -27.717  39.668 0.0000000000
140697  33.252  -19.609  34.956 0.0000000000
52672  30.762  -21.861  31.241 0.0000000000
135636  53.354  -13.192  37.236 0.0000000000
59581  48.778  -16.481  33.971 0.0000000000
58442  47.584  -17.565  33.179 0.0000000000
51456  31.236  -22.645  40.973 0.0000000000
51477  30.590  -23.899  38.462 0.0000000000
50434  30.757  -24.347  39.768 0.0000000000
143468  46.859  -14.300  35.826 0.0000000000
61887  48.353  -14.140  37.480 0.0000000000
60754  48.320  -14.923  35.337 0.0000000000
60752  50.182  -15.812  35.524 0.0000000000
40747  10.513  -34.047  52.919 0.0000000000
60799  42.927  -15.013  32.179 0.0000000000
60784  41.288  -15.220  32.998 0.0000000000
58479  36.219  -17.016  31.872 0.0000000000
143510  37.663  -16.906  30.975 0.0000000000
56141  36.065  -18.945  30.548 0.0000000000
55021  34.170  -20.362  30.532 0.0000000000
43650  15.603  -30.013  45.649 0.0000000000
41885  17.558  -32.674  47.127 0.0000000000
146500  15.608  -30.945  47.386 0.0000000000
131269  15.379  -30.078  49.801 0.0000000000
45627  14.146  -28.506  48.364 0.0000000000
46752  10.618  -27.692  51.154 0.0000000000
138684  9.617  -30.376  53.107 0.0000000000
51446  25.842  -23.805  40.902 0.0000000000
149041  26.948  -24.641  38.988 0.0000000000
49339  25.272  -25.612  38.128 0.0000000000
43699  23.078  -30.529  42.212 0.0000000000
43713  25.365  -30.398  41.419 0.0000000000
51519  29.145  -23.449  34.517 0.0000000000
53765  29.783  -21.750  33.694 0.0000000000
60758  40.342  -15.769  35.224 0.0000000000
59575  37.487  -16.579  35.243 0.0000000000
58432  35.132  -17.552  33.729 0.0000000000
43701  20.582  -29.834  42.864 0.0000000000
42813  20.255  -31.102  44.746 0.0000000000
44630  17.874  -29.835  42.826 0.0000000000
44619  16.348  -29.581  44.352 0.0000000000
46823  15.627  -27.853  46.538 0.0000000000
125825  23.200  -26.133  38.129 0.0000000000
49331  20.628  -25.477  39.836 0.0000000000
45706  20.423  -28.491  40.359 0.0000000000
52558  33.311  -22.339  39.646 0.0000000000
53706  33.140  -21.716  37.456 0.0000000000
52583  31.441  -22.701  37.494 0.0000000000
51487  29.886  -23.785  36.785 0.0000000000
60679  52.091  -15.478  39.979 0.0000000000
60730  51.510  -15.562  38.031 0.0000000000
59562  51.731  -16.401  36.284 0.0000000000
124625  45.345  -14.765  33.584 0.0000000000
59615  45.886  -16.649  32.160 0.0000000000
60797  44.565  -15.677  32.002 0.0000000000
58494  42.635  -16.915  30.905 0.0000000000
57299  40.964  -18.149  30.737 0.0000000000
60818  39.312  -15.787  31.873 0.0000000000
58498  39.675  -17.493  30.606 0.0000000000
50409  29.989  -24.310  41.234 0.0000000000
49311  30.842  -25.357  40.917 0.0000000000
133157  45.936  -13.964  36.123 0.0000000000
49215  12.837  -26.124  48.718 0.0000000000
46778  11.620  -27.757  49.290 0.0000000000
44573  11.512  -29.413  49.458 0.0000000000
43613  11.717  -30.387  49.615 0.0000000000
41818  9.871  -31.877  50.651 0.0000000000
41761  9.506  -32.598  53.115 0.0000000000
41728  9.455  -33.112  55.299 0.0000000000
39473  10.667  -34.855  57.296 0.0000000000
52545  28.668  -22.843  40.984 0.0000000000
49312  28.743  -24.714  40.442 0.0000000000
48147  28.266  -26.289  40.433 0.0000000000
45718  25.504  -28.572  38.920 0.0000000000
57249  33.235  -18.875  32.832 0.0000000000
54938  31.709  -20.771  35.268 0.0000000000
137492  31.124  -20.443  32.716 0.0000000000
55002  32.245  -20.150  31.160 0.0000000000
142701  30.829  -26.979  38.187 0.0000000000
63011  53.803  -13.535  35.664 0.0000000000
61846  53.088  -15.261  39.874 0.0000000000
144179  53.797  -15.241  38.271 0.0000000000
60780  48.100  -16.220  33.688 0.0000000000
58441  48.255  -17.368  33.492 0.0000000000
59597  47.701  -16.772  33.185 0.0000000000
51455  31.325  -23.130  40.367 0.0000000000
51441  30.734  -23.641  40.591 0.0000000000
149212  47.200  -14.922  34.429 0.0000000000
61921  47.595  -14.577  35.562 0.0000000000
60755  47.737  -14.935  34.805 0.0000000000
60763  48.445  -15.616  34.490 0.0000000000
39519  10.526  -34.347  53.852 0.0000000000
61940  42.469  -14.739  34.476 0.0000000000
60756  41.814  -15.146  34.933 0.0000000000
58480  35.553  -17.474  31.645 0.0000000000
58500  36.236  -17.463  31.121 0.0000000000
57305  35.047  -18.266  30.858 0.0000000000
56142  35.374  -19.519  30.520 0.0000000000
137933  34.593  -18.992  30.693 0.0000000000
44599  15.316  -29.663  46.419 0.0000000000
43629  15.347  -30.367  47.011 0.0000000000
44587  15.072  -29.634  47.206 0.0000000000
44588  14.731  -29.193  47.885 0.0000000000
139165  14.479  -28.512  47.706 0.0000000000
49298  24.821  -25.153  41.084 0.0000000000
148970  25.213  -24.392  39.906 0.0000000000
142347  24.780  -24.786  39.409 0.0000000000
141150  22.825  -30.747  43.024 0.0000000000
132742  34.614  -21.558  38.222 0.0000000000
50505  28.507  -24.027  32.916 0.0000000000
58430  36.370  -16.850  34.352 0.0000000000
57226  35.850  -17.422  34.979 0.0000000000
124694  19.634  -29.056  41.953 0.0000000000
44629  18.948  -30.102  42.951 0.0000000000
44643  17.954  -29.041  42.288 0.0000000000
45665  16.678  -28.806  44.223 0.0000000000
46839  16.731  -27.986  45.512 0.0000000000
45642  15.987  -28.338  45.876 0.0000000000
49300  22.141  -25.342  41.225 0.0000000000
48136  18.614  -26.488  41.387 0.0000000000
48135  19.122  -26.067  40.839 0.0000000000
45708  18.947  -27.767  40.954 0.0000000000
44658  20.634  -29.144  41.761 0.0000000000
52571  32.533  -22.566  38.589 0.0000000000
52560  31.947  -22.944  39.131 0.0000000000
50454  30.095  -24.573  38.133 0.0000000000
51486  30.286  -23.773  37.563 0.0000000000
50455  29.775  -24.499  37.294 0.0000000000
137201  29.245  -24.819  35.757 0.0000000000
49376  29.391  -25.290  36.194 0.0000000000
61902  48.992  -14.602  36.869 0.0000000000
60715  51.011  -15.127  38.740 0.0000000000
60731  50.663  -15.250  37.562 0.0000000000
59572  49.835  -16.343  34.800 0.0000000000
59563  51.020  -16.069  35.870 0.0000000000
59571  50.651  -16.743  35.191 0.0000000000
61938  44.724  -14.338  34.453 0.0000000000
60782  45.005  -15.133  32.718 0.0000000000
61962  44.156  -14.939  32.559 0.0000000000
60815  41.918  -15.584  31.550 0.0000000000
60814  42.870  -15.599  31.597 0.0000000000
59649  41.827  -16.765  30.792 0.0000000000
58495  42.109  -17.505  30.776 0.0000000000
59650  40.976  -16.674  30.763 0.0000000000
136655  39.471  -15.745  34.012 0.0000000000
60786  39.733  -15.618  33.273 0.0000000000
60803  39.084  -15.806  32.685 0.0000000000
57303  37.557  -18.317  30.574 0.0000000000
59653  38.372  -16.807  30.904 0.0000000000
57302  38.425  -18.282  30.548 0.0000000000
57301  39.250  -18.279  30.557 0.0000000000
49295  30.458  -25.117  41.667 0.0000000000
61906  44.070  -13.783  36.061 0.0000000000
61923  45.311  -14.123  35.296 0.0000000000
61937  45.729  -14.503  34.477 0.0000000000
42814  19.263  -31.304  44.717 0.0000000000
41918  18.672  -32.242  45.889 0.0000000000
44570  14.296  -28.919  49.891 0.0000000000
43600  14.916  -29.238  50.625 0.0000000000
44571  13.366  -28.950  49.948 0.0000000000
143369  12.093  -25.712  49.906 0.0000000000
48022  12.170  -26.547  48.896 0.0000000000
48009  11.405  -26.509  50.331 0.0000000000
44561  10.100  -29.123  51.146 0.0000000000
45622  10.751  -28.598  49.835 0.0000000000
44566  10.352  -29.360  50.220 0.0000000000
43614  10.973  -30.130  49.547 0.0000000000
43603  10.479  -30.620  49.871 0.0000000000
42726  10.972  -30.978  49.621 0.0000000000
42710  9.893  -30.983  50.480 0.0000000000
43581  9.579  -30.766  54.610 0.0000000000
42685  9.429  -31.679  53.294 0.0000000000
42679  9.431  -31.675  54.291 0.0000000000
137906  9.527  -32.888  53.781 0.0000000000
131935  9.306  -32.156  55.793 0.0000000000
52513  28.034  -22.650  41.910 0.0000000000
52525  28.749  -22.621  41.511 0.0000000000
52526  28.083  -22.850  41.102 0.0000000000
51458  28.216  -23.164  40.623 0.0000000000
50423  27.682  -23.604  40.046 0.0000000000
48162  26.999  -26.264  38.719 0.0000000000
48148  27.708  -26.211  39.576 0.0000000000
46923  27.737  -27.157  40.167 0.0000000000
46964  22.227  -27.427  37.978 0.0000000000
46977  23.802  -27.337  37.588 0.0000000000
44701  23.877  -29.045  38.525 0.0000000000
43712  26.190  -30.265  41.589 0.0000000000
58475  45.190  -16.947  31.654 0.0000000000
58458  45.735  -17.364  32.064 0.0000000000
57261  44.543  -18.433  32.327 0.0000000000
145399  34.392  -19.275  35.480 0.0000000000
57235  34.133  -18.602  34.262 0.0000000000
56084  33.484  -19.065  34.180 0.0000000000
128313  31.606  -21.731  36.378 0.0000000000
53722  32.405  -21.214  36.338 0.0000000000
53736  31.187  -21.368  35.606 0.0000000000
53779  29.553  -21.953  32.529 0.0000000000
54974  30.683  -20.793  33.170 0.0000000000
55004  30.802  -20.881  31.867 0.0000000000
56129  31.912  -19.965  31.778 0.0000000000
55003  31.474  -20.624  31.471 0.0000000000
134728  32.861  -20.958  30.614 0.0000000000
48146  30.680  -26.041  40.048 0.0000000000
62997  53.414  -13.050  36.497 0.0000000000
60713  52.512  -16.084  39.909 0.0000000000
60678  52.890  -15.844  40.183 0.0000000000
59514  53.411  -16.332  40.191 0.0000000000
60712  53.942  -15.854  39.397 0.0000000000
60728  54.394  -15.799  38.432 0.0000000000
48119  18.231  -26.366  42.667 0.0000000000
45685  17.549  -28.265  42.530 0.0000000000
59580  49.401  -16.869  34.256 0.0000000000
58428  49.361  -17.764  34.306 0.0000000000
58429  48.690  -17.800  33.870 0.0000000000
52543  31.933  -22.593  40.495 0.0000000000
125021  31.998  -22.848  39.857 0.0000000000
145425  31.287  -23.444  39.684 0.0000000000
51467  30.835  -23.933  39.190 0.0000000000
49337  30.129  -25.368  38.594 0.0000000000
62985  47.499  -13.733  37.670 0.0000000000
61904  47.512  -14.335  36.280 0.0000000000
61903  48.190  -14.418  36.616 0.0000000000
60742  49.557  -15.139  36.198 0.0000000000
60753  49.198  -15.479  35.238 0.0000000000
60762  49.175  -16.138  34.488 0.0000000000
39548  10.999  -33.996  51.473 0.0000000000
132616  43.779  -14.246  34.839 0.0000000000
61953  43.580  -14.585  33.281 0.0000000000
61954  42.710  -14.664  33.547 0.0000000000
60783  42.211  -14.914  32.738 0.0000000000
60800  41.575  -15.273  32.139 0.0000000000
59600  37.578  -16.361  33.391 0.0000000000
59618  37.555  -16.412  32.345 0.0000000000
59638  37.048  -16.830  31.476 0.0000000000
58499  37.152  -17.457  30.811 0.0000000000
56140  37.053  -19.326  30.499 0.0000000000
131887  36.174  -19.648  30.483 0.0000000000
132653  35.523  -20.911  30.473 0.0000000000
48114  29.804  -26.072  42.711 0.0000000000
42817  16.604  -31.124  44.939 0.0000000000
140266  17.049  -31.826  45.479 0.0000000000
42793  16.258  -31.365  45.877 0.0000000000
42754  16.032  -31.498  47.388 0.0000000000
42738  16.264  -31.714  48.214 0.0000000000
44579  14.533  -28.992  48.890 0.0000000000
45628  13.384  -28.167  48.673 0.0000000000
47995  11.054  -26.863  51.755 0.0000000000
45605  10.342  -28.462  52.489 0.0000000000
140776  10.157  -29.056  52.774 0.0000000000
43591  9.583  -30.428  52.062 0.0000000000
145971  10.060  -29.433  53.453 0.0000000000
44546  9.887  -29.961  54.899 0.0000000000
43575  9.857  -30.388  56.270 0.0000000000
51445  26.549  -23.393  41.214 0.0000000000
51468  27.020  -23.557  39.860 0.0000000000
51469  26.401  -23.808  39.541 0.0000000000
130010  26.680  -25.190  38.695 0.0000000000
46961  26.188  -26.893  38.183 0.0000000000
44672  22.522  -29.547  40.341 0.0000000000
44671  23.873  -29.732  39.902 0.0000000000
125304  23.930  -30.638  41.875 0.0000000000
57277  43.162  -18.050  31.367 0.0000000000
54936  33.397  -20.220  35.777 0.0000000000
52606  29.478  -22.802  34.794 0.0000000000
52605  29.827  -22.002  34.615 0.0000000000
51531  29.093  -22.987  33.917 0.0000000000
52640  29.157  -22.769  32.337 0.0000000000
62968  52.994  -13.687  38.186 0.0000000000
132023  11.474  -35.972  55.646 0.0000000000
60759  39.635  -16.089  35.384 0.0000000000
59582  39.025  -16.197  35.128 0.0000000000
59584  37.581  -16.406  34.284 0.0000000000
59585  36.934  -16.560  33.839 0.0000000000
58445  35.643  -17.147  33.184 0.0000000000
58462  34.908  -17.652  32.075 0.0000000000
43681  21.614  -30.515  43.762 0.0000000000
43662  21.835  -31.029  44.445 0.0000000000
43683  19.937  -30.187  43.278 0.0000000000
138051  19.273  -30.551  43.676 0.0000000000
43666  17.769  -30.977  44.050 0.0000000000
45675  17.066  -28.691  43.390 0.0000000000
44632  16.713  -29.383  43.777 0.0000000000
43667  16.361  -30.366  44.536 0.0000000000
44610  15.916  -29.805  45.031 0.0000000000
45643  15.366  -28.675  46.382 0.0000000000
46824  14.952  -28.094  46.921 0.0000000000
49328  23.457  -25.582  39.182 0.0000000000
49315  23.254  -25.686  40.053 0.0000000000
48163  21.722  -26.054  38.800 0.0000000000
46965  21.466  -27.264  38.425 0.0000000000
48149  19.815  -25.665  40.308 0.0000000000
46947  20.367  -27.458  39.336 0.0000000000
45722  20.712  -28.249  39.531 0.0000000000
44673  21.713  -29.298  40.628 0.0000000000
43717  21.765  -29.828  42.262 0.0000000000
52569  33.931  -22.082  39.329 0.0000000000
53694  33.708  -21.876  38.159 0.0000000000
52570  33.331  -22.296  38.851 0.0000000000
52582  32.318  -22.321  37.713 0.0000000000
148822  31.059  -22.473  36.737 0.0000000000
51485  31.019  -23.270  37.992 0.0000000000
52584  30.710  -23.106  37.181 0.0000000000
149209  30.207  -22.996  36.347 0.0000000000
51508  29.366  -23.545  35.219 0.0000000000
50477  28.977  -24.773  35.083 0.0000000000
61848  51.841  -14.996  40.168 0.0000000000
60714  51.838  -15.502  39.324 0.0000000000
60741  50.433  -15.449  36.469 0.0000000000
60740  51.275  -15.726  36.824 0.0000000000
61951  46.190  -14.971  33.714 0.0000000000
59598  46.807  -16.540  32.709 0.0000000000
60796  45.834  -15.350  32.923 0.0000000000
59616  45.165  -16.370  31.864 0.0000000000
59631  44.538  -16.473  31.587 0.0000000000
60798  43.644  -15.298  31.994 0.0000000000
60813  43.782  -15.983  31.613 0.0000000000
58477  43.481  -17.223  31.193 0.0000000000
58478  42.736  -17.581  31.026 0.0000000000
57279  41.394  -18.561  31.175 0.0000000000
60767  41.070  -15.390  34.599 0.0000000000
130631  40.171  -15.507  32.834 0.0000000000
60817  40.144  -15.666  31.720 0.0000000000
59637  38.820  -16.259  31.401 0.0000000000
59636  39.661  -16.058  31.250 0.0000000000
59651  40.093  -16.665  30.797 0.0000000000
58497  40.553  -17.469  30.631 0.0000000000
50408  30.344  -23.916  40.921 0.0000000000
50407  30.660  -24.580  40.971 0.0000000000
49294  30.796  -25.497  41.491 0.0000000000
48130  31.187  -26.228  41.667 0.0000000000
61936  46.557  -14.710  34.461 0.0000000000
48049  14.643  -26.828  47.608 0.0000000000
49214  13.613  -25.776  48.663 0.0000000000
48050  13.938  -27.022  47.834 0.0000000000
46793  13.407  -27.170  48.237 0.0000000000
46794  13.040  -27.600  48.525 0.0000000000
45629  12.570  -28.070  48.896 0.0000000000
46765  10.786  -27.819  50.221 0.0000000000
45621  11.402  -28.584  49.432 0.0000000000
45620  12.059  -28.665  49.233 0.0000000000
44572  12.289  -29.247  49.525 0.0000000000
41817  10.449  -32.285  50.165 0.0000000000
138456  9.541  -31.354  51.479 0.0000000000
41795  9.712  -32.406  51.469 0.0000000000
40780  10.190  -33.181  51.430 0.0000000000
40766  9.795  -33.095  52.338 0.0000000000
40732  9.767  -33.587  54.351 0.0000000000
136023  10.019  -34.081  55.174 0.0000000000
41697  9.503  -32.645  57.295 0.0000000000
40707  10.189  -34.138  56.778 0.0000000000
39483  10.761  -34.976  56.462 0.0000000000
52524  30.322  -22.522  41.392 0.0000000000
144315  29.589  -22.325  41.901 0.0000000000
52544  29.337  -22.720  41.241 0.0000000000
50421  29.392  -23.461  40.785 0.0000000000
50410  29.327  -24.222  40.760 0.0000000000
49297  29.448  -25.193  41.315 0.0000000000
49325  27.980  -24.318  39.785 0.0000000000
134301  28.720  -25.592  40.692 0.0000000000
48131  29.534  -25.857  42.020 0.0000000000
49340  24.455  -25.581  38.240 0.0000000000
46962  25.412  -27.330  37.819 0.0000000000
45717  26.305  -28.179  39.281 0.0000000000
44669  25.454  -29.563  40.201 0.0000000000
44668  26.235  -29.345  40.467 0.0000000000
45704  27.398  -28.557  40.833 0.0000000000
58457  46.506  -17.191  32.426 0.0000000000
145784  34.757  -18.103  34.394 0.0000000000
57247  34.461  -17.994  33.524 0.0000000000
57265  33.676  -18.509  32.373 0.0000000000
145616  32.926  -21.351  36.777 0.0000000000
54924  33.127  -20.841  36.322 0.0000000000
56074  32.781  -20.084  35.251 0.0000000000
53751  30.349  -21.408  34.321 0.0000000000
54956  31.506  -20.488  34.455 0.0000000000
56085  32.040  -19.978  34.171 0.0000000000
56098  32.612  -19.336  32.911 0.0000000000
57284  32.993  -19.222  31.701 0.0000000000
56127  33.269  -19.289  31.160 0.0000000000
55022  33.330  -20.338  30.635 0.0000000000
49324  30.729  -24.892  40.387 0.0000000000
138605  30.461  -25.297  39.496 0.0000000000
137068  30.171  -26.135  38.066 0.0000000000
48194  30.414  -26.729  37.567 0.0000000000
48195  29.908  -26.127  37.217 0.0000000000
63026  52.951  -13.615  34.388 0.0000000000
62954  52.703  -14.310  39.378 0.0000000000
61866  53.302  -14.812  38.814 0.0000000000
60693  53.384  -16.343  40.089 0.0000000000
61884  53.636  -14.303  37.550 0.0000000000
62983  53.762  -13.699  36.766 0.0000000000
126953  54.419  -14.386  36.647 0.0000000000
60764  47.662  -15.448  34.055 0.0000000000
127862  11.377  -35.288  54.305 0.0000000000
58481  34.914  -17.902  31.389 0.0000000000
58501  35.486  -17.801  31.092 0.0000000000
44600  14.862  -28.895  47.092 0.0000000000
50425  24.722  -24.929  40.253 0.0000000000
43679  23.272  -31.189  43.661 0.0000000000
53680  34.618  -21.785  39.036 0.0000000000
44659  18.620  -28.784  41.855 0.0000000000
45684  18.047  -28.399  41.955 0.0000000000
46908  18.468  -27.293  41.395 0.0000000000
45696  18.483  -28.092  41.511 0.0000000000
139716  19.219  -28.470  41.324 0.0000000000
52559  32.647  -22.616  39.373 0.0000000000
49360  29.577  -25.254  36.940 0.0000000000
61886  49.326  -14.424  37.783 0.0000000000
61885  50.191  -14.754  38.206 0.0000000000
58421  50.577  -17.617  35.032 0.0000000000
40805  11.954  -32.980  49.432 0.0000000000
61952  44.481  -14.643  33.413 0.0000000000
60787  38.949  -15.898  33.544 0.0000000000
59617  38.309  -16.125  32.999 0.0000000000
49277  30.596  -25.707  42.438 0.0000000000
61924  44.357  -13.990  35.394 0.0000000000
42815  18.311  -31.450  44.652 0.0000000000
42791  18.909  -31.764  45.254 0.0000000000
42792  17.960  -31.937  45.283 0.0000000000
44580  13.822  -28.641  49.207 0.0000000000
48023  11.743  -26.317  49.625 0.0000000000
132035  10.559  -29.949  49.794 0.0000000000
43604  10.086  -30.179  50.320 0.0000000000
43596  9.650  -30.385  51.072 0.0000000000
42673  9.423  -31.408  55.197 0.0000000000
131934  9.327  -32.191  54.996 0.0000000000
51444  27.334  -22.985  41.518 0.0000000000
51433  27.313  -22.985  42.509 0.0000000000
46943  27.320  -26.956  39.304 0.0000000000
46907  27.970  -27.823  40.968 0.0000000000
136789  27.424  -27.994  40.342 0.0000000000
45737  22.763  -28.284  37.916 0.0000000000
45736  23.500  -28.602  38.040 0.0000000000
44702  23.048  -28.979  38.472 0.0000000000
58459  44.944  -17.588  31.786 0.0000000000
56073  33.968  -19.693  35.571 0.0000000000
56083  33.943  -19.155  34.955 0.0000000000
53737  30.451  -21.689  35.150 0.0000000000
53792  30.177  -21.514  31.944 0.0000000000
53791  30.870  -21.191  31.506 0.0000000000
53810  31.472  -21.334  31.038 0.0000000000
141423  17.822  -26.911  43.244 0.0000000000
48100  18.295  -26.361  43.579 0.0000000000
58440  48.855  -17.176  33.838 0.0000000000
50446  30.427  -24.580  38.966 0.0000000000
61920  48.075  -14.580  35.976 0.0000000000
60743  48.731  -14.796  36.030 0.0000000000
140457  42.957  -14.459  35.061 0.0000000000
61939  43.233  -14.458  34.214 0.0000000000
60766  41.783  -15.018  33.870 0.0000000000
59619  36.764  -16.689  32.229 0.0000000000
57304  35.787  -18.191  30.732 0.0000000000
140329  36.637  -18.260  30.632 0.0000000000
56143  34.584  -19.751  30.569 0.0000000000
55020  35.021  -20.322  30.488 0.0000000000
132652  34.645  -21.148  30.460 0.0000000000
61925  43.424  -14.126  35.752 0.0000000000
43649  16.019  -30.566  45.313 0.0000000000
43638  15.648  -30.545  46.102 0.0000000000
42771  15.806  -31.108  46.693 0.0000000000
42739  15.722  -31.110  48.100 0.0000000000
43621  15.321  -30.469  47.878 0.0000000000
43622  14.964  -29.781  48.410 0.0000000000
140176  10.371  -28.639  53.273 0.0000000000
144352  10.406  -28.827  53.940 0.0000000000
44540  10.075  -29.835  55.690 0.0000000000
50411  25.387  -24.532  41.451 0.0000000000
51435  25.945  -23.903  41.828 0.0000000000
51460  26.472  -23.522  40.290 0.0000000000
51461  25.729  -23.867  40.052 0.0000000000
50438  24.925  -24.909  38.693 0.0000000000
50437  25.558  -24.294  39.254 0.0000000000
50447  25.819  -24.956  38.585 0.0000000000
49338  26.158  -25.895  38.214 0.0000000000
43727  22.771  -29.877  41.049 0.0000000000
43726  23.399  -29.935  40.611 0.0000000000
43715  23.252  -30.254  41.425 0.0000000000
54923  33.879  -20.595  36.446 0.0000000000
51544  28.793  -23.618  32.357 0.0000000000
51532  28.767  -23.221  33.057 0.0000000000
51543  29.166  -23.409  31.894 0.0000000000
38362  11.281  -35.995  56.369 0.0000000000
58431  35.724  -17.150  34.040 0.0000000000
58444  36.278  -16.796  33.499 0.0000000000
58461  35.586  -17.251  32.365 0.0000000000
58446  34.981  -17.537  32.886 0.0000000000
127617  21.489  -29.994  43.008 0.0000000000
43682  20.825  -30.266  43.572 0.0000000000
43684  18.276  -30.511  43.452 0.0000000000
43685  17.361  -30.358  43.540 0.0000000000
46870  17.412  -27.650  43.317 0.0000000000
43686  16.680  -30.085  43.831 0.0000000000
44611  15.669  -29.260  45.704 0.0000000000
49299  23.130  -25.838  41.019 0.0000000000
49317  21.300  -25.064  40.361 0.0000000000
49330  21.522  -25.535  39.518 0.0000000000
48181  21.315  -26.617  38.645 0.0000000000
127464  20.944  -26.160  39.104 0.0000000000
46926  19.410  -27.455  40.368 0.0000000000
48150  19.480  -26.620  40.237 0.0000000000
46925  19.987  -27.900  39.932 0.0000000000
136889  21.178  -28.877  40.026 0.0000000000
44642  20.344  -29.422  42.328 0.0000000000
44641  21.063  -29.580  42.327 0.0000000000
133154  33.885  -22.102  39.874 0.0000000000
53708  31.761  -22.212  37.047 0.0000000000
51476  31.276  -23.409  38.817 0.0000000000
148586  30.283  -23.438  36.956 0.0000000000
51498  29.624  -23.665  36.008 0.0000000000
52593  29.701  -23.066  35.587 0.0000000000
60696  51.496  -15.019  39.818 0.0000000000
59570  51.326  -16.781  35.669 0.0000000000
59551  52.080  -16.074  37.293 0.0000000000
127898  45.453  -15.878  32.328 0.0000000000
61964  42.975  -14.718  32.819 0.0000000000
61963  43.469  -14.865  32.516 0.0000000000
59633  42.298  -16.192  31.186 0.0000000000
59632  43.167  -16.400  31.267 0.0000000000
128188  43.904  -16.652  31.362 0.0000000000
57298  41.661  -18.016  30.769 0.0000000000
60768  40.231  -15.551  34.133 0.0000000000
60802  39.830  -15.589  32.432 0.0000000000
60801  40.645  -15.442  32.381 0.0000000000
135629  37.974  -16.517  31.482 0.0000000000
133646  38.489  -16.084  32.099 0.0000000000
139245  38.808  -17.510  30.615 0.0000000000
59652  39.215  -16.723  30.848 0.0000000000
49276  30.926  -25.829  42.267 0.0000000000
62998  46.181  -13.693  37.031 0.0000000000
61922  46.234  -14.354  35.230 0.0000000000
42812  21.218  -31.204  45.029 0.0000000000
41906  16.856  -32.139  46.381 0.0000000000
43610  15.816  -30.724  49.582 0.0000000000
130195  12.963  -25.643  49.067 0.0000000000
49199  13.452  -25.474  49.341 0.0000000000
48036  13.442  -26.523  48.328 0.0000000000
48037  12.791  -26.878  48.512 0.0000000000
140345  11.710  -27.015  49.175 0.0000000000
46777  12.200  -27.439  48.810 0.0000000000
136937  11.955  -28.126  49.081 0.0000000000
46751  11.044  -27.036  50.716 0.0000000000
46779  11.117  -27.994  49.675 0.0000000000
42709  10.382  -31.438  49.984 0.0000000000
41843  10.937  -31.818  49.669 0.0000000000
127485  9.474  -31.159  52.585 0.0000000000
42690  9.463  -32.104  52.339 0.0000000000
40748  9.818  -33.409  53.361 0.0000000000
42661  9.555  -31.836  57.617 0.0000000000
40694  10.020  -33.702  57.572 0.0000000000
51443  29.886  -22.970  40.967 0.0000000000
51457  28.983  -23.008  40.782 0.0000000000
50422  28.583  -23.664  40.409 0.0000000000
50435  27.143  -24.069  39.364 0.0000000000
49313  28.184  -25.379  39.968 0.0000000000
48132  28.851  -26.255  41.321 0.0000000000
48115  29.181  -26.609  42.145 0.0000000000
49341  23.705  -25.710  38.458 0.0000000000
45734  25.103  -28.168  38.087 0.0000000000
46976  24.945  -26.907  37.604 0.0000000000
46945  25.915  -27.775  38.413 0.0000000000
43725  24.231  -30.116  40.567 0.0000000000
44670  24.665  -29.691  40.016 0.0000000000
43724  25.022  -30.098  40.686 0.0000000000
43711  27.002  -29.999  41.797 0.0000000000
44654  26.577  -29.678  41.142 0.0000000000
44667  26.894  -29.100  40.787 0.0000000000
57233  35.216  -18.226  35.177 0.0000000000
57248  33.737  -18.541  33.317 0.0000000000
57264  34.312  -18.009  32.631 0.0000000000
53735  31.882  -21.097  35.883 0.0000000000
54937  32.511  -20.623  35.700 0.0000000000
54955  32.178  -20.263  34.958 0.0000000000
54973  31.407  -20.279  33.487 0.0000000000
56099  32.093  -19.780  33.417 0.0000000000
56114  31.804  -19.927  32.590 0.0000000000
56113  32.449  -19.460  32.074 0.0000000000
56128  32.607  -19.624  31.450 0.0000000000
56144  33.789  -19.600  30.715 0.0000000000
56145  32.936  -19.840  30.870 0.0000000000
48161  31.162  -26.939  39.126 0.0000000000
133364  30.382  -26.141  38.975 0.0000000000
144548  29.749  -26.520  36.477 0.0000000000
63012  53.131  -13.208  35.332 0.0000000000
61883  54.263  -15.110  37.476 0.0000000000
59596  48.384  -16.815  33.561 0.0000000000
58456  47.159  -17.125  32.762 0.0000000000
50433  30.854  -23.920  40.340 0.0000000000
61935  47.039  -14.574  35.050 0.0000000000
145356  42.359  -14.864  35.231 0.0000000000
127973  40.976  -15.304  33.775 0.0000000000
138689  35.365  -18.761  30.641 0.0000000000
43630  15.071  -29.925  47.653 0.0000000000
45634  13.939  -27.806  47.995 0.0000000000
45600  10.612  -28.518  54.661 0.0000000000
50424  25.286  -24.399  40.616 0.0000000000
143583  23.743  -30.961  42.782 0.0000000000
53705  34.062  -21.369  37.506 0.0000000000
51520  28.762  -23.829  33.837 0.0000000000
59576  36.985  -16.627  34.574 0.0000000000
58423  36.619  -16.971  35.173 0.0000000000
43702  19.719  -29.655  42.629 0.0000000000
129110  18.755  -29.428  42.383 0.0000000000
45664  17.105  -27.986  44.123 0.0000000000
46853  16.837  -28.239  44.803 0.0000000000
45655  16.263  -28.833  45.059 0.0000000000
49304  18.862  -25.701  41.545 0.0000000000
46927  18.902  -26.945  40.788 0.0000000000
45707  19.651  -28.172  40.656 0.0000000000
45695  20.110  -28.682  41.194 0.0000000000
52572  31.785  -22.876  38.297 0.0000000000
50465  29.497  -24.481  36.389 0.0000000000
61868  49.793  -14.281  38.732 0.0000000000
58420  51.148  -17.464  35.432 0.0000000000
138099  42.301  -15.188  31.942 0.0000000000
58496  41.376  -17.451  30.677 0.0000000000
60769  39.601  -15.884  34.717 0.0000000000
130291  37.980  -17.516  30.668 0.0000000000
61905  44.860  -13.774  36.039 0.0000000000
42790  19.810  -31.513  45.377 0.0000000000
41917  19.450  -31.914  45.817 0.0000000000
43612  14.917  -29.501  49.449 0.0000000000
124726  14.018  -28.866  50.943 0.0000000000
44565  13.342  -29.306  50.728 0.0000000000
49200  12.361  -25.867  49.258 0.0000000000
45609  10.337  -28.419  51.611 0.0000000000
45614  10.440  -28.494  50.653 0.0000000000
44574  10.878  -29.358  49.603 0.0000000000
43585  9.524  -30.932  53.766 0.0000000000
148815  9.486  -31.026  53.200 0.0000000000
141640  9.449  -32.273  53.773 0.0000000000
41746  9.432  -32.613  54.407 0.0000000000
40693  10.545  -34.764  58.273 0.0000000000
49326  27.450  -25.124  39.190 0.0000000000
46922  28.288  -26.977  40.886 0.0000000000
46906  28.577  -27.231  41.556 0.0000000000
48198  22.684  -26.701  37.954 0.0000000000
48197  23.471  -26.691  37.737 0.0000000000
46978  23.068  -27.441  37.689 0.0000000000
45735  24.237  -28.462  37.981 0.0000000000
45719  24.692  -28.872  38.663 0.0000000000
43697  25.733  -30.666  42.191 0.0000000000
43696  26.598  -30.536  42.355 0.0000000000
57260  45.399  -18.048  32.397 0.0000000000
56072  34.925  -19.017  35.666 0.0000000000
57234  34.530  -18.728  35.026 0.0000000000
56097  33.147  -19.058  33.430 0.0000000000
53707  32.357  -21.763  36.950 0.0000000000
149919  29.588  -21.817  33.057 0.0000000000
53764  30.058  -21.392  32.898 0.0000000000
54991  30.640  -20.888  32.412 0.0000000000
54990  31.245  -20.423  32.100 0.0000000000
145307  32.677  -20.384  30.779 0.0000000000
55023  32.126  -20.795  30.876 0.0000000000
48145  31.070  -26.226  40.958 0.0000000000
128165  31.352  -26.954  40.092 0.0000000000
62996  54.126  -13.793  36.167 0.0000000000
60695  52.152  -15.472  40.208 0.0000000000
60694  52.758  -15.849  40.101 0.0000000000
60711  54.543  -16.546  39.327 0.0000000000
46890  17.768  -27.239  42.585 0.0000000000
49265  19.127  -25.000  42.669 0.0000000000
127741  18.454  -26.168  41.944 0.0000000000
125735  18.166  -26.839  41.948 0.0000000000
57243  48.044  -18.185  33.733 0.0000000000
61888  47.548  -14.082  36.981 0.0000000000
40794  10.772  -33.226  50.550 0.0000000000
60816  41.030  -15.612  31.621 0.0000000000
55018  36.560  -20.219  30.504 0.0000000000
55019  35.806  -20.227  30.458 0.0000000000
132701  36.159  -20.747  30.505 0.0000000000
49263  30.375  -25.913  42.943 0.0000000000
42770  16.299  -31.705  46.698 0.0000000000
43611  15.424  -30.451  48.873 0.0000000000
46739  10.598  -27.722  52.136 0.0000000000
44554  10.079  -29.068  52.037 0.0000000000
44562  9.784  -29.724  51.593 0.0000000000
44555  9.831  -29.660  52.522 0.0000000000
44545  10.199  -29.351  54.376 0.0000000000
44549  9.785  -30.132  54.044 0.0000000000
43578  9.677  -30.581  55.452 0.0000000000
51434  26.601  -23.421  42.181 0.0000000000
50436  26.440  -24.393  38.979 0.0000000000
46944  26.703  -27.312  38.838 0.0000000000
44687  22.537  -29.243  39.282 0.0000000000
44686  23.465  -29.388  39.185 0.0000000000
149633  23.872  -30.345  41.118 0.0000000000
43714  24.541  -30.429  41.266 0.0000000000
147102  24.271  -30.849  42.395 0.0000000000
43698  24.825  -30.717  42.101 0.0000000000
54935  34.118  -20.119  36.110 0.0000000000
52592  29.999  -22.414  35.435 0.0000000000
52617  29.461  -22.358  34.064 0.0000000000
52629  29.274  -22.362  33.229 0.0000000000
53793  29.589  -22.224  31.932 0.0000000000
59550  52.883  -16.554  37.833 0.0000000000
59535  53.049  -16.446  39.194 0.0000000000
39502  11.560  -35.725  54.915 0.0000000000
60770  38.927  -16.034  34.358 0.0000000000
59583  38.283  -16.284  34.766 0.0000000000
59601  36.873  -16.568  32.980 0.0000000000
58460  36.220  -16.865  32.668 0.0000000000
43680  22.400  -30.893  43.796 0.0000000000
43663  21.005  -30.736  44.283 0.0000000000
43664  20.165  -30.601  43.991 0.0000000000
143750  19.551  -30.886  44.265 0.0000000000
43665  18.731  -30.958  44.129 0.0000000000
44644  17.426  -29.143  42.778 0.0000000000
44631  17.103  -29.619  43.291 0.0000000000
137764  16.951  -30.770  44.194 0.0000000000
49314  24.091  -25.493  39.912 0.0000000000
125377  23.827  -25.905  40.855 0.0000000000
49342  23.048  -25.793  38.674 0.0000000000
49316  22.306  -25.446  40.183 0.0000000000
49329  22.509  -25.664  39.231 0.0000000000
48180  22.475  -26.096  38.460 0.0000000000
126220  21.926  -26.673  38.302 0.0000000000
45738  21.823  -28.094  38.319 0.0000000000
48164  20.188  -26.479  39.548 0.0000000000
46966  20.787  -26.958  38.837 0.0000000000
46946  21.047  -27.787  38.809 0.0000000000
45721  21.590  -28.658  39.124 0.0000000000
44688  21.871  -29.200  39.838 0.0000000000
44656  22.207  -29.629  41.078 0.0000000000
44674  20.968  -28.953  40.955 0.0000000000
44657  21.550  -29.477  41.553 0.0000000000
43716  22.425  -29.984  41.741 0.0000000000
43700  22.300  -30.220  42.601 0.0000000000
149892  22.120  -30.418  43.286 0.0000000000
53693  34.035  -21.945  38.731 0.0000000000
52581  33.031  -22.204  38.154 0.0000000000
50489  29.014  -24.076  34.773 0.0000000000
50476  29.282  -24.223  35.562 0.0000000000
60765  46.951  -15.228  33.821 0.0000000000
60781  46.603  -15.672  33.087 0.0000000000
149131  46.150  -16.056  32.589 0.0000000000
58476  44.421  -17.157  31.438 0.0000000000
57278  42.257  -18.212  31.111 0.0000000000
60785  40.505  -15.430  33.238 0.0000000000
59635  40.538  -16.022  31.147 0.0000000000
57300  40.111  -18.264  30.635 0.0000000000
144488  46.838  -14.009  36.580 0.0000000000
42789  20.667  -31.398  45.606 0.0000000000
46808  15.178  -27.374  47.151 0.0000000000
46809  14.520  -27.583  47.467 0.0000000000
48035  14.154  -26.295  48.088 0.0000000000
46764  11.301  -27.193  49.823 0.0000000000
43602  12.622  -29.727  50.010 0.0000000000
42725  11.440  -31.344  49.581 0.0000000000
41816  11.143  -32.638  49.788 0.0000000000
41794  10.120  -32.596  50.831 0.0000000000
40765  10.437  -33.768  52.084 0.0000000000
39503  10.735  -34.705  54.732 0.0000000000
43573  9.668  -30.969  57.038 0.0000000000
133229  9.343  -31.970  56.725 0.0000000000
136241  9.487  -33.095  56.490 0.0000000000
41682  9.767  -32.766  58.108 0.0000000000
40719  10.045  -34.029  55.952 0.0000000000
39491  10.889  -35.117  55.617 0.0000000000
148355  11.197  -35.709  56.221 0.0000000000
52541  33.435  -22.086  40.318 0.0000000000
49327  24.212  -25.299  38.934 0.0000000000
48196  24.257  -26.781  37.621 0.0000000000
48178  24.750  -26.221  37.765 0.0000000000
48177  25.505  -26.506  37.835 0.0000000000
44685  24.293  -29.400  39.249 0.0000000000
44684  25.102  -29.253  39.424 0.0000000000
44655  25.813  -29.951  40.883 0.0000000000
44683  25.888  -28.963  39.730 0.0000000000
45705  26.745  -28.563  40.166 0.0000000000
58443  46.919  -17.741  32.816 0.0000000000
57259  46.191  -17.883  32.551 0.0000000000
145109  35.765  -17.996  35.637 0.0000000000
147006  35.315  -17.660  34.477 0.0000000000
57282  34.278  -18.166  31.841 0.0000000000
53721  33.590  -21.137  36.886 0.0000000000
53750  30.949  -21.020  34.826 0.0000000000
127325  30.341  -21.232  33.616 0.0000000000
54957  30.828  -20.815  33.984 0.0000000000
143444  32.579  -19.850  34.690 0.0000000000
132474  32.713  -19.489  33.970 0.0000000000
57266  33.087  -19.017  32.229 0.0000000000
57283  33.614  -18.753  31.587 0.0000000000
57307  33.861  -18.930  30.943 0.0000000000
146630  29.595  -25.842  36.570 0.0000000000
61828  52.351  -15.408  40.030 0.0000000000
45752  23.634  -28.046  37.648 0.0000000000
46948  19.792  -27.214  39.804 0.0000000000
46963  24.528  -27.618  37.643 0.0000000000
48179  23.955  -26.109  37.868 0.0000000000
49283  18.707  -25.600  42.293 0.0000000000
145990  23.165  -29.574  39.868 0.0000000000
