#!ascii label  , from subject sub-v1s18x0051268_ses-1 vox2ras=TkReg
1540
82914  49.368  5.145  22.455 0.0000000000
82963  57.782  5.665  17.932 0.0000000000
90306  52.366  14.112  5.033 0.0000000000
79037  53.371  1.340  6.923 0.0000000000
77960  50.485  1.001  23.104 0.0000000000
93010  52.824  16.848  11.059 0.0000000000
82009  53.096  5.281  13.089 0.0000000000
89427  44.245  12.118  7.555 0.0000000000
86808  50.322  9.250  12.289 0.0000000000
83924  54.706  6.533  21.366 0.0000000000
77089  51.406  -0.658  17.228 0.0000000000
91230  43.488  14.444  2.956 0.0000000000
86922  49.055  9.802  2.233 0.0000000000
86837  55.760  9.872  10.310 0.0000000000
85954  57.151  8.780  5.285 0.0000000000
139338  41.013  14.407  5.600 0.0000000000
82989  49.069  5.554  15.889 0.0000000000
126016  52.058  5.316  21.901 0.0000000000
78010  50.585  0.372  19.616 0.0000000000
90282  48.323  13.252  7.790 0.0000000000
93058  43.456  16.418  6.466 0.0000000000
89455  47.854  13.081  4.457 0.0000000000
136287  46.707  13.215  1.540 0.0000000000
90362  51.235  13.932  1.606 0.0000000000
85844  54.737  8.824  16.577 0.0000000000
126784  53.132  9.385  11.811 0.0000000000
86764  58.166  9.228  14.938 0.0000000000
80973  52.867  3.512  10.029 0.0000000000
84047  57.001  6.707  8.862 0.0000000000
83069  55.805  5.077  6.822 0.0000000000
85932  52.998  8.592  8.035 0.0000000000
82058  51.827  4.516  7.951 0.0000000000
80976  48.882  3.325  10.999 0.0000000000
84839  53.020  6.984  27.918 0.0000000000
82857  54.629  5.516  26.688 0.0000000000
92142  52.577  15.798  8.112 0.0000000000
78029  54.885  0.703  16.138 0.0000000000
82986  55.430  5.810  15.878 0.0000000000
78962  55.327  1.202  13.725 0.0000000000
78992  56.935  1.523  11.896 0.0000000000
91116  49.788  14.463  13.604 0.0000000000
87720  47.466  10.015  12.435 0.0000000000
83969  52.706  6.721  16.721 0.0000000000
83934  56.992  6.881  20.557 0.0000000000
80852  55.447  3.057  24.682 0.0000000000
78928  55.972  1.797  21.867 0.0000000000
78016  55.491  0.877  18.475 0.0000000000
134635  53.113  -2.880  16.192 0.0000000000
84824  51.391  7.492  29.161 0.0000000000
94671  40.292  17.827  1.965 0.0000000000
92196  38.971  14.815  1.962 0.0000000000
89458  43.578  13.004  3.794 0.0000000000
86904  46.686  9.815  4.665 0.0000000000
85041  46.468  7.127  3.494 0.0000000000
90243  51.744  13.809  11.205 0.0000000000
90269  53.170  13.441  8.868 0.0000000000
89435  55.603  13.580  6.391 0.0000000000
84954  57.968  7.793  12.347 0.0000000000
87778  57.967  10.019  7.050 0.0000000000
89463  56.009  12.678  3.346 0.0000000000
87821  52.451  10.908  4.043 0.0000000000
86892  49.068  9.147  6.209 0.0000000000
92169  39.128  15.387  5.622 0.0000000000
92190  37.850  16.081  4.270 0.0000000000
124551  48.982  4.450  18.996 0.0000000000
81920  50.110  4.818  21.335 0.0000000000
90295  50.129  13.086  6.597 0.0000000000
89438  48.110  12.769  6.351 0.0000000000
90320  50.493  13.332  4.399 0.0000000000
125473  50.156  14.325  2.159 0.0000000000
90335  51.791  14.333  2.812 0.0000000000
84904  57.923  7.926  17.851 0.0000000000
86759  56.793  9.405  16.709 0.0000000000
83965  58.262  7.153  16.694 0.0000000000
79958  53.402  1.842  8.449 0.0000000000
82055  54.819  4.286  7.507 0.0000000000
81004  54.356  3.561  6.889 0.0000000000
83071  53.613  5.120  6.630 0.0000000000
81006  52.518  3.441  6.747 0.0000000000
80996  50.983  2.950  8.245 0.0000000000
78118  52.849  0.966  6.960 0.0000000000
80817  52.358  3.530  26.873 0.0000000000
91165  50.292  14.637  9.297 0.0000000000
92129  51.996  15.994  9.598 0.0000000000
76228  55.060  -1.887  14.249 0.0000000000
78948  54.809  1.142  15.439 0.0000000000
76240  56.586  -1.465  13.371 0.0000000000
77127  59.653  0.817  12.636 0.0000000000
78068  59.829  1.235  11.659 0.0000000000
78081  56.768  0.485  10.492 0.0000000000
82956  52.597  5.243  18.861 0.0000000000
82975  51.538  5.716  16.856 0.0000000000
83947  53.919  6.156  19.328 0.0000000000
83956  54.463  7.011  18.148 0.0000000000
83923  56.610  6.568  21.435 0.0000000000
78904  53.131  2.329  25.351 0.0000000000
80814  55.241  3.747  25.637 0.0000000000
77958  52.885  1.469  23.801 0.0000000000
77084  50.454  -0.434  18.380 0.0000000000
127387  53.002  0.729  21.410 0.0000000000
127150  53.886  0.605  19.982 0.0000000000
77995  55.580  0.983  20.366 0.0000000000
78018  53.455  0.534  18.267 0.0000000000
77087  53.066  -0.067  16.588 0.0000000000
76211  51.857  -2.092  16.702 0.0000000000
125538  55.024  -3.540  19.207 0.0000000000
92176  43.146  15.409  5.143 0.0000000000
94659  41.646  18.143  4.965 0.0000000000
93071  40.856  16.361  3.946 0.0000000000
93880  39.574  16.416  2.347 0.0000000000
91246  41.246  14.187  2.897 0.0000000000
90344  41.302  13.660  3.051 0.0000000000
90359  43.085  13.820  2.479 0.0000000000
88655  48.566  11.294  1.674 0.0000000000
88646  47.563  11.308  2.860 0.0000000000
86924  47.746  9.053  2.442 0.0000000000
85972  46.566  8.088  2.383 0.0000000000
85963  48.123  8.484  2.902 0.0000000000
89393  48.716  11.872  11.585 0.0000000000
90233  50.444  13.795  12.068 0.0000000000
87748  50.067  10.576  10.671 0.0000000000
86838  54.827  9.609  10.594 0.0000000000
137608  52.628  10.981  9.078 0.0000000000
87770  53.819  11.118  8.444 0.0000000000
90277  54.511  13.784  7.503 0.0000000000
88604  55.407  11.409  7.778 0.0000000000
83004  53.962  5.780  14.437 0.0000000000
84002  56.432  7.187  14.184 0.0000000000
130520  55.322  7.114  12.851 0.0000000000
84080  57.802  6.656  6.738 0.0000000000
84984  58.497  7.867  9.183 0.0000000000
86897  57.923  9.378  5.165 0.0000000000
88616  57.341  11.135  5.222 0.0000000000
87809  56.340  10.606  3.870 0.0000000000
88642  54.926  11.653  2.863 0.0000000000
87798  54.709  10.509  5.272 0.0000000000
85918  51.583  8.427  8.662 0.0000000000
86879  50.703  9.653  7.501 0.0000000000
144331  48.752  8.549  8.460 0.0000000000
85013  47.508  7.872  6.768 0.0000000000
132618  53.768  17.156  12.849 0.0000000000
91195  40.776  14.745  6.732 0.0000000000
90300  43.224  13.248  6.489 0.0000000000
84930  46.487  7.288  13.930 0.0000000000
82978  48.450  4.961  16.279 0.0000000000
81962  50.550  4.555  18.664 0.0000000000
142739  53.016  5.503  21.318 0.0000000000
77986  50.448  0.639  21.257 0.0000000000
91203  46.065  14.288  7.038 0.0000000000
91215  45.192  14.404  5.623 0.0000000000
90324  45.876  14.290  3.416 0.0000000000
91254  44.860  14.181  1.952 0.0000000000
90339  47.152  14.198  2.179 0.0000000000
146606  49.022  13.897  1.625 0.0000000000
88662  50.368  11.815  1.358 0.0000000000
85859  52.397  8.686  14.553 0.0000000000
86807  51.648  9.329  11.952 0.0000000000
86776  54.411  9.772  14.876 0.0000000000
86787  55.346  10.083  13.929 0.0000000000
87718  57.054  10.313  12.776 0.0000000000
82022  52.833  4.602  11.411 0.0000000000
84036  54.662  6.498  10.715 0.0000000000
83038  54.628  5.438  9.127 0.0000000000
83058  56.703  5.562  7.237 0.0000000000
85023  56.069  7.319  6.380 0.0000000000
86888  55.333  9.098  6.388 0.0000000000
85011  54.208  7.238  7.327 0.0000000000
84999  52.782  7.328  8.441 0.0000000000
84051  50.717  6.302  9.843 0.0000000000
79961  49.848  2.299  9.496 0.0000000000
136259  51.017  6.206  25.386 0.0000000000
83894  52.247  6.022  25.002 0.0000000000
149492  53.807  5.339  27.358 0.0000000000
79849  53.004  3.018  26.275 0.0000000000
77948  50.236  1.337  24.355 0.0000000000
91179  47.479  14.197  8.765 0.0000000000
90270  49.732  13.514  8.082 0.0000000000
91202  52.270  14.371  6.749 0.0000000000
80925  56.159  3.404  17.919 0.0000000000
82974  56.824  5.674  16.964 0.0000000000
79900  54.490  3.262  16.638 0.0000000000
79902  53.652  2.907  15.355 0.0000000000
80945  53.094  3.099  13.763 0.0000000000
76250  58.341  -0.736  12.700 0.0000000000
78961  55.884  1.435  12.917 0.0000000000
79923  53.427  2.145  12.301 0.0000000000
78977  53.661  1.636  11.523 0.0000000000
78084  53.742  1.016  9.377 0.0000000000
78099  54.627  0.216  7.861 0.0000000000
77175  54.308  -0.176  7.044 0.0000000000
90236  47.754  13.069  12.756 0.0000000000
85885  49.039  8.844  12.689 0.0000000000
84928  48.359  7.226  14.109 0.0000000000
84926  50.227  7.541  14.488 0.0000000000
85853  51.954  8.028  14.926 0.0000000000
84911  53.572  7.813  16.478 0.0000000000
84899  56.086  8.020  18.889 0.0000000000
82944  57.924  5.530  19.436 0.0000000000
135068  53.989  6.241  25.021 0.0000000000
82876  55.415  5.767  24.628 0.0000000000
144192  56.446  4.779  23.769 0.0000000000
77975  52.688  0.975  22.443 0.0000000000
78914  55.350  2.251  23.492 0.0000000000
81906  56.779  4.448  22.717 0.0000000000
80886  57.030  3.517  21.791 0.0000000000
79887  57.537  3.249  20.230 0.0000000000
79894  57.033  2.794  18.854 0.0000000000
145927  55.597  1.165  17.649 0.0000000000
77100  53.755  -1.083  15.191 0.0000000000
74228  54.320  -3.173  15.457 0.0000000000
74188  53.724  -3.531  18.221 0.0000000000
143795  54.766  -3.530  17.246 0.0000000000
124864  49.753  6.118  25.591 0.0000000000
84841  51.764  7.529  27.810 0.0000000000
124169  49.653  4.389  28.592 0.0000000000
94670  41.032  18.551  1.689 0.0000000000
94677  38.956  18.068  0.689 0.0000000000
91220  39.748  14.371  3.337 0.0000000000
90312  42.132  13.412  4.349 0.0000000000
136518  44.225  12.511  5.994 0.0000000000
89467  45.089  12.783  2.490 0.0000000000
88635  45.864  11.895  4.440 0.0000000000
87804  46.009  10.546  5.927 0.0000000000
92093  54.335  16.756  11.675 0.0000000000
87746  51.494  10.622  9.788 0.0000000000
90262  52.760  13.867  9.746 0.0000000000
92109  54.601  17.017  9.770 0.0000000000
92140  55.022  17.325  8.042 0.0000000000
93056  54.882  16.896  6.880 0.0000000000
91213  54.505  15.563  5.398 0.0000000000
83986  57.860  7.179  15.470 0.0000000000
85867  58.384  8.577  13.953 0.0000000000
87716  58.455  9.866  11.708 0.0000000000
84975  57.456  7.474  10.764 0.0000000000
85900  58.680  8.483  10.768 0.0000000000
141545  57.143  10.444  9.110 0.0000000000
88611  56.893  11.571  6.864 0.0000000000
90305  55.651  14.046  5.128 0.0000000000
91226  54.262  14.849  3.843 0.0000000000
90349  53.250  13.973  1.984 0.0000000000
88652  52.754  11.924  2.195 0.0000000000
87823  50.704  10.500  3.168 0.0000000000
87789  52.855  10.496  6.468 0.0000000000
87802  51.087  10.333  5.184 0.0000000000
86909  49.601  9.550  4.424 0.0000000000
85956  47.910  8.155  4.775 0.0000000000
82026  47.450  4.670  11.681 0.0000000000
93072  37.678  16.463  3.799 0.0000000000
142579  48.465  4.485  20.467 0.0000000000
81932  49.160  4.535  20.436 0.0000000000
82927  50.039  5.112  22.081 0.0000000000
90307  51.322  13.509  5.350 0.0000000000
90294  50.422  13.094  5.667 0.0000000000
90319  51.599  13.847  4.122 0.0000000000
90318  52.597  14.352  3.782 0.0000000000
83954  58.165  6.489  18.041 0.0000000000
84903  58.257  7.509  17.268 0.0000000000
82962  58.053  6.236  17.586 0.0000000000
126455  53.565  1.423  7.243 0.0000000000
81005  53.913  2.942  7.076 0.0000000000
79976  53.489  2.169  6.959 0.0000000000
81018  53.269  3.091  6.559 0.0000000000
79984  53.223  2.189  6.681 0.0000000000
148254  52.641  2.058  6.709 0.0000000000
79038  52.987  1.432  6.734 0.0000000000
93011  50.906  16.238  11.811 0.0000000000
92095  51.423  16.257  11.154 0.0000000000
92111  51.791  16.187  10.380 0.0000000000
93021  53.065  16.937  10.125 0.0000000000
74247  55.674  -3.143  14.603 0.0000000000
76241  55.851  -1.695  13.768 0.0000000000
128111  56.206  -2.847  14.118 0.0000000000
78052  60.297  1.009  12.236 0.0000000000
77139  60.545  -0.146  10.989 0.0000000000
125789  59.674  0.671  10.570 0.0000000000
87782  44.978  10.676  7.216 0.0000000000
82945  53.215  5.553  19.582 0.0000000000
128080  53.852  6.057  20.307 0.0000000000
144463  54.712  6.647  19.888 0.0000000000
125665  55.457  6.887  21.296 0.0000000000
148615  51.995  1.467  24.149 0.0000000000
127509  53.472  2.049  24.708 0.0000000000
77959  51.432  1.134  23.273 0.0000000000
77083  51.041  -0.283  17.791 0.0000000000
149565  51.825  0.484  19.074 0.0000000000
78019  52.318  0.474  18.455 0.0000000000
78008  53.177  0.568  19.237 0.0000000000
78027  51.697  0.106  17.586 0.0000000000
77088  52.122  -0.297  16.855 0.0000000000
76205  51.292  -1.585  17.181 0.0000000000
91217  43.703  14.870  4.350 0.0000000000
92177  42.294  15.589  4.763 0.0000000000
93070  41.550  15.884  4.447 0.0000000000
92187  41.020  14.988  3.151 0.0000000000
92186  41.808  14.821  3.576 0.0000000000
91245  42.454  14.111  2.830 0.0000000000
91244  43.589  14.061  2.286 0.0000000000
87831  48.933  10.446  1.770 0.0000000000
87832  48.440  10.359  2.100 0.0000000000
86923  48.424  9.570  2.323 0.0000000000
85970  47.770  8.712  2.522 0.0000000000
86917  48.531  9.159  2.623 0.0000000000
86825  49.092  9.800  11.842 0.0000000000
138760  49.295  11.585  11.146 0.0000000000
134661  49.915  9.624  11.631 0.0000000000
86820  56.009  9.895  11.193 0.0000000000
86854  54.321  9.759  9.545 0.0000000000
87756  54.961  10.160  8.863 0.0000000000
87769  54.688  10.866  8.362 0.0000000000
87755  55.993  10.330  8.978 0.0000000000
83005  53.514  5.719  13.602 0.0000000000
84004  54.219  6.443  13.590 0.0000000000
84015  53.564  6.028  12.937 0.0000000000
85943  57.565  8.215  5.614 0.0000000000
85010  58.240  7.196  6.869 0.0000000000
85953  57.591  9.042  5.171 0.0000000000
86898  57.452  9.719  4.669 0.0000000000
86899  56.917  9.403  4.743 0.0000000000
87797  56.094  10.081  4.430 0.0000000000
86900  55.652  9.666  5.438 0.0000000000
85907  50.179  8.066  9.325 0.0000000000
131296  49.736  8.676  8.696 0.0000000000
85908  49.258  8.209  9.269 0.0000000000
85002  47.908  8.065  8.638 0.0000000000
91208  40.367  14.722  5.750 0.0000000000
149592  40.259  14.940  6.509 0.0000000000
139938  41.408  14.413  6.468 0.0000000000
91206  42.049  14.140  6.740 0.0000000000
91207  41.657  14.062  5.642 0.0000000000
147862  46.673  5.861  15.178 0.0000000000
82979  47.376  4.837  16.233 0.0000000000
81919  50.882  4.804  20.974 0.0000000000
81963  49.801  4.498  18.852 0.0000000000
141798  51.652  4.917  20.678 0.0000000000
147714  52.245  5.107  20.411 0.0000000000
82924  52.725  5.486  21.935 0.0000000000
91191  46.521  14.610  7.815 0.0000000000
92154  45.487  15.604  7.443 0.0000000000
90284  46.800  13.806  7.314 0.0000000000
89439  47.537  12.946  5.434 0.0000000000
90308  46.761  13.447  5.398 0.0000000000
142652  47.158  13.507  4.485 0.0000000000
91228  45.167  14.382  4.347 0.0000000000
90309  46.489  13.835  4.394 0.0000000000
90323  46.730  14.105  3.312 0.0000000000
89466  47.986  13.722  3.297 0.0000000000
90352  50.616  14.328  1.899 0.0000000000
90353  49.581  14.153  1.818 0.0000000000
90363  50.283  13.971  1.603 0.0000000000
89485  49.709  12.281  1.272 0.0000000000
89484  50.539  12.991  1.324 0.0000000000
85851  53.564  8.797  15.560 0.0000000000
86769  53.983  9.415  15.242 0.0000000000
86758  57.546  9.272  16.223 0.0000000000
87692  56.287  10.216  15.096 0.0000000000
87697  57.004  10.222  14.491 0.0000000000
87719  56.004  10.171  13.249 0.0000000000
87696  57.618  10.107  14.012 0.0000000000
80974  52.667  2.917  10.692 0.0000000000
82034  53.093  4.423  10.410 0.0000000000
82045  53.543  4.188  9.305 0.0000000000
82064  55.503  4.604  7.120 0.0000000000
82054  55.178  4.947  7.966 0.0000000000
83059  56.057  5.024  7.023 0.0000000000
83068  56.615  5.580  6.883 0.0000000000
146127  56.040  5.664  6.647 0.0000000000
85024  55.054  7.280  6.751 0.0000000000
84071  54.688  6.330  6.611 0.0000000000
83049  52.371  5.068  7.626 0.0000000000
84063  53.014  6.511  8.094 0.0000000000
128526  52.441  5.955  8.294 0.0000000000
139621  51.809  7.060  9.153 0.0000000000
83040  51.387  5.833  9.335 0.0000000000
82046  51.313  4.897  8.877 0.0000000000
79969  50.889  2.254  8.297 0.0000000000
79960  50.442  2.668  8.914 0.0000000000
124690  51.358  6.601  26.070 0.0000000000
83872  53.023  6.832  26.732 0.0000000000
83860  53.534  6.396  27.495 0.0000000000
126891  52.246  3.002  26.433 0.0000000000
77942  50.853  1.829  25.453 0.0000000000
78905  51.565  2.148  25.662 0.0000000000
144520  50.345  1.538  24.969 0.0000000000
91164  51.286  15.093  9.057 0.0000000000
91177  49.605  13.982  8.853 0.0000000000
91175  51.822  14.972  8.261 0.0000000000
91189  51.599  14.201  7.553 0.0000000000
91188  52.631  15.271  7.409 0.0000000000
127334  55.427  1.429  17.305 0.0000000000
80926  55.320  3.306  17.363 0.0000000000
79899  55.036  2.355  17.024 0.0000000000
78951  55.000  1.021  14.515 0.0000000000
78949  54.368  2.137  15.627 0.0000000000
79904  53.896  2.379  14.717 0.0000000000
79905  53.294  2.986  14.512 0.0000000000
79914  54.276  2.030  13.985 0.0000000000
75270  58.386  -2.136  13.468 0.0000000000
76238  58.915  -1.291  13.102 0.0000000000
78973  58.511  1.441  12.003 0.0000000000
78055  58.070  1.154  12.233 0.0000000000
137137  56.236  1.529  12.292 0.0000000000
78975  55.463  1.603  12.459 0.0000000000
78976  54.311  1.732  12.429 0.0000000000
79937  53.125  2.137  11.544 0.0000000000
78994  54.778  1.293  11.477 0.0000000000
78096  56.933  -0.243  10.043 0.0000000000
79008  54.818  0.588  10.366 0.0000000000
78082  55.315  0.137  9.612 0.0000000000
78083  54.597  0.350  9.271 0.0000000000
78097  55.538  -0.601  9.385 0.0000000000
77163  55.019  -0.434  8.779 0.0000000000
89382  46.800  11.956  12.818 0.0000000000
90225  47.470  13.479  13.507 0.0000000000
145771  47.406  10.802  12.364 0.0000000000
87737  47.933  10.608  12.030 0.0000000000
85886  48.075  9.130  12.564 0.0000000000
83980  48.069  6.240  15.115 0.0000000000
84929  47.406  7.199  13.938 0.0000000000
141274  48.639  6.089  15.400 0.0000000000
83970  51.937  6.428  16.466 0.0000000000
83978  50.281  6.477  15.598 0.0000000000
83977  51.632  6.842  15.899 0.0000000000
84925  51.096  7.748  14.673 0.0000000000
148148  51.948  7.218  15.741 0.0000000000
127126  52.343  7.643  15.595 0.0000000000
126342  52.992  7.390  16.360 0.0000000000
84876  56.686  7.354  20.187 0.0000000000
84889  55.215  7.535  18.565 0.0000000000
84887  56.513  7.720  19.629 0.0000000000
83945  57.908  6.372  19.252 0.0000000000
83933  57.514  6.233  20.005 0.0000000000
83883  53.608  6.593  25.869 0.0000000000
82877  52.610  5.817  24.337 0.0000000000
83882  54.489  6.380  25.913 0.0000000000
80834  55.399  3.324  25.115 0.0000000000
149774  55.385  5.473  25.334 0.0000000000
82875  55.916  5.059  24.803 0.0000000000
83902  55.348  6.299  23.813 0.0000000000
81877  56.111  4.178  24.648 0.0000000000
78000  50.559  0.515  20.429 0.0000000000
77976  51.782  0.951  22.567 0.0000000000
125148  51.995  0.778  21.717 0.0000000000
77984  54.812  0.991  21.660 0.0000000000
77973  54.499  1.181  22.321 0.0000000000
78924  55.677  2.042  22.734 0.0000000000
127104  56.514  3.187  23.190 0.0000000000
80887  56.718  3.075  22.493 0.0000000000
81905  57.115  4.273  21.777 0.0000000000
79879  56.893  2.925  21.687 0.0000000000
78007  55.738  0.995  19.348 0.0000000000
78932  56.801  2.008  20.506 0.0000000000
145796  56.913  1.858  19.810 0.0000000000
79893  57.424  3.047  19.488 0.0000000000
78942  56.629  1.963  18.670 0.0000000000
78944  55.993  1.692  18.017 0.0000000000
146999  55.763  1.153  18.072 0.0000000000
76209  53.053  -1.464  15.634 0.0000000000
77094  53.449  -0.586  15.845 0.0000000000
76216  53.539  -1.906  15.125 0.0000000000
75258  53.907  -2.200  14.881 0.0000000000
74229  53.549  -2.934  15.754 0.0000000000
127889  53.134  -3.599  18.924 0.0000000000
74187  54.687  -3.543  18.278 0.0000000000
74186  55.459  -3.516  18.669 0.0000000000
126780  48.776  5.598  24.979 0.0000000000
83862  50.303  7.473  27.922 0.0000000000
83861  50.395  6.961  27.020 0.0000000000
84833  51.746  7.490  28.501 0.0000000000
82842  51.957  5.876  28.575 0.0000000000
82828  51.650  6.581  29.020 0.0000000000
93873  40.929  17.463  4.257 0.0000000000
128106  41.270  18.346  3.979 0.0000000000
94665  41.106  18.499  2.875 0.0000000000
94675  40.909  18.591  0.544 0.0000000000
94676  40.063  18.073  0.902 0.0000000000
94683  39.344  18.509  0.420 0.0000000000
93886  39.362  17.499  1.150 0.0000000000
93078  38.988  15.213  1.695 0.0000000000
92201  38.309  15.213  1.884 0.0000000000
92197  38.279  14.995  2.115 0.0000000000
91232  39.819  14.468  2.404 0.0000000000
90326  42.059  13.499  3.357 0.0000000000
90327  41.368  13.593  3.586 0.0000000000
90311  42.809  13.246  4.106 0.0000000000
135291  42.966  13.237  5.276 0.0000000000
89448  43.602  12.903  4.999 0.0000000000
143521  45.918  13.435  1.575 0.0000000000
89478  45.204  13.322  1.790 0.0000000000
89477  46.009  12.779  1.952 0.0000000000
88633  47.218  11.115  3.741 0.0000000000
88634  46.624  11.393  4.336 0.0000000000
88624  46.066  11.316  5.275 0.0000000000
87803  46.509  10.488  5.113 0.0000000000
86905  46.175  9.572  5.432 0.0000000000
86912  46.339  9.007  4.193 0.0000000000
85049  46.339  7.591  2.630 0.0000000000
91102  50.498  14.910  14.258 0.0000000000
90244  50.778  13.256  11.256 0.0000000000
91132  52.247  14.641  12.577 0.0000000000
90242  52.401  14.443  11.824 0.0000000000
91131  53.319  15.286  12.375 0.0000000000
145250  52.550  14.299  11.165 0.0000000000
86806  52.426  9.327  12.368 0.0000000000
86823  51.648  9.487  11.024 0.0000000000
143416  52.311  9.506  10.711 0.0000000000
89416  53.083  12.335  8.667 0.0000000000
89410  52.067  12.202  9.505 0.0000000000
89409  52.561  12.773  9.269 0.0000000000
147558  53.316  14.630  9.956 0.0000000000
149390  54.148  15.494  9.437 0.0000000000
92126  54.775  16.959  8.960 0.0000000000
128622  54.382  15.471  8.744 0.0000000000
90291  55.202  14.609  6.619 0.0000000000
91186  55.143  16.001  6.834 0.0000000000
91199  55.231  15.644  6.045 0.0000000000
92163  54.882  16.340  6.260 0.0000000000
146422  55.054  15.832  5.755 0.0000000000
124200  55.888  5.572  16.536 0.0000000000
83967  57.497  6.460  16.461 0.0000000000
83976  56.032  6.538  15.454 0.0000000000
84939  57.271  7.473  13.740 0.0000000000
146887  57.928  7.671  14.257 0.0000000000
84938  57.875  7.776  13.258 0.0000000000
86802  58.466  9.640  12.532 0.0000000000
85882  58.595  8.657  12.518 0.0000000000
84035  55.651  6.831  10.338 0.0000000000
84022  55.387  7.021  11.330 0.0000000000
84034  56.691  7.088  9.999 0.0000000000
85915  58.559  8.422  8.852 0.0000000000
84973  58.534  7.967  10.189 0.0000000000
86850  58.539  9.279  9.466 0.0000000000
87743  58.427  10.027  10.023 0.0000000000
87766  57.873  10.129  8.135 0.0000000000
87767  56.895  10.705  8.220 0.0000000000
87779  57.481  10.843  7.136 0.0000000000
89452  56.509  12.421  4.138 0.0000000000
88623  56.839  11.858  4.983 0.0000000000
90317  55.842  13.608  4.263 0.0000000000
91236  55.335  14.451  3.907 0.0000000000
90332  55.446  13.738  3.291 0.0000000000
91251  54.216  14.325  2.694 0.0000000000
90333  54.796  13.850  2.636 0.0000000000
88632  53.362  11.148  3.890 0.0000000000
88643  53.793  11.617  2.881 0.0000000000
88644  52.654  11.265  3.233 0.0000000000
88645  52.032  11.299  2.702 0.0000000000
87822  51.684  10.827  3.526 0.0000000000
86877  53.787  8.893  7.462 0.0000000000
87787  54.531  9.967  6.276 0.0000000000
86889  53.492  10.007  6.952 0.0000000000
86890  50.293  9.827  6.765 0.0000000000
145817  51.147  10.209  6.622 0.0000000000
86901  50.270  9.929  5.705 0.0000000000
134040  50.393  10.030  4.652 0.0000000000
86902  49.332  9.364  5.509 0.0000000000
86903  48.933  9.096  4.628 0.0000000000
85946  48.633  8.750  5.423 0.0000000000
144182  46.750  7.282  7.968 0.0000000000
85014  46.821  7.308  7.135 0.0000000000
82024  49.069  5.126  11.053 0.0000000000
80962  48.189  3.885  11.606 0.0000000000
92170  38.415  15.791  6.364 0.0000000000
92179  38.294  15.788  5.063 0.0000000000
91209  39.766  14.788  4.913 0.0000000000
81964  48.428  4.396  18.323 0.0000000000
125838  48.698  4.452  19.801 0.0000000000
81931  50.094  4.605  20.438 0.0000000000
82912  51.425  5.305  22.352 0.0000000000
90281  49.612  13.151  7.303 0.0000000000
90296  47.992  12.997  7.165 0.0000000000
145154  49.420  12.896  6.653 0.0000000000
89444  49.132  12.711  5.198 0.0000000000
89453  49.446  13.056  4.238 0.0000000000
89465  48.809  13.731  3.107 0.0000000000
90321  49.814  13.830  3.074 0.0000000000
90336  50.826  14.024  3.071 0.0000000000
90351  51.516  14.412  2.012 0.0000000000
85835  56.577  8.884  17.595 0.0000000000
86760  55.989  9.672  16.513 0.0000000000
86753  56.897  9.070  17.256 0.0000000000
86752  57.457  8.914  16.948 0.0000000000
130435  58.327  8.125  15.950 0.0000000000
79959  52.990  2.517  9.602 0.0000000000
80984  53.383  3.353  8.889 0.0000000000
80994  53.799  3.173  7.748 0.0000000000
80993  54.495  3.599  7.140 0.0000000000
82074  54.690  4.164  6.772 0.0000000000
84084  54.410  5.370  6.489 0.0000000000
132872  54.235  4.518  6.503 0.0000000000
82075  53.019  4.015  6.553 0.0000000000
82057  52.389  4.236  7.129 0.0000000000
145384  51.238  3.860  8.304 0.0000000000
81007  52.081  3.066  6.983 0.0000000000
79968  51.443  2.302  7.628 0.0000000000
78110  52.212  0.803  7.501 0.0000000000
82841  52.718  5.921  28.267 0.0000000000
81845  52.815  4.985  27.615 0.0000000000
124279  52.133  4.248  27.432 0.0000000000
91166  48.407  14.348  9.582 0.0000000000
92131  49.900  15.059  10.008 0.0000000000
92130  50.933  15.427  9.818 0.0000000000
91163  52.227  15.796  8.811 0.0000000000
78034  54.726  0.171  15.485 0.0000000000
78033  54.879  0.489  15.073 0.0000000000
77098  54.965  -0.137  14.680 0.0000000000
140435  55.303  -0.344  14.147 0.0000000000
138824  55.767  -0.079  13.716 0.0000000000
76249  59.308  -0.161  12.881 0.0000000000
78044  60.228  0.787  12.812 0.0000000000
78053  59.790  1.199  12.237 0.0000000000
78990  58.803  1.284  11.471 0.0000000000
79006  57.389  1.089  11.157 0.0000000000
79004  58.972  0.749  10.429 0.0000000000
78094  58.635  0.042  9.882 0.0000000000
86811  46.705  9.925  12.845 0.0000000000
81974  51.351  4.844  17.911 0.0000000000
82976  50.716  5.510  16.605 0.0000000000
82967  51.916  5.268  17.664 0.0000000000
82966  52.761  5.611  17.972 0.0000000000
126170  53.102  6.345  17.400 0.0000000000
83960  53.776  6.697  17.732 0.0000000000
83957  53.924  6.377  18.474 0.0000000000
83935  55.554  7.144  20.477 0.0000000000
83922  57.205  6.051  20.961 0.0000000000
80815  54.277  3.476  26.012 0.0000000000
81855  55.043  4.292  26.169 0.0000000000
79857  54.318  2.953  25.492 0.0000000000
79863  54.698  2.653  24.828 0.0000000000
78909  54.291  2.226  24.463 0.0000000000
124754  52.068  0.639  20.732 0.0000000000
77998  51.949  0.570  19.807 0.0000000000
142880  53.686  0.651  20.790 0.0000000000
77996  54.624  0.761  20.784 0.0000000000
77983  55.440  1.191  21.318 0.0000000000
137523  54.840  0.690  19.760 0.0000000000
128228  54.977  0.738  18.967 0.0000000000
78017  54.679  0.607  18.148 0.0000000000
78025  53.866  0.381  17.305 0.0000000000
77095  52.588  -0.896  16.224 0.0000000000
75235  52.523  -2.518  16.382 0.0000000000
74153  54.542  -3.601  19.929 0.0000000000
74152  55.398  -3.510  19.969 0.0000000000
92167  43.439  15.698  6.017 0.0000000000
93059  42.831  16.803  6.237 0.0000000000
93064  42.308  16.818  5.759 0.0000000000
93868  41.378  17.267  4.894 0.0000000000
93879  40.407  17.529  3.142 0.0000000000
133441  39.482  17.086  1.896 0.0000000000
93874  40.358  16.797  3.432 0.0000000000
93077  39.924  15.733  2.588 0.0000000000
92195  39.720  14.555  2.202 0.0000000000
144965  40.253  14.286  2.615 0.0000000000
146172  41.482  13.880  2.897 0.0000000000
90343  42.250  13.769  2.960 0.0000000000
89469  43.583  13.155  2.851 0.0000000000
88665  48.059  12.333  1.605 0.0000000000
88657  47.103  12.374  1.990 0.0000000000
88656  47.988  11.602  1.992 0.0000000000
87825  48.012  10.290  2.409 0.0000000000
86918  47.449  9.118  2.649 0.0000000000
85965  46.373  8.444  2.952 0.0000000000
86919  46.996  8.244  2.357 0.0000000000
85048  46.821  7.941  2.312 0.0000000000
85040  47.060  7.670  2.860 0.0000000000
90235  48.641  13.353  12.517 0.0000000000
91134  50.113  14.191  12.805 0.0000000000
89392  49.437  12.269  11.320 0.0000000000
89391  50.062  12.514  11.048 0.0000000000
89403  50.647  12.192  10.492 0.0000000000
86821  53.891  9.452  11.299 0.0000000000
86840  52.775  9.620  10.170 0.0000000000
86839  53.679  9.530  10.315 0.0000000000
146192  53.256  10.777  8.815 0.0000000000
88606  53.707  11.948  8.178 0.0000000000
89415  53.695  12.973  8.111 0.0000000000
89425  54.401  12.585  7.625 0.0000000000
88612  55.365  12.273  7.294 0.0000000000
82995  54.967  6.181  15.085 0.0000000000
126600  55.641  6.777  14.652 0.0000000000
83988  54.763  6.472  14.325 0.0000000000
84003  55.312  6.944  13.735 0.0000000000
84955  57.252  7.530  12.749 0.0000000000
84061  57.300  6.240  7.781 0.0000000000
84998  57.754  7.012  8.531 0.0000000000
139320  58.282  7.288  7.610 0.0000000000
85009  58.380  7.693  7.364 0.0000000000
86875  58.288  9.216  7.330 0.0000000000
129187  57.578  11.038  6.002 0.0000000000
87795  57.706  10.272  4.925 0.0000000000
87807  57.255  10.831  4.461 0.0000000000
88630  56.419  11.269  3.657 0.0000000000
88641  55.779  11.888  2.995 0.0000000000
87820  55.653  11.183  3.398 0.0000000000
88631  54.549  11.238  3.541 0.0000000000
87811  54.070  11.003  4.581 0.0000000000
86865  52.110  9.018  8.221 0.0000000000
86878  51.673  9.697  7.596 0.0000000000
86866  51.151  9.211  8.256 0.0000000000
86867  50.236  9.211  8.159 0.0000000000
86881  49.193  9.162  7.007 0.0000000000
147544  48.130  8.455  6.920 0.0000000000
85934  48.005  8.315  7.715 0.0000000000
130263  47.322  7.755  7.864 0.0000000000
123966  52.337  16.721  12.057 0.0000000000
133346  39.213  15.457  6.783 0.0000000000
90286  42.745  13.655  7.104 0.0000000000
146179  43.903  12.649  6.967 0.0000000000
83981  47.228  6.108  15.038 0.0000000000
82977  49.312  4.925  16.539 0.0000000000
81977  48.646  4.496  17.460 0.0000000000
81988  49.380  4.614  17.191 0.0000000000
81975  50.628  4.681  17.840 0.0000000000
82946  52.023  4.894  19.226 0.0000000000
145583  52.975  5.425  20.524 0.0000000000
83925  54.149  6.204  21.655 0.0000000000
125151  50.267  0.816  22.207 0.0000000000
78001  49.268  0.297  20.427 0.0000000000
77067  49.181  -0.112  19.883 0.0000000000
78011  49.841  0.239  19.892 0.0000000000
77076  50.051  -0.042  19.117 0.0000000000
77085  49.856  -1.061  18.873 0.0000000000
76201  50.216  -1.530  18.208 0.0000000000
76206  50.726  -2.034  17.724 0.0000000000
139555  51.412  -2.462  17.390 0.0000000000
93057  44.288  16.459  6.982 0.0000000000
92155  44.750  15.639  7.003 0.0000000000
90297  47.279  13.208  6.585 0.0000000000
90299  45.729  14.162  6.205 0.0000000000
91205  44.593  14.969  6.149 0.0000000000
91216  44.506  14.664  5.017 0.0000000000
91229  44.357  14.583  3.661 0.0000000000
91243  44.229  14.298  2.410 0.0000000000
91241  45.509  14.285  2.193 0.0000000000
90340  46.224  14.230  2.099 0.0000000000
90355  47.428  13.717  1.706 0.0000000000
90338  48.107  14.167  2.077 0.0000000000
90354  48.533  13.947  1.754 0.0000000000
90366  47.970  13.469  1.529 0.0000000000
89486  48.941  12.563  1.360 0.0000000000
138862  49.743  11.489  1.350 0.0000000000
87830  49.577  10.454  1.908 0.0000000000
85869  51.153  8.715  13.599 0.0000000000
141675  51.034  9.229  12.359 0.0000000000
86778  52.888  9.183  14.162 0.0000000000
86790  52.593  9.258  13.298 0.0000000000
127492  53.253  9.401  12.708 0.0000000000
86767  55.646  10.015  15.746 0.0000000000
86788  54.459  9.791  14.030 0.0000000000
126397  54.154  9.561  12.946 0.0000000000
147551  55.503  9.886  12.665 0.0000000000
86803  56.073  10.020  12.278 0.0000000000
87733  57.036  10.291  11.815 0.0000000000
82015  52.796  4.787  12.398 0.0000000000
84024  53.705  6.072  12.111 0.0000000000
84037  53.820  6.017  11.193 0.0000000000
83028  54.168  5.784  10.215 0.0000000000
84049  55.007  6.234  9.679 0.0000000000
82044  54.360  4.634  8.609 0.0000000000
83037  55.530  5.723  8.589 0.0000000000
84062  56.517  5.892  8.130 0.0000000000
84070  57.331  6.066  7.090 0.0000000000
138259  57.395  6.782  6.396 0.0000000000
85944  56.478  8.300  6.011 0.0000000000
86887  56.354  9.044  5.559 0.0000000000
85945  55.312  8.193  6.715 0.0000000000
85930  54.479  8.062  7.325 0.0000000000
85931  53.681  7.947  7.755 0.0000000000
84072  53.721  6.218  7.040 0.0000000000
85012  53.444  7.192  7.882 0.0000000000
85916  53.105  7.841  8.191 0.0000000000
85000  52.038  7.613  8.827 0.0000000000
84987  51.173  7.730  9.216 0.0000000000
83030  50.216  5.811  10.263 0.0000000000
80975  49.513  3.667  10.445 0.0000000000
80985  50.570  3.507  9.039 0.0000000000
80986  49.978  3.150  9.656 0.0000000000
79950  49.375  2.795  10.264 0.0000000000
82893  50.132  5.464  23.579 0.0000000000
82913  50.067  5.319  22.839 0.0000000000
83895  51.523  5.968  24.964 0.0000000000
127418  53.771  6.564  26.543 0.0000000000
81843  54.214  4.971  27.075 0.0000000000
80797  53.030  4.140  27.023 0.0000000000
145021  53.732  4.347  26.880 0.0000000000
80816  53.670  3.771  26.491 0.0000000000
124454  52.287  2.221  25.522 0.0000000000
78911  51.730  1.802  25.077 0.0000000000
141076  50.879  1.280  23.866 0.0000000000
91180  46.948  14.555  8.472 0.0000000000
90272  47.889  13.636  8.358 0.0000000000
144735  48.801  13.993  9.112 0.0000000000
90271  48.767  13.603  8.457 0.0000000000
132156  49.032  13.249  7.780 0.0000000000
90280  50.633  13.499  7.375 0.0000000000
90279  51.503  13.738  6.887 0.0000000000
90293  51.931  13.850  6.118 0.0000000000
81972  56.841  4.426  18.013 0.0000000000
82964  57.276  5.353  17.691 0.0000000000
81973  55.943  4.225  17.516 0.0000000000
81985  55.840  4.991  17.063 0.0000000000
81996  54.943  4.933  16.393 0.0000000000
141695  54.512  2.420  16.384 0.0000000000
138545  53.750  3.594  15.903 0.0000000000
81997  54.062  4.426  15.982 0.0000000000
82996  53.539  4.903  14.755 0.0000000000
149605  52.974  4.254  14.028 0.0000000000
80938  52.797  4.192  13.556 0.0000000000
75271  57.289  -2.100  13.371 0.0000000000
76239  57.371  -1.144  12.911 0.0000000000
77119  56.463  0.285  13.114 0.0000000000
77128  58.725  0.521  12.502 0.0000000000
77129  57.508  0.061  12.632 0.0000000000
78045  56.377  1.147  12.919 0.0000000000
78963  54.904  1.696  13.274 0.0000000000
79915  53.149  2.791  12.983 0.0000000000
82016  52.601  4.098  12.816 0.0000000000
141757  52.852  2.653  12.009 0.0000000000
79938  52.825  2.479  11.177 0.0000000000
143059  52.923  2.279  10.413 0.0000000000
79007  55.745  0.661  10.726 0.0000000000
124451  53.942  1.065  10.506 0.0000000000
79009  53.288  1.722  9.536 0.0000000000
79018  53.823  1.007  8.187 0.0000000000
78108  54.282  0.000  6.938 0.0000000000
79028  53.648  0.538  7.010 0.0000000000
77174  54.491  -0.317  7.486 0.0000000000
90224  48.250  13.817  13.200 0.0000000000
89380  48.262  12.505  12.184 0.0000000000
87736  48.643  10.491  11.644 0.0000000000
85884  49.906  8.861  12.830 0.0000000000
84944  46.242  7.992  13.607 0.0000000000
85874  46.691  8.597  13.220 0.0000000000
85873  47.531  8.463  13.036 0.0000000000
83979  49.381  6.287  15.431 0.0000000000
84927  49.320  7.346  14.309 0.0000000000
84941  48.917  7.827  13.669 0.0000000000
84940  49.833  7.963  13.871 0.0000000000
85870  50.307  8.524  13.459 0.0000000000
85860  51.530  8.417  14.281 0.0000000000
85852  52.764  8.407  15.239 0.0000000000
85845  53.923  8.478  16.235 0.0000000000
124853  54.175  7.318  17.497 0.0000000000
84906  54.828  7.752  17.737 0.0000000000
85837  55.163  8.496  17.303 0.0000000000
85829  56.549  8.486  18.198 0.0000000000
83955  58.050  6.825  18.665 0.0000000000
81943  57.834  5.271  18.572 0.0000000000
82892  50.918  5.430  23.187 0.0000000000
130996  51.766  5.467  23.128 0.0000000000
82911  52.288  5.463  22.590 0.0000000000
83881  55.006  5.903  25.295 0.0000000000
83893  54.483  6.226  24.150 0.0000000000
82910  53.243  5.694  22.808 0.0000000000
83904  54.053  6.097  23.317 0.0000000000
83903  54.826  6.485  23.129 0.0000000000
83915  55.630  6.541  22.801 0.0000000000
127004  52.364  1.206  23.257 0.0000000000
78916  53.673  1.715  24.009 0.0000000000
78915  54.536  1.900  23.726 0.0000000000
77974  53.628  1.027  22.357 0.0000000000
77956  54.164  1.445  23.050 0.0000000000
79867  55.679  2.933  24.184 0.0000000000
80863  56.205  3.278  23.845 0.0000000000
81890  56.563  3.801  23.378 0.0000000000
83914  56.366  6.270  22.377 0.0000000000
82922  56.882  5.799  21.839 0.0000000000
82921  57.284  5.167  21.334 0.0000000000
132772  57.541  4.522  20.829 0.0000000000
78927  56.578  2.267  21.391 0.0000000000
79878  57.303  3.393  21.021 0.0000000000
81929  57.883  4.706  19.998 0.0000000000
146909  57.873  4.341  19.783 0.0000000000
81959  57.706  4.505  18.873 0.0000000000
81960  57.324  4.239  18.538 0.0000000000
80917  56.862  3.529  18.452 0.0000000000
79897  55.731  2.425  17.674 0.0000000000
78023  55.238  0.837  17.026 0.0000000000
78024  54.895  0.502  17.149 0.0000000000
78030  54.751  0.452  16.330 0.0000000000
76229  54.229  -1.627  14.698 0.0000000000
75257  54.407  -2.565  14.773 0.0000000000
74227  55.268  -3.358  15.359 0.0000000000
75227  52.131  -2.806  17.073 0.0000000000
74200  52.524  -3.248  17.539 0.0000000000
74214  52.858  -3.104  16.814 0.0000000000
74171  54.141  -3.577  19.076 0.0000000000
142216  54.060  -3.487  17.534 0.0000000000
74213  53.806  -3.310  16.526 0.0000000000
74212  54.900  -3.461  16.231 0.0000000000
126817  55.860  -3.501  16.111 0.0000000000
82915  48.687  5.140  22.792 0.0000000000
148273  49.676  5.486  23.862 0.0000000000
83886  50.258  5.978  25.148 0.0000000000
84848  51.382  7.099  26.892 0.0000000000
83887  49.120  5.919  25.588 0.0000000000
84840  52.476  7.360  27.988 0.0000000000
126670  52.193  6.491  28.585 0.0000000000
82829  51.013  5.966  29.213 0.0000000000
81818  50.322  5.154  28.797 0.0000000000
80786  49.888  3.742  27.890 0.0000000000
95444  38.994  19.017  0.812 0.0000000000
93893  38.805  17.546  0.984 0.0000000000
94678  38.689  17.756  1.024 0.0000000000
126502  38.472  18.108  1.444 0.0000000000
92198  37.966  15.670  2.842 0.0000000000
92189  38.416  15.394  3.430 0.0000000000
91219  40.488  14.208  4.279 0.0000000000
91231  40.451  13.943  2.936 0.0000000000
141859  40.892  13.727  3.442 0.0000000000
91218  41.190  13.876  4.462 0.0000000000
90301  42.368  13.618  5.745 0.0000000000
149554  43.593  12.896  5.966 0.0000000000
89440  44.568  12.072  6.864 0.0000000000
91255  44.178  13.942  1.959 0.0000000000
89468  44.317  13.223  2.193 0.0000000000
125986  44.318  12.800  3.187 0.0000000000
88647  46.839  11.831  3.045 0.0000000000
89456  45.988  12.235  3.333 0.0000000000
89457  45.210  12.396  3.879 0.0000000000
89446  45.395  11.972  5.113 0.0000000000
135363  44.957  12.032  5.996 0.0000000000
88618  45.081  11.411  6.757 0.0000000000
86893  45.635  9.859  6.350 0.0000000000
85966  45.682  8.187  3.319 0.0000000000
91115  50.860  14.604  13.477 0.0000000000
92064  54.417  17.002  13.282 0.0000000000
92079  54.369  16.875  12.551 0.0000000000
93009  54.015  17.167  11.810 0.0000000000
86824  50.839  9.493  11.535 0.0000000000
87747  50.841  10.406  10.321 0.0000000000
90255  51.445  13.032  10.541 0.0000000000
87759  52.202  10.475  9.529 0.0000000000
89402  51.461  12.169  9.917 0.0000000000
90254  52.241  13.755  10.520 0.0000000000
91153  53.221  14.697  10.629 0.0000000000
92110  54.411  16.634  10.565 0.0000000000
93020  53.902  17.240  10.785 0.0000000000
143199  53.615  17.257  9.546 0.0000000000
93032  53.657  17.281  8.850 0.0000000000
93041  53.966  17.385  7.940 0.0000000000
91187  54.808  15.447  7.594 0.0000000000
92151  54.931  17.160  7.422 0.0000000000
92165  53.709  16.320  6.838 0.0000000000
91201  53.162  15.275  6.587 0.0000000000
90292  53.112  14.753  5.809 0.0000000000
91214  53.582  14.772  4.583 0.0000000000
83966  58.091  6.560  16.904 0.0000000000
126336  57.997  6.948  16.230 0.0000000000
84916  58.406  8.066  15.264 0.0000000000
83987  57.377  7.260  14.733 0.0000000000
146991  57.913  7.397  14.870 0.0000000000
85857  58.380  8.628  14.737 0.0000000000
86786  57.946  10.151  13.258 0.0000000000
87717  57.939  10.247  12.267 0.0000000000
87745  57.079  10.311  10.907 0.0000000000
84014  55.125  7.029  12.122 0.0000000000
84965  56.208  7.309  12.157 0.0000000000
84964  57.322  7.534  11.768 0.0000000000
84974  58.177  7.714  10.479 0.0000000000
84962  58.460  8.028  11.127 0.0000000000
84953  58.399  8.067  11.994 0.0000000000
86819  58.720  9.243  11.226 0.0000000000
87744  57.913  10.344  10.493 0.0000000000
87754  57.119  10.410  10.072 0.0000000000
87768  55.687  10.751  8.328 0.0000000000
143358  56.090  11.783  7.276 0.0000000000
89434  56.196  13.133  6.139 0.0000000000
88617  57.042  11.797  5.977 0.0000000000
89433  56.680  12.533  5.883 0.0000000000
139919  55.614  14.132  5.854 0.0000000000
91224  55.372  14.610  4.661 0.0000000000
130446  54.676  15.149  4.612 0.0000000000
91227  53.372  14.612  3.425 0.0000000000
91253  52.896  14.281  2.205 0.0000000000
90350  52.304  14.070  1.832 0.0000000000
88651  53.871  12.458  2.224 0.0000000000
89474  52.915  13.196  1.672 0.0000000000
89475  52.039  12.524  1.576 0.0000000000
88653  51.705  11.659  1.990 0.0000000000
87828  51.262  10.980  2.549 0.0000000000
87824  49.847  10.136  2.689 0.0000000000
87788  53.676  10.537  6.123 0.0000000000
87800  52.835  10.755  5.813 0.0000000000
87781  52.305  10.243  7.020 0.0000000000
87790  52.061  10.547  6.244 0.0000000000
87813  51.805  10.668  4.553 0.0000000000
87814  50.942  10.408  4.161 0.0000000000
87815  50.128  10.012  3.709 0.0000000000
86916  49.336  9.546  3.096 0.0000000000
86910  48.820  9.041  3.539 0.0000000000
85964  47.736  8.005  3.360 0.0000000000
85032  47.285  7.543  4.093 0.0000000000
85026  46.844  7.261  6.069 0.0000000000
78109  53.096  0.264  6.988 0.0000000000
77177  52.382  0.093  7.951 0.0000000000
74198  55.530  -3.542  17.937 0.0000000000
74199  53.299  -3.378  17.424 0.0000000000
74248  54.912  -3.110  14.858 0.0000000000
75234  53.067  -2.305  15.704 0.0000000000
75239  53.737  -2.569  15.220 0.0000000000
75255  56.907  -2.787  13.973 0.0000000000
75256  55.679  -2.473  14.095 0.0000000000
75272  56.366  -2.270  13.725 0.0000000000
76210  52.414  -1.780  16.139 0.0000000000
76237  59.831  -0.364  13.705 0.0000000000
77077  49.489  -0.551  19.439 0.0000000000
77090  50.779  -1.061  17.682 0.0000000000
77093  54.332  -0.208  15.648 0.0000000000
77096  51.883  -1.211  16.655 0.0000000000
77099  54.479  -0.586  14.902 0.0000000000
77108  55.496  -0.967  13.933 0.0000000000
77109  54.925  -0.921  14.368 0.0000000000
77117  60.767  0.557  13.003 0.0000000000
77120  56.154  -0.764  13.517 0.0000000000
77184  53.412  0.720  7.013 0.0000000000
77949  49.408  1.102  24.081 0.0000000000
77957  53.344  1.327  23.229 0.0000000000
77961  49.685  0.931  23.229 0.0000000000
77972  55.257  1.439  22.173 0.0000000000
77977  51.029  0.931  22.635 0.0000000000
77985  54.053  0.801  21.565 0.0000000000
77997  52.883  0.595  20.197 0.0000000000
77999  51.284  0.545  20.164 0.0000000000
78006  56.078  1.329  18.608 0.0000000000
78009  51.241  0.444  19.320 0.0000000000
78020  51.238  0.270  18.435 0.0000000000
78021  50.675  0.222  18.937 0.0000000000
78026  52.666  0.302  17.420 0.0000000000
78031  54.238  0.090  16.435 0.0000000000
78037  55.249  0.400  14.145 0.0000000000
78046  55.860  0.848  13.455 0.0000000000
78054  59.097  1.241  12.162 0.0000000000
78056  57.045  1.065  12.558 0.0000000000
78067  60.255  0.746  11.309 0.0000000000
78078  60.075  0.172  10.447 0.0000000000
78079  58.372  0.358  10.178 0.0000000000
78080  57.667  0.407  10.324 0.0000000000
78095  58.010  -0.184  9.929 0.0000000000
78098  54.987  -0.230  8.497 0.0000000000
78111  51.269  1.473  8.057 0.0000000000
78908  55.100  2.502  24.185 0.0000000000
78910  52.616  1.872  24.878 0.0000000000
78917  52.947  1.693  24.318 0.0000000000
78923  56.368  2.504  22.399 0.0000000000
78925  54.954  1.672  22.967 0.0000000000
78933  56.167  1.565  20.925 0.0000000000
78937  56.552  1.545  19.259 0.0000000000
78938  56.374  1.406  20.037 0.0000000000
78946  54.918  1.456  16.454 0.0000000000
78972  59.321  1.383  11.905 0.0000000000
78974  57.529  1.456  12.114 0.0000000000
78989  59.417  1.206  11.261 0.0000000000
78991  57.941  1.369  11.735 0.0000000000
78993  55.999  1.474  11.816 0.0000000000
79005  58.239  1.024  10.834 0.0000000000
79039  52.214  1.628  7.109 0.0000000000
79828  49.263  3.136  27.700 0.0000000000
79848  53.665  3.197  26.124 0.0000000000
79856  55.026  2.971  25.040 0.0000000000
79858  53.958  2.487  25.123 0.0000000000
79859  52.705  2.624  25.948 0.0000000000
79860  51.881  2.523  26.050 0.0000000000
79862  55.212  2.816  24.582 0.0000000000
79868  55.665  2.658  23.774 0.0000000000
79875  56.121  2.886  23.589 0.0000000000
79876  55.980  2.547  23.233 0.0000000000
79883  57.095  2.736  20.827 0.0000000000
79888  57.254  2.469  20.024 0.0000000000
79896  56.390  2.609  18.288 0.0000000000
79922  53.894  2.116  13.188 0.0000000000
79924  52.663  3.381  12.440 0.0000000000
79949  53.237  1.760  10.637 0.0000000000
79967  53.595  2.337  7.453 0.0000000000
79977  52.645  2.691  6.650 0.0000000000
79978  52.039  2.461  7.005 0.0000000000
80798  51.566  3.591  27.178 0.0000000000
80818  51.685  3.214  26.761 0.0000000000
80835  54.848  3.327  25.527 0.0000000000
80851  55.885  3.434  24.551 0.0000000000
80876  56.780  3.657  22.564 0.0000000000
80896  57.707  3.979  20.371 0.0000000000
80905  57.746  3.940  19.558 0.0000000000
80916  57.440  3.661  18.954 0.0000000000
80932  54.330  4.082  16.480 0.0000000000
80934  53.281  3.586  15.014 0.0000000000
80937  52.994  3.687  14.106 0.0000000000
80946  52.807  3.557  13.281 0.0000000000
80961  52.603  3.168  11.574 0.0000000000
80995  51.556  3.062  7.541 0.0000000000
81016  53.938  3.710  6.563 0.0000000000
81017  53.711  2.947  6.799 0.0000000000
81844  53.519  4.879  27.329 0.0000000000
81856  54.337  4.156  26.457 0.0000000000
81865  55.739  3.847  25.201 0.0000000000
81866  55.480  4.387  25.731 0.0000000000
81907  48.734  4.872  22.036 0.0000000000
81918  57.383  3.900  21.161 0.0000000000
81921  49.402  4.856  21.686 0.0000000000
81922  48.732  4.610  21.188 0.0000000000
81930  51.039  4.668  20.113 0.0000000000
81944  57.921  4.809  19.262 0.0000000000
81945  51.274  4.643  19.181 0.0000000000
81946  50.389  4.540  19.483 0.0000000000
81947  49.517  4.497  19.669 0.0000000000
81961  51.132  4.667  18.416 0.0000000000
81971  57.502  4.975  18.305 0.0000000000
81976  49.312  4.503  18.098 0.0000000000
81978  47.853  4.347  17.636 0.0000000000
81986  55.026  4.166  17.023 0.0000000000
81987  50.170  4.841  16.985 0.0000000000
81989  48.791  4.661  16.804 0.0000000000
81998  53.533  4.322  15.346 0.0000000000
82000  53.166  4.270  14.546 0.0000000000
82023  52.530  3.963  11.965 0.0000000000
82035  52.613  3.747  11.046 0.0000000000
82037  49.616  4.550  10.570 0.0000000000
82038  48.973  4.241  11.089 0.0000000000
82048  50.140  4.018  9.893 0.0000000000
82056  54.084  3.903  8.125 0.0000000000
82065  54.926  4.134  7.005 0.0000000000
82066  51.898  3.696  7.408 0.0000000000
82073  55.398  4.561  6.989 0.0000000000
82840  53.151  6.459  28.026 0.0000000000
82851  53.431  5.717  27.690 0.0000000000
82856  55.227  5.049  26.255 0.0000000000
82864  55.796  4.486  25.218 0.0000000000
82865  55.550  5.074  25.644 0.0000000000
82866  49.516  5.749  24.977 0.0000000000
82878  51.649  5.651  24.084 0.0000000000
82879  50.046  5.627  24.338 0.0000000000
82881  48.318  5.417  24.348 0.0000000000
82889  55.953  5.646  24.094 0.0000000000
82890  53.456  5.921  24.037 0.0000000000
82891  52.508  5.614  23.481 0.0000000000
82894  49.368  5.361  23.325 0.0000000000
82908  56.971  5.017  22.082 0.0000000000
82909  56.637  5.399  22.702 0.0000000000
82923  53.463  5.781  21.873 0.0000000000
82925  51.525  5.095  21.475 0.0000000000
82926  50.765  5.064  21.775 0.0000000000
82934  57.616  5.342  20.414 0.0000000000
82935  53.580  5.833  21.111 0.0000000000
82936  51.799  4.854  19.900 0.0000000000
82943  57.991  5.509  18.796 0.0000000000
82954  57.996  5.901  18.238 0.0000000000
82955  53.337  5.744  18.712 0.0000000000
82957  51.830  4.892  18.479 0.0000000000
82965  53.408  6.091  18.034 0.0000000000
82968  51.088  5.069  17.275 0.0000000000
82973  57.715  6.003  17.241 0.0000000000
82985  56.487  6.208  16.199 0.0000000000
82987  54.300  5.224  15.440 0.0000000000
82988  49.790  5.968  15.876 0.0000000000
82990  46.966  5.465  15.511 0.0000000000
83013  53.241  5.504  12.471 0.0000000000
83018  53.241  5.386  11.738 0.0000000000
83029  53.414  5.249  10.792 0.0000000000
83039  53.766  5.033  9.741 0.0000000000
83048  55.994  5.205  7.483 0.0000000000
83050  51.873  5.430  8.546 0.0000000000
83060  52.963  4.716  6.878 0.0000000000
83070  54.996  4.800  6.692 0.0000000000
83844  51.448  7.318  29.412 0.0000000000
83845  51.261  6.853  29.719 0.0000000000
83851  52.626  6.778  28.326 0.0000000000
83852  51.910  7.116  28.759 0.0000000000
83859  54.028  5.780  27.226 0.0000000000
83869  55.033  5.740  26.104 0.0000000000
83870  54.168  6.240  26.778 0.0000000000
83871  53.407  6.683  27.237 0.0000000000
83873  52.120  6.802  26.425 0.0000000000
83874  50.497  6.480  26.040 0.0000000000
83884  52.702  6.557  25.797 0.0000000000
83885  51.821  6.377  25.607 0.0000000000
83892  54.976  6.146  24.576 0.0000000000
83896  50.858  5.796  24.639 0.0000000000
83901  56.183  5.917  23.307 0.0000000000
83916  55.006  6.671  22.131 0.0000000000
83917  54.121  6.161  22.486 0.0000000000
83936  54.744  6.591  20.719 0.0000000000
83937  54.178  6.220  21.022 0.0000000000
83944  58.082  6.071  18.680 0.0000000000
83946  54.648  6.773  18.998 0.0000000000
83959  58.253  6.809  17.376 0.0000000000
83961  52.346  5.975  17.141 0.0000000000
83968  53.513  7.182  17.002 0.0000000000
83971  51.073  6.253  16.158 0.0000000000
83975  57.133  6.822  15.627 0.0000000000
83982  46.310  6.228  14.830 0.0000000000
83989  50.634  7.139  15.114 0.0000000000
83990  49.771  6.892  14.940 0.0000000000
83991  48.771  6.632  14.794 0.0000000000
83992  47.783  6.642  14.535 0.0000000000
83993  46.886  6.663  14.394 0.0000000000
84023  54.456  6.610  11.672 0.0000000000
84048  56.005  6.480  9.251 0.0000000000
84050  51.290  6.763  9.464 0.0000000000
84060  57.966  6.720  7.484 0.0000000000
84064  51.910  6.296  8.997 0.0000000000
84073  53.011  5.585  7.375 0.0000000000
84081  57.222  6.228  6.732 0.0000000000
84082  56.640  6.406  6.484 0.0000000000
84083  55.285  5.502  6.554 0.0000000000
84832  52.383  7.211  28.273 0.0000000000
84834  51.175  7.698  28.328 0.0000000000
84846  52.912  7.056  27.557 0.0000000000
84847  52.346  7.200  27.308 0.0000000000
84871  56.243  7.160  20.908 0.0000000000
84877  56.143  7.508  20.210 0.0000000000
84886  57.381  7.186  19.511 0.0000000000
84888  55.567  7.420  19.572 0.0000000000
84896  58.198  7.197  17.965 0.0000000000
84897  57.722  7.584  18.550 0.0000000000
84898  57.011  8.059  18.972 0.0000000000
84905  55.621  8.228  18.058 0.0000000000
84910  54.284  7.976  16.948 0.0000000000
84912  52.313  7.105  16.113 0.0000000000
84917  58.245  7.533  15.884 0.0000000000
84918  53.141  7.997  15.897 0.0000000000
84919  51.511  7.345  15.369 0.0000000000
84923  58.359  8.043  14.471 0.0000000000
84924  58.193  7.610  15.030 0.0000000000
84937  58.287  8.070  12.829 0.0000000000
84942  47.951  7.790  13.500 0.0000000000
84943  47.032  7.831  13.455 0.0000000000
84956  56.329  7.322  13.234 0.0000000000
84963  58.079  7.777  11.444 0.0000000000
84976  56.462  7.272  11.071 0.0000000000
84985  58.199  7.584  9.412 0.0000000000
84986  57.616  7.312  9.674 0.0000000000
84996  58.437  7.769  8.198 0.0000000000
84997  58.191  7.381  8.363 0.0000000000
85001  48.518  8.125  9.174 0.0000000000
85021  57.916  7.464  6.113 0.0000000000
85022  57.119  7.364  6.090 0.0000000000
85025  47.426  7.677  5.467 0.0000000000
85055  46.495  7.937  2.413 0.0000000000
85828  57.347  8.185  18.287 0.0000000000
85834  57.296  8.615  17.672 0.0000000000
85836  55.942  8.861  17.599 0.0000000000
85841  58.301  7.841  16.573 0.0000000000
85842  58.048  8.550  16.427 0.0000000000
85843  55.554  9.161  16.907 0.0000000000
85849  58.221  8.781  15.580 0.0000000000
85850  54.351  9.174  15.891 0.0000000000
85858  53.211  9.047  14.904 0.0000000000
85861  50.686  8.179  14.074 0.0000000000
85868  52.018  8.932  13.814 0.0000000000
85871  49.430  8.408  13.292 0.0000000000
85872  48.492  8.390  13.103 0.0000000000
85883  50.740  8.967  12.943 0.0000000000
85887  47.115  9.200  12.769 0.0000000000
85893  58.629  8.497  11.613 0.0000000000
85906  58.670  8.446  9.858 0.0000000000
85917  52.442  8.157  8.450 0.0000000000
85919  50.673  8.594  8.769 0.0000000000
85920  49.381  9.065  7.913 0.0000000000
85928  58.444  8.392  7.781 0.0000000000
85929  58.285  8.129  6.575 0.0000000000
85933  48.662  8.753  7.441 0.0000000000
85942  57.981  8.483  5.580 0.0000000000
85947  48.010  8.323  6.019 0.0000000000
85955  48.433  8.505  4.039 0.0000000000
85971  47.339  8.147  2.543 0.0000000000
85973  45.989  7.842  2.578 0.0000000000
85976  47.054  8.208  2.379 0.0000000000
85977  46.769  8.031  2.292 0.0000000000
86754  56.277  9.232  17.131 0.0000000000
86761  55.157  9.521  16.222 0.0000000000
86765  57.633  9.554  15.432 0.0000000000
86766  56.699  9.865  15.903 0.0000000000
86768  54.777  9.738  15.495 0.0000000000
86772  58.306  9.243  14.270 0.0000000000
86773  57.761  9.781  14.618 0.0000000000
86774  57.100  10.046  15.148 0.0000000000
86775  55.249  10.110  14.823 0.0000000000
86777  53.719  9.486  14.526 0.0000000000
86785  58.465  9.265  13.402 0.0000000000
86789  53.487  9.456  13.637 0.0000000000
86791  51.643  9.172  12.944 0.0000000000
86804  54.912  9.623  12.029 0.0000000000
86805  53.861  9.435  12.153 0.0000000000
86809  49.529  9.286  12.295 0.0000000000
86810  48.817  9.383  12.313 0.0000000000
86822  52.361  9.388  11.452 0.0000000000
86826  48.310  9.904  12.124 0.0000000000
86835  58.702  9.286  10.379 0.0000000000
86836  56.440  10.147  10.448 0.0000000000
86841  51.819  9.859  10.140 0.0000000000
86842  51.088  9.771  10.752 0.0000000000
86851  58.138  10.034  9.154 0.0000000000
86852  56.262  10.196  9.751 0.0000000000
86853  55.330  9.891  9.627 0.0000000000
86855  53.359  9.846  9.566 0.0000000000
86856  52.609  9.975  9.669 0.0000000000
86864  58.350  9.275  8.452 0.0000000000
86876  54.654  8.727  7.051 0.0000000000
86880  49.884  9.474  7.350 0.0000000000
86882  45.225  10.088  6.932 0.0000000000
86886  58.149  9.147  6.086 0.0000000000
86891  49.652  9.527  6.456 0.0000000000
86908  56.981  10.023  4.168 0.0000000000
86911  47.003  9.392  3.588 0.0000000000
87704  56.996  10.288  13.682 0.0000000000
87705  56.122  10.270  14.223 0.0000000000
87721  46.893  10.683  12.670 0.0000000000
87731  58.521  9.969  10.853 0.0000000000
87732  57.905  10.314  11.353 0.0000000000
87734  50.325  9.944  10.923 0.0000000000
87735  49.472  10.349  11.188 0.0000000000
87757  53.879  10.271  8.865 0.0000000000
87758  52.990  10.369  9.246 0.0000000000
87771  53.128  11.450  8.682 0.0000000000
87780  56.407  11.203  7.653 0.0000000000
87786  57.967  10.120  5.966 0.0000000000
87791  51.410  10.456  5.897 0.0000000000
87792  45.471  10.645  6.600 0.0000000000
87796  57.347  10.227  4.338 0.0000000000
87799  53.637  10.824  5.412 0.0000000000
87801  51.977  10.662  5.451 0.0000000000
87808  56.995  10.655  3.990 0.0000000000
87810  55.284  10.741  4.080 0.0000000000
87812  52.865  10.881  4.861 0.0000000000
87816  47.489  10.385  3.316 0.0000000000
87817  47.047  10.470  4.288 0.0000000000
87829  50.401  10.667  2.224 0.0000000000
87835  50.076  11.006  1.562 0.0000000000
87836  49.386  10.976  1.485 0.0000000000
88571  47.112  11.387  12.557 0.0000000000
88572  46.538  11.342  12.947 0.0000000000
88582  48.953  11.075  11.268 0.0000000000
88583  48.285  11.176  11.712 0.0000000000
88584  47.689  11.315  12.166 0.0000000000
88590  51.032  11.302  9.962 0.0000000000
88591  50.293  11.219  10.444 0.0000000000
88592  49.582  11.088  10.806 0.0000000000
88597  52.527  11.805  9.081 0.0000000000
88598  51.880  11.331  9.493 0.0000000000
88605  54.483  11.664  7.892 0.0000000000
88625  45.554  11.373  6.018 0.0000000000
88629  56.846  11.441  3.984 0.0000000000
88640  56.434  11.886  3.504 0.0000000000
88654  50.849  11.319  1.809 0.0000000000
88661  51.195  12.163  1.464 0.0000000000
88663  49.203  11.676  1.318 0.0000000000
88664  48.629  11.952  1.421 0.0000000000
89370  46.924  12.690  13.189 0.0000000000
89381  47.463  12.138  12.470 0.0000000000
89394  48.058  11.794  11.993 0.0000000000
89404  49.836  11.803  10.807 0.0000000000
89423  55.800  12.921  6.696 0.0000000000
89424  55.161  13.273  7.042 0.0000000000
89426  48.767  12.928  7.086 0.0000000000
89436  49.654  12.821  5.932 0.0000000000
89437  48.912  12.703  6.144 0.0000000000
89443  49.838  12.880  5.116 0.0000000000
89445  48.333  12.705  5.331 0.0000000000
89447  44.498  12.529  4.739 0.0000000000
89454  48.585  12.968  4.312 0.0000000000
89464  55.322  12.876  2.700 0.0000000000
89472  54.509  13.160  2.293 0.0000000000
89473  53.741  13.407  2.013 0.0000000000
89476  47.535  13.111  1.485 0.0000000000
89479  44.678  13.702  1.760 0.0000000000
89482  51.996  13.433  1.503 0.0000000000
89483  51.427  13.041  1.351 0.0000000000
89487  48.197  12.846  1.454 0.0000000000
90234  49.532  13.577  12.292 0.0000000000
90245  49.044  12.787  11.882 0.0000000000
90261  53.545  14.635  9.274 0.0000000000
90263  52.033  12.978  9.880 0.0000000000
90278  53.910  14.242  8.270 0.0000000000
90283  47.577  13.426  7.608 0.0000000000
90285  43.382  13.142  7.556 0.0000000000
90298  46.369  13.723  6.323 0.0000000000
90310  45.903  13.916  5.133 0.0000000000
90313  41.733  13.643  4.677 0.0000000000
90322  47.424  13.790  3.603 0.0000000000
90325  42.848  13.362  3.190 0.0000000000
90328  40.899  13.705  3.078 0.0000000000
90334  52.632  14.497  2.921 0.0000000000
90337  49.126  14.242  2.102 0.0000000000
90341  43.732  13.474  2.287 0.0000000000
90342  43.071  13.571  2.642 0.0000000000
90348  54.033  13.911  2.288 0.0000000000
90356  45.535  13.888  1.737 0.0000000000
90357  44.089  13.603  1.979 0.0000000000
90358  43.632  13.743  2.162 0.0000000000
90364  49.511  13.377  1.456 0.0000000000
90365  48.631  13.430  1.519 0.0000000000
91133  51.147  14.335  12.691 0.0000000000
91135  49.138  14.093  12.949 0.0000000000
91142  54.116  15.918  11.206 0.0000000000
91143  53.343  15.094  11.567 0.0000000000
91144  51.388  14.081  11.909 0.0000000000
91152  53.935  15.519  10.106 0.0000000000
91174  55.052  16.756  7.459 0.0000000000
91176  50.709  14.173  8.399 0.0000000000
91178  48.126  13.920  9.019 0.0000000000
91190  47.197  13.998  8.087 0.0000000000
91192  45.906  14.955  7.407 0.0000000000
91198  55.366  14.806  5.381 0.0000000000
91200  54.078  16.004  6.164 0.0000000000
91204  45.344  14.818  6.763 0.0000000000
91212  55.101  15.285  5.171 0.0000000000
91225  55.043  14.956  4.200 0.0000000000
91237  54.763  14.510  3.321 0.0000000000
91238  53.885  14.628  2.999 0.0000000000
91239  53.089  14.488  2.670 0.0000000000
91240  52.353  14.402  2.344 0.0000000000
91242  45.020  14.461  2.922 0.0000000000
91247  40.769  13.904  2.899 0.0000000000
91252  53.542  14.321  2.448 0.0000000000
92080  54.141  16.418  12.867 0.0000000000
92094  54.155  16.182  12.092 0.0000000000
92127  54.572  16.392  9.469 0.0000000000
92128  52.895  16.660  9.253 0.0000000000
92141  54.878  16.608  8.357 0.0000000000
92152  53.411  16.490  7.646 0.0000000000
92164  54.561  16.682  6.671 0.0000000000
92166  44.053  15.681  6.455 0.0000000000
92168  39.825  15.114  6.171 0.0000000000
92175  43.930  15.185  5.585 0.0000000000
92178  39.062  15.051  4.151 0.0000000000
92185  42.769  14.825  3.760 0.0000000000
92188  38.989  14.701  2.603 0.0000000000
92194  40.457  14.280  2.601 0.0000000000
92993  54.333  17.026  12.790 0.0000000000
93008  54.286  16.988  12.086 0.0000000000
93030  54.618  17.147  9.181 0.0000000000
93031  54.113  17.458  9.309 0.0000000000
93039  54.709  17.338  8.496 0.0000000000
93040  54.325  17.458  8.523 0.0000000000
93047  54.495  17.132  7.285 0.0000000000
93063  42.740  16.067  5.809 0.0000000000
93065  41.645  16.709  5.119 0.0000000000
93076  40.389  15.001  2.606 0.0000000000
93826  54.398  17.222  9.653 0.0000000000
93835  54.437  17.344  9.038 0.0000000000
93861  43.213  17.219  6.500 0.0000000000
93867  41.948  17.505  5.524 0.0000000000
93892  39.319  17.818  0.599 0.0000000000
94684  39.009  18.253  0.614 0.0000000000
124072  55.049  9.813  13.140 0.0000000000
124252  50.976  14.401  2.210 0.0000000000
124753  52.429  0.544  19.364 0.0000000000
124902  51.139  0.801  21.929 0.0000000000
124935  56.556  5.004  17.512 0.0000000000
125850  50.128  1.142  23.715 0.0000000000
126165  53.532  2.550  13.878 0.0000000000
126194  49.913  0.489  20.632 0.0000000000
126252  49.902  5.433  16.328 0.0000000000
126658  55.653  6.340  6.489 0.0000000000
126741  49.916  4.608  17.641 0.0000000000
126786  51.265  0.633  21.052 0.0000000000
126925  54.386  6.663  12.647 0.0000000000
127275  50.040  4.552  18.221 0.0000000000
127564  53.017  9.439  10.939 0.0000000000
127665  54.151  0.629  19.070 0.0000000000
127884  58.088  9.775  13.917 0.0000000000
127997  55.928  6.815  21.876 0.0000000000
128141  48.088  4.568  16.848 0.0000000000
128162  54.986  16.643  6.809 0.0000000000
129107  55.116  -2.699  14.468 0.0000000000
129307  53.589  4.344  6.526 0.0000000000
129326  46.415  13.790  1.680 0.0000000000
129378  52.478  5.168  19.759 0.0000000000
129584  53.065  3.472  26.558 0.0000000000
129747  55.392  0.840  17.740 0.0000000000
130088  53.136  6.142  25.045 0.0000000000
130090  49.864  13.031  11.630 0.0000000000
130126  57.090  2.197  19.313 0.0000000000
130371  50.727  5.568  23.957 0.0000000000
130399  51.016  6.793  15.602 0.0000000000
130922  54.765  17.517  7.899 0.0000000000
131208  53.506  2.751  25.754 0.0000000000
131344  56.309  3.835  24.067 0.0000000000
131572  55.782  -3.459  20.675 0.0000000000
132635  51.007  13.382  6.388 0.0000000000
133017  53.147  4.892  13.911 0.0000000000
133421  54.749  4.805  26.594 0.0000000000
133747  54.068  17.348  10.034 0.0000000000
133954  58.658  9.182  11.933 0.0000000000
134198  54.347  9.369  6.874 0.0000000000
134381  54.574  1.691  14.735 0.0000000000
134653  46.879  8.494  2.628 0.0000000000
135368  54.806  1.503  14.009 0.0000000000
135506  54.566  6.107  24.982 0.0000000000
135512  52.735  9.456  7.616 0.0000000000
136734  58.051  -1.596  12.961 0.0000000000
136855  38.745  18.273  0.983 0.0000000000
137167  57.989  8.277  17.166 0.0000000000
137951  52.368  6.778  8.701 0.0000000000
138145  60.645  0.604  12.011 0.0000000000
138679  49.497  4.643  21.026 0.0000000000
138804  54.877  12.262  2.507 0.0000000000
138924  49.299  14.434  9.519 0.0000000000
139021  51.005  1.530  24.650 0.0000000000
139347  56.658  1.399  12.410 0.0000000000
139601  55.990  -0.039  10.023 0.0000000000
139762  58.244  8.047  13.655 0.0000000000
140381  58.438  8.460  13.259 0.0000000000
140612  56.564  1.127  11.340 0.0000000000
140693  54.034  2.856  16.029 0.0000000000
141409  47.971  5.582  15.611 0.0000000000
141549  48.622  8.765  6.523 0.0000000000
141622  48.950  11.196  1.456 0.0000000000
141763  56.298  13.138  5.272 0.0000000000
142222  56.361  12.314  6.620 0.0000000000
142247  53.120  16.563  8.457 0.0000000000
142500  54.253  17.065  10.792 0.0000000000
143677  55.226  0.964  16.747 0.0000000000
143897  52.809  4.644  13.161 0.0000000000
144267  47.431  12.676  1.650 0.0000000000
144663  57.869  10.307  9.755 0.0000000000
144824  53.969  0.115  6.823 0.0000000000
145139  54.418  -0.385  7.335 0.0000000000
145274  42.066  16.228  5.312 0.0000000000
145763  50.344  5.960  16.113 0.0000000000
145799  50.634  5.263  22.444 0.0000000000
145812  54.385  11.915  2.574 0.0000000000
146088  59.993  0.427  13.187 0.0000000000
146307  56.403  2.830  23.040 0.0000000000
146547  57.608  10.452  7.658 0.0000000000
146555  57.657  6.889  15.975 0.0000000000
146804  53.951  1.587  23.541 0.0000000000
147212  52.287  5.224  18.233 0.0000000000
147224  56.767  -0.641  13.048 0.0000000000
147753  54.760  6.842  13.215 0.0000000000
148179  42.510  13.523  2.996 0.0000000000
148208  54.752  3.748  25.958 0.0000000000
148399  50.939  10.289  5.873 0.0000000000
148460  49.940  0.862  22.750 0.0000000000
148604  52.321  5.242  21.174 0.0000000000
148883  53.385  2.619  8.456 0.0000000000
148967  51.037  7.480  27.596 0.0000000000
149030  51.503  5.909  28.834 0.0000000000
149582  56.540  6.988  14.960 0.0000000000
149766  52.671  3.263  26.545 0.0000000000
149854  52.700  7.526  15.991 0.0000000000
