#!ascii label  , from subject sub-v1s18x0051215_ses-1 vox2ras=TkReg
293
80376  26.948  16.170  -26.087 0.0000000000
122744  24.342  7.061  -25.926 0.0000000000
83853  26.649  20.954  -24.699 0.0000000000
92884  23.233  31.494  -27.423 0.0000000000
69595  22.365  4.900  -25.443 0.0000000000
85636  27.086  22.709  -28.087 0.0000000000
88778  27.316  26.275  -27.124 0.0000000000
129391  23.774  14.199  -24.846 0.0000000000
76126  25.178  10.963  -25.681 0.0000000000
129756  27.543  13.597  -27.570 0.0000000000
126501  27.190  17.630  -30.205 0.0000000000
126510  29.219  16.307  -29.635 0.0000000000
132997  26.766  18.375  -25.351 0.0000000000
83006  27.192  20.160  -28.544 0.0000000000
91268  24.730  29.523  -26.480 0.0000000000
90445  26.714  28.524  -28.233 0.0000000000
73484  26.267  8.891  -27.074 0.0000000000
87276  26.672  24.587  -25.140 0.0000000000
88025  26.194  26.085  -25.473 0.0000000000
78637  26.185  14.851  -25.234 0.0000000000
78649  26.355  13.789  -25.738 0.0000000000
78648  26.848  14.661  -26.381 0.0000000000
70583  23.923  5.962  -25.462 0.0000000000
82972  26.732  19.735  -25.773 0.0000000000
131871  27.380  19.590  -26.551 0.0000000000
83874  27.426  20.671  -26.937 0.0000000000
128404  26.611  23.897  -29.016 0.0000000000
84799  26.492  21.862  -29.339 0.0000000000
92885  21.736  30.888  -27.716 0.0000000000
90431  22.611  28.740  -26.496 0.0000000000
92099  24.156  30.261  -26.601 0.0000000000
93581  25.767  32.718  -31.474 0.0000000000
92139  26.267  31.187  -30.950 0.0000000000
92114  26.385  30.432  -28.602 0.0000000000
131049  26.423  29.945  -30.347 0.0000000000
90451  26.559  28.245  -29.764 0.0000000000
76138  26.718  11.303  -27.945 0.0000000000
131266  25.735  9.691  -27.040 0.0000000000
69585  21.763  4.330  -25.283 0.0000000000
84748  27.312  21.905  -25.471 0.0000000000
86473  27.271  23.372  -25.443 0.0000000000
87297  27.332  24.349  -27.437 0.0000000000
88049  27.062  25.447  -28.654 0.0000000000
76128  23.221  11.545  -25.452 0.0000000000
126225  24.741  12.748  -24.908 0.0000000000
77020  26.261  12.242  -26.513 0.0000000000
77032  27.579  12.193  -27.755 0.0000000000
117349  27.367  17.057  -27.997 0.0000000000
133011  27.956  16.275  -28.839 0.0000000000
80418  27.789  17.062  -30.039 0.0000000000
80363  25.420  16.008  -24.758 0.0000000000
81223  25.479  17.472  -24.365 0.0000000000
81247  26.802  16.810  -25.586 0.0000000000
82118  27.304  18.399  -26.901 0.0000000000
82137  26.838  18.674  -29.580 0.0000000000
83022  26.078  19.207  -30.790 0.0000000000
133659  27.259  21.460  -28.012 0.0000000000
128432  26.052  20.855  -30.370 0.0000000000
90423  24.299  27.960  -25.781 0.0000000000
93542  25.228  32.129  -28.000 0.0000000000
92104  25.468  30.846  -27.453 0.0000000000
91267  25.496  29.538  -26.814 0.0000000000
89585  25.651  27.489  -25.796 0.0000000000
89602  26.855  27.820  -27.473 0.0000000000
88792  26.528  26.462  -29.585 0.0000000000
73472  23.540  8.182  -25.475 0.0000000000
75262  24.541  10.330  -25.565 0.0000000000
78677  28.375  15.145  -28.449 0.0000000000
78664  28.653  14.151  -27.822 0.0000000000
126490  25.464  25.833  -25.254 0.0000000000
88764  25.557  26.708  -25.470 0.0000000000
79468  26.662  15.475  -25.746 0.0000000000
79484  27.141  15.527  -26.872 0.0000000000
68612  20.507  2.637  -24.396 0.0000000000
68625  21.213  2.956  -24.801 0.0000000000
131122  23.942  6.626  -25.703 0.0000000000
117809  26.072  20.249  -25.251 0.0000000000
82983  26.961  20.426  -25.493 0.0000000000
87319  26.177  24.123  -29.686 0.0000000000
86522  25.844  23.336  -30.051 0.0000000000
138184  22.398  31.373  -27.694 0.0000000000
92100  23.150  30.244  -26.621 0.0000000000
92106  23.683  30.947  -26.912 0.0000000000
91302  26.235  30.356  -31.074 0.0000000000
91293  26.035  29.377  -31.202 0.0000000000
76153  26.992  11.108  -28.166 0.0000000000
75274  26.712  10.565  -27.964 0.0000000000
125477  21.849  6.749  -25.785 0.0000000000
85614  26.412  22.663  -24.559 0.0000000000
86474  26.712  23.611  -24.848 0.0000000000
123856  27.242  25.207  -26.176 0.0000000000
87283  27.380  24.560  -26.475 0.0000000000
88038  27.378  25.324  -27.068 0.0000000000
87311  27.228  24.957  -28.096 0.0000000000
88048  27.288  25.868  -27.917 0.0000000000
93556  21.914  32.511  -28.556 0.0000000000
136495  23.594  13.240  -25.136 0.0000000000
77824  24.574  13.564  -24.795 0.0000000000
126393  27.022  13.704  -27.066 0.0000000000
77840  26.123  12.937  -25.816 0.0000000000
77839  26.632  12.910  -26.884 0.0000000000
77019  26.744  12.040  -27.571 0.0000000000
77856  27.232  12.707  -27.646 0.0000000000
69584  22.685  4.266  -25.068 0.0000000000
81271  27.288  17.487  -29.362 0.0000000000
128347  27.463  17.164  -28.684 0.0000000000
79457  24.367  15.947  -24.779 0.0000000000
82097  25.368  18.853  -24.298 0.0000000000
122909  25.901  17.971  -24.960 0.0000000000
81235  26.073  17.379  -25.060 0.0000000000
81234  26.906  17.619  -25.531 0.0000000000
81245  27.223  17.653  -26.567 0.0000000000
82107  27.193  18.348  -25.974 0.0000000000
82995  27.392  19.983  -27.372 0.0000000000
130544  27.320  19.302  -28.170 0.0000000000
83007  27.003  19.400  -29.149 0.0000000000
83014  26.457  19.348  -29.990 0.0000000000
85626  27.387  22.822  -26.968 0.0000000000
129182  27.452  21.954  -26.496 0.0000000000
84774  27.305  22.040  -27.559 0.0000000000
84809  26.035  21.685  -30.137 0.0000000000
83906  25.511  20.504  -31.312 0.0000000000
135165  23.661  29.365  -26.388 0.0000000000
89597  21.937  27.971  -26.699 0.0000000000
90430  23.596  28.413  -26.153 0.0000000000
89595  23.550  27.750  -25.881 0.0000000000
90429  24.487  28.718  -26.179 0.0000000000
92911  26.058  32.113  -30.583 0.0000000000
93576  25.713  33.027  -30.570 0.0000000000
92893  25.808  31.917  -28.564 0.0000000000
92115  26.016  31.079  -28.199 0.0000000000
91278  26.495  29.518  -28.174 0.0000000000
91266  26.068  29.535  -27.332 0.0000000000
90438  26.446  28.759  -27.417 0.0000000000
89594  25.762  28.176  -26.269 0.0000000000
119545  26.357  28.146  -26.752 0.0000000000
127186  26.698  27.526  -26.737 0.0000000000
89614  26.189  27.296  -30.266 0.0000000000
89612  26.720  27.487  -29.322 0.0000000000
88793  25.884  26.280  -30.402 0.0000000000
73473  22.642  8.612  -25.295 0.0000000000
76127  24.224  11.246  -25.275 0.0000000000
130945  26.366  9.698  -27.473 0.0000000000
74347  25.053  9.448  -26.252 0.0000000000
74365  25.734  9.055  -26.986 0.0000000000
128278  25.132  8.628  -26.411 0.0000000000
80399  28.396  16.467  -29.382 0.0000000000
79499  27.842  15.711  -28.348 0.0000000000
79498  28.431  15.882  -28.802 0.0000000000
87277  26.001  24.388  -24.738 0.0000000000
122175  26.134  25.257  -25.029 0.0000000000
88024  26.791  25.442  -25.619 0.0000000000
88772  26.707  26.308  -26.008 0.0000000000
78638  25.144  14.305  -24.676 0.0000000000
78665  27.392  14.519  -27.413 0.0000000000
70584  22.986  5.556  -25.554 0.0000000000
69594  23.113  4.828  -25.264 0.0000000000
70571  23.868  5.092  -25.284 0.0000000000
70570  25.414  5.320  -24.721 0.0000000000
81281  26.793  18.055  -30.753 0.0000000000
81280  27.443  17.598  -31.060 0.0000000000
82096  25.851  19.119  -25.538 0.0000000000
82095  27.019  19.009  -25.603 0.0000000000
82982  27.227  19.609  -25.806 0.0000000000
122048  27.372  20.185  -26.259 0.0000000000
86513  26.796  23.335  -28.602 0.0000000000
85649  26.603  22.620  -28.970 0.0000000000
86521  26.325  23.299  -29.363 0.0000000000
85658  26.053  22.540  -29.840 0.0000000000
91269  22.694  29.589  -26.575 0.0000000000
92916  25.892  31.776  -31.553 0.0000000000
92910  26.228  31.286  -30.009 0.0000000000
92892  26.284  31.258  -29.028 0.0000000000
140209  26.546  29.695  -29.606 0.0000000000
91284  26.648  29.043  -29.097 0.0000000000
90448  26.754  28.220  -28.949 0.0000000000
128950  26.488  29.103  -30.144 0.0000000000
90452  26.120  28.315  -30.682 0.0000000000
76139  26.223  10.981  -27.445 0.0000000000
76125  25.715  10.768  -26.594 0.0000000000
75275  26.010  10.273  -27.354 0.0000000000
127444  21.038  3.824  -25.058 0.0000000000
70572  20.839  4.726  -25.332 0.0000000000
70585  21.992  5.537  -25.735 0.0000000000
71557  22.365  6.210  -25.839 0.0000000000
71556  23.222  6.395  -25.720 0.0000000000
72549  23.502  7.026  -25.818 0.0000000000
84750  25.856  21.724  -24.561 0.0000000000
84761  27.121  21.223  -25.208 0.0000000000
84749  26.902  21.863  -24.794 0.0000000000
85612  27.425  22.653  -25.853 0.0000000000
130644  27.436  23.296  -26.178 0.0000000000
131448  27.060  24.050  -25.349 0.0000000000
86487  27.373  23.964  -25.920 0.0000000000
86501  27.210  23.489  -27.730 0.0000000000
87298  27.022  24.100  -28.345 0.0000000000
87312  26.744  24.702  -28.997 0.0000000000
125680  26.323  24.936  -29.669 0.0000000000
92894  21.536  31.659  -28.222 0.0000000000
93545  22.633  31.963  -27.990 0.0000000000
93544  23.595  32.126  -27.734 0.0000000000
77006  23.925  12.189  -25.114 0.0000000000
77005  25.004  11.820  -25.181 0.0000000000
77823  25.510  13.286  -25.037 0.0000000000
124816  25.646  12.425  -25.447 0.0000000000
77004  25.850  11.517  -26.179 0.0000000000
129508  26.371  11.600  -27.302 0.0000000000
77033  27.073  11.670  -27.948 0.0000000000
80388  27.181  16.344  -26.835 0.0000000000
80387  27.413  16.204  -27.649 0.0000000000
80400  27.641  16.554  -28.436 0.0000000000
80409  27.737  16.837  -29.114 0.0000000000
80417  28.753  16.683  -30.314 0.0000000000
81279  28.184  17.149  -30.927 0.0000000000
80424  28.808  16.782  -31.482 0.0000000000
80416  29.539  16.539  -30.723 0.0000000000
78639  24.002  15.120  -24.629 0.0000000000
79456  25.214  15.328  -24.727 0.0000000000
80377  26.324  16.218  -25.235 0.0000000000
80364  24.843  16.650  -24.572 0.0000000000
80350  25.705  16.670  -24.634 0.0000000000
81246  27.141  16.897  -26.298 0.0000000000
81253  27.299  17.723  -27.501 0.0000000000
81264  27.288  17.789  -28.482 0.0000000000
130880  27.383  19.137  -27.194 0.0000000000
82130  27.188  18.616  -28.759 0.0000000000
81272  26.888  18.062  -29.905 0.0000000000
82144  26.509  18.639  -30.387 0.0000000000
82152  26.230  18.559  -31.364 0.0000000000
83865  27.404  21.074  -26.081 0.0000000000
128346  27.412  21.328  -27.161 0.0000000000
83886  27.333  20.794  -27.839 0.0000000000
126279  26.986  21.979  -28.506 0.0000000000
129016  26.987  21.124  -28.852 0.0000000000
83895  26.607  20.290  -29.609 0.0000000000
83905  25.999  19.961  -30.498 0.0000000000
89587  23.959  27.221  -25.571 0.0000000000
93555  23.899  32.657  -28.129 0.0000000000
93554  24.679  32.594  -28.293 0.0000000000
93543  24.468  32.178  -27.744 0.0000000000
92882  24.966  31.614  -27.486 0.0000000000
92105  24.602  30.962  -27.017 0.0000000000
92098  25.055  30.228  -26.880 0.0000000000
92103  26.087  30.269  -27.818 0.0000000000
92097  25.651  30.083  -27.260 0.0000000000
90428  25.289  28.855  -26.345 0.0000000000
90422  25.085  28.128  -25.880 0.0000000000
89586  24.885  27.366  -25.538 0.0000000000
88763  26.264  26.895  -25.784 0.0000000000
122028  26.734  26.991  -26.352 0.0000000000
88786  27.186  26.860  -27.919 0.0000000000
89609  26.944  27.674  -28.439 0.0000000000
131218  27.005  26.943  -28.855 0.0000000000
129876  27.063  26.185  -28.766 0.0000000000
88062  26.133  25.569  -29.991 0.0000000000
126431  22.920  7.603  -25.507 0.0000000000
125287  23.940  7.608  -25.766 0.0000000000
74349  23.005  9.578  -25.305 0.0000000000
74348  24.014  9.634  -25.445 0.0000000000
125749  23.657  8.888  -25.464 0.0000000000
73471  24.427  8.257  -25.853 0.0000000000
72548  24.784  7.571  -26.078 0.0000000000
79483  27.516  15.338  -27.721 0.0000000000
125530  27.868  14.809  -28.068 0.0000000000
79497  29.253  15.515  -28.622 0.0000000000
136236  28.292  14.408  -28.076 0.0000000000
124984  27.873  14.018  -27.815 0.0000000000
77855  27.808  13.227  -27.770 0.0000000000
75261  25.373  10.207  -26.421 0.0000000000
76152  27.251  11.333  -28.024 0.0000000000
79469  26.042  15.559  -25.066 0.0000000000
79509  29.002  16.024  -29.122 0.0000000000
81236  24.471  17.295  -24.560 0.0000000000
81254  27.243  16.976  -27.154 0.0000000000
81265  27.082  18.096  -29.218 0.0000000000
82129  27.338  18.492  -27.843 0.0000000000
85613  27.176  22.671  -25.016 0.0000000000
86500  27.420  23.736  -26.789 0.0000000000
87275  27.170  24.671  -25.677 0.0000000000
88031  27.147  25.870  -26.384 0.0000000000
88055  26.651  25.543  -29.309 0.0000000000
88771  27.073  26.514  -26.563 0.0000000000
88779  27.114  27.031  -27.001 0.0000000000
89593  26.245  27.550  -26.237 0.0000000000
90427  25.953  28.873  -26.752 0.0000000000
92883  24.132  31.612  -27.289 0.0000000000
94189  24.919  32.947  -28.906 0.0000000000
120351  26.586  29.858  -28.975 0.0000000000
130401  27.310  19.024  -26.277 0.0000000000
130812  26.459  21.174  -29.695 0.0000000000
133786  25.174  8.037  -26.359 0.0000000000
137088  29.386  16.452  -30.115 0.0000000000
139772  28.158  13.793  -27.854 0.0000000000
