#!ascii label  , from subject sub-v1s18x0051225_ses-1 vox2ras=TkReg
737
18836  -37.701  -62.735  -12.485 0.5000000000
113873  -36.305  -62.740  -11.683 0.8000000119
20545  -35.682  -61.441  -10.848 0.8000000119
19704  -35.960  -62.109  -11.266 0.8000000119
19723  -36.748  -61.960  -11.664 0.8000000119
19725  -38.733  -62.903  -13.232 0.5000000000
125449  -37.025  -62.528  -12.023 0.5000000000
19724  -37.575  -61.866  -12.212 0.6000000238
22243  -35.559  -59.502  -10.491 0.6999999881
22244  -36.187  -59.977  -10.947 0.6999999881
21382  -36.798  -60.464  -11.441 0.8000000119
21383  -37.441  -60.590  -11.877 0.6999999881
18837  -38.687  -63.829  -13.463 0.6000000238
107968  -39.033  -62.036  -13.326 0.5000000000
20565  -38.407  -61.519  -12.730 0.6000000238
24050  -33.998  -57.844  -9.748 0.6999999881
115047  -38.530  -60.774  -12.762 0.6000000238
23137  -34.733  -58.120  -10.170 0.6999999881
22242  -34.935  -58.983  -10.034 0.6999999881
22253  -36.801  -59.518  -11.418 0.6999999881
20564  -37.833  -61.032  -12.242 0.6000000238
22260  -38.896  -59.573  -12.926 0.6000000238
22254  -37.421  -59.948  -11.842 0.8000000119
22259  -38.091  -59.675  -12.298 0.6999999881
19728  -39.812  -62.538  -14.026 0.4000000060
20567  -39.170  -61.261  -13.398 0.6000000238
24061  -33.492  -57.223  -10.165 0.6999999881
22265  -39.850  -59.518  -13.767 0.6000000238
24062  -34.407  -57.536  -10.485 0.6999999881
121728  -35.477  -58.532  -10.572 0.6999999881
23138  -36.167  -59.028  -10.975 0.6999999881
23146  -36.787  -58.601  -11.444 0.6999999881
23151  -38.273  -58.889  -12.353 0.6999999881
113711  -39.431  -57.067  -12.646 0.5000000000
24074  -36.674  -57.774  -11.577 0.6000000238
24075  -37.552  -58.159  -11.841 0.6000000238
108337  -38.687  -57.209  -12.334 0.6000000238
24084  -37.828  -57.346  -12.010 0.6000000238
25075  -38.855  -56.231  -12.227 0.5000000000
20569  -40.694  -61.137  -14.201 0.4000000060
20568  -39.932  -61.095  -14.047 0.5000000000
25053  -32.686  -56.807  -10.362 0.6999999881
21393  -40.260  -60.412  -14.114 0.6000000238
24063  -35.268  -57.754  -10.798 0.6999999881
23159  -39.911  -58.683  -13.600 0.6000000238
23145  -36.085  -58.109  -11.079 0.6999999881
24086  -39.487  -57.908  -12.950 0.5000000000
120415  -37.127  -57.424  -11.872 0.6000000238
25076  -39.867  -56.542  -12.762 0.5000000000
25074  -37.798  -56.465  -12.142 0.5000000000
113730  -30.409  -57.087  -11.684 0.6000000238
112767  -31.529  -56.803  -13.373 0.6000000238
21396  -41.154  -61.219  -14.010 0.5000000000
21394  -41.060  -60.612  -14.141 0.5000000000
25060  -31.944  -56.583  -11.956 0.6999999881
25052  -31.927  -56.630  -10.785 0.6999999881
22266  -40.814  -59.826  -14.183 0.5000000000
23160  -40.656  -59.017  -14.094 0.5000000000
23161  -41.527  -58.482  -14.204 0.4000000060
25054  -33.299  -56.799  -10.901 0.6999999881
25062  -34.433  -56.922  -12.105 0.6999999881
25063  -35.128  -57.075  -12.228 0.6999999881
24097  -40.930  -57.526  -14.051 0.5000000000
24073  -35.779  -57.417  -11.643 0.6999999881
24083  -36.399  -57.132  -12.134 0.6000000238
24087  -40.125  -57.338  -13.283 0.5000000000
106275  -36.993  -56.778  -12.186 0.6000000238
25077  -40.615  -56.749  -13.468 0.5000000000
26035  -36.832  -55.944  -12.632 0.5000000000
26036  -37.596  -55.293  -12.433 0.5000000000
115615  -38.631  -55.021  -12.237 0.5000000000
26037  -39.559  -55.665  -12.425 0.5000000000
26990  -40.297  -54.595  -12.444 0.3000000119
24099  -42.957  -57.928  -13.970 0.3000000119
24082  -29.980  -57.418  -13.776 0.6000000238
25059  -30.598  -57.094  -12.890 0.6000000238
108091  -41.958  -59.267  -13.619 0.4000000060
23163  -42.296  -58.043  -14.186 0.4000000060
25069  -32.506  -56.574  -13.044 0.6000000238
24098  -41.751  -57.536  -14.344 0.5000000000
115587  -33.593  -56.727  -11.830 0.6999999881
25088  -41.348  -56.870  -14.136 0.5000000000
25072  -35.598  -56.825  -12.630 0.5000000000
26050  -41.095  -56.147  -13.586 0.5000000000
25073  -36.182  -56.454  -12.804 0.5000000000
26039  -40.822  -55.376  -12.954 0.4000000060
26991  -41.221  -54.593  -12.883 0.4000000060
26989  -39.393  -54.692  -12.279 0.4000000060
24095  -30.012  -57.203  -14.664 0.6000000238
25068  -30.698  -57.145  -14.294 0.6000000238
25083  -31.435  -56.714  -14.751 0.6000000238
25084  -32.318  -56.608  -14.483 0.6000000238
25093  -32.879  -56.282  -15.016 0.6000000238
25095  -42.898  -56.749  -14.488 0.3000000119
25089  -42.081  -56.846  -14.468 0.4000000060
106336  -33.207  -56.548  -12.706 0.6000000238
26052  -42.373  -56.141  -14.475 0.3000000119
25086  -34.593  -56.182  -14.233 0.6000000238
27005  -42.644  -55.333  -14.370 0.3000000119
111127  -41.714  -56.318  -14.203 0.3000000119
25071  -34.776  -56.631  -13.215 0.6000000238
27006  -43.019  -54.434  -14.198 0.3000000119
26051  -41.708  -55.504  -13.792 0.3000000119
116204  -35.428  -55.579  -14.104 0.5000000000
25087  -35.364  -56.225  -13.632 0.5000000000
26049  -36.064  -55.557  -13.533 0.5000000000
27932  -42.260  -53.101  -12.830 0.3000000119
27004  -42.119  -54.590  -13.593 0.3000000119
124641  -36.728  -55.090  -13.089 0.5000000000
26988  -37.830  -54.140  -12.771 0.5000000000
27931  -41.578  -53.607  -12.715 0.3000000119
27002  -36.443  -54.554  -14.042 0.5000000000
27929  -39.369  -53.637  -12.309 0.4000000060
27930  -40.590  -53.650  -12.340 0.3000000119
26056  -30.658  -56.635  -14.911 0.5000000000
25082  -30.661  -56.841  -14.848 0.6000000238
123897  -31.950  -56.171  -15.271 0.5000000000
25094  -33.786  -56.121  -14.748 0.6000000238
26058  -33.249  -55.932  -15.121 0.5000000000
28850  -43.508  -52.866  -13.571 0.3000000119
26059  -34.469  -55.732  -14.592 0.6000000238
27941  -42.961  -53.505  -13.540 0.3000000119
26048  -34.975  -55.853  -14.325 0.6000000238
27927  -37.590  -53.579  -14.078 0.5000000000
111941  -38.630  -53.928  -12.422 0.4000000060
124421  -38.714  -52.989  -12.776 0.4000000060
26047  -31.305  -55.884  -14.998 0.5000000000
27007  -32.188  -55.633  -15.106 0.5000000000
25092  -32.090  -56.382  -15.110 0.5000000000
27008  -32.959  -55.534  -15.068 0.5000000000
28852  -44.866  -51.868  -13.948 0.3000000119
28851  -43.961  -51.960  -13.452 0.3000000119
119237  -33.892  -55.720  -14.797 0.6000000238
27011  -35.554  -54.442  -14.460 0.5000000000
27003  -37.024  -53.695  -14.494 0.5000000000
28840  -40.506  -52.379  -12.338 0.4000000060
124738  -39.600  -51.169  -13.575 0.4000000060
26998  -31.664  -54.986  -14.365 0.5000000000
26999  -32.573  -54.875  -14.524 0.5000000000
26986  -33.058  -54.304  -13.563 0.5000000000
28853  -45.770  -51.795  -14.159 0.4000000060
29700  -45.371  -50.683  -13.825 0.4000000060
27009  -33.684  -55.395  -14.810 0.5000000000
27001  -34.138  -54.721  -14.534 0.5000000000
29699  -44.344  -50.862  -13.462 0.4000000060
28843  -43.078  -51.990  -12.871 0.3000000119
27010  -34.630  -54.987  -14.578 0.5000000000
27012  -36.301  -54.007  -14.527 0.4000000060
28839  -38.480  -52.209  -14.466 0.4000000060
26984  -31.187  -54.400  -13.081 0.5000000000
26985  -32.136  -54.392  -13.341 0.5000000000
29701  -46.412  -50.919  -14.147 0.4000000060
27000  -33.431  -54.792  -14.566 0.5000000000
27924  -33.551  -53.762  -12.714 0.4000000060
31451  -45.309  -49.809  -13.561 0.4000000060
27925  -34.402  -53.523  -13.074 0.4000000060
27936  -34.820  -54.214  -14.429 0.4000000060
29695  -43.400  -50.953  -12.936 0.4000000060
27937  -35.646  -53.595  -14.414 0.4000000060
28847  -36.668  -53.018  -14.650 0.4000000060
28856  -37.585  -52.488  -14.661 0.4000000060
27938  -37.714  -52.828  -14.640 0.4000000060
28849  -37.876  -52.051  -14.836 0.4000000060
29691  -38.789  -51.229  -14.324 0.4000000060
107789  -39.585  -50.525  -13.877 0.4000000060
27922  -31.783  -54.018  -12.136 0.5000000000
27909  -32.340  -53.646  -11.388 0.4000000060
30560  -46.972  -50.557  -13.978 0.4000000060
30559  -46.036  -50.181  -13.793 0.4000000060
27923  -32.660  -53.930  -12.415 0.5000000000
116324  -34.796  -53.677  -14.042 0.4000000060
30553  -43.792  -49.917  -13.133 0.4000000060
28836  -36.127  -52.837  -14.283 0.4000000060
29692  -40.173  -50.252  -13.347 0.3000000119
29698  -38.082  -52.021  -14.857 0.4000000060
27910  -33.193  -53.523  -11.596 0.5000000000
31448  -45.454  -49.666  -13.424 0.4000000060
27911  -34.073  -53.385  -11.873 0.4000000060
27912  -34.932  -53.192  -12.299 0.4000000060
116984  -35.707  -52.754  -13.036 0.4000000060
28837  -36.561  -52.303  -13.725 0.4000000060
28848  -36.973  -52.404  -14.527 0.4000000060
29687  -38.675  -50.828  -14.115 0.4000000060
30548  -39.487  -50.516  -13.866 0.4000000060
27900  -32.817  -53.247  -10.700 0.4000000060
28824  -33.707  -53.114  -10.901 0.4000000060
109939  -34.177  -52.497  -10.418 0.4000000060
28810  -35.096  -52.443  -10.680 0.4000000060
28826  -35.463  -52.782  -11.654 0.4000000060
28827  -36.329  -52.479  -12.259 0.4000000060
28828  -36.968  -51.956  -13.179 0.4000000060
29686  -37.720  -51.364  -13.550 0.4000000060
28809  -33.275  -52.647  -10.197 0.4000000060
29671  -34.633  -51.811  -10.045 0.4000000060
29672  -35.541  -51.802  -10.293 0.4000000060
28811  -36.055  -52.383  -11.126 0.4000000060
29673  -36.552  -51.799  -10.736 0.4000000060
28812  -36.943  -52.085  -11.899 0.4000000060
29674  -37.460  -51.494  -11.543 0.4000000060
30543  -39.549  -49.809  -13.518 0.3000000119
30542  -39.010  -50.103  -13.480 0.4000000060
28800  -33.715  -51.920  -9.862 0.4000000060
29653  -34.189  -51.095  -9.656 0.4000000060
29654  -35.115  -51.173  -9.737 0.4000000060
30531  -36.938  -51.167  -10.381 0.4000000060
112351  -37.205  -50.589  -10.102 0.4000000060
30550  -40.360  -49.633  -12.968 0.4000000060
30549  -39.701  -50.001  -13.703 0.3000000119
30541  -38.291  -50.801  -12.666 0.4000000060
30533  -38.582  -50.298  -11.691 0.5000000000
31411  -33.920  -49.770  -9.728 0.4000000060
31412  -34.539  -49.867  -9.414 0.4000000060
30515  -34.828  -50.516  -9.473 0.4000000060
30532  -37.836  -50.910  -10.948 0.4000000060
31435  -39.204  -49.706  -12.397 0.5000000000
31396  -34.879  -49.278  -9.067 0.4000000060
31424  -38.765  -49.618  -10.958 0.5000000000
118143  -33.535  -49.142  -9.869 0.4000000060
32336  -34.179  -49.052  -9.720 0.4000000060
32325  -34.608  -48.661  -9.181 0.4000000060
31416  -38.282  -49.187  -10.011 0.5000000000
34312  -34.266  -46.533  -10.778 0.4000000060
32335  -33.635  -48.404  -10.168 0.4000000060
33305  -34.119  -47.199  -10.617 0.4000000060
110616  -34.184  -48.108  -9.968 0.4000000060
112427  -34.365  -47.506  -9.558 0.4000000060
34287  -34.544  -46.977  -8.601 0.5000000000
33304  -33.703  -47.617  -10.635 0.4000000060
26987  -37.127  -54.354  -13.466 0.5000000000
27928  -38.208  -53.103  -13.923 0.5000000000
107252  -39.258  -52.237  -12.821 0.4000000060
121311  -37.792  -63.582  -12.804 0.5000000000
19703  -35.109  -62.231  -10.940 0.8000000119
20544  -34.782  -61.483  -10.432 0.8000000119
21371  -34.734  -60.702  -10.099 0.6999999881
126789  -39.312  -64.088  -13.935 0.5000000000
113755  -33.997  -58.988  -9.410 0.6999999881
17977  -40.026  -64.348  -14.555 0.5000000000
24049  -33.190  -57.713  -9.409 0.6999999881
19729  -40.631  -62.303  -14.228 0.4000000060
18843  -39.800  -63.436  -14.152 0.4000000060
24060  -32.765  -57.198  -9.712 0.6999999881
25051  -31.167  -56.775  -11.592 0.6999999881
20570  -41.296  -61.528  -13.769 0.4000000060
21395  -41.344  -60.947  -13.667 0.4000000060
24070  -29.853  -57.370  -12.410 0.6000000238
23162  -42.478  -58.545  -13.616 0.4000000060
24094  -29.324  -57.531  -14.236 0.6000000238
24103  -29.371  -57.163  -14.697 0.5000000000
26046  -30.301  -55.881  -14.563 0.5000000000
26997  -30.707  -55.077  -14.007 0.5000000000
27908  -31.652  -53.642  -11.292 0.4000000060
28807  -31.526  -52.919  -10.130 0.4000000060
28808  -32.389  -52.850  -10.021 0.4000000060
28799  -32.795  -52.132  -9.669 0.4000000060
29652  -33.197  -51.328  -9.542 0.4000000060
30514  -33.548  -50.501  -9.563 0.4000000060
34311  -34.030  -46.386  -11.442 0.4000000060
19717  -35.414  -62.856  -11.432 0.8000000119
20546  -36.134  -60.756  -10.994 0.8000000119
21372  -35.476  -60.569  -10.496 0.6999999881
21392  -39.292  -60.387  -13.444 0.6000000238
23152  -39.173  -58.773  -12.948 0.6999999881
115052  -37.488  -59.124  -11.826 0.6999999881
24096  -40.459  -58.180  -13.809 0.6000000238
24085  -38.502  -58.047  -12.378 0.6000000238
25061  -32.711  -56.579  -11.553 0.6999999881
22267  -41.483  -60.080  -13.670 0.5000000000
106788  -41.404  -59.369  -14.089 0.5000000000
24105  -42.561  -57.427  -14.334 0.3000000119
27939  -38.134  -52.336  -14.749 0.4000000060
27948  -36.975  -53.245  -14.684 0.4000000060
29690  -38.150  -51.655  -14.598 0.4000000060
15307  -21.515  -67.096  -18.020 0.4000000060
15313  -22.632  -66.813  -18.038 0.4000000060
14415  -24.584  -66.921  -17.675 0.4000000060
15310  -25.359  -66.738  -17.523 0.4000000060
16214  -23.624  -66.400  -17.310 0.4000000060
16215  -24.661  -66.317  -17.312 0.4000000060
15311  -26.187  -66.816  -17.449 0.4000000060
15312  -26.622  -66.100  -17.323 0.4000000060
116050  -27.525  -67.042  -17.128 0.5000000000
16203  -25.365  -66.028  -17.076 0.4000000060
16204  -26.239  -65.883  -17.115 0.4000000060
118908  -27.858  -65.742  -17.155 0.5000000000
16206  -28.760  -65.293  -17.262 0.5000000000
108479  -29.679  -65.089  -17.653 0.6000000238
16187  -24.530  -66.762  -16.233 0.4000000060
16188  -25.846  -66.046  -16.672 0.4000000060
16190  -27.508  -65.610  -16.795 0.4000000060
111851  -29.325  -65.880  -17.085 0.5000000000
117665  -40.563  -63.011  -14.265 0.3000000119
18845  -41.176  -63.065  -13.959 0.4000000060
21389  -41.624  -60.684  -13.149 0.3000000119
16192  -30.117  -66.078  -16.699 0.5000000000
17100  -38.156  -66.090  -14.750 0.5000000000
17101  -39.382  -65.831  -14.993 0.4000000060
15282  -28.216  -66.549  -14.646 0.4000000060
17104  -28.448  -65.347  -17.180 0.5000000000
17113  -29.137  -65.153  -17.400 0.5000000000
120791  -26.808  -67.032  -15.128 0.4000000060
16189  -26.614  -65.862  -16.696 0.4000000060
16207  -30.662  -65.231  -17.315 0.6000000238
16208  -31.651  -65.520  -16.649 0.6000000238
17117  -33.155  -65.208  -16.583 0.6999999881
17091  -38.360  -65.417  -14.148 0.5000000000
16209  -32.686  -65.732  -16.416 0.6999999881
17119  -34.959  -65.921  -16.355 0.6999999881
17099  -36.976  -66.113  -14.872 0.6999999881
17118  -34.125  -65.639  -16.372 0.6999999881
17108  -34.525  -65.263  -16.005 0.6999999881
17105  -28.664  -65.041  -17.082 0.5000000000
117620  -29.750  -64.936  -17.672 0.6000000238
17114  -30.403  -64.855  -17.564 0.6000000238
17988  -32.412  -64.141  -16.551 0.6000000238
16182  -28.455  -65.784  -15.152 0.4000000060
17094  -28.755  -65.073  -15.906 0.5000000000
17987  -30.501  -64.142  -16.258 0.6000000238
17115  -31.262  -64.851  -17.305 0.6000000238
17994  -32.525  -64.664  -16.804 0.6000000238
17990  -33.917  -64.697  -15.926 0.6000000238
23153  -42.251  -59.119  -13.096 0.3000000119
17116  -32.169  -64.981  -16.969 0.6000000238
17107  -33.810  -65.036  -16.385 0.6999999881
17975  -37.600  -64.951  -13.401 0.6000000238
17096  -29.782  -65.158  -14.244 0.6000000238
108438  -30.276  -64.496  -14.083 0.6000000238
17980  -30.604  -63.927  -14.957 0.6999999881
17981  -31.339  -63.772  -15.900 0.6000000238
17982  -32.895  -63.831  -15.703 0.6000000238
16183  -29.210  -65.741  -14.477 0.5000000000
17986  -29.813  -64.493  -16.558 0.6000000238
17983  -33.604  -64.203  -15.392 0.6000000238
17984  -34.315  -64.702  -15.168 0.6999999881
17973  -35.571  -65.106  -13.491 0.6999999881
17097  -35.043  -65.316  -15.037 0.6999999881
17968  -37.909  -64.273  -13.177 0.6000000238
17974  -36.553  -65.100  -13.300 0.6999999881
17970  -30.471  -64.403  -13.116 0.6000000238
18839  -30.781  -63.793  -13.862 0.6999999881
18841  -32.092  -62.776  -13.625 0.6999999881
18846  -31.276  -63.462  -14.596 0.6999999881
18848  -32.495  -63.423  -14.932 0.6000000238
18835  -36.810  -63.355  -12.234 0.5000000000
17971  -33.925  -64.222  -14.356 0.6999999881
17972  -34.709  -64.895  -14.007 0.6999999881
17967  -36.941  -64.329  -12.759 0.6000000238
19722  -32.948  -62.715  -12.287 0.6999999881
19716  -34.548  -62.848  -11.298 0.6999999881
19727  -31.811  -62.554  -13.022 0.6999999881
116726  -33.174  -63.219  -13.010 0.6000000238
18826  -33.803  -63.396  -12.175 0.5000000000
18847  -31.982  -63.068  -14.320 0.6999999881
110251  -32.699  -63.143  -13.932 0.6000000238
18833  -34.408  -64.019  -12.561 0.6999999881
115981  -36.123  -63.989  -12.381 0.5000000000
18849  -33.218  -63.642  -14.701 0.6000000238
18834  -35.282  -64.095  -12.364 0.6999999881
17966  -35.860  -64.618  -12.803 0.6000000238
20559  -34.203  -62.294  -10.766 0.6999999881
18828  -35.780  -63.470  -11.915 0.6000000238
17092  -39.406  -65.114  -14.526 0.5000000000
18827  -34.728  -63.510  -11.835 0.6000000238
15309  -22.965  -66.581  -17.602 0.4000000060
121982  -27.975  -66.288  -17.233 0.4000000060
15291  -26.259  -66.401  -15.864 0.4000000060
16191  -28.200  -65.329  -16.434 0.4000000060
16181  -27.745  -65.888  -15.632 0.4000000060
17109  -35.407  -65.830  -15.879 0.6999999881
17098  -35.863  -65.782  -14.919 0.6999999881
17992  -31.086  -64.443  -17.062 0.6000000238
18851  -32.150  -63.721  -15.859 0.6000000238
17095  -29.380  -64.829  -15.480 0.6999999881
17979  -30.005  -64.436  -15.198 0.6000000238
124225  -31.854  -63.440  -15.110 0.6000000238
18832  -32.450  -62.752  -13.088 0.6999999881
110395  -33.785  -63.793  -12.903 0.6000000238
19715  -33.660  -62.744  -11.426 0.6000000238
19720  -31.586  -62.337  -12.424 0.5000000000
17086  -29.668  -65.846  -13.446 0.4000000060
16168  -28.979  -66.960  -13.187 0.4000000060
17083  -29.904  -65.705  -12.552 0.5000000000
17084  -30.235  -65.017  -12.533 0.5000000000
17963  -30.438  -64.323  -12.222 0.5000000000
18825  -31.118  -62.360  -11.947 0.5000000000
19701  -31.197  -61.850  -11.168 0.5000000000
18830  -30.823  -63.539  -12.892 0.5000000000
19714  -32.618  -62.119  -11.514 0.6000000238
20542  -32.798  -61.513  -10.540 0.5000000000
20558  -31.983  -61.554  -11.151 0.5000000000
113031  -32.075  -61.202  -10.516 0.6000000238
21359  -33.224  -60.161  -9.455 0.6000000238
113882  -29.084  -66.979  -12.200 0.5000000000
17078  -30.009  -65.185  -11.746 0.5000000000
19713  -30.635  -62.612  -11.204 0.5000000000
18824  -30.660  -63.257  -11.933 0.5000000000
120387  -34.216  -61.071  -10.025 0.6000000238
20527  -31.587  -60.985  -9.975 0.6000000238
21358  -32.438  -59.997  -9.236 0.5000000000
22229  -33.005  -59.322  -9.047 0.6000000238
17959  -29.761  -64.818  -10.949 0.5000000000
113036  -30.311  -63.450  -11.105 0.5000000000
18810  -30.015  -63.081  -10.415 0.5000000000
19700  -30.479  -62.120  -10.455 0.5000000000
20540  -30.977  -61.490  -10.293 0.5000000000
21360  -34.123  -60.286  -9.656 0.6000000238
111458  -31.905  -60.432  -9.486 0.5000000000
22218  -32.207  -59.252  -8.779 0.6000000238
17071  -29.502  -65.605  -11.077 0.5000000000
18820  -29.896  -64.016  -10.704 0.5000000000
18809  -29.430  -63.110  -9.769 0.5000000000
20525  -29.506  -61.796  -9.015 0.5000000000
20510  -29.132  -61.178  -8.558 0.6000000238
19690  -29.816  -62.393  -9.719 0.4000000060
21356  -28.459  -59.974  -8.729 0.4000000060
21342  -29.479  -60.528  -8.530 0.5000000000
123216  -30.655  -60.489  -8.890 0.5000000000
20526  -30.294  -61.644  -9.623 0.4000000060
22227  -28.057  -59.494  -9.610 0.4000000060
22228  -29.048  -59.021  -9.014 0.5000000000
113420  -30.165  -60.049  -8.535 0.5000000000
23135  -28.424  -58.811  -10.152 0.4000000060
22216  -30.737  -59.297  -8.532 0.6000000238
23115  -31.865  -58.674  -8.651 0.6000000238
24048  -32.468  -57.586  -9.247 0.6000000238
25044  -31.984  -57.037  -9.666 0.6000000238
22214  -29.307  -59.887  -8.500 0.5000000000
23136  -29.054  -58.315  -10.056 0.5000000000
24057  -29.708  -57.776  -10.008 0.5000000000
23112  -29.892  -58.628  -8.817 0.5000000000
23134  -28.464  -58.381  -11.287 0.4000000060
110875  -29.208  -57.858  -10.849 0.5000000000
24058  -30.456  -57.358  -10.041 0.6000000238
24037  -30.995  -58.084  -8.784 0.6000000238
24047  -31.115  -57.476  -9.370 0.6000000238
105381  -29.865  -57.385  -11.054 0.5000000000
24093  -28.486  -57.593  -14.363 0.3000000119
24080  -28.585  -57.951  -13.642 0.4000000060
23144  -28.312  -58.262  -12.598 0.4000000060
24069  -29.038  -57.737  -12.093 0.5000000000
121616  -30.611  -57.035  -10.851 0.5000000000
24059  -31.206  -56.942  -10.292 0.6000000238
26975  -30.950  -53.840  -11.817 0.3000000119
26983  -30.157  -54.279  -12.800 0.3000000119
26055  -29.821  -56.602  -14.748 0.4000000060
28806  -30.656  -52.822  -10.532 0.3000000119
29651  -32.281  -51.517  -9.399 0.3000000119
28798  -31.901  -52.297  -9.590 0.3000000119
30513  -32.617  -50.704  -9.387 0.3000000119
31410  -32.879  -49.791  -9.561 0.3000000119
32334  -32.612  -48.792  -9.752 0.3000000119
24081  -29.342  -57.620  -13.290 0.5000000000
27898  -31.219  -53.376  -10.862 0.3000000119
19702  -33.430  -62.142  -10.833 0.5000000000
21357  -31.287  -60.469  -9.237 0.5000000000
24038  -31.755  -57.897  -8.877 0.6000000238
126891  -35.445  -66.157  -16.237 0.6000000238
17110  -36.213  -66.197  -15.623 0.6000000238
127057  -40.818  -63.581  -12.449 0.3000000119
17969  -41.248  -64.399  -13.357 0.3000000119
17978  -41.048  -64.933  -14.667 0.3000000119
18850  -41.145  -64.251  -14.331 0.3000000119
17093  -41.017  -65.397  -14.279 0.3000000119
17102  -40.396  -65.295  -14.863 0.3000000119
18844  -40.754  -63.772  -14.462 0.3000000119
16211  -35.550  -66.624  -16.363 0.6000000238
16197  -37.110  -66.665  -16.015 0.5000000000
18823  -40.290  -63.091  -11.916 0.3000000119
106952  -41.290  -63.028  -12.737 0.3000000119
118964  -41.420  -63.350  -13.444 0.3000000119
122446  -41.421  -62.652  -13.372 0.3000000119
17112  -40.361  -65.797  -15.017 0.3000000119
16185  -39.057  -66.586  -15.701 0.3000000119
16198  -38.278  -66.959  -16.292 0.4000000060
16177  -28.815  -66.539  -14.108 0.4000000060
19705  -39.543  -62.511  -11.344 0.3000000119
19706  -40.542  -62.251  -11.926 0.3000000119
20561  -40.929  -61.522  -12.242 0.3000000119
19719  -41.379  -62.200  -12.789 0.3000000119
106587  -26.750  -69.393  -17.424 0.5000000000
13505  -27.631  -69.755  -17.545 0.5000000000
110379  -23.199  -67.409  -18.299 0.4000000060
14416  -25.175  -68.081  -17.590 0.4000000060
13504  -25.942  -68.867  -17.460 0.4000000060
13512  -26.191  -69.680  -18.080 0.5000000000
14396  -30.171  -68.224  -15.807 0.5000000000
13493  -29.048  -69.075  -16.441 0.5000000000
123254  -27.431  -68.172  -16.854 0.5000000000
125760  -27.265  -69.074  -16.949 0.5000000000
121637  -25.836  -67.862  -17.418 0.4000000060
107348  -32.139  -68.480  -15.640 0.6000000238
15295  -32.550  -67.633  -15.491 0.6000000238
15294  -31.566  -67.456  -15.506 0.5000000000
14405  -29.271  -68.064  -16.160 0.5000000000
14403  -26.926  -67.005  -17.305 0.3000000119
14404  -28.264  -67.903  -16.581 0.5000000000
15296  -33.530  -67.866  -15.670 0.6000000238
16195  -33.092  -66.844  -15.690 0.6000000238
16194  -32.079  -66.619  -15.665 0.6000000238
14395  -29.684  -67.103  -16.215 0.4000000060
15293  -30.602  -67.282  -15.742 0.5000000000
117536  -36.010  -67.392  -16.559 0.6000000238
15285  -40.146  -66.190  -15.138 0.3000000119
16213  -37.617  -67.179  -16.491 0.4000000060
16210  -34.680  -66.353  -16.354 0.6000000238
16193  -31.106  -66.407  -16.014 0.4000000060
16186  -40.326  -66.332  -14.793 0.3000000119
17085  -40.857  -65.210  -13.409 0.3000000119
116266  -38.888  -67.029  -16.199 0.3000000119
16212  -36.652  -67.118  -16.527 0.5000000000
119688  -33.728  -66.052  -16.371 0.6000000238
15303  -34.195  -67.105  -16.044 0.6000000238
126953  -38.695  -67.266  -16.249 0.3000000119
116544  -33.094  -68.572  -15.724 0.5000000000
13485  -33.892  -69.547  -16.341 0.5000000000
15297  -34.702  -68.342  -16.155 0.5000000000
14408  -35.784  -69.513  -16.593 0.4000000060
110242  -35.829  -68.256  -16.550 0.5000000000
14398  -32.876  -69.397  -16.177 0.5000000000
13497  -35.015  -70.831  -16.940 0.4000000060
13499  -36.652  -70.439  -16.586 0.4000000060
14409  -36.647  -69.193  -16.684 0.4000000060
15305  -36.706  -68.018  -16.774 0.5000000000
14406  -30.759  -69.167  -16.170 0.5000000000
14407  -31.817  -69.392  -16.251 0.5000000000
15306  -37.492  -67.758  -16.677 0.4000000060
9396  -22.354  -74.415  -21.642 0.3000000119
9403  -22.982  -74.810  -22.983 0.3000000119
126944  -24.487  -73.536  -22.750 0.3000000119
10159  -25.519  -73.418  -23.344 0.4000000060
9397  -23.589  -74.130  -22.396 0.3000000119
10156  -23.708  -73.351  -21.785 0.3000000119
10160  -26.186  -73.372  -23.355 0.4000000060
125124  -25.497  -72.401  -22.677 0.4000000060
10157  -24.844  -72.813  -22.574 0.3000000119
10952  -23.813  -72.642  -21.511 0.3000000119
10954  -26.691  -72.482  -23.000 0.4000000060
108319  -27.162  -71.967  -22.430 0.4000000060
11793  -24.609  -71.954  -21.704 0.4000000060
11788  -23.570  -71.277  -21.113 0.4000000060
10930  -28.216  -72.110  -20.511 0.3000000119
120000  -27.333  -71.963  -22.289 0.4000000060
10955  -27.657  -71.544  -22.175 0.4000000060
11796  -27.467  -71.251  -22.287 0.4000000060
12637  -26.935  -70.678  -22.045 0.4000000060
12636  -25.943  -70.671  -21.713 0.4000000060
126593  -25.015  -70.662  -21.306 0.4000000060
10932  -29.961  -72.158  -19.994 0.3000000119
11790  -28.747  -71.056  -21.613 0.4000000060
12633  -28.804  -70.600  -21.123 0.4000000060
12639  -28.430  -70.833  -21.704 0.4000000060
119707  -27.995  -70.386  -21.244 0.4000000060
12622  -28.498  -70.376  -20.654 0.4000000060
12632  -27.122  -70.337  -21.377 0.4000000060
12621  -27.789  -70.231  -20.227 0.4000000060
12631  -26.188  -70.292  -21.192 0.4000000060
118598  -25.172  -70.268  -20.880 0.4000000060
12635  -30.087  -71.088  -20.409 0.4000000060
12623  -29.977  -70.716  -20.232 0.4000000060
12613  -29.047  -70.239  -19.226 0.4000000060
122042  -27.640  -70.192  -19.244 0.4000000060
13526  -25.340  -70.036  -20.106 0.4000000060
12619  -26.389  -70.132  -20.388 0.4000000060
12630  -24.217  -70.393  -20.656 0.4000000060
12614  -30.400  -70.634  -19.561 0.4000000060
125070  -29.769  -70.453  -19.738 0.4000000060
13514  -28.074  -70.153  -18.612 0.4000000060
13520  -25.654  -69.860  -19.028 0.4000000060
13513  -27.128  -69.975  -18.261 0.4000000060
12608  -30.773  -70.450  -18.651 0.4000000060
13507  -30.191  -69.969  -17.590 0.4000000060
123419  -29.744  -69.574  -16.821 0.4000000060
13496  -33.867  -70.552  -16.962 0.4000000060
13508  -31.264  -70.232  -17.705 0.4000000060
111817  -31.249  -69.756  -16.782 0.4000000060
13498  -36.001  -71.015  -16.796 0.3000000119
12604  -37.005  -70.783  -16.330 0.3000000119
109266  -32.729  -70.027  -16.787 0.4000000060
13501  -37.655  -69.506  -16.391 0.3000000119
13494  -30.476  -69.661  -16.816 0.4000000060
10953  -26.129  -72.847  -23.325 0.4000000060
123394  -26.024  -72.064  -22.762 0.4000000060
11795  -26.679  -71.497  -22.461 0.4000000060
11794  -25.447  -71.257  -21.908 0.4000000060
10945  -28.994  -71.520  -21.032 0.4000000060
10944  -28.303  -71.442  -21.693 0.4000000060
10931  -29.172  -72.102  -20.215 0.3000000119
12638  -27.744  -70.724  -21.998 0.4000000060
10934  -31.275  -72.241  -19.296 0.3000000119
10947  -30.130  -71.584  -20.290 0.4000000060
11798  -28.989  -70.903  -21.339 0.4000000060
123778  -29.215  -70.480  -20.352 0.4000000060
12624  -30.627  -71.036  -19.914 0.4000000060
12607  -29.760  -70.218  -18.581 0.4000000060
13521  -26.799  -70.132  -19.349 0.4000000060
111467  -29.231  -69.785  -17.290 0.4000000060
13495  -32.089  -70.211  -17.239 0.4000000060
10149  -26.280  -73.345  -22.270 0.3000000119
9406  -25.829  -74.467  -23.231 0.3000000119
8700  -25.266  -74.673  -23.491 0.3000000119
110268  -26.236  -73.736  -23.248 0.3000000119
120541  -26.359  -73.846  -23.047 0.3000000119
9405  -25.644  -73.916  -23.406 0.3000000119
10158  -26.472  -73.162  -23.212 0.3000000119
114634  -27.000  -72.335  -21.335 0.3000000119
118106  -26.836  -72.488  -22.640 0.3000000119
10943  -27.694  -71.985  -21.483 0.3000000119
12625  -31.289  -71.601  -19.449 0.3000000119
12616  -31.880  -71.553  -18.902 0.3000000119
12609  -32.412  -71.140  -18.172 0.3000000119
127430  -34.210  -71.673  -17.585 0.3000000119
113826  -31.512  -70.867  -18.664 0.3000000119
10933  -30.639  -72.196  -19.691 0.3000000119
10946  -29.611  -71.661  -20.547 0.4000000060
11783  -30.733  -71.600  -19.915 0.4000000060
11789  -24.308  -70.965  -21.237 0.4000000060
11791  -29.479  -71.142  -20.966 0.4000000060
11797  -28.100  -71.099  -22.089 0.4000000060
12600  -33.172  -70.862  -17.488 0.4000000060
12603  -36.490  -71.177  -16.412 0.3000000119
12612  -28.420  -70.253  -19.780 0.4000000060
12615  -31.108  -70.974  -19.332 0.4000000060
12620  -27.235  -70.202  -20.624 0.4000000060
12634  -29.447  -70.821  -20.812 0.4000000060
13486  -34.863  -69.633  -16.464 0.4000000060
13492  -28.149  -69.321  -16.782 0.5000000000
13500  -37.205  -69.939  -16.518 0.3000000119
13506  -28.615  -70.036  -17.894 0.4000000060
14397  -31.142  -68.378  -15.665 0.5000000000
14410  -37.346  -68.805  -16.669 0.4000000060
14412  -38.501  -67.731  -16.241 0.3000000119
14417  -26.617  -68.259  -17.192 0.4000000060
14421  -24.180  -68.085  -18.055 0.4000000060
15284  -39.801  -66.845  -15.284 0.3000000119
15292  -27.030  -66.146  -15.873 0.4000000060
15298  -38.253  -67.393  -16.412 0.3000000119
15302  -28.775  -66.748  -16.743 0.5000000000
15304  -35.192  -67.278  -16.377 0.6000000238
16150  -29.201  -66.199  -11.083 0.5000000000
16159  -29.520  -66.176  -11.788 0.5000000000
16169  -29.464  -66.413  -12.761 0.5000000000
16178  -29.259  -66.371  -13.562 0.4000000060
16180  -40.633  -65.942  -13.748 0.3000000119
16184  -37.951  -66.512  -15.524 0.5000000000
16196  -36.018  -66.416  -16.147 0.6000000238
16199  -39.474  -66.700  -15.596 0.3000000119
16202  -24.316  -66.223  -17.034 0.4000000060
16205  -27.011  -65.825  -17.222 0.5000000000
16216  -25.777  -66.110  -17.250 0.4000000060
17087  -30.107  -65.181  -13.288 0.5000000000
17088  -35.450  -65.390  -14.226 0.6999999881
17089  -36.246  -65.579  -14.030 0.6999999881
17090  -37.286  -65.589  -13.960 0.6000000238
17103  -40.645  -65.652  -14.811 0.3000000119
17106  -29.190  -64.770  -16.935 0.5000000000
17111  -39.928  -66.118  -15.240 0.3000000119
17960  -30.213  -64.222  -11.411 0.5000000000
17962  -40.766  -64.156  -12.577 0.3000000119
17964  -34.181  -64.265  -13.363 0.6999999881
17965  -34.921  -64.608  -13.027 0.6999999881
17976  -38.714  -64.615  -13.801 0.5000000000
17985  -40.827  -64.519  -14.672 0.3000000119
17989  -33.204  -64.502  -16.329 0.6000000238
17991  -30.333  -64.618  -17.269 0.6000000238
17993  -31.841  -64.518  -17.008 0.6000000238
18831  -31.206  -62.786  -12.640 0.5000000000
18838  -41.398  -63.756  -13.121 0.3000000119
18840  -31.406  -63.100  -13.560 0.6999999881
18842  -33.496  -63.673  -13.707 0.6000000238
19718  -37.165  -61.202  -11.724 0.6999999881
19721  -32.195  -62.327  -12.434 0.6000000238
19730  -41.104  -61.853  -14.056 0.4000000060
20511  -30.017  -60.975  -8.827 0.5000000000
20528  -32.498  -60.780  -9.856 0.6000000238
20529  -33.458  -60.952  -9.911 0.6999999881
20541  -31.562  -61.402  -10.670 0.5000000000
20543  -33.806  -61.639  -10.344 0.5000000000
20560  -36.422  -61.320  -11.303 0.8000000119
21341  -28.787  -60.567  -8.506 0.4000000060
21343  -30.994  -59.890  -8.721 0.6000000238
21344  -31.722  -59.876  -8.959 0.5000000000
21388  -37.960  -60.352  -12.269 0.6999999881
22215  -29.959  -59.255  -8.515 0.5000000000
22217  -31.466  -59.257  -8.615 0.6000000238
22230  -33.724  -59.462  -9.362 0.6999999881
22231  -34.341  -59.372  -9.625 0.6999999881
22261  -41.896  -59.828  -13.148 0.3000000119
23113  -30.541  -58.655  -8.637 0.6000000238
23114  -31.235  -58.636  -8.598 0.6000000238
23124  -29.613  -58.335  -9.356 0.5000000000
23125  -32.619  -58.392  -8.885 0.6000000238
23126  -33.570  -58.581  -9.283 0.6000000238
23127  -34.276  -58.590  -9.654 0.6999999881
24046  -30.321  -57.993  -9.174 0.5000000000
24071  -34.017  -57.110  -11.086 0.6999999881
24072  -34.870  -57.327  -11.339 0.6999999881
24104  -30.001  -57.044  -14.959 0.5000000000
25070  -33.940  -56.623  -13.059 0.6999999881
25085  -33.289  -56.491  -14.076 0.6000000238
25091  -31.408  -56.501  -15.057 0.5000000000
26038  -40.374  -55.991  -12.874 0.3000000119
26057  -32.560  -56.066  -15.279 0.5000000000
26060  -35.090  -55.246  -14.441 0.6000000238
26061  -35.754  -54.842  -14.247 0.5000000000
27899  -31.982  -53.364  -10.623 0.4000000060
27926  -35.228  -53.230  -13.611 0.4000000060
27935  -34.038  -54.129  -13.933 0.4000000060
27940  -42.389  -53.882  -13.379 0.3000000119
27946  -35.413  -54.179  -14.492 0.5000000000
27947  -36.157  -53.741  -14.545 0.4000000060
27949  -37.935  -52.249  -14.827 0.4000000060
28825  -34.597  -52.971  -11.205 0.4000000060
28838  -37.424  -51.832  -14.378 0.4000000060
31449  -44.190  -49.283  -13.100 0.4000000060
106344  -34.112  -56.399  -14.018 0.6000000238
107329  -38.541  -60.151  -12.722 0.6000000238
107897  -41.405  -63.941  -13.781 0.3000000119
108996  -40.304  -51.241  -12.673 0.3000000119
109247  -31.763  -61.961  -11.876 0.6000000238
110077  -30.812  -61.028  -9.487 0.4000000060
110194  -40.682  -65.969  -14.416 0.3000000119
110208  -40.098  -55.287  -12.535 0.5000000000
111592  -27.290  -66.161  -17.331 0.4000000060
112081  -29.884  -69.055  -16.257 0.4000000060
113197  -41.330  -64.682  -14.082 0.3000000119
113934  -39.835  -61.798  -14.012 0.5000000000
116318  -34.915  -59.925  -10.008 0.6999999881
119138  -31.791  -63.996  -16.684 0.6000000238
120240  -23.632  -66.729  -17.733 0.4000000060
120694  -40.480  -61.639  -14.221 0.4000000060
120962  -21.909  -66.947  -18.152 0.4000000060
121964  -34.225  -50.354  -9.583 0.4000000060
122956  -37.370  -70.260  -16.236 0.3000000119
123260  -38.294  -62.202  -12.733 0.5000000000
125797  -41.480  -62.024  -13.245 0.3000000119
126278  -33.943  -68.748  -15.990 0.5000000000
127313  -34.153  -63.191  -11.642 0.6999999881
