#!ascii label  , from subject sub-v1s18x0051237_ses-1 vox2ras=TkReg
1611
2083  23.314  -74.424  -37.347 0.5000000000
8791  12.047  -64.219  -42.972 0.6000000238
8784  12.043  -63.409  -42.587 0.6000000238
134457  10.620  -63.454  -44.298 0.6000000238
9619  12.124  -62.611  -41.934 0.6999999881
9633  11.509  -62.937  -43.305 0.6000000238
9605  12.639  -62.603  -41.019 0.6999999881
10444  12.213  -61.889  -41.214 0.6000000238
7058  19.956  -65.247  -33.578 0.5000000000
6405  21.994  -66.679  -36.734 0.6000000238
6394  21.576  -66.351  -35.875 0.6000000238
6360  20.268  -66.164  -34.009 0.5000000000
5149  22.185  -68.178  -38.197 0.5000000000
5763  22.133  -67.515  -37.475 0.4000000060
5733  21.422  -67.235  -36.023 0.5000000000
6383  20.887  -66.116  -34.669 0.6000000238
9538  12.833  -62.461  -36.027 0.5000000000
3008  21.964  -72.049  -40.720 0.4000000060
8745  12.346  -63.592  -37.393 0.5000000000
120623  11.798  -62.211  -36.859 0.5000000000
7937  11.617  -64.370  -38.905 0.6000000238
7175  10.629  -65.356  -41.412 0.6000000238
7208  10.625  -65.346  -43.833 0.6000000238
7980  12.889  -64.323  -42.285 0.6999999881
8002  10.234  -64.805  -43.924 0.6000000238
8783  12.657  -63.650  -41.913 0.6999999881
8774  14.756  -63.428  -40.606 0.6000000238
8775  13.862  -63.477  -40.679 0.6999999881
9602  15.487  -62.555  -40.154 0.6000000238
8766  15.064  -62.953  -40.034 0.6000000238
9604  13.408  -62.841  -40.385 0.6999999881
10410  15.701  -61.940  -39.682 0.6999999881
10445  11.857  -61.927  -42.280 0.6000000238
8670  19.206  -63.716  -33.742 0.5000000000
7865  20.924  -64.732  -34.819 0.6000000238
7867  19.963  -63.992  -34.016 0.5000000000
6414  22.507  -66.551  -37.656 0.6000000238
7110  22.310  -65.574  -37.221 0.6999999881
7079  21.156  -65.371  -34.946 0.6000000238
139764  22.184  -68.689  -38.830 0.4000000060
138610  12.918  -64.792  -38.063 0.5000000000
8744  13.050  -64.030  -37.175 0.5000000000
2538  22.934  -73.419  -39.280 0.5000000000
7936  12.663  -64.380  -37.798 0.5000000000
6456  11.540  -66.273  -41.512 0.6999999881
7162  11.732  -65.034  -39.438 0.6000000238
6484  11.017  -66.514  -43.550 0.6999999881
7182  10.815  -66.037  -42.064 0.6000000238
7174  11.317  -65.694  -40.942 0.6000000238
8000  11.083  -65.580  -43.940 0.6999999881
7194  10.449  -65.480  -43.639 0.6000000238
7988  13.162  -64.930  -42.745 0.6999999881
141962  15.010  -63.664  -41.179 0.6000000238
7979  13.789  -64.358  -41.874 0.6000000238
9618  15.765  -62.516  -40.806 0.6000000238
8781  14.329  -63.889  -41.195 0.6000000238
10430  15.998  -61.990  -40.459 0.6000000238
10429  16.207  -61.332  -40.073 0.6999999881
10413  12.736  -61.051  -39.801 0.6999999881
11304  11.903  -61.115  -41.586 0.5000000000
9590  14.721  -62.572  -39.489 0.6999999881
9591  13.848  -62.474  -39.640 0.6999999881
121141  12.243  -61.146  -40.643 0.6000000238
131661  19.838  -63.627  -36.088 0.5000000000
8709  19.579  -63.585  -35.318 0.5000000000
8710  18.120  -63.569  -34.835 0.5000000000
8742  21.146  -64.010  -37.045 0.6999999881
8708  20.360  -63.744  -35.638 0.6000000238
6423  23.195  -66.025  -38.699 0.5000000000
134919  22.505  -64.994  -37.829 0.6999999881
7926  22.062  -64.755  -37.304 0.6999999881
120024  21.611  -64.937  -36.098 0.6000000238
124435  21.218  -64.458  -35.934 0.6000000238
5157  23.023  -68.410  -39.947 0.4000000060
5773  22.733  -67.991  -39.010 0.4000000060
5762  22.642  -67.295  -38.238 0.5000000000
7129  13.930  -64.935  -37.900 0.5000000000
6440  12.716  -65.948  -40.220 0.5000000000
126329  13.009  -65.660  -39.558 0.5000000000
7161  12.317  -65.494  -39.581 0.5000000000
6483  11.414  -66.938  -43.318 0.6000000238
7173  11.983  -65.903  -40.515 0.5000000000
7206  11.613  -66.552  -44.268 0.6999999881
7999  14.590  -64.567  -43.761 0.6000000238
7190  14.338  -64.862  -43.216 0.6999999881
7192  12.241  -65.673  -43.779 0.6999999881
120434  15.136  -63.743  -43.516 0.6000000238
7998  14.834  -64.328  -42.847 0.6000000238
7987  14.175  -64.710  -42.539 0.6999999881
10455  16.072  -61.171  -43.013 0.6999999881
9632  15.691  -62.905  -42.522 0.6000000238
7978  14.806  -64.099  -41.906 0.6000000238
135177  16.527  -59.081  -41.655 0.6000000238
10442  16.234  -61.154  -41.978 0.6999999881
10443  16.127  -61.981  -41.318 0.6999999881
14130  17.241  -57.369  -40.794 0.6000000238
13194  16.728  -59.013  -40.863 0.6000000238
11303  16.419  -60.211  -41.623 0.6999999881
11279  12.571  -60.099  -39.551 0.6000000238
11292  16.469  -60.533  -40.577 0.6999999881
10412  13.489  -61.698  -39.328 0.6999999881
130717  12.277  -60.431  -40.288 0.6000000238
14129  17.505  -57.135  -40.071 0.6999999881
13172  16.915  -58.809  -40.114 0.6000000238
12207  16.921  -59.511  -39.273 0.8000000119
121326  16.547  -60.401  -39.157 0.6999999881
136384  15.411  -61.838  -38.986 0.6999999881
141373  15.183  -61.668  -38.534 0.6999999881
7908  18.274  -64.125  -36.471 0.6000000238
7951  21.400  -64.214  -38.608 0.6999999881
7952  20.558  -64.190  -38.454 0.6999999881
8743  20.568  -63.824  -37.010 0.6000000238
7950  22.783  -64.888  -38.633 0.5000000000
128244  22.167  -64.434  -38.862 0.6999999881
5780  23.300  -67.654  -39.559 0.4000000060
5772  23.236  -66.973  -38.937 0.5000000000
7128  14.631  -65.079  -37.783 0.5000000000
7911  15.498  -64.232  -36.579 0.5000000000
7145  14.205  -65.318  -38.399 0.5000000000
6472  12.769  -66.851  -41.635 0.6000000238
5845  12.176  -67.175  -44.890 0.6000000238
5802  12.241  -67.258  -42.738 0.6999999881
6473  11.877  -66.760  -42.119 0.6999999881
7220  13.230  -66.003  -45.118 0.6999999881
6503  11.874  -66.957  -44.726 0.6999999881
8810  14.687  -64.087  -44.640 0.6000000238
8014  14.174  -65.062  -44.853 0.6000000238
7204  13.905  -65.316  -44.026 0.6999999881
11328  15.930  -60.347  -43.739 0.6999999881
10467  15.748  -61.198  -44.047 0.6999999881
128607  15.430  -62.049  -44.394 0.6999999881
12168  13.662  -59.403  -37.417 0.6000000238
117695  16.230  -58.672  -43.228 0.6000000238
120754  16.083  -59.497  -43.484 0.6999999881
117648  15.854  -62.049  -43.300 0.6999999881
15921  17.705  -55.249  -40.861 0.6000000238
15018  17.229  -56.956  -41.252 0.6000000238
15030  17.070  -56.830  -41.790 0.6000000238
135681  16.405  -58.634  -42.412 0.6000000238
12253  16.328  -59.389  -42.523 0.6999999881
12189  13.241  -59.635  -38.233 0.6000000238
118635  17.673  -55.966  -40.596 0.6000000238
14144  16.976  -57.463  -41.513 0.6000000238
11235  16.183  -60.398  -37.146 0.6999999881
11236  15.424  -60.660  -37.250 0.6000000238
11256  14.392  -61.016  -38.041 0.6999999881
11257  13.599  -60.584  -38.377 0.6000000238
16944  18.188  -54.825  -40.240 0.5000000000
15912  18.028  -55.626  -40.116 0.6000000238
15007  17.879  -56.900  -39.343 0.8000000119
14102  17.952  -57.496  -38.593 0.8000000119
13154  17.581  -58.454  -38.468 0.8000000119
12188  16.810  -59.994  -38.355 0.8000000119
11255  15.838  -60.772  -37.824 0.6999999881
10382  15.185  -61.178  -37.934 0.6999999881
12206  17.242  -58.595  -39.341 0.8000000119
12187  17.201  -59.215  -38.639 0.8000000119
7953  19.722  -64.429  -38.249 0.6999999881
7930  18.548  -64.588  -37.288 0.6999999881
134613  17.734  -64.808  -37.129 0.6999999881
7885  17.711  -63.794  -35.693 0.6000000238
7973  21.193  -64.604  -40.186 0.6999999881
7909  17.296  -64.327  -36.438 0.6000000238
132631  22.376  -64.492  -40.057 0.6000000238
7910  16.386  -64.314  -36.499 0.5000000000
7127  15.505  -65.198  -37.747 0.5000000000
16804  13.908  -54.275  -31.778 0.6000000238
7159  14.692  -65.645  -39.030 0.5000000000
15811  13.898  -55.454  -32.547 0.5000000000
6453  14.118  -66.285  -40.535 0.5000000000
14933  15.111  -56.329  -32.573 0.6000000238
132954  13.843  -67.357  -42.565 0.6999999881
6471  13.754  -66.694  -41.330 0.6000000238
132840  12.818  -66.740  -45.833 0.6999999881
5814  12.904  -67.535  -43.126 0.6999999881
14027  14.930  -57.530  -33.893 0.6000000238
129034  14.588  -63.583  -45.605 0.6999999881
132616  13.575  -65.670  -46.203 0.6000000238
11341  15.601  -60.388  -44.756 0.6999999881
10479  15.355  -61.177  -45.173 0.6999999881
8809  15.048  -63.023  -44.770 0.6999999881
13122  14.348  -59.084  -36.006 0.6000000238
13087  14.532  -58.216  -34.882 0.6000000238
12140  15.563  -59.518  -35.315 0.6000000238
13123  13.870  -58.563  -36.358 0.6000000238
15942  17.064  -56.037  -42.828 0.6000000238
14159  16.694  -57.304  -42.363 0.6000000238
132653  16.456  -59.570  -35.338 0.6999999881
11224  15.400  -60.010  -36.102 0.6000000238
12153  14.644  -59.755  -36.351 0.6000000238
15929  17.395  -55.410  -41.553 0.6000000238
14082  18.362  -57.360  -37.180 0.6000000238
14066  18.105  -58.231  -36.622 0.6000000238
128974  17.180  -59.608  -37.077 0.6999999881
11223  16.144  -60.168  -36.375 0.6000000238
11238  13.949  -60.279  -37.693 0.6000000238
14998  18.506  -56.517  -37.755 0.6000000238
14083  18.010  -58.091  -37.685 0.8000000119
14999  18.264  -56.621  -38.589 0.6000000238
14101  18.269  -57.218  -37.981 0.6999999881
12166  16.817  -60.007  -37.476 0.8000000119
7157  19.480  -65.379  -39.609 0.6999999881
7140  19.192  -65.128  -38.757 0.6999999881
7141  18.488  -65.391  -38.454 0.6999999881
7170  20.668  -65.096  -40.778 0.6999999881
7156  20.348  -64.902  -39.940 0.6999999881
7125  17.297  -65.298  -37.769 0.6000000238
7126  16.406  -65.272  -37.748 0.6000000238
18769  15.398  -52.380  -31.447 0.6000000238
18771  13.843  -52.644  -31.769 0.6000000238
17774  15.358  -53.794  -31.417 0.6000000238
17776  13.551  -53.500  -31.773 0.6000000238
126947  16.028  -65.972  -39.221 0.6000000238
16803  14.778  -54.424  -31.631 0.5000000000
5813  14.717  -67.251  -42.569 0.6999999881
5800  14.335  -66.943  -41.922 0.6999999881
15801  16.904  -55.550  -31.495 0.4000000060
15810  14.679  -55.675  -32.256 0.5000000000
140040  13.023  -67.002  -46.223 0.6999999881
119239  13.965  -67.609  -44.145 0.8000000119
14932  15.910  -56.567  -32.255 0.5000000000
7231  13.392  -66.415  -46.584 0.6000000238
134785  12.793  -67.565  -44.084 0.6999999881
14015  16.292  -57.216  -32.638 0.6000000238
8817  14.654  -62.781  -46.275 0.6999999881
8818  14.310  -63.681  -46.732 0.6999999881
13069  17.160  -58.337  -33.680 0.6999999881
13070  16.356  -58.318  -33.711 0.6000000238
12278  15.765  -58.909  -45.213 0.6999999881
11356  15.376  -60.421  -45.831 0.6999999881
14033  18.350  -57.521  -34.313 0.5000000000
129303  16.045  -58.742  -34.188 0.6000000238
15068  16.892  -56.735  -44.728 0.6000000238
121045  16.215  -57.869  -43.889 0.6000000238
12266  15.925  -58.725  -44.233 0.6999999881
13084  17.400  -58.630  -34.373 0.6999999881
15052  16.904  -56.156  -43.888 0.6000000238
14173  16.466  -57.378  -43.209 0.6000000238
14065  18.437  -57.461  -36.211 0.5000000000
13104  17.572  -58.832  -35.159 0.6000000238
15042  16.953  -56.617  -42.381 0.6000000238
128086  18.819  -55.875  -37.448 0.6000000238
14989  18.658  -56.586  -36.859 0.5000000000
13121  17.668  -58.916  -36.057 0.6999999881
119299  19.091  -54.716  -38.384 0.6000000238
7172  18.935  -66.001  -40.114 0.6999999881
6434  18.262  -66.197  -39.888 0.6999999881
6435  17.611  -66.146  -39.456 0.6000000238
6436  16.753  -66.169  -39.428 0.6000000238
19701  15.699  -51.597  -31.494 0.4000000060
20566  14.377  -50.891  -32.312 0.5000000000
119161  16.111  -66.304  -40.050 0.6000000238
18767  17.208  -52.303  -31.002 0.5000000000
131191  13.412  -51.960  -32.101 0.6000000238
5798  16.415  -67.028  -42.127 0.6999999881
5812  15.699  -67.239  -42.709 0.6999999881
6452  15.098  -66.228  -40.344 0.6000000238
16801  16.599  -54.774  -31.332 0.5000000000
5854  13.629  -67.190  -46.236 0.6999999881
15800  17.670  -55.659  -31.642 0.4000000060
9671  15.149  -62.161  -47.827 0.6999999881
9663  14.608  -62.880  -47.459 0.6999999881
8033  14.110  -65.032  -47.709 0.6999999881
14930  17.468  -56.748  -32.207 0.6000000238
12302  16.199  -59.305  -46.724 0.6999999881
121540  15.635  -60.736  -47.317 0.6999999881
131242  14.745  -61.910  -47.024 0.6999999881
8025  13.965  -64.741  -47.052 0.6999999881
15820  18.634  -55.920  -32.650 0.5000000000
14013  17.794  -57.149  -32.731 0.5000000000
14199  16.655  -57.815  -45.535 0.6000000238
140808  15.746  -59.173  -46.009 0.6999999881
119482  15.372  -60.508  -46.807 0.6999999881
10489  15.120  -61.162  -46.369 0.6999999881
14023  18.195  -57.304  -33.399 0.5000000000
15966  17.471  -55.398  -44.321 0.5000000000
15081  17.016  -57.225  -45.301 0.6000000238
14184  16.482  -57.438  -44.742 0.6000000238
6467  18.503  -66.705  -41.429 0.6999999881
119034  17.624  -66.666  -40.896 0.6999999881
139141  15.530  -50.296  -31.949 0.4000000060
123579  17.866  -66.992  -41.787 0.6999999881
6468  16.653  -66.619  -40.817 0.6999999881
20565  14.905  -50.198  -32.366 0.4000000060
134506  17.037  -66.902  -41.547 0.6999999881
20567  13.610  -50.514  -32.792 0.6000000238
5842  15.349  -67.664  -45.201 0.8000000119
5811  16.669  -67.350  -42.996 0.6999999881
6515  15.351  -66.817  -47.623 0.6000000238
5853  15.038  -67.566  -46.185 0.6000000238
21413  11.855  -49.750  -33.703 0.6000000238
8831  14.830  -63.246  -48.027 0.6999999881
8036  15.228  -64.811  -48.303 0.6999999881
6516  14.253  -66.522  -47.361 0.6000000238
9677  16.597  -61.246  -47.793 0.6000000238
13278  17.654  -58.702  -46.597 0.6000000238
21433  9.885  -48.825  -34.128 0.5000000000
137533  17.796  -56.768  -45.353 0.6000000238
13267  17.096  -58.195  -46.201 0.6999999881
15973  18.055  -55.887  -45.098 0.5000000000
5826  16.933  -67.678  -44.012 0.6999999881
21389  14.632  -49.442  -32.768 0.4000000060
5841  16.331  -67.877  -45.784 0.8000000119
21390  13.828  -49.588  -33.137 0.5000000000
6514  16.225  -66.819  -47.788 0.8000000119
22301  12.735  -48.542  -33.924 0.4000000060
139046  14.196  -49.096  -33.131 0.4000000060
5852  16.096  -67.688  -46.616 0.6999999881
22317  11.953  -48.026  -34.467 0.4000000060
20588  13.094  -49.943  -33.304 0.5000000000
131911  17.559  -60.688  -47.369 0.6000000238
9678  16.011  -61.965  -48.077 0.6000000238
8830  16.181  -63.676  -48.221 0.6999999881
23343  12.699  -46.822  -34.406 0.4000000060
12300  18.150  -59.276  -46.750 0.6000000238
11364  16.752  -59.960  -47.403 0.6000000238
127853  10.458  -47.259  -34.562 0.4000000060
21414  10.718  -49.145  -34.045 0.6000000238
14197  18.222  -57.480  -45.683 0.6000000238
132700  18.729  -56.285  -45.416 0.5000000000
17001  19.217  -55.107  -45.307 0.5000000000
22285  14.604  -48.564  -33.017 0.4000000060
5825  17.934  -68.055  -44.571 0.8000000119
128604  14.140  -47.768  -33.463 0.4000000060
132633  16.992  -67.871  -46.613 0.6999999881
22300  13.235  -47.739  -33.919 0.4000000060
134377  16.518  -64.505  -47.897 0.6000000238
129216  15.826  -65.557  -48.181 0.6999999881
9669  16.956  -61.825  -47.762 0.6000000238
9670  16.444  -62.751  -47.987 0.6000000238
24343  12.104  -45.932  -34.685 0.4000000060
23345  10.999  -46.643  -34.621 0.4000000060
13265  18.492  -58.083  -45.724 0.6000000238
23346  10.272  -46.586  -34.393 0.4000000060
15079  19.370  -56.565  -45.326 0.4000000060
23316  15.493  -47.088  -32.780 0.4000000060
5860  17.451  -67.573  -46.962 0.6999999881
23330  14.623  -46.944  -33.333 0.4000000060
8032  17.005  -65.096  -46.720 0.6999999881
7237  16.441  -66.513  -47.730 0.6000000238
23331  13.655  -46.722  -33.897 0.4000000060
119387  17.954  -60.612  -46.765 0.6000000238
9662  17.405  -62.130  -46.518 0.6000000238
24344  11.465  -45.947  -34.609 0.4000000060
12289  18.485  -59.045  -45.849 0.6000000238
24345  10.213  -46.269  -34.112 0.3000000119
13252  18.904  -57.667  -45.121 0.4000000060
15066  20.000  -56.449  -45.025 0.4000000060
14171  20.098  -56.814  -44.270 0.4000000060
25291  12.898  -44.711  -34.363 0.4000000060
25299  11.833  -45.174  -34.500 0.4000000060
11355  18.126  -60.571  -45.655 0.6000000238
12277  18.655  -59.182  -44.714 0.6000000238
128522  18.461  -59.997  -44.162 0.6000000238
14172  19.708  -57.436  -44.008 0.4000000060
123136  19.656  -57.663  -43.174 0.5000000000
15051  20.585  -56.434  -43.659 0.4000000060
21373  9.640  -49.649  -31.414 0.3000000119
15041  20.627  -56.509  -42.609 0.4000000060
26221  14.202  -42.971  -33.222 0.4000000060
23306  11.631  -47.610  -31.996 0.3000000119
17761  9.267  -53.668  -30.054 0.4000000060
27145  14.929  -42.349  -32.640 0.4000000060
128994  13.272  -42.881  -32.664 0.4000000060
23305  12.542  -47.492  -31.706 0.3000000119
127555  13.128  -45.650  -31.902 0.3000000119
20533  9.953  -51.061  -30.815 0.3000000119
22271  10.870  -48.737  -31.505 0.3000000119
125457  9.707  -52.154  -30.603 0.3000000119
28029  14.370  -41.575  -32.102 0.4000000060
125533  13.637  -42.898  -32.009 0.4000000060
26215  13.127  -43.622  -32.256 0.4000000060
22270  12.218  -48.301  -31.452 0.3000000119
21356  10.909  -50.019  -30.830 0.3000000119
139224  7.640  -50.654  -27.383 0.4000000060
21322  6.761  -49.452  -28.013 0.3000000119
22239  6.347  -48.810  -28.505 0.3000000119
19691  10.543  -51.728  -30.209 0.3000000119
18745  10.263  -52.796  -29.333 0.3000000119
26213  14.384  -43.456  -31.340 0.4000000060
25272  13.726  -44.912  -31.604 0.4000000060
24310  13.524  -46.574  -31.527 0.3000000119
23304  13.433  -47.389  -31.361 0.3000000119
131223  12.563  -49.618  -30.499 0.3000000119
18724  8.183  -52.659  -27.445 0.3000000119
20531  11.558  -50.632  -30.256 0.3000000119
129901  7.401  -50.010  -27.542 0.3000000119
19682  10.917  -52.131  -29.395 0.3000000119
140404  8.044  -49.590  -27.110 0.4000000060
22223  7.178  -48.532  -27.750 0.3000000119
22222  8.010  -48.318  -27.271 0.3000000119
23256  7.482  -47.718  -27.699 0.3000000119
25257  14.476  -45.659  -31.198 0.4000000060
23303  14.189  -47.068  -31.132 0.4000000060
139278  13.850  -48.754  -30.515 0.3000000119
20491  8.116  -51.183  -27.185 0.4000000060
20530  12.343  -50.358  -30.024 0.3000000119
20490  8.999  -51.078  -26.868 0.3000000119
126671  8.329  -50.235  -27.010 0.4000000060
23255  8.274  -47.496  -27.408 0.3000000119
24297  14.769  -46.534  -30.945 0.4000000060
23289  14.217  -48.144  -30.672 0.4000000060
21349  13.857  -49.603  -29.579 0.4000000060
20508  13.226  -50.292  -28.782 0.4000000060
19668  12.188  -51.105  -28.838 0.3000000119
20489  10.560  -51.310  -27.098 0.3000000119
139587  9.824  -50.998  -26.808 0.3000000119
139338  9.516  -49.445  -26.718 0.3000000119
22221  9.813  -48.934  -26.733 0.5000000000
21320  8.743  -49.088  -26.836 0.4000000060
139207  8.711  -48.076  -27.075 0.4000000060
24268  7.693  -46.890  -27.820 0.3000000119
22252  15.078  -48.409  -29.869 0.4000000060
21336  14.300  -49.454  -28.963 0.4000000060
21338  13.027  -50.161  -27.982 0.3000000119
22219  11.841  -48.955  -26.949 0.3000000119
127214  11.169  -48.331  -26.929 0.3000000119
23252  10.979  -47.435  -27.042 0.3000000119
141912  12.179  -51.029  -28.181 0.3000000119
20487  12.208  -50.503  -27.614 0.3000000119
22220  10.840  -49.131  -26.807 0.3000000119
125391  10.351  -48.206  -26.886 0.3000000119
23253  9.962  -47.381  -27.082 0.3000000119
129078  10.881  -49.990  -26.818 0.3000000119
125277  9.431  -48.159  -26.908 0.3000000119
23254  9.084  -47.380  -27.210 0.3000000119
24278  7.857  -45.921  -28.238 0.3000000119
26198  16.118  -44.108  -30.382 0.3000000119
25255  16.277  -45.402  -30.314 0.3000000119
23287  15.702  -47.810  -29.809 0.3000000119
22216  14.976  -48.429  -28.018 0.3000000119
23250  13.436  -47.898  -27.324 0.3000000119
124538  11.955  -47.030  -27.085 0.3000000119
22247  15.010  -48.868  -29.180 0.3000000119
22217  13.795  -48.751  -27.573 0.3000000119
22218  12.808  -48.655  -27.221 0.3000000119
138641  12.602  -47.712  -27.136 0.3000000119
24264  11.207  -46.630  -27.185 0.3000000119
24265  10.447  -46.626  -27.257 0.3000000119
24266  9.527  -46.584  -27.405 0.3000000119
24267  8.580  -46.652  -27.603 0.3000000119
25224  8.989  -45.684  -27.847 0.3000000119
26197  16.996  -43.870  -30.099 0.3000000119
23286  16.298  -47.333  -29.600 0.3000000119
23268  16.025  -48.048  -28.783 0.3000000119
23249  14.315  -48.151  -27.571 0.3000000119
125741  12.948  -47.040  -27.167 0.3000000119
127281  10.948  -45.965  -27.364 0.3000000119
25223  10.060  -45.826  -27.551 0.3000000119
25235  9.707  -44.935  -27.938 0.3000000119
25236  8.303  -45.163  -28.522 0.3000000119
24262  13.178  -46.242  -27.177 0.3000000119
127517  11.743  -46.164  -27.230 0.3000000119
25222  10.672  -45.162  -27.607 0.3000000119
140825  8.895  -44.824  -28.393 0.3000000119
26174  9.226  -44.004  -28.776 0.3000000119
25219  13.275  -45.439  -27.184 0.3000000119
25221  11.536  -45.402  -27.399 0.3000000119
134009  13.986  -45.986  -27.156 0.3000000119
130335  12.772  -44.966  -27.263 0.3000000119
125209  12.096  -44.848  -27.368 0.3000000119
124298  11.308  -44.618  -27.562 0.3000000119
26173  10.385  -44.175  -27.958 0.3000000119
2531  23.076  -73.898  -38.509 0.5000000000
2987  22.200  -73.015  -38.736 0.5000000000
2998  22.205  -72.653  -39.832 0.4000000060
126432  12.479  -63.081  -41.626 0.6999999881
10431  12.863  -62.004  -40.203 0.6999999881
5158  22.426  -68.882  -39.563 0.4000000060
135314  22.965  -72.976  -39.799 0.5000000000
8780  15.366  -63.442  -41.669 0.6000000238
6439  13.518  -65.913  -40.000 0.5000000000
10456  16.068  -62.013  -42.283 0.6000000238
118596  15.087  -67.642  -44.302 0.8000000119
5799  15.443  -66.858  -41.823 0.6999999881
7230  13.725  -65.626  -47.132 0.6000000238
15067  17.352  -56.148  -44.758 0.5000000000
10495  15.251  -61.276  -47.241 0.6999999881
22318  11.223  -47.565  -34.619 0.4000000060
15965  18.285  -55.146  -44.875 0.5000000000
11354  18.278  -59.898  -46.390 0.6000000238
124682  19.946  -56.056  -45.386 0.4000000060
124423  17.096  -62.886  -47.115 0.6000000238
10488  17.723  -61.357  -45.966 0.6000000238
25300  11.389  -45.322  -34.305 0.3000000119
122063  19.190  -57.810  -44.532 0.4000000060
13240  18.931  -58.559  -44.142 0.4000000060
128235  14.161  -42.198  -32.537 0.4000000060
24296  15.686  -46.881  -30.365 0.3000000119
26183  17.076  -45.009  -29.945 0.3000000119
7219  18.046  -65.183  -45.129 0.5000000000
7228  18.463  -66.870  -46.838 0.5000000000
5859  18.509  -67.959  -46.949 0.6999999881
5850  18.792  -68.344  -46.434 0.6999999881
5824  18.586  -67.788  -43.896 0.6000000238
7229  17.811  -65.892  -46.123 0.5000000000
7236  17.142  -66.333  -47.200 0.6000000238
5851  17.916  -68.158  -46.539 0.6000000238
6466  19.686  -66.091  -41.316 0.6000000238
7171  19.788  -65.650  -40.581 0.6000000238
5849  19.546  -68.264  -46.354 0.6999999881
6492  19.886  -67.164  -43.606 0.6000000238
6482  19.579  -66.811  -42.582 0.6000000238
136610  19.671  -68.129  -45.361 0.6999999881
5809  19.127  -67.371  -43.183 0.6000000238
6449  19.104  -66.265  -40.936 0.6000000238
8013  17.920  -64.543  -44.578 0.5000000000
6500  20.705  -67.121  -45.540 0.6999999881
6491  20.682  -66.651  -44.105 0.6999999881
7189  21.175  -65.832  -43.063 0.6000000238
7180  20.720  -65.745  -42.148 0.6000000238
6507  20.654  -67.326  -46.918 0.6000000238
6501  20.127  -67.575  -44.781 0.6999999881
6481  20.342  -66.454  -42.874 0.6000000238
6511  20.392  -67.112  -47.507 0.6000000238
8800  17.844  -63.849  -44.135 0.5000000000
8816  17.171  -63.996  -46.108 0.5000000000
6499  21.165  -66.559  -46.398 0.6999999881
7203  21.531  -65.844  -44.199 0.6000000238
7169  21.431  -64.778  -40.965 0.6000000238
9631  18.550  -62.501  -42.653 0.5000000000
130794  17.587  -63.144  -44.495 0.5000000000
11301  19.174  -60.651  -41.275 0.5000000000
9646  17.798  -62.396  -43.902 0.5000000000
12236  19.406  -59.238  -41.269 0.4000000060
9648  9.944  -63.094  -44.636 0.4000000060
8792  11.115  -64.058  -43.894 0.4000000060
8802  9.545  -63.705  -44.271 0.4000000060
8003  9.763  -64.362  -44.078 0.5000000000
7981  10.052  -64.805  -41.963 0.5000000000
8777  10.022  -63.934  -41.210 0.5000000000
11327  18.259  -60.835  -43.761 0.5000000000
127017  10.517  -64.570  -40.765 0.5000000000
10383  10.848  -61.167  -37.269 0.6000000238
11302  18.818  -60.308  -42.090 0.4000000060
7964  11.326  -64.574  -39.563 0.5000000000
8767  11.075  -63.951  -39.384 0.5000000000
9553  11.299  -62.037  -37.336 0.5000000000
9634  9.050  -63.181  -43.614 0.5000000000
121186  9.237  -63.492  -42.679 0.5000000000
9620  9.046  -62.625  -42.169 0.5000000000
9606  10.019  -63.103  -40.641 0.5000000000
10415  9.771  -61.727  -40.276 0.5000000000
130553  10.350  -62.949  -39.900 0.5000000000
9592  10.399  -62.418  -39.382 0.5000000000
9567  10.833  -61.851  -37.991 0.5000000000
11314  18.516  -60.335  -42.986 0.5000000000
9582  10.793  -62.553  -38.649 0.5000000000
13191  20.190  -58.197  -40.285 0.4000000060
12251  19.144  -58.977  -42.153 0.4000000060
13214  19.972  -57.903  -41.210 0.4000000060
11293  11.951  -60.344  -41.067 0.5000000000
10432  9.301  -61.709  -41.201 0.5000000000
138769  18.236  -60.504  -44.674 0.5000000000
12264  18.973  -58.763  -43.104 0.4000000060
128926  12.863  -58.838  -38.561 0.5000000000
13173  12.514  -58.481  -39.237 0.5000000000
122330  12.313  -57.722  -39.791 0.5000000000
12223  12.103  -59.538  -40.467 0.5000000000
14158  19.863  -57.643  -42.247 0.4000000060
13155  13.164  -58.705  -37.897 0.5000000000
126109  12.551  -57.641  -39.082 0.5000000000
14084  13.278  -57.401  -37.098 0.5000000000
14085  13.003  -57.123  -37.831 0.5000000000
14118  12.493  -56.950  -39.387 0.5000000000
118762  12.076  -57.654  -40.784 0.4000000060
14977  13.432  -56.766  -36.433 0.5000000000
15000  12.624  -56.083  -38.916 0.6000000238
15008  12.404  -56.145  -39.767 0.6000000238
136752  14.077  -57.523  -35.100 0.5000000000
14964  13.544  -56.161  -35.761 0.5000000000
14990  13.192  -56.390  -37.178 0.5000000000
140545  12.867  -55.234  -37.789 0.6000000238
15913  12.488  -55.063  -39.435 0.6000000238
15923  12.027  -55.218  -40.940 0.6000000238
15031  11.834  -55.855  -42.380 0.5000000000
15954  11.228  -55.606  -43.505 0.5000000000
15944  10.862  -55.048  -42.995 0.5000000000
14036  13.912  -56.556  -34.804 0.5000000000
14943  14.146  -56.251  -33.802 0.5000000000
15835  13.407  -55.627  -35.181 0.5000000000
15854  13.282  -55.486  -35.931 0.5000000000
15855  12.924  -55.127  -35.682 0.6000000238
16926  12.484  -54.032  -38.807 0.6000000238
15922  12.171  -54.560  -40.333 0.6000000238
15931  11.708  -54.933  -41.905 0.6000000238
16980  11.190  -54.566  -42.348 0.5000000000
18894  9.010  -51.776  -39.086 0.5000000000
15932  9.567  -54.983  -42.059 0.5000000000
14942  14.855  -56.810  -33.321 0.5000000000
15821  14.362  -56.062  -32.947 0.5000000000
15823  12.890  -55.347  -33.531 0.6000000238
16874  12.182  -55.053  -35.003 0.6000000238
16875  11.295  -54.686  -35.444 0.6000000238
16910  12.305  -54.205  -37.458 0.6000000238
16894  11.930  -54.436  -36.464 0.6000000238
140286  12.343  -53.373  -39.325 0.6000000238
138645  12.229  -52.861  -38.579 0.6000000238
16958  12.009  -53.544  -40.451 0.6000000238
17931  11.338  -53.493  -41.020 0.5000000000
16981  10.536  -54.649  -42.372 0.5000000000
16960  10.894  -53.614  -41.185 0.5000000000
17918  10.520  -53.327  -40.560 0.5000000000
16962  9.631  -54.603  -40.992 0.5000000000
16946  9.778  -53.891  -40.091 0.5000000000
16818  12.592  -54.959  -32.695 0.6000000238
16833  12.119  -55.018  -33.250 0.6000000238
16853  11.323  -54.887  -34.393 0.6000000238
16876  10.136  -54.385  -35.549 0.6000000238
16895  10.882  -54.173  -36.325 0.6000000238
17875  11.320  -52.363  -37.720 0.6000000238
17858  10.520  -53.299  -36.961 0.6000000238
18878  11.751  -51.171  -39.041 0.5000000000
140466  11.068  -51.247  -38.089 0.5000000000
18904  11.614  -51.919  -40.020 0.5000000000
18863  10.334  -50.692  -38.033 0.5000000000
18864  9.391  -51.147  -37.459 0.6000000238
19812  10.344  -50.614  -39.087 0.5000000000
18880  9.389  -50.643  -38.575 0.5000000000
19786  9.144  -50.212  -38.034 0.5000000000
19787  7.330  -50.562  -37.265 0.5000000000
138412  10.316  -54.007  -33.342 0.6000000238
17817  9.837  -53.513  -33.465 0.6000000238
16877  9.151  -53.963  -35.730 0.6000000238
18848  10.312  -51.941  -37.490 0.6000000238
17860  8.236  -51.927  -36.586 0.6000000238
137642  8.042  -50.668  -36.954 0.5000000000
17816  10.545  -53.309  -32.987 0.6000000238
17847  8.323  -53.238  -35.735 0.6000000238
127310  7.463  -51.855  -35.268 0.6000000238
19764  7.050  -50.817  -35.637 0.5000000000
140030  11.691  -50.466  -33.434 0.6000000238
128583  11.198  -51.228  -33.197 0.6000000238
19741  10.346  -51.400  -33.358 0.6000000238
18824  8.379  -52.566  -34.000 0.6000000238
17836  7.982  -53.165  -35.086 0.6000000238
19754  7.436  -51.453  -34.685 0.5000000000
129811  10.888  -50.250  -33.632 0.6000000238
20590  9.723  -50.922  -33.585 0.6000000238
20601  9.901  -49.894  -33.798 0.6000000238
19753  7.880  -51.818  -34.191 0.6000000238
119768  8.927  -49.633  -33.868 0.6000000238
21434  7.399  -49.461  -34.292 0.5000000000
136472  9.013  -48.497  -34.207 0.4000000060
134186  18.862  -66.969  -42.238 0.6000000238
5839  18.924  -68.345  -45.268 0.6999999881
125232  17.312  -63.093  -45.616 0.5000000000
10478  17.872  -61.364  -44.576 0.5000000000
9617  18.879  -62.058  -42.028 0.5000000000
10454  18.411  -61.833  -42.661 0.5000000000
139766  10.102  -61.831  -39.588 0.6000000238
120830  12.770  -54.841  -37.070 0.6000000238
120042  12.317  -54.780  -35.823 0.6000000238
17899  12.140  -52.849  -39.851 0.6000000238
19797  11.486  -50.826  -39.095 0.5000000000
18809  10.125  -52.459  -33.243 0.6000000238
17835  8.578  -53.693  -34.908 0.6000000238
20602  8.975  -50.554  -33.737 0.6000000238
20603  7.755  -50.585  -34.047 0.6000000238
2082  23.787  -74.709  -37.395 0.4000000060
2511  25.602  -73.860  -36.641 0.5000000000
2519  26.262  -73.049  -37.113 0.5000000000
2081  24.475  -74.516  -37.173 0.4000000060
2528  24.681  -73.609  -38.419 0.4000000060
2522  23.594  -74.232  -38.259 0.4000000060
2974  26.989  -72.276  -37.388 0.5000000000
2967  27.526  -72.436  -36.462 0.5000000000
2985  25.433  -72.756  -38.545 0.5000000000
2986  24.474  -73.180  -39.147 0.5000000000
2529  23.890  -73.782  -38.890 0.4000000060
3488  26.813  -71.576  -38.549 0.5000000000
3489  25.938  -71.908  -38.907 0.5000000000
2995  25.018  -72.443  -39.400 0.5000000000
132310  24.278  -72.731  -39.759 0.5000000000
2536  23.806  -73.116  -39.603 0.4000000060
2996  23.736  -72.432  -40.437 0.4000000060
3495  26.616  -71.212  -39.291 0.5000000000
3501  26.091  -71.089  -40.056 0.5000000000
4027  26.199  -70.588  -40.686 0.5000000000
3502  25.180  -71.325  -40.733 0.5000000000
3503  24.110  -71.760  -41.149 0.5000000000
3007  22.494  -72.036  -41.049 0.4000000060
7959  23.019  -64.672  -40.004 0.5000000000
7139  23.261  -65.381  -39.078 0.4000000060
6448  24.025  -66.290  -40.217 0.4000000060
5787  24.145  -67.288  -40.725 0.4000000060
5788  23.619  -67.943  -40.360 0.4000000060
5168  22.644  -69.105  -40.373 0.4000000060
4028  25.115  -70.693  -41.653 0.5000000000
4596  22.408  -69.724  -41.258 0.4000000060
122175  22.211  -70.555  -42.084 0.4000000060
3515  21.751  -71.168  -41.680 0.4000000060
4037  24.990  -70.167  -42.584 0.4000000060
3512  23.521  -71.319  -42.228 0.5000000000
3505  22.037  -71.599  -41.458 0.4000000060
3504  23.271  -71.843  -41.511 0.4000000060
7155  23.588  -65.297  -39.893 0.4000000060
5795  23.933  -68.280  -41.522 0.4000000060
5175  26.215  -69.235  -42.808 0.4000000060
4607  22.748  -69.955  -42.477 0.4000000060
3522  22.548  -71.025  -42.752 0.4000000060
4615  24.969  -69.629  -43.447 0.4000000060
4038  23.899  -70.693  -42.821 0.4000000060
4048  23.353  -70.413  -43.313 0.4000000060
3513  22.809  -71.318  -42.529 0.4000000060
7977  22.113  -64.664  -41.359 0.5000000000
7976  23.099  -64.554  -41.526 0.4000000060
7969  24.015  -64.888  -41.471 0.4000000060
7179  24.745  -65.744  -41.929 0.4000000060
6464  24.943  -66.899  -42.281 0.4000000060
5176  24.176  -68.708  -43.008 0.4000000060
5187  24.282  -69.086  -44.228 0.4000000060
5177  23.542  -69.287  -42.608 0.4000000060
5186  25.052  -69.030  -44.201 0.4000000060
4624  24.379  -68.924  -44.284 0.4000000060
4618  23.371  -70.098  -43.415 0.4000000060
140863  21.542  -64.897  -41.490 0.5000000000
7986  22.573  -64.717  -42.211 0.5000000000
7188  21.621  -65.148  -42.120 0.6000000238
7985  23.306  -64.593  -42.278 0.5000000000
140150  24.957  -65.469  -42.902 0.4000000060
6480  25.195  -66.640  -43.490 0.4000000060
6479  25.196  -66.989  -44.973 0.4000000060
5837  25.259  -67.589  -45.263 0.4000000060
118498  23.140  -64.635  -42.988 0.4000000060
7993  23.756  -64.367  -43.772 0.4000000060
134782  24.737  -64.950  -43.334 0.4000000060
7994  22.974  -64.648  -44.029 0.5000000000
8008  23.573  -64.294  -44.783 0.4000000060
7201  24.494  -64.569  -43.945 0.4000000060
8006  24.899  -64.624  -45.077 0.4000000060
7215  22.279  -65.190  -44.673 0.6000000238
7216  21.655  -65.811  -45.589 0.6000000238
8019  23.380  -64.162  -46.055 0.5000000000
8805  24.017  -63.967  -45.402 0.4000000060
6513  19.006  -67.696  -47.107 0.5000000000
132530  12.653  -54.248  -32.239 0.5000000000
17793  11.360  -53.296  -32.617 0.5000000000
20568  12.780  -50.686  -32.996 0.5000000000
18785  13.084  -52.835  -31.936 0.5000000000
19719  12.369  -51.470  -32.734 0.5000000000
16819  11.820  -54.344  -32.658 0.5000000000
2975  26.126  -72.673  -37.817 0.5000000000
129014  25.051  -73.835  -37.607 0.5000000000
7168  24.164  -65.512  -40.796 0.4000000060
6447  24.507  -66.552  -41.196 0.4000000060
4616  24.324  -69.463  -44.034 0.4000000060
140638  23.777  -64.680  -42.033 0.4000000060
7984  24.378  -64.975  -42.340 0.4000000060
5808  24.728  -67.980  -43.664 0.4000000060
5823  24.737  -68.385  -44.681 0.4000000060
7202  22.213  -65.161  -43.232 0.5000000000
137426  25.190  -65.140  -44.607 0.4000000060
8009  22.817  -64.597  -45.368 0.6000000238
117647  24.258  -64.208  -44.654 0.5000000000
7225  22.071  -65.084  -46.239 0.5000000000
11273  23.170  -60.528  -39.592 0.3000000119
10424  22.889  -61.243  -40.989 0.3000000119
121313  22.036  -61.547  -40.627 0.3000000119
11274  22.318  -60.657  -39.401 0.3000000119
12183  23.342  -59.710  -38.399 0.3000000119
13135  24.425  -58.687  -37.561 0.3000000119
13136  23.691  -58.751  -37.385 0.3000000119
121276  23.141  -61.353  -41.933 0.3000000119
10453  22.568  -61.904  -42.596 0.4000000060
125868  21.958  -62.373  -42.801 0.4000000060
11289  23.436  -60.699  -40.460 0.3000000119
9628  21.280  -62.702  -42.522 0.4000000060
9614  21.397  -62.077  -41.128 0.4000000060
8799  18.406  -63.700  -43.517 0.4000000060
7997  18.298  -64.311  -44.062 0.4000000060
11272  24.042  -60.092  -39.907 0.3000000119
10426  21.166  -61.583  -40.370 0.3000000119
9616  19.653  -62.351  -41.597 0.4000000060
13138  22.351  -58.199  -37.587 0.3000000119
11276  20.656  -60.261  -39.484 0.3000000119
9653  22.163  -62.349  -44.771 0.4000000060
9654  21.414  -62.916  -45.449 0.4000000060
8031  20.690  -65.307  -47.691 0.4000000060
8023  20.033  -65.874  -47.403 0.4000000060
10465  22.942  -61.776  -43.423 0.4000000060
9643  21.643  -62.739  -44.117 0.4000000060
8815  20.446  -64.102  -46.223 0.4000000060
7217  19.240  -65.371  -45.841 0.4000000060
11313  23.859  -60.866  -42.287 0.3000000119
9644  21.117  -63.028  -43.394 0.4000000060
7995  19.647  -64.047  -44.196 0.4000000060
7235  19.418  -67.247  -47.234 0.4000000060
11288  24.178  -60.258  -40.902 0.3000000119
8798  19.323  -63.753  -43.368 0.4000000060
8012  18.588  -64.813  -44.723 0.4000000060
12201  24.736  -59.457  -39.842 0.3000000119
9630  19.147  -62.750  -42.237 0.4000000060
10428  19.717  -61.134  -40.694 0.4000000060
9667  22.077  -62.804  -48.283 0.4000000060
8030  21.322  -64.568  -47.761 0.4000000060
141718  22.390  -62.088  -46.544 0.4000000060
125946  21.957  -62.411  -46.019 0.4000000060
8823  21.339  -63.840  -47.911 0.4000000060
7232  20.953  -65.601  -47.766 0.4000000060
11312  24.423  -60.302  -42.648 0.3000000119
10464  23.500  -61.348  -43.838 0.4000000060
135157  25.695  -58.476  -41.197 0.3000000119
12235  24.741  -59.726  -41.396 0.3000000119
7227  19.220  -66.504  -46.835 0.4000000060
13190  25.538  -58.633  -40.541 0.3000000119
8020  22.410  -64.451  -46.927 0.4000000060
8034  21.893  -63.714  -48.208 0.4000000060
12221  19.772  -59.581  -40.405 0.3000000119
13171  20.517  -58.622  -39.431 0.3000000119
11277  20.082  -60.139  -39.960 0.3000000119
6512  19.846  -67.527  -47.293 0.4000000060
7226  21.360  -65.778  -47.122 0.4000000060
8028  22.919  -63.851  -47.503 0.4000000060
9613  22.329  -61.771  -41.536 0.3000000119
11253  22.033  -60.108  -38.848 0.3000000119
13137  22.959  -58.601  -37.423 0.3000000119
9615  20.512  -62.278  -41.266 0.4000000060
8797  20.276  -63.509  -43.586 0.4000000060
122787  19.849  -62.908  -42.131 0.4000000060
8011  19.203  -64.581  -44.662 0.4000000060
10427  20.378  -61.385  -40.396 0.4000000060
10487  22.657  -61.899  -45.482 0.4000000060
8824  20.816  -64.415  -47.570 0.4000000060
8806  20.821  -63.476  -45.482 0.4000000060
11326  24.005  -60.826  -43.239 0.3000000119
8807  20.344  -63.781  -44.806 0.4000000060
11299  24.314  -60.332  -41.774 0.3000000119
10476  23.508  -61.321  -45.086 0.4000000060
11339  24.135  -60.812  -44.305 0.3000000119
123578  24.798  -59.755  -42.180 0.3000000119
1617  25.592  -75.816  -31.113 0.3000000119
1618  23.745  -76.711  -30.969 0.3000000119
1616  26.247  -75.306  -31.279 0.3000000119
122953  24.775  -76.317  -30.932 0.3000000119
1628  25.730  -75.401  -31.987 0.3000000119
1629  24.836  -75.794  -31.864 0.3000000119
2026  27.294  -74.191  -31.659 0.3000000119
2019  26.744  -74.853  -31.011 0.3000000119
1608  26.026  -75.415  -30.823 0.3000000119
2480  27.512  -73.645  -32.216 0.3000000119
2027  26.778  -74.814  -31.977 0.3000000119
1641  24.643  -75.405  -33.131 0.3000000119
2070  24.903  -74.631  -36.234 0.3000000119
2937  25.697  -72.426  -31.778 0.3000000119
2473  26.266  -73.698  -30.635 0.3000000119
2944  27.256  -72.634  -32.811 0.3000000119
2936  27.021  -72.904  -31.982 0.3000000119
2013  26.064  -75.152  -30.418 0.3000000119
141934  26.830  -74.297  -33.751 0.3000000119
2510  27.066  -73.218  -36.045 0.3000000119
2069  26.193  -73.914  -35.591 0.3000000119
3429  27.476  -72.256  -33.601 0.3000000119
2043  27.431  -73.943  -33.388 0.3000000119
2488  27.893  -72.724  -33.833 0.3000000119
2947  28.030  -72.284  -34.592 0.3000000119
2506  27.546  -73.310  -34.974 0.3000000119
2495  26.858  -74.059  -34.438 0.3000000119
2966  28.002  -72.007  -36.090 0.3000000119
118301  27.531  -69.873  -39.637 0.4000000060
3479  27.264  -71.618  -37.855 0.4000000060
119976  20.165  -75.956  -28.648 0.3000000119
127758  18.002  -76.982  -28.754 0.3000000119
125596  24.690  -75.927  -29.849 0.3000000119
1239  23.503  -76.837  -30.195 0.3000000119
2466  23.154  -73.578  -30.232 0.3000000119
2016  23.379  -74.774  -29.778 0.3000000119
2001  21.394  -75.222  -29.223 0.3000000119
1597  21.062  -76.547  -28.735 0.3000000119
1219  18.988  -77.209  -28.552 0.3000000119
3421  24.608  -72.022  -31.231 0.3000000119
2465  24.444  -74.307  -30.094 0.3000000119
2000  22.477  -75.391  -29.364 0.3000000119
1231  21.049  -77.410  -28.823 0.3000000119
1218  19.767  -77.349  -28.597 0.3000000119
2464  25.730  -74.434  -30.256 0.3000000119
2015  24.293  -75.464  -29.711 0.3000000119
1595  23.229  -76.208  -29.303 0.3000000119
901  21.442  -77.586  -29.320 0.3000000119
1594  24.010  -76.108  -29.584 0.3000000119
1240  22.917  -77.068  -29.838 0.3000000119
2035  26.836  -74.482  -33.083 0.3000000119
137835  25.730  -74.664  -34.152 0.3000000119
2926  25.553  -72.841  -30.959 0.3000000119
2494  27.771  -73.317  -33.976 0.3000000119
1598  19.931  -74.936  -28.773 0.3000000119
909  21.706  -77.673  -29.827 0.3000000119
2916  25.123  -73.373  -30.526 0.3000000119
2467  22.204  -74.068  -30.092 0.3000000119
1999  23.552  -75.658  -29.467 0.3000000119
1596  22.524  -76.380  -29.098 0.3000000119
902  20.700  -77.995  -29.178 0.3000000119
129835  27.700  -71.709  -36.932 0.3000000119
8794  28.937  -63.976  -43.976 0.3000000119
8786  28.654  -64.137  -43.132 0.3000000119
7186  28.835  -65.854  -42.766 0.3000000119
125735  28.615  -67.228  -42.215 0.4000000060
5184  27.784  -68.199  -42.532 0.4000000060
4605  27.082  -69.317  -41.534 0.3000000119
133742  25.888  -70.227  -41.560 0.3000000119
8004  28.775  -64.535  -44.392 0.3000000119
7199  28.461  -65.933  -43.995 0.4000000060
5820  27.670  -67.316  -43.834 0.4000000060
5835  26.760  -67.226  -44.857 0.4000000060
5185  26.528  -68.644  -43.391 0.3000000119
6498  25.662  -66.714  -45.496 0.4000000060
5836  25.745  -67.388  -45.379 0.4000000060
5822  24.985  -68.086  -45.129 0.3000000119
7200  25.532  -66.449  -45.279 0.3000000119
9626  27.757  -62.266  -42.371 0.3000000119
8787  28.170  -63.263  -42.736 0.3000000119
7982  28.664  -65.120  -42.660 0.4000000060
6462  28.645  -66.858  -41.819 0.4000000060
5793  28.487  -67.529  -41.548 0.3000000119
5166  27.766  -68.808  -41.173 0.3000000119
4594  27.565  -69.352  -40.496 0.3000000119
9641  28.307  -62.528  -43.560 0.3000000119
125100  28.475  -62.507  -44.544 0.3000000119
9652  28.459  -62.961  -45.184 0.3000000119
8804  28.191  -63.682  -45.503 0.3000000119
8005  28.192  -64.437  -45.234 0.3000000119
129110  27.452  -66.166  -44.893 0.4000000060
123219  27.975  -63.112  -45.838 0.3000000119
9659  27.269  -62.982  -46.468 0.3000000119
8015  27.565  -64.309  -45.879 0.3000000119
7223  27.149  -65.069  -45.870 0.4000000060
6497  26.514  -66.760  -45.273 0.4000000060
8812  26.667  -63.824  -47.006 0.3000000119
7224  26.091  -65.388  -46.479 0.4000000060
7214  25.676  -65.617  -45.773 0.4000000060
8821  24.532  -63.702  -47.875 0.3000000119
8018  24.952  -64.552  -47.013 0.4000000060
117267  25.393  -64.917  -46.295 0.4000000060
8828  23.584  -63.153  -48.581 0.3000000119
8813  23.996  -63.799  -46.647 0.4000000060
8822  23.511  -63.548  -47.971 0.3000000119
10394  26.471  -61.353  -38.252 0.3000000119
9579  26.286  -62.595  -38.843 0.3000000119
8754  26.074  -63.345  -38.482 0.3000000119
7137  26.567  -65.164  -39.184 0.3000000119
125971  27.411  -61.307  -41.883 0.3000000119
10422  27.161  -61.340  -40.824 0.3000000119
127151  26.931  -62.845  -40.442 0.3000000119
7154  27.052  -65.470  -40.030 0.3000000119
11311  27.698  -60.338  -43.331 0.3000000119
121701  27.496  -60.634  -42.483 0.3000000119
127174  27.289  -62.147  -41.378 0.3000000119
7967  27.506  -64.235  -41.213 0.3000000119
7167  27.719  -65.884  -40.763 0.3000000119
6446  28.050  -66.834  -40.657 0.3000000119
5786  28.158  -67.658  -40.527 0.3000000119
4578  27.792  -68.861  -40.229 0.3000000119
4562  27.605  -69.616  -39.188 0.3000000119
3996  27.657  -70.602  -38.174 0.3000000119
11324  27.978  -60.035  -44.190 0.3000000119
9666  25.448  -63.219  -48.164 0.3000000119
8027  25.448  -64.382  -47.674 0.3000000119
9673  24.695  -62.706  -48.529 0.3000000119
8820  25.204  -63.719  -48.206 0.3000000119
10499  23.324  -62.355  -48.615 0.3000000119
10500  22.624  -62.628  -48.503 0.3000000119
8829  22.577  -63.411  -48.398 0.3000000119
11234  27.159  -60.651  -37.334 0.3000000119
10406  26.919  -60.781  -39.049 0.3000000119
130659  26.810  -61.554  -39.884 0.3000000119
8765  26.423  -63.407  -39.321 0.3000000119
11287  27.375  -60.363  -40.709 0.3000000119
9588  26.618  -62.529  -39.747 0.3000000119
3985  27.721  -70.525  -37.521 0.3000000119
11221  27.541  -60.852  -36.843 0.3000000119
137736  27.330  -60.308  -38.484 0.3000000119
11271  27.508  -60.092  -38.984 0.3000000119
118186  27.446  -60.159  -39.707 0.3000000119
10423  27.107  -60.834  -40.038 0.3000000119
11298  27.402  -60.412  -41.666 0.3000000119
12161  28.141  -59.993  -37.978 0.3000000119
12180  28.451  -59.669  -38.661 0.3000000119
12216  28.558  -59.039  -40.033 0.3000000119
12217  27.842  -59.469  -40.243 0.3000000119
3487  27.394  -70.998  -38.533 0.3000000119
4012  26.726  -70.695  -39.889 0.3000000119
4595  26.761  -69.910  -41.025 0.3000000119
5196  25.496  -68.271  -44.751 0.4000000060
8007  24.490  -64.204  -45.677 0.4000000060
10486  23.116  -61.558  -46.625 0.3000000119
8795  28.618  -63.448  -43.566 0.3000000119
7198  28.874  -65.473  -43.346 0.3000000119
6488  28.472  -66.594  -43.431 0.4000000060
5806  28.171  -67.620  -42.807 0.4000000060
5195  27.088  -68.051  -43.739 0.4000000060
7213  26.465  -65.935  -45.677 0.4000000060
118656  27.815  -61.370  -43.156 0.3000000119
133355  27.590  -63.087  -41.690 0.3000000119
6463  28.363  -66.426  -41.397 0.3000000119
7975  28.101  -65.270  -41.584 0.3000000119
6445  28.444  -67.284  -41.172 0.4000000060
5165  27.976  -68.511  -40.751 0.3000000119
126667  28.235  -61.747  -44.336 0.3000000119
120343  28.293  -62.036  -45.130 0.3000000119
8016  26.665  -64.582  -46.557 0.4000000060
9674  23.798  -62.793  -48.738 0.3000000119
8772  26.780  -63.426  -40.135 0.3000000119
7968  27.045  -64.048  -40.553 0.3000000119
7153  27.480  -66.301  -40.135 0.3000000119
11367  24.384  -61.211  -47.988 0.3000000119
8757  11.304  -63.459  -38.582 0.4000000060
892  20.302  -77.793  -28.780 0.3000000119
900  22.207  -77.269  -29.530 0.3000000119
1217  20.355  -76.953  -28.596 0.3000000119
1228  23.473  -76.562  -29.686 0.3000000119
1229  22.766  -76.775  -29.326 0.3000000119
1230  21.953  -76.974  -28.946 0.3000000119
1583  19.469  -76.381  -28.547 0.3000000119
1609  25.245  -75.783  -30.449 0.3000000119
1610  24.247  -76.360  -30.174 0.3000000119
2014  25.199  -75.322  -29.991 0.3000000119
2034  27.465  -74.109  -32.473 0.3000000119
2463  26.548  -74.489  -30.552 0.3000000119
2472  27.100  -74.015  -30.958 0.3000000119
2481  27.317  -73.517  -31.690 0.3000000119
2489  27.691  -73.334  -33.016 0.3000000119
2505  28.024  -72.761  -34.489 0.3000000119
2520  25.476  -73.190  -37.905 0.5000000000
2521  24.180  -74.291  -38.073 0.4000000060
2530  23.401  -73.807  -38.916 0.5000000000
2537  23.396  -73.380  -39.438 0.4000000060
2925  26.711  -73.198  -31.192 0.3000000119
2935  27.519  -73.146  -32.458 0.3000000119
2943  27.696  -72.775  -33.259 0.3000000119
2956  27.980  -72.508  -35.396 0.3000000119
2984  26.464  -72.134  -38.170 0.5000000000
2997  23.289  -72.798  -40.060 0.4000000060
3006  23.028  -72.317  -40.900 0.4000000060
3015  22.630  -71.715  -41.653 0.4000000060
3478  27.712  -71.107  -37.660 0.3000000119
3496  25.562  -71.661  -39.736 0.5000000000
3497  24.602  -72.067  -40.175 0.5000000000
3506  21.366  -71.528  -41.008 0.4000000060
3511  24.357  -71.166  -41.709 0.5000000000
3514  22.283  -71.227  -42.197 0.4000000060
4011  27.253  -70.513  -39.372 0.4000000060
4026  27.139  -70.169  -40.153 0.3000000119
4029  21.633  -70.934  -41.636 0.4000000060
4039  23.130  -70.986  -43.035 0.4000000060
4040  22.879  -70.917  -43.030 0.4000000060
4041  22.179  -71.007  -42.348 0.4000000060
4047  24.046  -70.058  -43.785 0.4000000060
4049  22.754  -70.729  -42.923 0.4000000060
4579  27.663  -69.318  -39.845 0.3000000119
4606  26.040  -69.757  -42.121 0.3000000119
4617  24.025  -69.663  -43.902 0.4000000060
5167  23.195  -68.947  -41.146 0.4000000060
5173  28.219  -68.211  -41.490 0.3000000119
5174  27.358  -68.733  -42.071 0.4000000060
5188  23.850  -69.572  -43.786 0.4000000060
5778  27.980  -68.295  -40.380 0.3000000119
5785  28.387  -67.931  -40.951 0.3000000119
5794  24.536  -67.616  -41.927 0.4000000060
5796  18.279  -67.298  -42.657 0.6000000238
5797  17.334  -67.202  -42.376 0.6999999881
5801  13.277  -67.199  -42.177 0.6999999881
5807  24.934  -67.811  -45.025 0.4000000060
5810  17.644  -67.567  -43.384 0.6999999881
5819  28.519  -67.077  -42.915 0.4000000060
5821  26.277  -67.737  -44.823 0.4000000060
5827  15.923  -67.536  -43.601 0.6999999881
5828  14.908  -67.517  -43.366 0.6999999881
5829  13.864  -67.567  -43.263 0.6999999881
5830  11.841  -67.290  -44.030 0.6999999881
5838  20.187  -67.856  -46.046 0.6999999881
5840  17.167  -68.014  -45.137 0.8000000119
5843  14.087  -67.490  -45.239 0.8000000119
5844  12.790  -67.110  -45.678 0.6999999881
5857  20.081  -67.865  -47.097 0.4000000060
5858  19.388  -68.071  -47.032 0.5000000000
5861  16.444  -67.334  -47.289 0.8000000119
5862  14.438  -67.114  -46.922 0.6000000238
6382  21.320  -66.043  -35.244 0.6000000238
6395  21.138  -66.791  -35.283 0.6000000238
6424  22.891  -66.514  -38.309 0.5000000000
6425  17.099  -65.940  -38.934 0.6000000238
6426  16.546  -65.879  -38.892 0.6000000238
6433  23.552  -66.170  -39.394 0.4000000060
6437  15.309  -65.935  -39.577 0.5000000000
6438  14.405  -65.896  -39.780 0.5000000000
6450  18.382  -66.419  -40.550 0.6999999881
6451  17.099  -66.443  -40.112 0.6999999881
6454  13.187  -66.395  -40.743 0.5000000000
6455  12.335  -66.406  -41.056 0.6999999881
6465  19.978  -66.230  -41.991 0.6000000238
6469  15.740  -66.543  -40.929 0.6000000238
6470  14.772  -66.579  -41.131 0.6999999881
6474  11.112  -66.528  -42.664 0.6999999881
6478  28.757  -66.521  -42.589 0.3000000119
6489  27.638  -66.685  -44.378 0.4000000060
6490  21.181  -66.422  -45.108 0.6000000238
6493  11.416  -66.689  -44.067 0.6000000238
6502  12.385  -66.957  -45.318 0.6000000238
6506  20.832  -66.521  -47.480 0.6999999881
6508  17.656  -67.295  -47.051 0.6999999881
6509  12.929  -66.918  -46.030 0.6999999881
6517  13.482  -66.704  -46.663 0.6999999881
6518  14.679  -66.119  -47.940 0.6000000238
7080  20.618  -65.184  -34.261 0.6000000238
7095  21.506  -65.534  -35.641 0.6000000238
7111  21.883  -65.671  -36.362 0.6000000238
7123  22.785  -65.674  -38.122 0.6999999881
7124  18.120  -65.206  -37.826 0.6999999881
7142  16.849  -65.649  -38.381 0.6000000238
7143  15.978  -65.606  -38.469 0.6000000238
7144  15.069  -65.450  -38.371 0.5000000000
7146  13.315  -65.127  -38.342 0.5000000000
7147  12.406  -64.887  -38.608 0.5000000000
7158  18.538  -65.765  -39.240 0.6999999881
7160  13.698  -65.590  -39.124 0.5000000000
7178  28.693  -66.036  -42.136 0.4000000060
7181  20.300  -65.676  -41.386 0.6000000238
7183  10.322  -65.541  -42.708 0.6000000238
7187  25.300  -65.780  -44.065 0.4000000060
7191  13.509  -65.278  -43.337 0.6999999881
7193  10.665  -66.117  -43.213 0.6000000238
7205  12.680  -66.033  -44.382 0.6999999881
7207  10.940  -66.065  -43.877 0.6999999881
7211  28.786  -65.209  -44.037 0.4000000060
7212  27.983  -65.335  -44.914 0.3000000119
7218  18.476  -65.711  -45.839 0.5000000000
7221  12.189  -66.888  -45.044 0.6999999881
7233  20.541  -66.232  -47.633 0.6000000238
7234  20.018  -66.808  -47.578 0.4000000060
7238  13.842  -65.987  -47.416 0.6000000238
7239  15.659  -66.238  -48.060 0.6999999881
7240  15.059  -65.577  -48.223 0.6999999881
7241  14.367  -65.536  -47.932 0.6000000238
7843  20.149  -64.568  -33.877 0.5000000000
7866  20.487  -64.362  -34.457 0.6000000238
7882  21.256  -64.812  -35.412 0.6000000238
7883  20.808  -64.218  -35.284 0.6000000238
7884  18.618  -63.648  -35.553 0.6000000238
7904  21.985  -65.020  -36.695 0.6000000238
7905  21.518  -64.470  -36.684 0.6000000238
7906  20.917  -63.982  -36.251 0.6000000238
7907  19.023  -64.027  -36.866 0.6999999881
7927  21.554  -64.279  -37.486 0.6999999881
7928  20.188  -63.962  -37.655 0.6999999881
7929  19.368  -64.210  -37.485 0.6999999881
7931  16.852  -64.861  -37.099 0.6000000238
7932  15.947  -64.806  -37.124 0.5000000000
7933  15.039  -64.679  -37.184 0.5000000000
7934  14.181  -64.605  -37.347 0.5000000000
7935  13.377  -64.605  -37.648 0.5000000000
7947  26.261  -64.213  -38.866 0.3000000119
7949  23.101  -64.897  -39.371 0.5000000000
7954  18.893  -64.879  -37.994 0.6999999881
7958  26.691  -64.366  -39.845 0.3000000119
7960  22.586  -64.574  -39.409 0.6000000238
7961  21.782  -64.384  -39.581 0.6999999881
7962  20.884  -64.356  -39.334 0.6999999881
7963  20.041  -64.672  -39.065 0.6999999881
7965  10.947  -64.366  -39.997 0.5000000000
7970  23.471  -64.781  -40.695 0.4000000060
7971  22.652  -64.554  -40.703 0.5000000000
7972  21.937  -64.510  -40.476 0.6000000238
7974  11.159  -65.053  -40.256 0.5000000000
7983  28.023  -64.146  -42.107 0.3000000119
7989  12.070  -64.984  -43.343 0.6999999881
7990  11.257  -64.789  -43.786 0.6000000238
7991  9.886  -64.843  -43.396 0.6000000238
7992  28.837  -64.740  -43.563 0.3000000119
7996  18.969  -64.309  -43.955 0.4000000060
8001  10.606  -64.826  -43.980 0.6000000238
8010  19.758  -64.466  -45.368 0.4000000060
8017  25.769  -64.948  -47.081 0.4000000060
8021  21.489  -64.910  -47.612 0.5000000000
8022  20.190  -64.969  -46.972 0.4000000060
8024  17.597  -64.826  -45.417 0.5000000000
8026  26.129  -64.497  -47.357 0.3000000119
8029  21.953  -64.180  -48.082 0.4000000060
8035  15.998  -64.625  -48.304 0.6999999881
8037  14.577  -65.042  -48.103 0.6999999881
8691  20.245  -63.815  -34.776 0.6000000238
8692  19.660  -63.679  -34.431 0.5000000000
8693  18.519  -63.513  -34.103 0.5000000000
8727  19.784  -63.775  -36.833 0.5000000000
8728  19.177  -63.734  -36.202 0.6000000238
8732  12.846  -63.470  -36.835 0.5000000000
8756  20.967  -63.962  -37.793 0.6999999881
8758  10.745  -63.168  -39.321 0.5000000000
8768  10.529  -63.713  -40.140 0.5000000000
8771  27.214  -63.424  -40.903 0.3000000119
8773  15.346  -63.133  -40.775 0.6000000238
8776  13.027  -63.260  -41.089 0.6999999881
8778  9.514  -63.295  -41.625 0.5000000000
8782  13.396  -63.835  -41.406 0.6999999881
8785  9.597  -64.124  -42.415 0.5000000000
8788  19.635  -63.283  -42.708 0.4000000060
8789  18.804  -63.201  -42.849 0.4000000060
8790  15.277  -63.694  -42.518 0.6000000238
8793  9.442  -64.043  -43.598 0.4000000060
8796  20.983  -63.242  -44.422 0.4000000060
8801  10.119  -64.091  -44.259 0.4000000060
8803  28.720  -63.778  -44.762 0.3000000119
8808  17.521  -63.956  -44.921 0.5000000000
8811  27.424  -63.744  -46.209 0.3000000119
8814  20.957  -63.583  -46.733 0.4000000060
8819  25.971  -63.905  -47.837 0.3000000119
8825  16.773  -63.772  -47.537 0.6000000238
8826  14.368  -63.957  -47.616 0.6999999881
8827  24.512  -63.223  -48.504 0.3000000119
8832  14.639  -64.292  -48.035 0.6999999881
9552  11.804  -62.787  -37.365 0.5000000000
9566  11.274  -62.687  -37.956 0.4000000060
9581  15.015  -62.163  -38.902 0.6999999881
9589  15.217  -62.397  -39.490 0.6999999881
9593  10.050  -62.395  -40.128 0.5000000000
9599  27.180  -62.720  -40.968 0.3000000119
9600  26.941  -62.182  -40.543 0.3000000119
9601  20.654  -61.886  -40.751 0.3000000119
9603  14.338  -63.046  -40.068 0.6999999881
9607  9.563  -62.474  -40.975 0.5000000000
9627  21.801  -62.264  -42.034 0.4000000060
9629  20.484  -63.099  -42.654 0.4000000060
9640  28.687  -63.215  -44.298 0.3000000119
9642  22.301  -62.268  -43.593 0.4000000060
9645  18.182  -62.882  -43.249 0.5000000000
9655  14.937  -61.940  -45.732 0.6999999881
9660  21.927  -62.605  -47.321 0.4000000060
9661  21.481  -63.060  -46.972 0.4000000060
9668  21.777  -63.285  -48.167 0.4000000060
9675  22.945  -62.987  -48.744 0.3000000119
9676  22.277  -63.152  -48.483 0.4000000060
10381  26.506  -61.207  -37.325 0.3000000119
10395  15.614  -61.249  -38.455 0.6999999881
10396  14.794  -61.685  -38.458 0.6999999881
10397  13.976  -61.403  -38.632 0.6999999881
10408  20.873  -61.020  -39.827 0.3000000119
10409  16.013  -61.225  -39.178 0.6999999881
10411  14.368  -62.096  -38.996 0.6999999881
10414  10.357  -61.618  -38.773 0.6000000238
10425  22.621  -61.057  -40.107 0.3000000119
10439  19.961  -61.819  -40.921 0.4000000060
10440  19.298  -61.563  -41.376 0.4000000060
10441  18.722  -61.171  -42.122 0.5000000000
10452  23.357  -61.362  -42.868 0.4000000060
10466  18.086  -61.662  -43.434 0.5000000000
10477  22.870  -61.851  -44.320 0.4000000060
10492  23.096  -61.777  -48.043 0.3000000119
10493  22.453  -62.186  -47.622 0.4000000060
10494  17.555  -61.250  -47.180 0.6000000238
10497  24.797  -61.687  -48.214 0.3000000119
10498  24.070  -62.084  -48.545 0.3000000119
10501  15.794  -61.329  -47.708 0.6999999881
11225  14.983  -60.357  -36.717 0.6000000238
11233  27.829  -60.436  -37.403 0.3000000119
11237  14.721  -60.664  -37.382 0.6000000238
11251  27.532  -60.271  -37.914 0.3000000119
11252  22.857  -60.184  -38.898 0.3000000119
11254  16.215  -60.706  -38.444 0.6999999881
11258  13.017  -60.130  -38.815 0.6000000238
11278  13.208  -60.846  -39.057 0.6000000238
11290  20.187  -60.752  -40.095 0.4000000060
11291  19.673  -60.399  -40.516 0.4000000060
11300  23.663  -60.816  -41.378 0.3000000119
11315  16.212  -60.290  -42.729 0.6999999881
11340  15.762  -59.574  -44.463 0.6999999881
11363  17.810  -60.058  -47.289 0.6000000238
11365  15.824  -60.077  -47.167 0.6999999881
11368  23.725  -61.659  -48.249 0.3000000119
11369  17.114  -60.617  -47.619 0.6000000238
11370  16.281  -60.649  -47.577 0.6000000238
12122  16.995  -59.225  -34.812 0.6999999881
12123  16.222  -59.210  -34.687 0.6000000238
12139  17.133  -59.385  -35.594 0.6999999881
12141  14.898  -59.542  -35.769 0.6000000238
12151  17.202  -59.492  -36.403 0.6999999881
12152  16.741  -59.979  -36.729 0.6000000238
12154  14.015  -59.238  -36.684 0.6000000238
12163  23.094  -59.237  -37.818 0.3000000119
12164  22.238  -59.022  -37.920 0.3000000119
12165  17.294  -59.323  -37.812 0.8000000119
12167  14.320  -60.000  -37.010 0.6000000238
12179  29.171  -59.611  -38.850 0.3000000119
12181  27.847  -59.896  -38.490 0.3000000119
12184  22.557  -59.662  -38.356 0.3000000119
12190  12.738  -59.400  -39.006 0.5000000000
12200  28.047  -59.541  -39.290 0.3000000119
12205  20.347  -59.531  -39.589 0.3000000119
12208  12.383  -59.214  -39.672 0.5000000000
12218  25.116  -59.148  -40.400 0.3000000119
12219  24.698  -59.642  -40.599 0.3000000119
12220  20.054  -58.934  -40.044 0.3000000119
12222  16.672  -59.836  -40.093 0.6999999881
12234  25.248  -59.087  -41.136 0.3000000119
12237  19.061  -59.784  -41.684 0.4000000060
12238  16.576  -59.742  -40.957 0.6000000238
12250  24.824  -59.725  -42.903 0.3000000119
12252  18.825  -59.569  -42.582 0.4000000060
12265  18.716  -59.385  -43.606 0.6000000238
12279  15.573  -59.679  -45.442 0.6999999881
12290  16.229  -58.563  -45.936 0.6999999881
12291  15.536  -59.788  -46.385 0.6999999881
12301  17.270  -59.270  -47.071 0.6000000238
13071  15.524  -58.213  -33.974 0.6000000238
13083  18.015  -58.233  -34.709 0.6000000238
13085  16.746  -58.826  -34.199 0.6999999881
13086  15.322  -58.790  -34.608 0.6000000238
13103  18.113  -58.278  -35.633 0.6999999881
13105  14.727  -58.984  -35.308 0.6000000238
13106  14.050  -58.216  -35.650 0.6000000238
13139  17.625  -58.956  -37.046 0.6999999881
13140  13.496  -58.439  -37.075 0.6000000238
13141  13.119  -57.927  -37.672 0.5000000000
13156  12.793  -57.969  -38.405 0.5000000000
13192  19.784  -58.704  -40.808 0.4000000060
13193  17.262  -57.956  -40.126 0.6000000238
13215  19.563  -58.433  -41.721 0.4000000060
13216  16.626  -58.152  -41.862 0.6000000238
13228  19.383  -58.242  -42.663 0.4000000060
13229  16.388  -57.977  -42.816 0.6000000238
13253  18.756  -58.349  -45.061 0.4000000060
13254  16.090  -58.150  -44.981 0.6000000238
13266  17.905  -58.084  -46.189 0.6000000238
13277  18.215  -58.638  -46.331 0.6000000238
13279  16.840  -58.753  -46.572 0.6999999881
14014  17.109  -57.332  -32.570 0.5000000000
14016  15.543  -56.929  -32.784 0.5000000000
14024  17.490  -57.723  -33.191 0.5000000000
14025  16.703  -57.835  -33.114 0.5000000000
14026  15.725  -57.586  -33.315 0.6000000238
14034  17.827  -58.048  -33.888 0.6999999881
14035  14.427  -57.466  -34.506 0.6000000238
14049  13.728  -57.159  -35.686 0.5000000000
14067  13.601  -57.765  -36.383 0.5000000000
14103  12.751  -56.984  -38.607 0.5000000000
14117  17.571  -57.736  -39.341 0.8000000119
14131  12.254  -56.930  -40.183 0.5000000000
14132  12.124  -56.754  -40.927 0.6000000238
14157  20.110  -57.063  -43.180 0.5000000000
14183  19.487  -57.118  -44.866 0.4000000060
14196  18.837  -57.286  -45.301 0.4000000060
14198  17.474  -57.597  -45.769 0.6000000238
14919  17.777  -56.238  -31.934 0.6000000238
14920  17.180  -56.235  -31.762 0.4000000060
14921  16.379  -56.108  -31.774 0.4000000060
14929  18.124  -56.529  -32.437 0.6000000238
14931  16.740  -56.768  -32.109 0.5000000000
14941  18.503  -56.582  -33.107 0.5000000000
14951  14.437  -56.884  -34.071 0.5000000000
14991  12.923  -56.033  -37.981 0.6000000238
15017  17.447  -56.602  -40.754 0.6000000238
15019  12.236  -56.119  -40.569 0.6000000238
15020  12.058  -55.954  -41.448 0.6000000238
15029  17.219  -56.088  -41.903 0.6000000238
15065  20.443  -55.873  -45.039 0.4000000060
15080  18.650  -56.903  -45.421 0.5000000000
15802  16.025  -55.381  -31.572 0.4000000060
15803  15.133  -55.189  -31.772 0.5000000000
15809  15.508  -55.904  -31.957 0.4000000060
15812  13.225  -55.319  -32.797 0.6000000238
15822  13.681  -55.706  -33.302 0.5000000000
15836  12.957  -55.337  -34.631 0.6000000238
15874  19.012  -55.808  -36.647 0.5000000000
15875  13.305  -55.826  -36.502 0.5000000000
15930  11.800  -54.227  -41.087 0.6000000238
15940  21.051  -55.946  -43.110 0.4000000060
15941  17.266  -55.191  -42.356 0.6000000238
15943  11.402  -55.257  -42.758 0.5000000000
15955  10.529  -55.559  -43.638 0.5000000000
15964  20.171  -55.345  -45.349 0.4000000060
15971  19.485  -55.906  -45.484 0.4000000060
15972  18.786  -55.676  -45.354 0.5000000000
16802  15.686  -54.603  -31.465 0.5000000000
16816  14.250  -55.020  -31.958 0.5000000000
16817  13.348  -54.822  -32.225 0.6000000238
16834  11.445  -54.767  -33.479 0.6000000238
16835  10.668  -54.511  -33.741 0.6000000238
16836  9.905  -54.242  -33.931 0.6000000238
16852  12.116  -55.186  -34.042 0.6000000238
16854  10.419  -54.589  -34.627 0.6000000238
16855  9.499  -54.240  -34.796 0.6000000238
16892  19.206  -54.924  -37.442 0.6000000238
16893  12.654  -54.783  -36.510 0.6000000238
16896  9.913  -53.904  -36.266 0.6000000238
16945  12.321  -53.879  -39.704 0.6000000238
16959  11.692  -53.471  -40.811 0.5000000000
16961  10.241  -53.978  -40.913 0.5000000000
16971  11.424  -54.093  -41.579 0.5000000000
16972  10.981  -54.019  -41.865 0.5000000000
17775  14.439  -53.468  -31.581 0.6000000238
17791  12.931  -53.611  -31.960 0.5000000000
17792  12.289  -53.262  -32.218 0.5000000000
17818  9.203  -53.769  -34.071 0.6000000238
17857  11.571  -53.649  -37.251 0.6000000238
17859  9.246  -53.000  -36.646 0.6000000238
17873  12.334  -53.551  -38.313 0.6000000238
17874  12.016  -52.875  -38.163 0.6000000238
17886  12.090  -52.120  -38.771 0.5000000000
17900  11.881  -52.148  -40.024 0.5000000000
17901  10.279  -52.541  -40.017 0.5000000000
17915  11.886  -52.867  -40.346 0.6000000238
17916  11.717  -52.734  -40.379 0.5000000000
17917  11.179  -52.623  -40.456 0.5000000000
18754  10.319  -52.447  -29.945 0.3000000119
18755  9.831  -53.064  -30.060 0.3000000119
18768  16.283  -52.375  -31.207 0.5000000000
18770  14.605  -52.476  -31.634 0.6000000238
18786  12.681  -52.160  -32.316 0.6000000238
18787  11.898  -52.320  -32.584 0.5000000000
18808  11.039  -52.272  -32.877 0.6000000238
18810  9.198  -52.989  -33.644 0.6000000238
18823  8.634  -53.310  -34.191 0.6000000238
18825  7.765  -52.505  -34.748 0.6000000238
18837  7.757  -52.531  -35.524 0.6000000238
18849  7.542  -51.378  -36.112 0.6000000238
18862  11.638  -51.594  -38.467 0.5000000000
18877  12.052  -51.927  -39.433 0.5000000000
18879  11.157  -50.760  -38.688 0.5000000000
18891  11.618  -51.269  -39.482 0.5000000000
18892  10.969  -51.352  -39.693 0.5000000000
18893  9.878  -51.418  -39.431 0.5000000000
19656  8.672  -51.985  -27.242 0.3000000119
19669  11.753  -51.413  -28.344 0.3000000119
19681  11.620  -51.562  -29.094 0.3000000119
19690  11.310  -51.399  -29.866 0.3000000119
19702  14.863  -51.635  -31.781 0.4000000060
19703  14.116  -51.771  -31.956 0.6000000238
19718  13.110  -51.316  -32.560 0.6000000238
19720  11.701  -51.618  -32.884 0.6000000238
19740  12.034  -50.928  -33.136 0.5000000000
19742  9.394  -51.984  -33.556 0.6000000238
19752  8.599  -51.481  -33.788 0.6000000238
19775  8.773  -50.527  -37.550 0.5000000000
19785  9.555  -50.346  -37.970 0.6000000238
19798  10.152  -50.508  -38.464 0.5000000000
19811  11.075  -50.685  -39.090 0.5000000000
20488  11.796  -51.087  -27.742 0.3000000119
20509  12.621  -50.667  -28.423 0.4000000060
20522  13.201  -50.052  -29.701 0.3000000119
20523  12.653  -50.638  -29.254 0.4000000060
20532  10.759  -50.861  -30.514 0.3000000119
20546  16.012  -50.860  -31.580 0.4000000060
20547  15.181  -50.878  -31.903 0.4000000060
20548  9.417  -50.307  -31.309 0.3000000119
20589  12.370  -50.193  -33.410 0.6000000238
21317  11.632  -49.850  -27.028 0.3000000119
21318  10.377  -50.489  -26.800 0.3000000119
21319  9.411  -50.136  -26.751 0.3000000119
21321  7.680  -49.131  -27.334 0.4000000060
21337  13.654  -49.796  -28.445 0.4000000060
21350  13.711  -49.908  -29.078 0.4000000060
21355  11.711  -49.840  -30.635 0.3000000119
21357  10.153  -50.196  -31.073 0.3000000119
21370  16.271  -50.110  -31.695 0.4000000060
21371  11.091  -49.381  -31.108 0.3000000119
21372  10.292  -49.336  -31.339 0.3000000119
21410  13.721  -48.689  -33.477 0.4000000060
21411  13.211  -49.259  -33.533 0.5000000000
21412  12.569  -49.433  -33.665 0.5000000000
21431  12.006  -48.917  -34.033 0.6000000238
21432  11.359  -48.510  -34.315 0.6000000238
22236  15.417  -48.502  -28.662 0.3000000119
22237  14.749  -48.915  -28.515 0.3000000119
22246  15.634  -48.334  -29.234 0.3000000119
22253  14.357  -49.056  -29.885 0.4000000060
22254  13.454  -49.275  -30.367 0.3000000119
22255  12.656  -48.929  -30.946 0.3000000119
22256  11.787  -49.027  -31.151 0.3000000119
22269  13.210  -48.348  -31.044 0.3000000119
22299  14.870  -47.723  -33.018 0.4000000060
22316  12.474  -47.640  -34.343 0.4000000060
22319  9.806  -47.821  -34.458 0.4000000060
23251  11.887  -48.004  -27.017 0.3000000119
23277  16.103  -47.887  -29.244 0.3000000119
23288  15.000  -47.540  -30.508 0.4000000060
23344  11.821  -46.919  -34.699 0.4000000060
24263  12.434  -46.399  -27.177 0.3000000119
24284  16.867  -46.891  -29.257 0.3000000119
24295  16.460  -46.520  -29.984 0.3000000119
24309  13.990  -46.084  -31.391 0.4000000060
24311  12.807  -46.594  -31.884 0.3000000119
24334  13.543  -45.661  -34.090 0.4000000060
24342  12.872  -45.834  -34.410 0.4000000060
25220  12.418  -45.627  -27.248 0.3000000119
25256  15.163  -45.893  -30.833 0.4000000060
25273  12.956  -44.592  -32.139 0.4000000060
25292  11.410  -44.873  -34.080 0.3000000119
25293  10.902  -45.550  -34.054 0.3000000119
25298  12.310  -45.155  -34.535 0.4000000060
26214  13.846  -43.896  -31.622 0.4000000060
26236  12.189  -44.444  -34.333 0.4000000060
27140  13.775  -42.393  -32.496 0.4000000060
117693  15.217  -48.925  -32.614 0.4000000060
118147  10.858  -45.992  -34.387 0.4000000060
118597  16.150  -67.706  -44.622 0.8000000119
118955  24.020  -64.531  -42.845 0.4000000060
119210  15.481  -62.863  -43.541 0.6000000238
119424  14.240  -64.482  -45.843 0.6000000238
119527  14.894  -58.082  -34.333 0.6000000238
120065  18.064  -68.335  -45.715 0.6000000238
120105  18.236  -54.988  -31.636 0.4000000060
120574  19.412  -67.804  -44.338 0.6999999881
120670  15.786  -62.708  -41.529 0.6000000238
120727  7.500  -50.630  -36.783 0.5000000000
121179  27.660  -70.040  -38.369 0.3000000119
121295  16.327  -61.235  -40.989 0.6000000238
121401  15.333  -63.851  -48.277 0.6999999881
121603  16.397  -60.402  -37.835 0.6999999881
121662  18.426  -59.850  -45.284 0.6000000238
121719  17.520  -62.261  -45.090 0.5000000000
121896  21.689  -62.625  -43.276 0.4000000060
121922  20.488  -62.724  -41.907 0.4000000060
121926  11.299  -50.722  -27.148 0.3000000119
122171  14.265  -50.115  -32.708 0.4000000060
122288  25.136  -59.266  -41.852 0.3000000119
122510  21.771  -76.091  -28.955 0.3000000119
122682  12.912  -65.404  -38.989 0.5000000000
122815  11.699  -65.470  -40.087 0.6000000238
122976  8.267  -50.490  -37.567 0.5000000000
123425  10.140  -49.681  -26.723 0.3000000119
123532  10.607  -48.170  -34.465 0.5000000000
123637  19.289  -66.535  -41.727 0.6000000238
123754  21.119  -62.484  -41.726 0.4000000060
123780  19.307  -58.050  -43.641 0.4000000060
124325  17.719  -65.669  -38.564 0.6999999881
124427  15.889  -53.147  -31.259 0.6000000238
124456  15.858  -46.054  -30.466 0.3000000119
124636  18.362  -61.193  -42.931 0.5000000000
124765  15.542  -62.861  -48.180 0.6000000238
124953  27.562  -70.274  -38.865 0.3000000119
125049  16.853  -67.126  -47.493 0.6999999881
125255  10.035  -55.163  -42.962 0.5000000000
125296  15.627  -60.362  -36.693 0.6000000238
125588  26.876  -60.658  -38.039 0.3000000119
125778  23.726  -67.059  -39.786 0.4000000060
125929  17.423  -55.960  -41.152 0.6000000238
126247  28.833  -66.076  -43.200 0.4000000060
126331  12.650  -54.596  -37.823 0.6000000238
126346  22.048  -64.490  -38.082 0.6999999881
126714  17.283  -56.491  -41.360 0.6000000238
126873  25.298  -67.866  -45.313 0.4000000060
127027  16.499  -57.019  -43.928 0.6000000238
127478  18.971  -63.524  -34.642 0.5000000000
127540  21.881  -59.556  -38.465 0.3000000119
127572  16.466  -65.489  -47.865 0.6000000238
127854  16.648  -59.797  -36.019 0.6000000238
127998  12.344  -52.894  -38.992 0.6000000238
128500  17.786  -56.381  -40.049 0.6000000238
128640  10.346  -54.292  -41.654 0.5000000000
128654  28.067  -60.806  -44.238 0.3000000119
128757  13.547  -55.738  -34.227 0.5000000000
128998  22.698  -72.521  -40.423 0.4000000060
129019  14.966  -47.829  -27.625 0.3000000119
129253  13.061  -55.168  -36.477 0.5000000000
129853  12.720  -55.153  -38.405 0.6000000238
129888  16.716  -56.747  -43.096 0.6000000238
130224  15.126  -53.063  -31.441 0.6000000238
130476  19.330  -59.958  -40.951 0.3000000119
130578  12.174  -58.548  -40.162 0.5000000000
130603  12.007  -51.008  -29.563 0.3000000119
130640  8.150  -53.158  -34.612 0.6000000238
131432  27.313  -64.864  -40.666 0.3000000119
131525  26.470  -61.763  -39.041 0.3000000119
131827  14.437  -48.761  -27.925 0.3000000119
131845  12.289  -55.466  -40.201 0.6000000238
132022  13.010  -55.368  -37.220 0.6000000238
132095  16.920  -58.172  -40.959 0.6000000238
132184  15.491  -67.405  -46.995 0.6999999881
132309  25.712  -75.003  -33.111 0.3000000119
132454  13.239  -54.130  -31.930 0.5000000000
132593  21.036  -65.204  -41.490 0.6000000238
132957  11.431  -48.318  -31.639 0.3000000119
132979  10.922  -54.132  -32.986 0.6000000238
133268  7.271  -51.262  -27.565 0.4000000060
133714  12.394  -62.812  -36.739 0.5000000000
133795  18.185  -56.936  -32.876 0.5000000000
133887  24.982  -63.285  -48.443 0.3000000119
133997  11.727  -63.336  -37.870 0.4000000060
134098  11.985  -64.050  -38.148 0.6000000238
134583  24.105  -76.091  -31.664 0.3000000119
135100  11.585  -55.893  -43.106 0.5000000000
135915  24.771  -68.418  -44.725 0.3000000119
136036  20.300  -63.714  -36.373 0.6000000238
136188  17.196  -61.088  -47.663 0.6000000238
136737  28.177  -60.776  -37.023 0.3000000119
137908  17.764  -66.709  -46.879 0.5000000000
138302  15.441  -63.322  -42.981 0.6000000238
138312  22.920  -58.064  -37.144 0.3000000119
138336  16.419  -60.718  -39.787 0.6999999881
138630  8.724  -52.627  -27.450 0.3000000119
138790  13.742  -51.269  -32.379 0.6000000238
138953  13.939  -45.264  -27.085 0.3000000119
139134  23.049  -65.455  -38.613 0.5000000000
139178  27.555  -63.715  -41.471 0.3000000119
139214  17.802  -66.412  -40.163 0.6999999881
139258  10.671  -51.802  -33.143 0.6000000238
139279  16.056  -59.918  -35.776 0.6000000238
139378  16.266  -66.758  -41.444 0.6999999881
139701  13.046  -67.403  -44.826 0.6999999881
139733  15.425  -65.718  -38.940 0.5000000000
139805  8.072  -49.223  -34.028 0.5000000000
139941  17.644  -58.732  -37.746 0.8000000119
140140  28.415  -67.766  -42.036 0.4000000060
140293  27.309  -60.880  -41.276 0.3000000119
140338  13.007  -63.076  -36.424 0.5000000000
140551  18.376  -66.995  -42.007 0.6000000238
140732  17.859  -63.207  -43.789 0.5000000000
141020  26.214  -61.993  -38.380 0.3000000119
141033  18.142  -62.263  -43.127 0.5000000000
141078  16.693  -58.580  -41.343 0.6000000238
141123  17.335  -68.197  -46.018 0.6999999881
141241  21.486  -64.197  -38.009 0.6999999881
141660  11.404  -49.295  -33.937 0.6000000238
