#!ascii label  , from subject sub-v1s18x0051214_ses-1 vox2ras=TkReg
818
91350  41.229  36.639  10.025 0.0000000000
89334  48.333  33.167  2.583 0.0000000000
90053  43.738  34.874  3.219 0.0000000000
85110  47.029  28.952  -6.163 0.0000000000
87675  42.712  30.775  7.666 0.0000000000
92575  45.200  38.306  8.135 0.0000000000
88618  51.322  34.399  -3.423 0.0000000000
89403  35.868  33.080  -3.585 0.0000000000
91353  50.880  37.094  9.168 0.0000000000
136329  45.831  34.034  8.148 0.0000000000
85944  45.838  29.874  2.896 0.0000000000
137288  38.914  36.234  2.417 0.0000000000
88609  40.644  32.548  -3.310 0.0000000000
91400  49.780  36.454  2.833 0.0000000000
88603  46.116  32.696  -2.699 0.0000000000
90812  37.071  34.785  -2.175 0.0000000000
91346  45.691  36.354  9.917 0.0000000000
121566  43.564  34.978  9.354 0.0000000000
86832  43.804  30.307  5.164 0.0000000000
92009  42.637  37.662  5.478 0.0000000000
93145  40.436  39.200  4.470 0.0000000000
90056  40.933  34.967  3.190 0.0000000000
138631  40.190  33.652  0.377 0.0000000000
127118  43.155  33.218  0.303 0.0000000000
90747  49.528  35.329  5.394 0.0000000000
91360  51.237  36.667  5.410 0.0000000000
90063  51.397  35.319  2.212 0.0000000000
88664  49.552  32.942  -7.467 0.0000000000
89407  49.060  34.360  -3.746 0.0000000000
88660  46.333  32.721  -7.205 0.0000000000
124108  43.962  32.408  -6.416 0.0000000000
86894  45.417  30.139  -4.652 0.0000000000
84194  44.153  27.039  -0.849 0.0000000000
115948  39.922  34.938  9.498 0.0000000000
89286  42.540  33.205  9.211 0.0000000000
91365  44.815  36.876  5.112 0.0000000000
136825  48.212  31.033  0.299 0.0000000000
88569  50.804  33.386  -0.544 0.0000000000
87764  48.617  31.497  -3.351 0.0000000000
86920  50.822  31.407  -7.533 0.0000000000
92524  48.866  38.897  12.193 0.0000000000
91945  47.778  37.631  11.463 0.0000000000
90734  47.970  35.253  8.912 0.0000000000
89305  46.681  33.803  5.357 0.0000000000
88499  44.106  32.633  7.812 0.0000000000
87686  45.003  31.954  4.906 0.0000000000
135005  46.633  31.535  2.601 0.0000000000
123412  47.593  28.981  0.768 0.0000000000
90025  37.708  35.186  10.292 0.0000000000
128342  40.496  39.157  1.415 0.0000000000
92045  38.400  37.076  -0.033 0.0000000000
90097  38.045  34.570  0.088 0.0000000000
88611  38.088  32.415  -3.274 0.0000000000
86885  39.467  30.653  -4.487 0.0000000000
91980  48.780  37.767  9.289 0.0000000000
92004  47.625  36.927  5.522 0.0000000000
90784  46.573  35.431  2.648 0.0000000000
90102  52.102  35.273  -0.850 0.0000000000
89356  48.234  34.208  -0.186 0.0000000000
89359  45.301  33.479  0.493 0.0000000000
115300  43.762  32.584  -3.309 0.0000000000
88655  41.604  32.043  -6.215 0.0000000000
90821  36.794  35.823  -2.936 0.0000000000
91428  37.618  36.293  -2.531 0.0000000000
91348  43.671  36.376  9.693 0.0000000000
90727  42.366  35.450  9.426 0.0000000000
90755  43.138  35.749  4.178 0.0000000000
90756  42.123  35.989  4.340 0.0000000000
90054  42.785  34.749  3.203 0.0000000000
90084  41.809  33.991  2.025 0.0000000000
90082  43.636  33.930  1.887 0.0000000000
90043  48.494  34.502  4.329 0.0000000000
90041  50.680  35.523  4.133 0.0000000000
90064  50.015  34.416  2.610 0.0000000000
86928  47.998  30.878  -7.743 0.0000000000
89432  48.023  33.203  -7.505 0.0000000000
86922  46.615  31.115  -7.041 0.0000000000
86923  45.872  31.430  -6.839 0.0000000000
86003  46.579  29.375  -5.817 0.0000000000
85094  45.547  28.284  -4.089 0.0000000000
84236  46.385  27.765  -4.821 0.0000000000
89288  40.692  33.306  9.341 0.0000000000
92579  43.982  38.207  7.022 0.0000000000
91990  44.814  37.917  7.363 0.0000000000
86872  48.020  30.120  -0.658 0.0000000000
86878  48.352  31.028  -1.049 0.0000000000
85975  48.011  29.777  -2.364 0.0000000000
86001  50.197  30.194  -5.889 0.0000000000
86007  52.443  29.939  -7.385 0.0000000000
86019  50.913  30.193  -8.205 0.0000000000
90017  45.640  34.878  9.282 0.0000000000
90016  46.611  34.991  9.310 0.0000000000
90032  46.505  34.420  8.073 0.0000000000
90031  46.999  34.485  7.076 0.0000000000
89301  46.390  33.934  6.343 0.0000000000
120827  42.875  32.094  8.555 0.0000000000
89294  43.237  32.829  8.851 0.0000000000
87671  43.096  31.675  7.897 0.0000000000
85937  44.565  29.918  4.019 0.0000000000
137321  44.076  30.903  4.956 0.0000000000
86841  44.909  30.714  3.828 0.0000000000
88533  45.971  32.087  3.754 0.0000000000
86852  46.245  30.512  2.579 0.0000000000
86859  46.916  30.457  2.035 0.0000000000
131078  46.786  29.256  2.109 0.0000000000
84179  48.246  27.041  0.899 0.0000000000
92025  39.405  37.825  3.375 0.0000000000
93159  40.213  39.643  3.083 0.0000000000
92601  39.362  38.253  2.305 0.0000000000
92606  40.041  38.577  0.871 0.0000000000
91409  38.464  36.717  1.516 0.0000000000
91417  37.791  35.786  0.052 0.0000000000
90799  38.405  35.519  1.343 0.0000000000
89382  40.324  33.006  -1.243 0.0000000000
89393  39.348  33.114  -1.297 0.0000000000
128948  39.986  32.546  -3.082 0.0000000000
87782  38.233  31.185  -5.025 0.0000000000
118151  40.054  32.197  -4.223 0.0000000000
91943  49.841  37.976  11.150 0.0000000000
92552  49.494  38.243  11.066 0.0000000000
91979  50.105  37.534  9.648 0.0000000000
91369  50.704  36.528  4.230 0.0000000000
91361  49.888  36.865  5.098 0.0000000000
91370  48.795  36.685  4.278 0.0000000000
117961  47.386  36.530  3.931 0.0000000000
90783  47.645  35.723  2.420 0.0000000000
88583  50.863  33.474  -1.888 0.0000000000
88568  51.996  34.499  -0.912 0.0000000000
89390  51.937  35.098  -2.445 0.0000000000
89408  48.059  33.474  -3.156 0.0000000000
89391  48.911  34.212  -1.752 0.0000000000
131148  47.245  33.181  -1.866 0.0000000000
89376  46.562  33.344  -0.452 0.0000000000
88571  45.986  32.883  -1.110 0.0000000000
88588  44.601  32.633  -1.461 0.0000000000
115301  44.684  32.584  -3.193 0.0000000000
87778  43.734  31.261  -5.044 0.0000000000
88653  42.389  32.167  -6.363 0.0000000000
87780  42.012  31.346  -4.937 0.0000000000
87781  41.222  31.260  -4.665 0.0000000000
93107  46.173  39.800  9.895 0.0000000000
90114  36.089  34.612  -2.786 0.0000000000
118587  36.222  34.010  -3.161 0.0000000000
119576  44.551  37.742  10.721 0.0000000000
91970  44.129  36.970  10.019 0.0000000000
90726  44.136  35.622  9.493 0.0000000000
90029  44.623  33.857  8.999 0.0000000000
86813  43.060  30.382  6.600 0.0000000000
92584  41.287  38.504  5.142 0.0000000000
91391  40.416  36.457  3.937 0.0000000000
90787  40.043  35.159  2.991 0.0000000000
90086  39.369  34.462  1.411 0.0000000000
133039  41.068  34.178  2.108 0.0000000000
89363  41.583  33.441  0.503 0.0000000000
88575  42.182  32.809  -0.977 0.0000000000
90736  50.924  36.471  7.689 0.0000000000
91355  51.952  37.025  7.794 0.0000000000
90746  51.084  35.986  5.605 0.0000000000
90750  51.560  36.077  3.886 0.0000000000
90780  51.643  36.095  2.222 0.0000000000
89419  50.853  34.730  -6.157 0.0000000000
90126  51.180  35.285  -3.898 0.0000000000
89420  49.358  34.501  -5.954 0.0000000000
134737  48.396  33.876  -5.393 0.0000000000
88638  46.825  32.916  -4.547 0.0000000000
116212  44.760  32.636  -4.406 0.0000000000
88651  44.811  32.520  -6.626 0.0000000000
86904  44.755  31.442  -6.267 0.0000000000
132473  44.747  30.436  -3.952 0.0000000000
84205  45.250  27.144  -1.858 0.0000000000
90729  40.718  35.295  9.482 0.0000000000
90021  41.858  34.721  9.337 0.0000000000
89287  41.233  34.112  9.349 0.0000000000
131098  41.832  32.354  9.208 0.0000000000
87665  41.992  31.126  8.873 0.0000000000
127394  42.928  39.047  6.887 0.0000000000
91366  43.971  36.904  5.108 0.0000000000
90753  44.973  36.020  4.076 0.0000000000
88551  48.182  32.116  1.637 0.0000000000
88549  49.995  33.561  1.389 0.0000000000
88570  49.625  32.454  -0.221 0.0000000000
88584  49.678  32.505  -2.076 0.0000000000
88601  49.449  32.457  -3.084 0.0000000000
85992  48.806  30.061  -4.646 0.0000000000
87791  48.769  31.263  -5.041 0.0000000000
88648  50.317  33.364  -6.285 0.0000000000
87810  50.454  31.862  -7.208 0.0000000000
86014  49.700  30.534  -8.235 0.0000000000
122565  48.123  28.673  -6.807 0.0000000000
84246  47.536  27.802  -5.494 0.0000000000
91934  48.747  38.391  11.990 0.0000000000
91343  49.677  36.891  10.384 0.0000000000
91327  46.489  37.045  10.554 0.0000000000
91344  48.273  36.271  10.238 0.0000000000
90733  49.117  35.744  8.918 0.0000000000
90034  48.600  35.176  6.786 0.0000000000
116662  48.345  34.764  5.158 0.0000000000
116971  47.762  33.930  3.990 0.0000000000
89285  43.083  33.652  9.207 0.0000000000
90030  43.911  33.392  8.897 0.0000000000
89298  44.768  32.907  7.374 0.0000000000
87678  43.511  31.179  6.302 0.0000000000
135385  44.775  32.552  6.484 0.0000000000
89302  45.531  33.244  6.752 0.0000000000
89306  46.235  33.035  4.955 0.0000000000
88520  46.499  32.749  4.170 0.0000000000
88540  47.801  32.447  2.324 0.0000000000
87721  47.804  31.342  1.416 0.0000000000
121117  47.978  30.380  0.388 0.0000000000
85069  47.819  28.700  -0.464 0.0000000000
85048  47.317  28.098  1.717 0.0000000000
84180  47.954  27.733  0.447 0.0000000000
90730  39.205  35.547  9.904 0.0000000000
90731  38.547  35.188  9.900 0.0000000000
90012  37.110  34.419  10.312 0.0000000000
93707  41.746  41.000  2.723 0.0000000000
92610  41.260  38.713  -0.343 0.0000000000
91423  37.934  36.284  -0.736 0.0000000000
90105  37.420  34.407  -1.340 0.0000000000
89384  37.316  33.802  -2.145 0.0000000000
89365  38.731  33.966  0.078 0.0000000000
89394  38.307  33.341  -1.442 0.0000000000
88612  36.854  32.582  -3.602 0.0000000000
91981  47.382  37.846  8.778 0.0000000000
119801  50.016  37.406  7.725 0.0000000000
118179  48.466  37.344  7.433 0.0000000000
91995  46.655  37.292  6.596 0.0000000000
92005  46.103  37.162  5.827 0.0000000000
91390  45.703  35.980  3.775 0.0000000000
90785  45.620  35.181  2.819 0.0000000000
89342  51.531  34.586  0.732 0.0000000000
89341  51.851  35.392  0.552 0.0000000000
90806  50.257  35.604  0.796 0.0000000000
90121  50.603  35.140  -2.316 0.0000000000
90104  49.653  34.819  -0.451 0.0000000000
90077  48.664  35.118  1.002 0.0000000000
90078  47.436  34.700  1.285 0.0000000000
90079  46.404  34.446  1.505 0.0000000000
90081  44.549  34.080  1.803 0.0000000000
89379  43.924  33.106  0.066 0.0000000000
88574  43.183  32.813  -0.654 0.0000000000
88607  42.365  32.634  -2.713 0.0000000000
131565  44.097  32.580  -4.086 0.0000000000
116210  42.386  32.568  -4.741 0.0000000000
135798  40.791  32.016  -5.421 0.0000000000
87796  40.176  31.226  -5.298 0.0000000000
84196  43.144  27.842  -0.212 0.0000000000
91434  37.628  36.829  -3.304 0.0000000000
92058  38.307  36.969  -2.921 0.0000000000
91973  41.890  36.911  10.140 0.0000000000
91349  42.680  36.437  9.710 0.0000000000
122947  41.749  36.157  9.630 0.0000000000
135311  43.704  35.431  3.760 0.0000000000
90770  43.158  35.209  3.619 0.0000000000
90068  43.221  34.353  2.554 0.0000000000
90067  44.154  34.450  2.470 0.0000000000
89321  48.855  33.802  2.810 0.0000000000
90052  48.966  34.304  3.442 0.0000000000
86921  47.373  30.411  -7.163 0.0000000000
86929  47.292  31.283  -7.484 0.0000000000
86011  46.932  29.931  -6.512 0.0000000000
86913  46.298  30.470  -6.280 0.0000000000
85102  46.603  28.334  -5.448 0.0000000000
92569  44.900  39.071  8.543 0.0000000000
91989  45.598  37.790  7.692 0.0000000000
85969  47.894  29.500  -1.510 0.0000000000
129643  48.041  30.354  -1.670 0.0000000000
85968  48.123  28.965  -2.188 0.0000000000
85999  52.481  29.833  -6.755 0.0000000000
85121  52.784  29.465  -7.205 0.0000000000
85122  52.314  29.365  -7.498 0.0000000000
88614  35.780  32.386  -3.517 0.0000000000
90028  45.997  34.462  8.777 0.0000000000
89296  46.084  33.966  7.356 0.0000000000
87672  42.565  31.363  8.384 0.0000000000
85936  45.143  29.918  3.480 0.0000000000
86853  45.592  30.592  3.142 0.0000000000
85943  46.543  29.839  2.349 0.0000000000
85050  46.230  29.205  2.664 0.0000000000
91402  39.252  36.465  2.867 0.0000000000
129622  39.173  37.895  2.721 0.0000000000
91403  38.768  36.737  2.270 0.0000000000
92033  38.877  37.486  2.007 0.0000000000
120937  38.172  36.022  1.076 0.0000000000
90789  38.561  36.022  1.921 0.0000000000
118872  40.776  32.670  -2.176 0.0000000000
91324  50.060  37.447  10.384 0.0000000000
91967  49.954  37.655  10.543 0.0000000000
91966  50.353  37.349  9.836 0.0000000000
91386  50.918  36.463  3.378 0.0000000000
91387  49.568  36.560  3.540 0.0000000000
132348  48.918  36.459  3.140 0.0000000000
91401  48.376  36.270  2.828 0.0000000000
90782  48.957  36.048  2.210 0.0000000000
88599  51.525  34.427  -2.601 0.0000000000
89399  51.674  34.981  -3.380 0.0000000000
88602  47.085  32.970  -2.689 0.0000000000
88586  46.510  32.870  -1.911 0.0000000000
120235  45.740  32.668  -1.964 0.0000000000
134202  45.417  32.606  -2.688 0.0000000000
86895  43.900  30.897  -3.579 0.0000000000
118736  42.669  31.472  -5.426 0.0000000000
87779  43.010  31.293  -4.242 0.0000000000
87752  42.873  31.169  -2.507 0.0000000000
91429  36.982  35.783  -2.990 0.0000000000
90816  36.478  35.271  -2.721 0.0000000000
90113  36.530  34.616  -2.740 0.0000000000
91947  43.807  37.511  10.451 0.0000000000
131193  43.213  35.683  9.476 0.0000000000
90018  44.616  34.709  9.299 0.0000000000
132505  42.319  38.301  5.756 0.0000000000
92583  41.731  38.860  5.616 0.0000000000
92010  41.777  37.992  5.308 0.0000000000
90772  41.466  35.465  3.737 0.0000000000
90757  41.125  36.155  4.173 0.0000000000
90773  40.466  35.733  3.575 0.0000000000
90071  40.560  34.605  2.554 0.0000000000
90070  41.426  34.470  2.630 0.0000000000
89347  42.151  33.626  1.303 0.0000000000
137319  42.044  33.252  0.162 0.0000000000
89381  41.697  33.142  -0.334 0.0000000000
89380  42.441  33.066  -0.161 0.0000000000
90742  49.732  35.517  6.249 0.0000000000
90741  50.959  36.280  6.631 0.0000000000
90051  50.684  35.198  3.220 0.0000000000
90751  51.455  36.114  4.508 0.0000000000
90765  51.620  35.962  3.621 0.0000000000
90764  51.627  36.101  3.231 0.0000000000
90050  51.685  35.916  2.691 0.0000000000
89430  50.013  33.787  -7.196 0.0000000000
90141  50.415  34.796  -6.260 0.0000000000
138329  49.276  34.107  -7.161 0.0000000000
88659  47.259  33.048  -7.409 0.0000000000
89427  48.170  33.721  -6.479 0.0000000000
88649  46.900  33.074  -6.739 0.0000000000
89421  47.374  33.295  -5.533 0.0000000000
117951  46.258  32.892  -5.769 0.0000000000
121724  45.350  32.769  -6.083 0.0000000000
88650  45.716  32.741  -6.797 0.0000000000
86914  45.606  31.099  -6.243 0.0000000000
87812  44.969  31.966  -6.931 0.0000000000
133619  45.344  30.737  -5.482 0.0000000000
121533  44.718  31.027  -5.221 0.0000000000
85984  45.377  29.357  -3.863 0.0000000000
84226  45.515  27.630  -3.308 0.0000000000
130190  45.343  27.915  -3.601 0.0000000000
90022  40.686  34.666  9.395 0.0000000000
123920  40.300  34.112  9.388 0.0000000000
119863  41.101  32.475  9.288 0.0000000000
131027  41.541  31.713  9.186 0.0000000000
91997  44.595  37.633  6.460 0.0000000000
91998  43.741  37.820  6.266 0.0000000000
92007  44.313  37.340  5.680 0.0000000000
91374  44.447  36.427  4.617 0.0000000000
127538  45.149  36.509  4.603 0.0000000000
87720  48.538  31.837  0.966 0.0000000000
88561  49.387  32.467  0.485 0.0000000000
87729  48.636  31.658  0.215 0.0000000000
135930  48.334  31.101  -1.821 0.0000000000
87751  48.887  31.795  -1.470 0.0000000000
125214  48.711  31.662  -2.379 0.0000000000
85982  48.997  29.320  -4.048 0.0000000000
85991  49.540  29.652  -4.849 0.0000000000
86910  51.184  30.884  -7.064 0.0000000000
86002  49.326  30.350  -5.368 0.0000000000
86911  49.828  31.048  -6.382 0.0000000000
88637  49.384  32.193  -5.161 0.0000000000
87801  49.496  31.786  -5.998 0.0000000000
87800  50.378  32.561  -7.060 0.0000000000
85124  50.167  29.165  -7.667 0.0000000000
86931  50.712  30.957  -8.253 0.0000000000
134540  49.675  29.718  -8.014 0.0000000000
86015  48.780  29.794  -7.748 0.0000000000
85118  48.915  29.000  -7.378 0.0000000000
84254  48.723  28.307  -6.562 0.0000000000
91935  47.370  38.137  11.988 0.0000000000
92525  48.223  38.684  12.490 0.0000000000
91325  49.459  37.447  10.917 0.0000000000
91326  48.083  37.086  10.839 0.0000000000
91328  45.064  37.101  10.268 0.0000000000
90723  47.577  35.402  9.468 0.0000000000
129077  47.105  35.614  9.752 0.0000000000
90722  48.768  35.901  9.669 0.0000000000
136981  48.709  35.299  7.494 0.0000000000
117206  48.351  35.244  8.161 0.0000000000
90039  47.361  34.457  5.873 0.0000000000
121612  47.493  34.219  4.831 0.0000000000
89312  46.963  33.499  4.508 0.0000000000
116951  42.187  33.910  9.307 0.0000000000
88496  43.504  32.352  8.184 0.0000000000
119731  43.906  32.879  8.440 0.0000000000
89293  44.592  33.265  8.300 0.0000000000
86833  43.475  30.520  5.841 0.0000000000
87687  44.373  31.540  5.289 0.0000000000
134914  44.815  32.230  5.670 0.0000000000
88509  45.330  32.742  6.014 0.0000000000
114957  45.962  33.222  5.796 0.0000000000
118653  45.507  32.584  5.316 0.0000000000
87705  46.313  31.774  3.109 0.0000000000
88532  46.759  32.436  3.434 0.0000000000
88541  47.005  32.118  2.744 0.0000000000
87712  47.289  31.653  2.104 0.0000000000
85952  47.167  29.769  1.727 0.0000000000
86858  47.605  30.497  1.326 0.0000000000
85951  47.657  29.647  1.000 0.0000000000
85958  47.772  29.371  0.075 0.0000000000
85062  47.726  28.545  0.268 0.0000000000
118793  47.543  27.387  1.896 0.0000000000
131913  48.519  27.191  0.285 0.0000000000
84192  48.438  27.596  -0.274 0.0000000000
91330  39.234  36.617  10.584 0.0000000000
91332  37.685  36.251  10.758 0.0000000000
90717  38.470  35.908  10.405 0.0000000000
90024  38.329  34.525  9.729 0.0000000000
136897  37.718  34.308  9.901 0.0000000000
117552  40.309  39.387  2.264 0.0000000000
133294  40.756  40.028  2.644 0.0000000000
93708  41.362  40.344  2.233 0.0000000000
119182  42.102  40.670  1.789 0.0000000000
93165  41.585  39.906  1.419 0.0000000000
93172  41.685  39.339  0.442 0.0000000000
137549  41.092  39.440  1.135 0.0000000000
92038  38.925  37.615  0.418 0.0000000000
92050  38.988  37.554  -0.646 0.0000000000
92051  38.354  36.861  -1.497 0.0000000000
90807  38.029  35.343  0.598 0.0000000000
90098  37.533  35.059  -0.599 0.0000000000
89349  40.226  33.891  1.049 0.0000000000
90096  39.487  33.962  0.613 0.0000000000
116795  39.659  33.621  -0.073 0.0000000000
88593  38.719  32.807  -2.143 0.0000000000
89383  38.937  33.542  -0.617 0.0000000000
88594  37.655  32.958  -2.499 0.0000000000
88629  36.799  31.853  -4.076 0.0000000000
88628  37.595  31.752  -4.298 0.0000000000
86906  38.776  30.787  -5.213 0.0000000000
137344  48.769  39.127  12.122 0.0000000000
91969  48.632  38.339  10.043 0.0000000000
92553  48.361  38.823  10.764 0.0000000000
92567  47.102  38.488  9.364 0.0000000000
134963  51.896  36.945  6.747 0.0000000000
91985  51.297  37.304  8.039 0.0000000000
91992  51.037  37.305  7.002 0.0000000000
91362  48.463  36.843  5.076 0.0000000000
92003  48.876  37.023  5.788 0.0000000000
91994  47.795  37.138  6.437 0.0000000000
122125  47.345  37.355  7.223 0.0000000000
133289  46.916  37.094  5.889 0.0000000000
91363  46.695  36.894  5.219 0.0000000000
90766  47.200  36.065  3.172 0.0000000000
91389  46.421  36.247  3.789 0.0000000000
90767  46.126  35.705  3.300 0.0000000000
90768  45.256  35.553  3.428 0.0000000000
88560  50.342  33.370  0.630 0.0000000000
89355  51.491  34.056  -0.059 0.0000000000
89354  52.163  35.129  -0.362 0.0000000000
90091  51.946  35.335  -0.151 0.0000000000
90805  51.621  35.594  0.711 0.0000000000
90132  50.273  35.106  -4.369 0.0000000000
90120  51.250  35.239  -3.071 0.0000000000
90127  50.245  35.021  -3.346 0.0000000000
89374  48.607  34.129  -0.929 0.0000000000
90093  49.173  34.897  0.286 0.0000000000
90094  47.837  34.412  0.549 0.0000000000
89358  46.212  33.567  0.328 0.0000000000
89343  45.843  33.851  1.037 0.0000000000
90080  45.463  34.257  1.680 0.0000000000
89344  44.945  33.734  1.181 0.0000000000
89360  44.455  33.431  0.615 0.0000000000
89378  44.771  33.125  -0.068 0.0000000000
88605  44.181  32.562  -2.349 0.0000000000
88573  44.221  32.794  -0.695 0.0000000000
88589  43.703  32.614  -1.541 0.0000000000
88590  42.758  32.635  -1.697 0.0000000000
88606  43.286  32.576  -2.501 0.0000000000
88640  44.693  32.687  -5.729 0.0000000000
88641  43.824  32.606  -5.353 0.0000000000
87816  41.814  32.088  -6.440 0.0000000000
126163  42.813  32.491  -5.620 0.0000000000
88642  41.962  32.307  -5.895 0.0000000000
116209  41.448  32.339  -5.207 0.0000000000
136290  41.246  32.067  -6.010 0.0000000000
88643  40.552  31.521  -5.383 0.0000000000
87806  41.041  31.794  -5.613 0.0000000000
87753  42.146  31.342  -2.448 0.0000000000
87767  41.254  31.226  -3.627 0.0000000000
85078  44.161  28.275  -1.808 0.0000000000
118730  43.758  27.899  -0.977 0.0000000000
91435  37.134  36.398  -3.185 0.0000000000
138418  37.230  36.372  -3.147 0.0000000000
91971  43.305  37.061  10.049 0.0000000000
137306  42.955  35.168  9.380 0.0000000000
91367  43.028  36.932  5.051 0.0000000000
91376  42.374  36.637  4.738 0.0000000000
128911  42.869  36.333  4.604 0.0000000000
90771  42.414  35.310  3.728 0.0000000000
90055  41.877  34.821  3.229 0.0000000000
90069  42.305  34.362  2.598 0.0000000000
90083  42.714  33.886  1.960 0.0000000000
89346  43.143  33.550  1.173 0.0000000000
90042  49.442  35.107  4.629 0.0000000000
117392  49.610  34.885  3.959 0.0000000000
88665  48.430  32.834  -7.658 0.0000000000
87822  47.929  31.927  -7.751 0.0000000000
87823  46.784  32.137  -7.527 0.0000000000
88667  46.743  32.707  -7.418 0.0000000000
87811  45.880  32.044  -7.280 0.0000000000
86004  45.959  29.964  -5.406 0.0000000000
85994  45.872  29.162  -4.560 0.0000000000
85993  46.345  28.971  -5.122 0.0000000000
85103  46.018  28.169  -4.763 0.0000000000
84214  46.084  27.268  -3.175 0.0000000000
135553  39.553  34.223  9.464 0.0000000000
89289  39.633  33.374  9.431 0.0000000000
92577  43.457  38.900  7.299 0.0000000000
92576  44.252  38.737  7.827 0.0000000000
92006  45.196  37.244  5.756 0.0000000000
86871  48.273  31.014  -0.232 0.0000000000
128621  48.180  30.701  -2.619 0.0000000000
85990  50.700  29.398  -5.153 0.0000000000
86000  51.430  30.043  -6.368 0.0000000000
86008  51.971  30.376  -7.378 0.0000000000
86919  51.440  30.811  -7.786 0.0000000000
86013  52.084  30.079  -7.761 0.0000000000
85123  51.442  29.349  -7.736 0.0000000000
90725  45.141  35.573  9.535 0.0000000000
90724  46.186  35.573  9.623 0.0000000000
90027  46.989  34.785  8.866 0.0000000000
121159  47.401  34.801  8.108 0.0000000000
88497  42.445  32.561  9.075 0.0000000000
88500  43.611  32.059  7.450 0.0000000000
86842  44.284  30.398  4.503 0.0000000000
87698  44.573  31.218  4.564 0.0000000000
87697  45.259  31.627  4.133 0.0000000000
87706  45.627  31.334  3.413 0.0000000000
87714  46.098  31.154  2.798 0.0000000000
87713  46.665  31.064  2.286 0.0000000000
85057  47.256  28.956  1.505 0.0000000000
83270  47.996  26.896  1.647 0.0000000000
128467  49.265  26.436  1.009 0.0000000000
92016  39.781  37.997  4.049 0.0000000000
93152  40.296  39.761  3.945 0.0000000000
92595  39.433  38.498  3.048 0.0000000000
93160  39.728  38.996  2.683 0.0000000000
93166  39.865  38.716  1.829 0.0000000000
92607  39.260  38.016  1.273 0.0000000000
92039  38.581  37.292  1.019 0.0000000000
91416  38.181  36.555  0.581 0.0000000000
115722  40.694  33.363  -0.269 0.0000000000
135571  39.834  33.350  -0.689 0.0000000000
88592  39.748  32.729  -2.071 0.0000000000
88610  39.112  32.470  -3.058 0.0000000000
116098  38.594  31.856  -4.232 0.0000000000
136952  39.418  32.139  -3.995 0.0000000000
88627  39.262  31.413  -4.966 0.0000000000
88644  39.685  31.012  -5.357 0.0000000000
92532  49.125  38.292  11.601 0.0000000000
91968  49.778  38.007  10.570 0.0000000000
91986  49.219  37.510  8.502 0.0000000000
92002  50.528  37.120  6.014 0.0000000000
91371  47.514  36.742  4.740 0.0000000000
91388  48.284  36.479  3.444 0.0000000000
125964  51.270  33.694  -1.212 0.0000000000
89373  52.118  35.183  -1.446 0.0000000000
89400  49.047  34.301  -2.700 0.0000000000
89401  48.005  33.477  -2.222 0.0000000000
88585  47.830  33.540  -1.415 0.0000000000
89375  47.522  33.616  -0.660 0.0000000000
89357  47.169  33.771  0.101 0.0000000000
89392  46.930  33.195  -1.217 0.0000000000
89377  45.647  33.191  -0.254 0.0000000000
88572  45.102  32.823  -0.793 0.0000000000
88587  45.304  32.683  -1.460 0.0000000000
88604  44.995  32.585  -2.176 0.0000000000
87803  43.246  32.032  -6.626 0.0000000000
88652  43.122  32.295  -6.322 0.0000000000
87793  42.888  31.735  -6.213 0.0000000000
87794  42.108  31.728  -6.087 0.0000000000
129786  41.515  31.781  -5.905 0.0000000000
87795  41.220  31.403  -5.274 0.0000000000
87766  42.290  31.315  -3.617 0.0000000000
92568  45.833  38.721  8.866 0.0000000000
89396  35.865  33.654  -3.185 0.0000000000
133893  44.371  37.321  10.328 0.0000000000
91347  44.621  36.359  9.755 0.0000000000
118494  45.258  34.278  9.053 0.0000000000
89292  45.279  33.870  8.581 0.0000000000
85913  42.904  29.378  6.572 0.0000000000
85926  43.453  29.633  5.740 0.0000000000
85925  44.177  29.437  4.732 0.0000000000
85932  44.848  29.285  3.910 0.0000000000
85041  45.550  29.225  3.297 0.0000000000
93141  41.462  39.732  5.335 0.0000000000
92585  40.735  38.539  4.747 0.0000000000
91377  41.650  36.714  4.598 0.0000000000
91378  40.804  36.931  4.370 0.0000000000
92015  40.497  37.810  4.491 0.0000000000
92024  39.975  37.206  3.883 0.0000000000
91392  39.842  36.426  3.493 0.0000000000
90788  39.269  35.646  2.535 0.0000000000
90798  38.887  35.198  1.835 0.0000000000
90072  39.684  34.809  2.288 0.0000000000
90085  40.340  34.245  1.839 0.0000000000
89348  41.146  33.770  1.392 0.0000000000
89364  40.800  33.591  0.621 0.0000000000
88576  41.264  32.926  -1.139 0.0000000000
88591  41.814  32.690  -1.919 0.0000000000
119978  50.362  36.474  8.701 0.0000000000
134430  51.602  37.000  8.442 0.0000000000
90740  51.889  36.890  7.048 0.0000000000
91359  51.683  36.936  6.192 0.0000000000
90752  50.560  35.592  4.856 0.0000000000
91368  51.418  36.177  4.427 0.0000000000
91385  51.467  36.253  3.803 0.0000000000
91399  51.152  36.359  2.732 0.0000000000
89412  51.315  34.998  -5.588 0.0000000000
90125  51.525  35.045  -4.201 0.0000000000
90130  51.379  35.079  -5.060 0.0000000000
90136  50.426  35.062  -5.409 0.0000000000
89413  49.239  34.433  -4.848 0.0000000000
135310  48.393  33.624  -7.205 0.0000000000
89414  48.018  33.518  -4.332 0.0000000000
88622  46.399  32.770  -3.591 0.0000000000
88623  45.515  32.642  -3.518 0.0000000000
88639  45.676  32.733  -4.770 0.0000000000
87813  44.180  32.167  -6.711 0.0000000000
88661  45.389  32.423  -6.989 0.0000000000
87802  44.062  31.967  -6.761 0.0000000000
87792  43.852  31.626  -6.258 0.0000000000
85976  44.402  29.489  -2.556 0.0000000000
133280  44.601  27.923  -2.242 0.0000000000
85095  45.163  28.522  -3.347 0.0000000000
84216  45.017  27.875  -2.900 0.0000000000
84206  44.508  27.495  -1.612 0.0000000000
119025  40.940  36.033  9.680 0.0000000000
90728  41.466  35.410  9.445 0.0000000000
138719  41.193  34.843  9.365 0.0000000000
127425  41.711  33.148  9.280 0.0000000000
119592  42.262  31.839  8.929 0.0000000000
127796  42.323  30.719  8.396 0.0000000000
92581  42.488  38.839  6.305 0.0000000000
91999  42.961  38.057  6.045 0.0000000000
92580  43.233  38.483  6.679 0.0000000000
92008  43.465  37.456  5.591 0.0000000000
91375  43.608  36.367  4.640 0.0000000000
90754  44.061  35.863  4.197 0.0000000000
90769  44.409  35.456  3.606 0.0000000000
88539  48.757  32.898  1.884 0.0000000000
88550  49.174  32.641  1.176 0.0000000000
87740  48.870  31.772  -0.627 0.0000000000
87739  49.992  32.650  -1.107 0.0000000000
88600  50.570  33.417  -2.795 0.0000000000
88619  50.631  33.598  -3.876 0.0000000000
85093  48.646  29.129  -3.393 0.0000000000
85983  48.451  29.850  -3.755 0.0000000000
86893  48.319  30.657  -3.603 0.0000000000
86903  48.563  30.637  -4.451 0.0000000000
87777  48.657  31.374  -4.301 0.0000000000
88620  49.364  32.388  -4.166 0.0000000000
88636  50.667  33.829  -5.197 0.0000000000
132628  50.875  34.504  -6.120 0.0000000000
119602  50.452  33.971  -6.760 0.0000000000
87809  50.899  31.220  -7.924 0.0000000000
87820  50.110  31.951  -7.673 0.0000000000
87821  49.110  32.017  -7.726 0.0000000000
126933  48.660  30.474  -7.917 0.0000000000
86016  48.031  30.021  -7.397 0.0000000000
85119  47.539  28.766  -6.522 0.0000000000
85109  47.148  28.251  -5.861 0.0000000000
84255  47.872  28.228  -6.159 0.0000000000
91944  49.236  37.954  11.540 0.0000000000
134385  49.893  37.633  10.768 0.0000000000
91946  45.904  37.763  11.099 0.0000000000
91345  46.920  36.281  10.161 0.0000000000
90721  49.930  36.568  9.595 0.0000000000
90737  49.506  35.723  8.046 0.0000000000
119121  49.743  35.626  7.155 0.0000000000
90035  47.789  34.771  6.602 0.0000000000
90038  48.440  35.010  5.983 0.0000000000
89322  48.045  33.525  3.262 0.0000000000
90020  42.806  34.576  9.320 0.0000000000
90019  43.797  34.140  9.239 0.0000000000
89297  45.351  33.531  7.779 0.0000000000
87674  43.238  31.342  7.104 0.0000000000
88503  43.700  31.775  6.783 0.0000000000
87688  43.789  31.078  5.553 0.0000000000
87677  44.119  31.837  6.131 0.0000000000
88502  44.159  32.321  6.997 0.0000000000
88521  45.709  32.367  4.527 0.0000000000
89323  47.259  33.124  3.758 0.0000000000
88531  47.521  32.780  3.036 0.0000000000
87730  48.142  31.081  0.790 0.0000000000
87722  47.201  31.005  1.798 0.0000000000
85963  47.806  29.275  -0.776 0.0000000000
85077  47.990  28.761  -1.293 0.0000000000
85049  46.771  28.538  2.345 0.0000000000
85056  47.574  28.341  0.992 0.0000000000
84170  47.736  27.548  1.252 0.0000000000
84193  47.958  28.118  -0.183 0.0000000000
85068  48.227  28.115  -0.869 0.0000000000
91329  40.398  36.783  10.395 0.0000000000
91351  40.058  35.871  9.866 0.0000000000
90023  39.062  34.734  9.618 0.0000000000
128731  38.873  33.953  9.503 0.0000000000
127414  36.862  35.070  10.682 0.0000000000
130443  37.353  33.668  9.923 0.0000000000
93173  40.818  38.950  0.556 0.0000000000
92611  40.340  38.482  -0.120 0.0000000000
92619  40.653  38.402  -1.224 0.0000000000
91424  37.450  35.529  -1.588 0.0000000000
89395  36.677  33.419  -3.117 0.0000000000
115427  38.780  34.391  0.698 0.0000000000
89366  38.024  33.891  -0.734 0.0000000000
88613  36.162  32.591  -3.746 0.0000000000
88630  36.284  31.952  -3.906 0.0000000000
86907  38.147  30.776  -5.042 0.0000000000
92533  48.788  39.016  11.842 0.0000000000
92554  46.643  39.157  9.764 0.0000000000
91982  46.175  38.022  8.408 0.0000000000
91978  50.922  37.206  8.965 0.0000000000
118454  50.470  37.433  8.639 0.0000000000
91993  49.387  37.248  6.702 0.0000000000
91987  47.803  37.506  8.141 0.0000000000
91988  46.547  37.577  7.664 0.0000000000
91996  45.610  37.500  6.745 0.0000000000
91364  45.741  36.810  5.017 0.0000000000
91372  46.548  36.601  4.468 0.0000000000
90786  44.714  34.991  2.997 0.0000000000
89333  49.412  33.660  2.186 0.0000000000
89332  50.818  34.483  1.742 0.0000000000
90076  51.735  35.436  1.367 0.0000000000
137867  51.568  36.088  1.698 0.0000000000
90794  51.373  36.028  1.461 0.0000000000
90781  50.564  36.294  2.117 0.0000000000
90119  51.669  35.058  -3.204 0.0000000000
90110  51.851  35.227  -2.380 0.0000000000
90111  51.805  35.315  -1.537 0.0000000000
90112  50.124  34.862  -1.233 0.0000000000
90103  51.457  35.369  -0.708 0.0000000000
90092  50.867  35.457  0.067 0.0000000000
90795  49.598  35.821  1.498 0.0000000000
90796  48.139  35.429  1.711 0.0000000000
90797  46.996  35.105  1.960 0.0000000000
90095  46.792  34.058  0.824 0.0000000000
90065  46.030  34.782  2.210 0.0000000000
90066  45.093  34.596  2.351 0.0000000000
89345  44.079  33.645  1.254 0.0000000000
89361  43.753  33.409  0.695 0.0000000000
88608  41.424  32.627  -2.999 0.0000000000
116211  43.321  32.609  -4.404 0.0000000000
115299  42.868  32.624  -3.536 0.0000000000
88624  41.905  32.612  -3.890 0.0000000000
88625  40.884  32.403  -4.355 0.0000000000
88626  39.983  31.675  -4.878 0.0000000000
86905  39.399  30.849  -5.272 0.0000000000
135355  40.317  30.905  -4.853 0.0000000000
84247  46.850  27.834  -5.353 0.0000000000
84225  46.520  27.436  -4.031 0.0000000000
84195  43.568  27.215  -0.428 0.0000000000
84237  45.805  27.731  -4.071 0.0000000000
85115  52.697  28.859  -7.163 0.0000000000
85974  48.306  29.385  -2.928 0.0000000000
86009  48.048  29.228  -7.184 0.0000000000
86010  47.470  29.493  -6.830 0.0000000000
86912  48.928  30.799  -5.299 0.0000000000
86918  51.861  30.354  -7.741 0.0000000000
86926  51.470  30.717  -8.016 0.0000000000
86927  49.013  31.171  -8.022 0.0000000000
86932  49.986  31.102  -8.257 0.0000000000
86933  49.762  31.446  -8.054 0.0000000000
87804  42.387  32.041  -6.478 0.0000000000
87805  41.837  32.100  -6.372 0.0000000000
87814  42.691  32.095  -6.494 0.0000000000
87815  42.111  32.118  -6.425 0.0000000000
87824  46.210  32.498  -7.277 0.0000000000
87827  50.388  31.300  -8.102 0.0000000000
88582  51.926  34.589  -1.725 0.0000000000
88621  47.254  33.060  -3.605 0.0000000000
88635  51.479  34.905  -4.468 0.0000000000
88654  41.818  32.127  -6.362 0.0000000000
88658  50.150  32.956  -7.126 0.0000000000
88666  47.403  32.734  -7.587 0.0000000000
89362  42.434  33.368  0.564 0.0000000000
89402  36.118  33.338  -3.550 0.0000000000
89418  51.163  35.098  -5.637 0.0000000000
89425  50.062  34.362  -6.902 0.0000000000
89426  49.355  34.305  -6.818 0.0000000000
89431  49.130  33.652  -7.362 0.0000000000
90062  51.682  36.025  1.836 0.0000000000
90075  51.651  35.744  1.357 0.0000000000
90087  38.498  34.895  1.079 0.0000000000
90131  51.169  35.267  -4.842 0.0000000000
90738  47.905  34.905  7.372 0.0000000000
90745  51.258  36.434  5.413 0.0000000000
90774  39.742  35.837  3.142 0.0000000000
91342  50.311  37.158  10.002 0.0000000000
91357  51.966  37.023  7.315 0.0000000000
91373  45.747  36.374  4.269 0.0000000000
91984  51.726  37.016  8.309 0.0000000000
92001  51.747  37.060  6.424 0.0000000000
92011  41.110  38.045  4.938 0.0000000000
92013  42.135  37.211  5.044 0.0000000000
92014  41.334  37.447  4.798 0.0000000000
92032  39.084  37.291  2.754 0.0000000000
92588  40.117  38.549  4.274 0.0000000000
92589  39.681  38.542  3.717 0.0000000000
93142  41.069  39.117  5.022 0.0000000000
93146  39.966  39.105  3.992 0.0000000000
93153  39.802  39.144  3.423 0.0000000000
118385  51.606  36.704  6.299 0.0000000000
121881  41.203  40.552  2.964 0.0000000000
127730  39.444  37.049  3.297 0.0000000000
130860  40.931  39.713  1.859 0.0000000000
131079  48.147  30.034  -3.084 0.0000000000
136529  44.946  27.582  -2.246 0.0000000000
137862  50.355  33.096  0.088 0.0000000000
138223  47.642  33.335  -7.100 0.0000000000
138648  43.360  32.138  -6.567 0.0000000000
