#!ascii label  , from subject sub-v1s18x0051214_ses-1 vox2ras=TkReg
315
58037  27.930  2.149  -28.966 0.0000000000
49498  25.048  -3.982  -20.679 0.0000000000
62931  27.266  6.648  -32.243 0.0000000000
125678  23.698  14.540  -37.463 0.0000000000
133752  23.463  -5.394  -19.063 0.0000000000
62968  27.389  6.853  -36.460 0.0000000000
65513  26.561  7.858  -38.206 0.0000000000
57981  25.976  1.942  -25.284 0.0000000000
126267  26.151  0.129  -24.372 0.0000000000
56861  28.390  0.805  -27.185 0.0000000000
59273  30.712  2.700  -31.796 0.0000000000
59257  31.810  2.543  -29.456 0.0000000000
61662  27.161  4.293  -30.107 0.0000000000
61697  29.023  5.146  -33.686 0.0000000000
126920  25.910  13.007  -36.112 0.0000000000
127589  26.278  11.066  -39.691 0.0000000000
53334  27.260  -1.732  -22.712 0.0000000000
123365  26.962  8.612  -36.127 0.0000000000
66654  26.678  9.267  -36.787 0.0000000000
59209  27.341  2.284  -26.920 0.0000000000
56843  27.555  0.967  -26.265 0.0000000000
56880  28.017  1.394  -28.103 0.0000000000
49484  24.220  -4.721  -19.808 0.0000000000
61676  27.006  5.115  -31.427 0.0000000000
60474  27.676  4.570  -32.314 0.0000000000
130726  27.527  5.843  -33.167 0.0000000000
62983  28.068  6.640  -38.643 0.0000000000
62966  29.886  6.364  -37.363 0.0000000000
72023  22.213  13.894  -36.817 0.0000000000
71013  24.167  13.405  -34.823 0.0000000000
129779  24.816  13.937  -36.431 0.0000000000
72057  25.182  14.652  -41.638 0.0000000000
71065  25.383  13.193  -41.887 0.0000000000
69978  25.985  12.657  -39.672 0.0000000000
68907  25.122  11.182  -42.165 0.0000000000
67771  25.088  9.938  -42.278 0.0000000000
54562  27.774  -0.279  -24.556 0.0000000000
53354  26.337  -1.394  -23.469 0.0000000000
48262  21.803  -5.586  -18.625 0.0000000000
62948  27.501  6.669  -34.669 0.0000000000
119760  27.284  7.269  -35.814 0.0000000000
64295  27.207  7.175  -38.003 0.0000000000
64305  26.839  7.308  -39.670 0.0000000000
54584  23.602  0.183  -23.812 0.0000000000
56831  25.808  1.194  -24.811 0.0000000000
130378  27.419  0.699  -25.662 0.0000000000
55708  28.743  0.395  -25.522 0.0000000000
59265  28.787  2.369  -30.527 0.0000000000
58034  29.981  1.506  -29.557 0.0000000000
58046  31.096  1.901  -30.815 0.0000000000
60412  26.438  3.490  -26.707 0.0000000000
61637  26.507  4.600  -27.751 0.0000000000
60435  27.561  3.325  -28.973 0.0000000000
59275  28.204  2.992  -31.100 0.0000000000
60473  29.297  4.086  -32.530 0.0000000000
60489  31.780  4.866  -35.171 0.0000000000
61707  28.772  5.989  -35.242 0.0000000000
61714  30.091  5.733  -35.801 0.0000000000
68879  26.164  12.089  -35.116 0.0000000000
72031  25.167  14.268  -38.167 0.0000000000
71047  25.724  13.605  -37.786 0.0000000000
69969  26.293  11.935  -38.037 0.0000000000
68885  26.389  11.095  -36.697 0.0000000000
67759  25.934  9.032  -39.741 0.0000000000
66673  25.664  8.463  -41.007 0.0000000000
52103  23.767  -3.130  -22.001 0.0000000000
53356  24.375  -0.967  -23.219 0.0000000000
56889  29.538  1.182  -28.159 0.0000000000
57995  30.261  2.252  -26.670 0.0000000000
128868  26.654  9.837  -35.830 0.0000000000
59227  27.564  2.283  -27.675 0.0000000000
57996  27.662  1.610  -27.214 0.0000000000
58023  28.079  1.650  -28.678 0.0000000000
48233  20.946  -5.971  -17.186 0.0000000000
48248  21.729  -5.959  -17.824 0.0000000000
49499  24.353  -4.269  -20.486 0.0000000000
62921  27.170  6.309  -31.400 0.0000000000
61689  27.283  5.217  -32.367 0.0000000000
62930  27.308  6.057  -32.798 0.0000000000
64311  29.241  6.535  -40.797 0.0000000000
62982  29.588  6.358  -39.463 0.0000000000
72022  23.140  14.297  -36.965 0.0000000000
71038  22.993  13.910  -36.194 0.0000000000
71037  23.951  14.075  -36.278 0.0000000000
72021  24.225  14.326  -36.962 0.0000000000
68908  25.272  12.160  -42.428 0.0000000000
68919  25.228  11.102  -43.940 0.0000000000
55674  28.414  -0.245  -24.066 0.0000000000
130360  27.881  -0.695  -23.896 0.0000000000
50798  22.811  -4.116  -21.015 0.0000000000
64259  27.429  7.612  -33.793 0.0000000000
64267  27.324  7.623  -34.870 0.0000000000
65506  26.857  8.102  -37.247 0.0000000000
64286  26.997  7.477  -37.660 0.0000000000
64296  26.718  7.405  -38.533 0.0000000000
65521  26.232  7.801  -39.119 0.0000000000
123766  21.432  14.606  -38.488 0.0000000000
56832  24.526  1.322  -24.657 0.0000000000
56845  25.302  1.666  -25.021 0.0000000000
55729  27.937  0.760  -26.656 0.0000000000
55711  27.187  0.995  -25.693 0.0000000000
55710  27.747  0.629  -25.998 0.0000000000
55709  28.073  0.335  -25.906 0.0000000000
55728  28.567  0.564  -26.376 0.0000000000
48261  22.660  -5.490  -19.053 0.0000000000
48260  23.346  -5.642  -18.405 0.0000000000
59274  29.484  2.653  -31.284 0.0000000000
58058  29.621  2.014  -30.676 0.0000000000
58057  30.406  2.057  -31.066 0.0000000000
59211  26.022  3.107  -26.050 0.0000000000
124314  27.051  4.973  -29.272 0.0000000000
61647  27.321  4.057  -29.338 0.0000000000
60436  27.130  4.183  -28.470 0.0000000000
60449  27.262  3.424  -29.944 0.0000000000
59267  27.372  3.095  -30.200 0.0000000000
118967  26.940  3.768  -30.805 0.0000000000
60482  28.611  4.661  -32.837 0.0000000000
130518  28.338  4.084  -32.240 0.0000000000
60481  29.530  4.584  -33.247 0.0000000000
61696  30.322  4.834  -34.193 0.0000000000
62959  27.405  6.774  -35.608 0.0000000000
62947  27.840  6.342  -34.908 0.0000000000
62958  27.968  6.439  -35.820 0.0000000000
62957  29.295  6.194  -36.269 0.0000000000
61713  31.383  5.737  -36.280 0.0000000000
128581  24.599  13.533  -35.342 0.0000000000
69937  24.370  12.933  -34.182 0.0000000000
71012  25.051  13.142  -34.850 0.0000000000
69936  25.165  12.535  -34.151 0.0000000000
69949  25.757  12.808  -35.408 0.0000000000
116036  25.391  14.132  -40.650 0.0000000000
72052  25.011  14.939  -40.324 0.0000000000
71054  25.615  13.638  -38.972 0.0000000000
69984  26.040  11.640  -40.383 0.0000000000
69977  26.279  11.870  -39.114 0.0000000000
125572  26.376  10.974  -38.733 0.0000000000
68890  26.386  10.978  -37.686 0.0000000000
67753  26.435  9.772  -38.518 0.0000000000
68895  26.212  10.155  -39.695 0.0000000000
67777  25.373  9.538  -43.074 0.0000000000
126116  25.366  9.119  -42.058 0.0000000000
66686  26.044  8.928  -42.936 0.0000000000
65536  26.751  8.392  -42.458 0.0000000000
52104  22.864  -3.227  -22.040 0.0000000000
54583  25.348  0.379  -24.192 0.0000000000
129015  24.479  -0.041  -23.703 0.0000000000
54566  25.372  -0.376  -23.754 0.0000000000
53335  26.566  -1.963  -22.869 0.0000000000
53336  25.876  -2.062  -22.860 0.0000000000
52118  26.134  -2.658  -22.353 0.0000000000
58020  30.938  1.926  -29.293 0.0000000000
58021  30.164  1.540  -28.720 0.0000000000
58011  30.841  2.398  -28.441 0.0000000000
65488  27.140  8.666  -34.768 0.0000000000
66647  26.874  9.312  -35.202 0.0000000000
126940  26.641  8.860  -37.810 0.0000000000
127072  26.482  2.286  -25.804 0.0000000000
56844  27.056  1.450  -25.848 0.0000000000
56863  27.548  1.345  -26.662 0.0000000000
56862  27.770  1.129  -27.018 0.0000000000
56879  28.218  1.004  -27.826 0.0000000000
121014  23.270  -5.119  -19.747 0.0000000000
48273  23.915  -5.150  -19.290 0.0000000000
128426  24.895  -4.494  -19.412 0.0000000000
50771  25.783  -3.869  -18.411 0.0000000000
59282  31.180  3.304  -32.734 0.0000000000
59272  31.899  2.712  -32.392 0.0000000000
129128  26.718  5.899  -29.648 0.0000000000
61675  26.912  4.618  -30.872 0.0000000000
117689  26.927  3.892  -31.313 0.0000000000
136487  26.970  4.852  -31.795 0.0000000000
61698  27.922  5.334  -33.200 0.0000000000
62976  27.593  6.864  -37.432 0.0000000000
62967  28.373  6.505  -36.823 0.0000000000
62975  28.918  6.508  -38.052 0.0000000000
62974  30.196  6.483  -38.455 0.0000000000
71025  25.243  13.448  -35.774 0.0000000000
124803  25.306  14.005  -42.051 0.0000000000
71060  25.611  13.346  -40.271 0.0000000000
68900  25.680  10.568  -40.807 0.0000000000
67781  25.414  10.440  -43.606 0.0000000000
125440  26.754  -0.057  -24.584 0.0000000000
54565  26.191  -0.611  -23.948 0.0000000000
54564  26.827  -0.712  -24.062 0.0000000000
53353  27.002  -1.371  -23.493 0.0000000000
48263  20.914  -5.509  -18.209 0.0000000000
49472  21.139  -5.145  -19.016 0.0000000000
49485  22.320  -5.100  -19.758 0.0000000000
49500  23.529  -4.540  -20.437 0.0000000000
50796  24.480  -3.910  -20.973 0.0000000000
64243  26.919  7.411  -31.498 0.0000000000
62939  27.527  6.477  -33.714 0.0000000000
62940  27.414  6.973  -33.215 0.0000000000
62960  27.322  7.012  -35.334 0.0000000000
64276  27.299  6.996  -36.217 0.0000000000
65497  27.229  7.964  -35.651 0.0000000000
64285  27.268  7.137  -37.062 0.0000000000
126878  27.368  6.838  -39.132 0.0000000000
64312  28.544  7.031  -41.407 0.0000000000
122321  21.040  13.576  -37.155 0.0000000000
72034  21.865  14.177  -37.555 0.0000000000
72033  22.788  14.589  -37.812 0.0000000000
55691  25.300  0.918  -24.493 0.0000000000
117923  26.063  0.703  -24.673 0.0000000000
55712  26.531  1.244  -25.247 0.0000000000
124656  26.971  0.739  -25.285 0.0000000000
55689  27.168  0.360  -25.147 0.0000000000
55688  27.679  0.254  -25.324 0.0000000000
55687  28.205  0.087  -25.055 0.0000000000
55686  28.948  0.312  -24.593 0.0000000000
58049  28.407  2.148  -29.814 0.0000000000
58036  28.154  1.913  -29.186 0.0000000000
58048  29.278  1.784  -30.086 0.0000000000
58047  30.200  1.735  -30.388 0.0000000000
120481  30.877  1.679  -30.102 0.0000000000
58056  31.475  2.294  -31.500 0.0000000000
58045  32.252  2.216  -31.332 0.0000000000
58033  31.853  2.170  -30.388 0.0000000000
57998  25.190  2.625  -25.722 0.0000000000
59228  27.131  2.951  -27.178 0.0000000000
59246  27.782  2.339  -28.594 0.0000000000
60421  26.119  4.340  -27.063 0.0000000000
60419  27.419  3.135  -28.079 0.0000000000
59259  27.748  2.781  -29.411 0.0000000000
59266  27.900  2.753  -30.297 0.0000000000
60465  27.594  3.779  -31.639 0.0000000000
60464  28.785  3.476  -31.818 0.0000000000
59283  29.998  3.435  -32.127 0.0000000000
60472  30.485  4.097  -33.201 0.0000000000
119953  31.372  4.357  -34.281 0.0000000000
61699  27.695  6.059  -33.998 0.0000000000
120563  28.357  5.713  -34.266 0.0000000000
61706  29.522  5.442  -34.712 0.0000000000
61705  30.880  5.291  -35.394 0.0000000000
68873  26.300  11.433  -34.734 0.0000000000
125337  23.695  14.775  -38.045 0.0000000000
127866  24.500  14.751  -38.395 0.0000000000
72032  24.439  14.511  -37.683 0.0000000000
72020  25.055  14.090  -37.250 0.0000000000
125895  25.660  13.457  -36.746 0.0000000000
69970  26.104  12.812  -38.453 0.0000000000
69962  26.168  12.826  -37.436 0.0000000000
69955  26.142  12.737  -36.682 0.0000000000
68878  26.257  12.168  -36.094 0.0000000000
121136  26.411  11.072  -35.656 0.0000000000
67746  26.482  10.042  -37.298 0.0000000000
66667  26.263  8.472  -38.841 0.0000000000
67765  25.519  9.449  -40.932 0.0000000000
128355  25.924  8.256  -39.741 0.0000000000
127511  26.257  7.827  -40.333 0.0000000000
65535  27.670  7.727  -41.969 0.0000000000
50818  23.320  -3.684  -21.569 0.0000000000
50816  24.991  -3.643  -21.336 0.0000000000
53338  23.775  -1.760  -22.745 0.0000000000
53355  25.436  -1.336  -23.266 0.0000000000
53337  24.621  -1.695  -22.817 0.0000000000
52119  25.358  -2.659  -22.372 0.0000000000
52101  25.606  -3.191  -21.799 0.0000000000
58022  29.231  1.316  -28.887 0.0000000000
56878  28.915  0.937  -27.655 0.0000000000
58012  30.373  2.150  -27.717 0.0000000000
56877  29.674  1.335  -27.263 0.0000000000
56860  29.116  0.843  -26.826 0.0000000000
56842  29.271  0.778  -25.938 0.0000000000
49470  25.124  -4.451  -18.765 0.0000000000
49471  21.886  -5.290  -19.256 0.0000000000
49483  24.956  -4.272  -20.016 0.0000000000
49501  22.638  -4.679  -20.346 0.0000000000
50797  23.782  -3.999  -20.966 0.0000000000
50817  24.167  -3.627  -21.491 0.0000000000
52102  24.705  -3.141  -21.925 0.0000000000
52120  24.370  -2.453  -22.433 0.0000000000
54563  27.660  -1.177  -23.354 0.0000000000
54581  27.271  -0.146  -24.648 0.0000000000
54582  26.697  0.498  -24.912 0.0000000000
55690  26.529  0.885  -25.029 0.0000000000
56859  29.706  1.459  -26.312 0.0000000000
56890  28.546  1.171  -28.379 0.0000000000
57997  27.230  1.920  -26.413 0.0000000000
58013  27.886  1.723  -28.007 0.0000000000
58024  27.972  1.822  -28.502 0.0000000000
58035  28.852  1.591  -29.438 0.0000000000
59210  26.812  2.680  -26.442 0.0000000000
59258  27.902  2.522  -29.560 0.0000000000
60420  26.836  3.799  -27.523 0.0000000000
60459  27.255  3.334  -30.919 0.0000000000
61663  27.197  5.191  -30.070 0.0000000000
61683  27.067  4.438  -31.735 0.0000000000
62920  27.090  5.582  -32.050 0.0000000000
62949  27.394  7.037  -34.320 0.0000000000
62988  29.675  6.360  -40.394 0.0000000000
64303  28.666  6.426  -39.903 0.0000000000
64304  28.001  6.753  -40.482 0.0000000000
64313  27.321  7.384  -41.046 0.0000000000
65529  26.520  7.992  -41.690 0.0000000000
66680  25.832  8.675  -42.363 0.0000000000
66688  25.919  9.572  -43.285 0.0000000000
67778  24.941  10.539  -43.371 0.0000000000
69938  23.481  13.108  -34.389 0.0000000000
69961  26.301  11.978  -37.090 0.0000000000
71026  23.794  13.716  -35.541 0.0000000000
116728  27.209  7.490  -36.621 0.0000000000
117850  27.927  1.083  -27.452 0.0000000000
124968  26.853  4.360  -31.367 0.0000000000
125985  28.467  1.458  -28.942 0.0000000000
126133  24.459  0.652  -24.188 0.0000000000
127236  24.491  -4.860  -19.024 0.0000000000
128354  26.499  10.275  -36.441 0.0000000000
128475  27.386  -0.723  -24.023 0.0000000000
131958  27.875  1.345  -27.604 0.0000000000
132141  21.796  -6.226  -17.104 0.0000000000
132241  24.518  13.781  -35.846 0.0000000000
134208  25.614  12.567  -34.733 0.0000000000
137240  27.061  8.620  -35.443 0.0000000000
137589  31.338  1.973  -29.841 0.0000000000
