#!ascii label  , from subject sub-v1s18x0051272_ses-1 vox2ras=TkReg
1230
69788  -39.193  3.665  34.145 0.0000000000
67801  -48.343  1.081  22.784 0.0000000000
75062  -46.732  11.198  36.100 0.0000000000
66069  -46.666  -1.594  27.502 0.0000000000
65995  -46.608  -1.707  34.609 0.0000000000
71869  -41.853  6.944  27.536 0.0000000000
100400  -48.985  11.816  22.360 0.0000000000
77475  -44.673  15.717  30.481 0.0000000000
67633  -41.257  1.060  40.076 0.0000000000
67724  -41.535  0.386  30.999 0.0000000000
69148  -44.406  2.815  27.675 0.0000000000
70488  -41.281  4.894  31.766 0.0000000000
76224  -47.869  13.091  36.052 0.0000000000
73874  -49.060  9.341  31.012 0.0000000000
76260  -48.830  13.620  29.776 0.0000000000
75702  -46.378  12.685  27.940 0.0000000000
78563  -49.231  17.061  27.455 0.0000000000
69199  -44.836  3.424  20.872 0.0000000000
72460  -39.049  6.641  39.760 0.0000000000
73164  -41.743  8.400  35.244 0.0000000000
66970  -51.879  0.378  28.095 0.0000000000
65171  -46.822  -2.080  31.429 0.0000000000
65139  -40.915  -2.248  33.805 0.0000000000
65969  -41.502  -1.927  37.759 0.0000000000
71226  -46.014  5.243  24.049 0.0000000000
72544  -42.687  7.318  21.973 0.0000000000
73849  -43.334  9.279  32.204 0.0000000000
75120  -43.536  11.245  27.193 0.0000000000
74576  -42.299  11.216  19.651 0.0000000000
76904  -42.098  14.940  22.163 0.0000000000
76291  -41.170  13.520  27.407 0.0000000000
69108  -41.144  2.123  32.664 0.0000000000
69124  -41.601  2.753  30.833 0.0000000000
70474  -41.353  4.098  33.412 0.0000000000
77440  -45.634  15.731  34.260 0.0000000000
75669  -46.745  12.877  32.607 0.0000000000
77469  -47.189  15.460  31.394 0.0000000000
77482  -49.714  15.697  28.673 0.0000000000
69189  -46.868  3.221  22.334 0.0000000000
73790  -39.569  7.628  41.206 0.0000000000
73152  -41.785  8.264  41.149 0.0000000000
66003  -46.520  -1.767  33.104 0.0000000000
65156  -44.132  -2.643  32.405 0.0000000000
65135  -44.532  -2.775  34.590 0.0000000000
66868  -41.439  -0.365  38.552 0.0000000000
68403  -35.617  1.440  37.475 0.0000000000
70456  -35.537  4.227  38.664 0.0000000000
69775  -34.634  2.794  38.867 0.0000000000
66995  -47.527  -0.224  25.803 0.0000000000
71197  -43.242  5.232  28.009 0.0000000000
70521  -45.324  4.355  26.348 0.0000000000
71212  -43.633  5.412  26.324 0.0000000000
100292  -44.273  5.507  23.506 0.0000000000
72530  -42.090  7.245  25.378 0.0000000000
74454  -43.915  10.361  35.733 0.0000000000
117855  -43.606  7.443  34.119 0.0000000000
73173  -45.572  8.289  34.189 0.0000000000
99185  -49.310  10.021  27.622 0.0000000000
116849  -46.497  10.451  29.189 0.0000000000
75129  -45.821  11.120  25.835 0.0000000000
75150  -42.562  11.584  23.866 0.0000000000
75744  -45.309  13.012  21.820 0.0000000000
75757  -42.116  12.700  20.071 0.0000000000
76340  -46.774  14.404  21.049 0.0000000000
76271  -46.026  13.788  29.333 0.0000000000
103058  -43.523  13.165  26.737 0.0000000000
76268  -43.085  13.645  29.213 0.0000000000
117488  -40.761  13.686  29.294 0.0000000000
77473  -42.553  15.200  30.796 0.0000000000
66956  -43.619  -0.551  29.085 0.0000000000
113150  -45.481  0.338  27.131 0.0000000000
68476  -42.665  1.501  29.354 0.0000000000
109102  -42.595  4.071  29.405 0.0000000000
112319  -41.712  6.395  29.504 0.0000000000
75059  -49.735  11.430  36.596 0.0000000000
73844  -48.898  8.929  34.019 0.0000000000
75071  -49.411  10.365  33.797 0.0000000000
75098  -50.039  10.356  30.143 0.0000000000
100652  -50.393  11.132  26.551 0.0000000000
75721  -48.262  12.343  25.339 0.0000000000
76295  -49.677  12.668  27.539 0.0000000000
97277  -48.957  14.588  27.847 0.0000000000
78037  -46.957  16.495  28.792 0.0000000000
69876  -43.482  3.542  19.899 0.0000000000
71822  -38.303  6.449  35.583 0.0000000000
71827  -41.067  6.000  34.605 0.0000000000
73159  -39.780  8.310  37.123 0.0000000000
73821  -41.649  9.554  37.971 0.0000000000
74445  -44.734  10.659  39.578 0.0000000000
75615  -44.944  11.979  39.730 0.0000000000
75032  -48.202  11.886  41.106 0.0000000000
66058  -49.554  -1.760  28.368 0.0000000000
66958  -48.993  -1.016  30.114 0.0000000000
113402  -46.485  -2.491  29.206 0.0000000000
65181  -43.577  -2.101  30.305 0.0000000000
97799  -41.368  -1.025  32.053 0.0000000000
66890  -46.976  -1.067  36.845 0.0000000000
68393  -43.715  1.433  38.854 0.0000000000
65963  -43.842  -0.949  38.118 0.0000000000
65115  -44.254  -2.611  36.511 0.0000000000
65122  -40.502  -2.580  35.474 0.0000000000
69786  -37.568  3.285  34.786 0.0000000000
69861  -50.500  3.432  22.271 0.0000000000
69156  -46.129  2.316  26.004 0.0000000000
114891  -47.679  3.965  24.302 0.0000000000
70548  -49.058  4.945  21.946 0.0000000000
71250  -47.044  5.132  21.255 0.0000000000
71259  -44.210  4.934  19.620 0.0000000000
71908  -42.865  6.320  19.709 0.0000000000
71165  -42.284  5.937  34.167 0.0000000000
72489  -41.471  7.491  31.958 0.0000000000
73214  -41.448  8.591  30.038 0.0000000000
73864  -47.035  9.281  31.874 0.0000000000
74501  -44.072  10.654  29.572 0.0000000000
73899  -41.567  9.614  27.679 0.0000000000
73913  -41.575  9.884  25.056 0.0000000000
73256  -42.386  9.208  21.520 0.0000000000
72553  -41.689  8.547  19.505 0.0000000000
76314  -44.377  13.477  24.842 0.0000000000
76321  -41.257  14.116  24.669 0.0000000000
76308  -38.311  13.112  25.349 0.0000000000
76288  -38.389  13.146  26.993 0.0000000000
75695  -38.268  12.938  29.502 0.0000000000
69103  -40.657  2.787  33.356 0.0000000000
69104  -41.127  2.751  33.026 0.0000000000
70473  -40.929  4.033  33.833 0.0000000000
77459  -45.652  15.403  32.816 0.0000000000
78026  -47.670  16.592  30.899 0.0000000000
68531  -47.685  1.590  22.896 0.0000000000
102578  -46.601  -1.713  33.796 0.0000000000
103018  -45.581  -2.376  33.809 0.0000000000
65136  -45.395  -2.448  34.463 0.0000000000
67666  -35.655  0.733  38.069 0.0000000000
69078  -35.109  1.963  37.714 0.0000000000
66084  -47.800  -1.719  26.719 0.0000000000
66994  -46.929  -0.481  26.451 0.0000000000
71203  -42.762  5.771  27.489 0.0000000000
71204  -43.425  5.383  27.190 0.0000000000
71211  -42.790  5.834  26.454 0.0000000000
71882  -42.604  6.284  25.382 0.0000000000
72525  -42.216  6.773  26.243 0.0000000000
74455  -44.899  10.544  35.609 0.0000000000
73837  -45.131  8.583  34.589 0.0000000000
73834  -46.730  9.745  34.908 0.0000000000
74556  -49.577  10.475  24.878 0.0000000000
74542  -47.473  10.559  26.235 0.0000000000
75141  -47.489  10.984  24.310 0.0000000000
75153  -45.978  11.561  23.869 0.0000000000
103143  -47.200  12.206  22.445 0.0000000000
75753  -46.572  13.543  21.290 0.0000000000
98551  -48.469  12.413  22.054 0.0000000000
76871  -44.878  14.743  30.225 0.0000000000
76879  -44.467  14.030  29.819 0.0000000000
117626  -44.020  14.476  30.233 0.0000000000
76869  -43.195  14.640  30.394 0.0000000000
77474  -43.812  15.985  30.883 0.0000000000
100516  -42.466  -0.183  29.969 0.0000000000
106149  -43.432  0.249  28.826 0.0000000000
67731  -42.504  0.650  29.608 0.0000000000
69814  -41.463  3.449  31.215 0.0000000000
69125  -42.087  2.800  30.087 0.0000000000
70495  -42.044  4.289  29.992 0.0000000000
70500  -42.527  4.718  29.328 0.0000000000
71190  -41.605  5.893  30.189 0.0000000000
75641  -49.313  12.310  36.865 0.0000000000
75068  -49.790  10.498  35.583 0.0000000000
75649  -47.734  11.994  34.772 0.0000000000
76251  -47.574  13.123  31.187 0.0000000000
75681  -48.622  11.618  30.946 0.0000000000
75689  -49.258  11.606  29.894 0.0000000000
75108  -50.228  10.496  28.584 0.0000000000
75697  -49.976  11.707  28.223 0.0000000000
75712  -50.040  11.847  26.877 0.0000000000
76286  -49.789  12.838  27.961 0.0000000000
78039  -49.688  16.305  28.238 0.0000000000
77487  -49.356  15.374  27.884 0.0000000000
78049  -49.196  16.627  27.494 0.0000000000
77486  -47.926  16.071  28.191 0.0000000000
78552  -48.038  17.527  27.079 0.0000000000
69198  -44.096  3.095  20.453 0.0000000000
71820  -38.057  6.790  36.722 0.0000000000
72469  -38.692  7.212  35.963 0.0000000000
72467  -39.235  7.756  37.693 0.0000000000
73804  -42.855  9.162  42.038 0.0000000000
73814  -41.520  8.779  39.348 0.0000000000
73816  -43.152  9.278  41.240 0.0000000000
74444  -43.026  10.335  38.095 0.0000000000
74435  -44.554  10.316  41.080 0.0000000000
114196  -44.409  12.670  38.454 0.0000000000
75609  -46.686  11.621  40.875 0.0000000000
76189  -48.308  12.181  41.001 0.0000000000
75618  -49.087  12.504  39.550 0.0000000000
98027  -48.475  13.638  39.175 0.0000000000
66071  -50.570  -1.542  27.218 0.0000000000
66059  -50.368  -1.296  28.081 0.0000000000
66947  -49.323  0.075  30.499 0.0000000000
66037  -48.317  -1.377  30.496 0.0000000000
66047  -48.454  -1.918  29.610 0.0000000000
100058  -47.153  -2.374  30.144 0.0000000000
104121  -44.962  -2.505  30.007 0.0000000000
65183  -45.726  -2.544  30.585 0.0000000000
111636  -42.196  -2.775  33.106 0.0000000000
66014  -42.136  -2.134  31.974 0.0000000000
66002  -41.223  -1.949  33.029 0.0000000000
68392  -42.900  1.218  38.920 0.0000000000
65962  -42.897  -1.130  38.206 0.0000000000
65970  -42.537  -1.945  37.689 0.0000000000
65105  -43.969  -2.268  37.221 0.0000000000
110575  -42.709  -2.555  37.187 0.0000000000
64362  -42.917  -3.231  36.109 0.0000000000
102333  -41.755  -2.844  36.635 0.0000000000
70465  -37.201  4.557  35.394 0.0000000000
69783  -36.545  3.479  35.611 0.0000000000
68533  -50.814  1.847  22.703 0.0000000000
68496  -44.669  1.860  27.468 0.0000000000
67758  -45.635  0.943  26.739 0.0000000000
69149  -45.052  2.614  27.060 0.0000000000
70527  -45.659  4.852  25.620 0.0000000000
69845  -46.564  3.649  25.373 0.0000000000
70534  -46.840  4.903  24.224 0.0000000000
70541  -48.582  4.899  22.679 0.0000000000
70540  -47.606  5.082  23.227 0.0000000000
71251  -47.862  5.096  21.679 0.0000000000
71240  -47.295  5.305  21.614 0.0000000000
71229  -43.087  6.421  22.559 0.0000000000
71237  -44.113  5.620  20.738 0.0000000000
71902  -43.347  6.249  20.160 0.0000000000
71258  -43.603  5.187  19.550 0.0000000000
71901  -42.646  7.261  19.909 0.0000000000
72472  -41.611  7.587  34.848 0.0000000000
71828  -42.025  5.834  34.318 0.0000000000
72475  -42.365  6.821  34.507 0.0000000000
103237  -44.292  7.954  33.777 0.0000000000
72479  -43.066  7.070  33.862 0.0000000000
73848  -42.598  9.024  32.148 0.0000000000
73196  -41.535  8.158  31.416 0.0000000000
73860  -42.251  9.284  31.288 0.0000000000
73853  -49.809  9.325  33.149 0.0000000000
97901  -47.562  8.941  32.637 0.0000000000
73873  -47.621  9.504  31.119 0.0000000000
74527  -44.945  11.048  27.656 0.0000000000
117506  -44.809  10.691  29.315 0.0000000000
97570  -43.531  10.863  28.697 0.0000000000
98857  -42.661  10.525  28.737 0.0000000000
74526  -42.225  10.628  27.327 0.0000000000
73907  -41.514  9.589  26.309 0.0000000000
74540  -42.120  10.806  26.448 0.0000000000
75162  -42.262  11.545  22.818 0.0000000000
74572  -42.166  10.932  22.303 0.0000000000
73928  -42.362  10.622  19.453 0.0000000000
73271  -42.172  8.657  19.387 0.0000000000
73933  -42.057  10.454  19.060 0.0000000000
72547  -40.820  8.455  20.535 0.0000000000
74575  -41.820  10.848  19.233 0.0000000000
76910  -42.250  14.638  21.169 0.0000000000
75749  -41.078  12.804  21.056 0.0000000000
75720  -47.244  12.472  26.189 0.0000000000
75735  -46.969  13.079  23.442 0.0000000000
111337  -45.331  12.667  26.370 0.0000000000
76292  -42.129  13.478  27.300 0.0000000000
76303  -42.996  13.481  25.819 0.0000000000
76301  -41.339  13.548  26.574 0.0000000000
76309  -39.352  13.558  25.433 0.0000000000
76299  -39.791  13.494  26.559 0.0000000000
76298  -38.762  13.318  26.279 0.0000000000
76290  -40.294  13.490  27.403 0.0000000000
76257  -40.654  14.167  30.271 0.0000000000
76265  -39.617  13.470  29.454 0.0000000000
116189  -39.388  13.512  30.068 0.0000000000
76255  -38.378  13.155  30.352 0.0000000000
103168  -41.428  1.053  31.413 0.0000000000
68464  -41.656  1.185  30.697 0.0000000000
104033  -41.393  2.180  32.125 0.0000000000
69808  -41.388  3.378  32.071 0.0000000000
70481  -41.412  4.021  32.494 0.0000000000
75648  -46.741  12.732  34.137 0.0000000000
76238  -46.105  13.954  33.254 0.0000000000
76857  -46.659  14.086  31.909 0.0000000000
76872  -48.150  14.578  30.587 0.0000000000
76873  -48.851  14.457  29.825 0.0000000000
114775  -48.654  15.385  30.161 0.0000000000
108983  -48.514  16.841  30.279 0.0000000000
69188  -45.634  3.098  22.080 0.0000000000
72456  -39.423  6.604  41.111 0.0000000000
73140  -40.425  7.350  40.608 0.0000000000
73129  -40.885  7.801  41.394 0.0000000000
66025  -46.569  -1.984  32.026 0.0000000000
65169  -45.313  -2.509  31.512 0.0000000000
65143  -45.411  -2.397  33.090 0.0000000000
98693  -43.794  -2.782  33.178 0.0000000000
64377  -42.773  -3.240  34.111 0.0000000000
67644  -41.015  0.313  38.941 0.0000000000
109570  -39.644  -0.392  38.634 0.0000000000
68411  -36.246  1.897  36.281 0.0000000000
69780  -35.579  3.166  36.861 0.0000000000
69089  -35.401  2.513  37.239 0.0000000000
69776  -35.011  3.488  38.868 0.0000000000
70508  -43.938  4.138  27.886 0.0000000000
69832  -44.841  3.330  27.170 0.0000000000
70515  -44.378  4.446  27.309 0.0000000000
70526  -45.109  4.975  26.150 0.0000000000
71218  -44.886  5.254  25.516 0.0000000000
98710  -45.140  5.412  23.865 0.0000000000
71224  -43.659  5.629  24.240 0.0000000000
117951  -42.737  6.309  24.465 0.0000000000
105189  -42.650  6.837  23.501 0.0000000000
73830  -42.759  9.458  35.535 0.0000000000
73170  -43.227  7.468  34.531 0.0000000000
73167  -44.330  8.382  34.703 0.0000000000
73172  -44.697  8.054  34.292 0.0000000000
73186  -44.693  8.518  33.313 0.0000000000
74505  -49.811  9.750  29.239 0.0000000000
74490  -48.119  9.617  30.316 0.0000000000
74517  -47.834  10.279  27.970 0.0000000000
74528  -45.866  10.808  27.477 0.0000000000
75128  -44.820  11.294  26.102 0.0000000000
75138  -43.303  11.430  25.349 0.0000000000
98118  -43.966  11.581  24.602 0.0000000000
75151  -43.517  12.124  23.517 0.0000000000
75742  -43.027  12.739  22.097 0.0000000000
75180  -42.178  12.454  20.045 0.0000000000
76339  -43.665  13.916  20.667 0.0000000000
76346  -44.674  14.577  20.656 0.0000000000
76912  -44.638  15.188  20.924 0.0000000000
76282  -45.976  13.104  28.663 0.0000000000
115341  -45.058  12.663  26.980 0.0000000000
76281  -44.976  12.878  28.464 0.0000000000
76280  -43.529  13.316  28.543 0.0000000000
76279  -42.600  13.461  28.342 0.0000000000
76277  -40.783  13.536  28.170 0.0000000000
76267  -42.097  13.727  29.115 0.0000000000
76258  -41.405  14.418  30.306 0.0000000000
76863  -40.919  14.754  30.813 0.0000000000
66056  -45.511  -1.516  28.354 0.0000000000
66980  -45.689  -0.354  27.334 0.0000000000
66966  -44.612  -0.312  28.171 0.0000000000
67739  -43.760  0.930  28.390 0.0000000000
68487  -44.045  1.912  28.087 0.0000000000
108413  -42.361  2.131  29.739 0.0000000000
69132  -42.588  2.853  29.443 0.0000000000
69825  -43.458  3.673  28.490 0.0000000000
70501  -42.987  4.269  28.884 0.0000000000
70506  -42.902  5.010  28.702 0.0000000000
71865  -41.987  6.366  28.733 0.0000000000
75063  -48.548  10.869  36.379 0.0000000000
74461  -48.203  9.714  35.123 0.0000000000
74459  -49.801  10.315  35.497 0.0000000000
73842  -50.007  9.795  34.364 0.0000000000
73854  -49.962  9.540  32.728 0.0000000000
75079  -48.150  11.238  33.250 0.0000000000
75080  -49.144  10.546  32.647 0.0000000000
74492  -50.161  9.923  30.588 0.0000000000
74506  -50.333  10.006  28.950 0.0000000000
74531  -50.122  10.462  27.068 0.0000000000
74558  -51.043  10.890  23.939 0.0000000000
98815  -49.399  11.763  22.949 0.0000000000
75723  -50.647  11.270  25.023 0.0000000000
75711  -49.644  12.304  26.652 0.0000000000
75703  -47.365  12.739  27.583 0.0000000000
110363  -49.640  14.966  28.425 0.0000000000
76285  -49.282  13.557  27.749 0.0000000000
117134  -46.885  12.976  28.264 0.0000000000
76881  -46.934  14.357  29.005 0.0000000000
77481  -47.038  15.397  29.017 0.0000000000
78036  -46.040  16.507  29.591 0.0000000000
71161  -38.573  5.036  34.718 0.0000000000
117878  -39.860  4.818  34.341 0.0000000000
101283  -39.042  6.730  35.250 0.0000000000
104113  -39.650  7.335  35.358 0.0000000000
73163  -40.883  8.342  35.502 0.0000000000
73151  -40.787  7.929  39.831 0.0000000000
73820  -40.951  9.138  37.664 0.0000000000
73825  -41.627  9.579  36.583 0.0000000000
74447  -42.687  10.237  36.554 0.0000000000
75047  -44.357  10.998  37.733 0.0000000000
75055  -45.077  11.311  37.005 0.0000000000
75016  -44.690  10.416  41.260 0.0000000000
75017  -45.364  10.920  41.008 0.0000000000
75030  -46.212  11.323  40.309 0.0000000000
109278  -47.033  11.583  37.870 0.0000000000
75632  -49.146  12.277  38.858 0.0000000000
75633  -49.290  12.305  38.372 0.0000000000
76220  -48.646  13.438  36.983 0.0000000000
66085  -49.242  -2.108  26.833 0.0000000000
65223  -48.267  -2.364  27.599 0.0000000000
67733  -49.862  0.435  29.914 0.0000000000
66960  -50.351  0.116  29.315 0.0000000000
66048  -49.279  -1.491  29.243 0.0000000000
65197  -48.058  -2.437  28.830 0.0000000000
65207  -46.582  -2.360  28.626 0.0000000000
66045  -45.015  -1.988  29.099 0.0000000000
65192  -43.610  -1.399  29.651 0.0000000000
66944  -42.558  -1.066  30.447 0.0000000000
65167  -43.670  -2.572  31.722 0.0000000000
66024  -42.485  -1.809  31.182 0.0000000000
66932  -41.510  -0.476  31.456 0.0000000000
67709  -40.776  0.492  32.563 0.0000000000
67656  -45.087  0.793  38.518 0.0000000000
67654  -42.614  0.448  38.684 0.0000000000
66871  -44.033  -0.090  38.375 0.0000000000
66872  -45.448  0.007  38.201 0.0000000000
65973  -45.312  -1.439  37.397 0.0000000000
65978  -45.631  -1.866  36.726 0.0000000000
65986  -45.845  -2.078  35.892 0.0000000000
65125  -44.450  -2.784  35.625 0.0000000000
64368  -42.567  -3.338  35.441 0.0000000000
65131  -40.672  -2.480  34.616 0.0000000000
70468  -38.304  4.085  34.571 0.0000000000
70466  -37.825  4.804  35.002 0.0000000000
71819  -37.471  6.097  36.149 0.0000000000
71816  -37.500  6.364  37.519 0.0000000000
71814  -38.358  6.197  39.824 0.0000000000
107149  -50.848  0.552  22.465 0.0000000000
109402  -50.415  1.765  22.491 0.0000000000
68542  -49.931  2.542  22.254 0.0000000000
66993  -46.146  0.138  26.691 0.0000000000
67768  -46.802  1.118  25.764 0.0000000000
69841  -46.069  3.095  25.983 0.0000000000
69160  -46.719  2.651  25.464 0.0000000000
69167  -48.562  2.650  24.245 0.0000000000
69853  -49.174  3.611  23.515 0.0000000000
70543  -50.110  4.453  22.018 0.0000000000
116651  -49.191  3.487  21.892 0.0000000000
69870  -48.689  4.145  21.759 0.0000000000
69879  -46.875  4.693  21.252 0.0000000000
69868  -45.565  4.264  20.755 0.0000000000
71239  -46.112  5.484  21.876 0.0000000000
70562  -44.860  4.837  20.140 0.0000000000
69890  -44.780  4.587  20.011 0.0000000000
70561  -43.972  4.709  19.436 0.0000000000
70560  -43.387  4.817  19.421 0.0000000000
71245  -42.329  5.957  19.736 0.0000000000
71163  -41.400  5.294  34.242 0.0000000000
100851  -41.550  4.871  33.803 0.0000000000
71172  -41.412  5.341  32.641 0.0000000000
71829  -42.635  6.555  34.224 0.0000000000
71832  -42.304  6.190  33.730 0.0000000000
104964  -41.282  6.034  31.918 0.0000000000
72498  -41.358  7.456  31.008 0.0000000000
72506  -41.393  7.784  30.068 0.0000000000
116410  -41.432  7.693  28.756 0.0000000000
73175  -47.626  8.833  33.993 0.0000000000
73188  -46.497  8.584  33.365 0.0000000000
73862  -44.624  9.753  31.720 0.0000000000
74489  -46.800  10.068  30.474 0.0000000000
103206  -44.921  10.387  30.667 0.0000000000
74474  -43.717  10.112  31.160 0.0000000000
74485  -42.550  10.060  30.078 0.0000000000
73891  -41.526  9.293  28.537 0.0000000000
73229  -41.458  8.390  27.596 0.0000000000
73237  -41.535  8.614  26.235 0.0000000000
72537  -41.989  8.331  23.997 0.0000000000
112741  -41.737  10.600  25.100 0.0000000000
73249  -42.141  9.332  22.677 0.0000000000
73257  -42.487  8.485  21.290 0.0000000000
72554  -42.297  8.259  19.594 0.0000000000
71906  -42.022  7.522  19.378 0.0000000000
102600  -41.674  11.310  19.720 0.0000000000
75736  -48.106  12.525  22.656 0.0000000000
76331  -45.678  14.565  22.340 0.0000000000
76900  -43.134  14.684  23.449 0.0000000000
76304  -43.923  13.222  25.802 0.0000000000
76313  -42.955  13.972  24.717 0.0000000000
111832  -41.368  14.427  23.819 0.0000000000
102061  -39.568  13.700  24.313 0.0000000000
76318  -38.723  13.215  24.540 0.0000000000
75136  -37.715  11.885  25.028 0.0000000000
110307  -39.475  13.365  28.459 0.0000000000
76264  -38.848  13.144  28.966 0.0000000000
78543  -45.594  17.387  29.516 0.0000000000
78536  -44.257  17.321  30.496 0.0000000000
77468  -43.235  16.627  31.148 0.0000000000
78023  -41.637  16.596  31.439 0.0000000000
78022  -41.011  16.034  31.418 0.0000000000
69792  -40.156  3.313  33.709 0.0000000000
69789  -40.036  4.173  34.081 0.0000000000
68541  -48.810  2.350  22.317 0.0000000000
66903  -47.716  -0.708  34.384 0.0000000000
65996  -47.181  -1.284  34.090 0.0000000000
65137  -46.075  -2.139  34.219 0.0000000000
65127  -45.985  -2.142  35.022 0.0000000000
67651  -35.075  0.596  38.730 0.0000000000
65222  -47.510  -2.052  27.364 0.0000000000
66083  -47.127  -1.324  26.849 0.0000000000
71870  -42.233  6.374  27.915 0.0000000000
71876  -42.310  6.472  27.096 0.0000000000
71875  -41.802  7.237  26.915 0.0000000000
75061  -45.535  11.181  36.106 0.0000000000
74456  -46.063  10.604  35.472 0.0000000000
74565  -49.657  10.692  23.780 0.0000000000
74555  -48.282  10.608  24.860 0.0000000000
75142  -48.652  11.098  23.399 0.0000000000
75154  -47.592  11.573  23.207 0.0000000000
75166  -48.449  12.251  22.042 0.0000000000
76870  -43.990  15.105  30.561 0.0000000000
67725  -41.997  0.492  30.274 0.0000000000
70494  -41.490  4.203  30.911 0.0000000000
71183  -41.535  5.015  30.607 0.0000000000
115043  -41.369  5.700  31.101 0.0000000000
75645  -48.504  12.183  35.774 0.0000000000
75644  -47.158  12.847  35.113 0.0000000000
75688  -48.413  12.712  30.419 0.0000000000
76272  -49.183  12.859  29.332 0.0000000000
75696  -49.552  12.022  28.946 0.0000000000
76273  -49.649  12.975  28.513 0.0000000000
78554  -49.536  16.797  27.818 0.0000000000
78046  -49.454  16.416  27.730 0.0000000000
78044  -48.541  16.784  27.502 0.0000000000
78048  -48.764  17.455  27.200 0.0000000000
69187  -44.411  2.673  21.608 0.0000000000
71817  -38.232  6.782  38.270 0.0000000000
72463  -38.827  7.282  38.300 0.0000000000
74417  -43.450  9.714  41.378 0.0000000000
74434  -43.892  9.766  40.861 0.0000000000
74418  -44.340  10.310  41.355 0.0000000000
115055  -47.288  13.323  39.428 0.0000000000
113294  -48.019  13.046  39.976 0.0000000000
66982  -51.271  -0.766  27.728 0.0000000000
66969  -50.881  -0.318  28.553 0.0000000000
66046  -47.808  -1.974  30.241 0.0000000000
65184  -46.611  -2.388  30.746 0.0000000000
65140  -41.618  -2.581  33.420 0.0000000000
65153  -41.835  -2.355  32.683 0.0000000000
116288  -40.617  -0.844  33.107 0.0000000000
66001  -40.576  -1.423  33.437 0.0000000000
115637  -41.987  1.228  39.486 0.0000000000
65961  -41.956  -1.221  38.256 0.0000000000
65104  -43.228  -2.304  37.343 0.0000000000
65103  -41.963  -2.554  37.227 0.0000000000
65102  -40.993  -2.507  37.058 0.0000000000
69095  -37.114  2.345  35.095 0.0000000000
69094  -36.413  2.676  35.739 0.0000000000
68519  -50.176  2.111  23.451 0.0000000000
114767  -46.102  5.030  24.874 0.0000000000
70528  -46.390  4.467  25.181 0.0000000000
71231  -46.804  5.309  22.931 0.0000000000
71896  -43.605  6.065  21.611 0.0000000000
71895  -43.013  6.841  20.948 0.0000000000
73169  -42.493  7.482  34.686 0.0000000000
73185  -43.474  8.528  33.042 0.0000000000
73861  -43.019  9.578  31.572 0.0000000000
73866  -49.734  9.387  31.743 0.0000000000
73865  -48.551  9.081  31.931 0.0000000000
75121  -44.394  11.255  26.993 0.0000000000
75114  -43.988  11.154  27.848 0.0000000000
74513  -42.945  10.979  27.855 0.0000000000
75119  -42.797  11.142  26.876 0.0000000000
102553  -42.362  11.638  20.570 0.0000000000
76903  -41.388  14.472  21.901 0.0000000000
76337  -41.085  13.692  21.458 0.0000000000
76898  -41.208  14.638  22.966 0.0000000000
75709  -46.797  12.550  27.129 0.0000000000
75719  -46.335  12.561  26.291 0.0000000000
75708  -45.766  12.589  27.286 0.0000000000
76302  -42.131  13.559  26.243 0.0000000000
101615  -40.456  13.586  26.023 0.0000000000
76300  -40.621  13.516  26.794 0.0000000000
76868  -40.181  14.435  30.865 0.0000000000
76256  -39.856  13.823  30.292 0.0000000000
69800  -41.352  3.354  32.886 0.0000000000
69109  -41.331  2.745  32.459 0.0000000000
76226  -45.991  14.142  34.004 0.0000000000
76838  -45.786  14.907  34.172 0.0000000000
77460  -46.369  15.668  31.939 0.0000000000
76856  -46.168  14.592  32.461 0.0000000000
108682  -46.856  14.808  31.648 0.0000000000
76865  -47.409  14.121  31.261 0.0000000000
108701  -47.650  15.027  30.971 0.0000000000
77470  -47.786  15.769  30.845 0.0000000000
78532  -47.214  17.372  31.211 0.0000000000
78545  -49.119  16.931  29.422 0.0000000000
69175  -47.390  2.371  22.664 0.0000000000
68530  -46.680  1.697  23.282 0.0000000000
72447  -39.371  6.720  41.215 0.0000000000
73128  -40.159  7.224  41.259 0.0000000000
66016  -46.895  -1.518  32.565 0.0000000000
66015  -46.403  -2.005  32.567 0.0000000000
65158  -45.816  -2.347  32.252 0.0000000000
102579  -46.041  -2.186  32.893 0.0000000000
100099  -44.956  -2.575  33.801 0.0000000000
111958  -44.283  -2.750  33.750 0.0000000000
65141  -42.891  -3.026  33.274 0.0000000000
114034  -43.600  -3.060  34.096 0.0000000000
67668  -36.848  0.300  37.490 0.0000000000
105142  -36.613  0.727  36.959 0.0000000000
68404  -36.215  1.317  36.885 0.0000000000
68410  -35.720  1.928  36.884 0.0000000000
112979  -35.432  1.938  37.288 0.0000000000
69088  -34.918  2.695  38.045 0.0000000000
70514  -43.840  4.858  27.659 0.0000000000
71205  -44.179  5.096  26.954 0.0000000000
71213  -44.461  5.204  26.207 0.0000000000
71225  -44.514  5.422  24.591 0.0000000000
71217  -43.860  5.454  25.350 0.0000000000
71216  -43.086  5.753  24.834 0.0000000000
71887  -42.413  6.974  24.574 0.0000000000
74453  -43.192  10.198  35.898 0.0000000000
73166  -43.547  8.277  34.836 0.0000000000
73831  -43.678  9.402  35.243 0.0000000000
73838  -46.096  8.814  34.505 0.0000000000
73178  -45.077  8.045  33.990 0.0000000000
73179  -46.032  8.309  33.890 0.0000000000
102207  -48.971  9.785  28.574 0.0000000000
75130  -46.866  10.833  25.461 0.0000000000
74541  -46.310  10.811  26.545 0.0000000000
75122  -45.351  11.099  26.788 0.0000000000
75139  -44.301  11.406  25.397 0.0000000000
99909  -45.353  11.331  25.149 0.0000000000
116234  -45.927  12.065  23.039 0.0000000000
75152  -44.854  11.781  23.847 0.0000000000
75164  -44.991  12.351  22.918 0.0000000000
75743  -44.074  12.685  22.516 0.0000000000
75751  -43.921  13.318  21.525 0.0000000000
75760  -46.804  14.346  20.989 0.0000000000
76347  -45.791  14.542  20.764 0.0000000000
76920  -46.299  14.753  20.948 0.0000000000
76913  -45.839  14.980  20.911 0.0000000000
76270  -45.034  13.481  29.252 0.0000000000
76269  -44.023  13.581  29.305 0.0000000000
76877  -42.670  14.088  29.816 0.0000000000
100586  -42.226  14.573  30.345 0.0000000000
76864  -41.699  15.000  30.813 0.0000000000
66055  -44.788  -1.087  28.514 0.0000000000
66967  -45.242  -0.723  27.918 0.0000000000
66957  -44.237  -0.641  28.648 0.0000000000
67732  -43.042  0.851  28.991 0.0000000000
68477  -43.289  1.864  28.733 0.0000000000
108696  -41.859  2.021  30.422 0.0000000000
69818  -42.344  3.511  29.729 0.0000000000
69133  -43.110  2.837  28.873 0.0000000000
69819  -42.855  3.548  29.124 0.0000000000
71191  -42.265  5.587  29.236 0.0000000000
75058  -49.255  11.394  37.033 0.0000000000
74450  -49.680  10.724  36.269 0.0000000000
75064  -49.820  10.750  36.057 0.0000000000
101962  -49.986  10.148  34.798 0.0000000000
74462  -50.016  10.099  34.875 0.0000000000
74464  -49.996  9.804  34.264 0.0000000000
73846  -49.963  9.626  33.668 0.0000000000
74467  -50.062  9.895  33.125 0.0000000000
75656  -46.814  12.561  33.346 0.0000000000
75657  -47.357  11.916  33.807 0.0000000000
75670  -47.286  12.124  32.830 0.0000000000
115075  -49.548  10.807  30.691 0.0000000000
75090  -49.284  10.700  31.563 0.0000000000
74491  -50.085  10.055  31.141 0.0000000000
73884  -50.191  9.910  29.908 0.0000000000
75099  -50.266  10.103  29.560 0.0000000000
75115  -50.246  10.951  27.588 0.0000000000
74519  -50.171  10.394  27.964 0.0000000000
99271  -50.506  10.768  25.976 0.0000000000
74545  -50.855  10.926  24.807 0.0000000000
75131  -50.749  10.968  25.322 0.0000000000
75143  -51.131  10.883  24.259 0.0000000000
75710  -48.120  12.512  26.564 0.0000000000
76284  -48.856  12.981  27.209 0.0000000000
108412  -49.506  15.087  29.221 0.0000000000
100403  -48.050  13.390  27.978 0.0000000000
76886  -47.807  14.094  28.413 0.0000000000
76283  -46.890  13.569  28.680 0.0000000000
77480  -46.325  15.747  29.524 0.0000000000
69186  -43.504  2.477  21.320 0.0000000000
69196  -42.875  3.307  20.607 0.0000000000
71159  -38.043  5.628  35.225 0.0000000000
71160  -38.981  5.909  34.853 0.0000000000
72470  -39.257  7.763  36.419 0.0000000000
73162  -39.998  8.169  35.851 0.0000000000
73160  -40.511  8.814  36.643 0.0000000000
73141  -41.009  7.691  41.245 0.0000000000
73150  -40.099  7.478  39.634 0.0000000000
102566  -42.406  9.167  39.836 0.0000000000
73824  -41.097  9.324  36.879 0.0000000000
74443  -42.189  10.033  37.302 0.0000000000
73826  -42.164  9.797  36.244 0.0000000000
99813  -44.000  10.491  39.030 0.0000000000
75048  -45.016  11.158  38.363 0.0000000000
75028  -43.667  11.338  40.030 0.0000000000
75607  -44.734  11.171  40.761 0.0000000000
109772  -44.891  10.703  41.168 0.0000000000
75608  -45.453  11.168  40.930 0.0000000000
75019  -47.582  11.795  41.030 0.0000000000
75018  -46.547  11.643  40.700 0.0000000000
75031  -47.308  11.686  40.631 0.0000000000
75050  -47.179  11.582  39.260 0.0000000000
75051  -48.644  11.893  38.532 0.0000000000
75617  -48.804  12.090  39.962 0.0000000000
76199  -48.973  13.375  39.145 0.0000000000
76209  -49.260  13.042  38.616 0.0000000000
76221  -49.243  12.675  37.730 0.0000000000
76831  -48.884  13.615  37.742 0.0000000000
66072  -51.502  -1.206  26.760 0.0000000000
66070  -49.761  -1.914  27.465 0.0000000000
65233  -48.658  -2.258  27.069 0.0000000000
65210  -48.961  -2.287  27.733 0.0000000000
66959  -49.618  -0.472  29.666 0.0000000000
66968  -50.031  -0.927  28.913 0.0000000000
65196  -47.623  -2.375  29.519 0.0000000000
98234  -47.196  -2.502  28.813 0.0000000000
65208  -47.736  -2.463  28.141 0.0000000000
65206  -45.925  -2.281  28.824 0.0000000000
105510  -44.300  -2.404  30.364 0.0000000000
65193  -44.246  -2.055  29.720 0.0000000000
66036  -43.104  -1.459  30.109 0.0000000000
66035  -42.948  -1.828  30.582 0.0000000000
65168  -44.474  -2.578  31.641 0.0000000000
66023  -41.818  -1.402  31.637 0.0000000000
66933  -42.033  -1.038  31.034 0.0000000000
66921  -41.067  -0.338  32.228 0.0000000000
65980  -47.191  -1.264  35.976 0.0000000000
68394  -44.560  1.544  38.800 0.0000000000
68395  -45.450  1.577  38.738 0.0000000000
67653  -41.826  0.358  38.783 0.0000000000
66869  -42.317  -0.375  38.496 0.0000000000
66870  -43.185  -0.273  38.442 0.0000000000
114027  -44.739  0.139  38.357 0.0000000000
66880  -44.816  -0.687  37.990 0.0000000000
66881  -45.755  -0.717  37.699 0.0000000000
65106  -44.835  -2.123  37.027 0.0000000000
65116  -45.068  -2.391  36.231 0.0000000000
65126  -45.225  -2.477  35.317 0.0000000000
64361  -42.137  -3.185  36.071 0.0000000000
64367  -41.843  -3.235  35.379 0.0000000000
117738  -41.667  -3.174  34.856 0.0000000000
65123  -41.209  -2.928  35.104 0.0000000000
69097  -37.790  2.363  34.493 0.0000000000
68423  -38.021  1.544  34.343 0.0000000000
69098  -38.463  2.224  34.036 0.0000000000
69787  -38.385  3.080  34.288 0.0000000000
114375  -37.587  4.118  34.954 0.0000000000
71157  -36.846  4.961  35.845 0.0000000000
71158  -37.368  5.283  35.579 0.0000000000
70461  -35.638  3.778  36.938 0.0000000000
70459  -35.691  4.311  37.543 0.0000000000
71143  -37.474  5.477  40.041 0.0000000000
115963  -37.983  5.831  40.016 0.0000000000
71807  -38.208  5.840  40.848 0.0000000000
71799  -38.744  6.236  41.113 0.0000000000
103649  -51.084  -0.246  22.433 0.0000000000
67805  -51.447  0.702  22.641 0.0000000000
69178  -50.481  2.640  22.513 0.0000000000
67804  -50.920  1.378  22.602 0.0000000000
68543  -50.548  2.284  22.613 0.0000000000
69191  -50.359  3.182  22.403 0.0000000000
66979  -45.038  0.048  27.601 0.0000000000
68504  -45.888  1.682  26.360 0.0000000000
67759  -46.281  0.988  26.246 0.0000000000
69839  -44.884  4.012  26.963 0.0000000000
69840  -45.410  3.425  26.579 0.0000000000
69846  -47.227  3.390  24.812 0.0000000000
69161  -47.545  2.566  24.785 0.0000000000
69852  -48.105  3.410  24.296 0.0000000000
70542  -49.535  4.907  22.005 0.0000000000
69860  -49.506  4.419  22.567 0.0000000000
69882  -49.814  4.642  22.041 0.0000000000
69190  -50.085  3.427  22.026 0.0000000000
69871  -49.743  4.227  21.928 0.0000000000
69881  -49.094  4.793  21.851 0.0000000000
70556  -47.434  5.049  21.443 0.0000000000
70555  -46.079  4.981  20.748 0.0000000000
98262  -45.009  5.466  22.687 0.0000000000
71248  -44.658  5.096  20.255 0.0000000000
114390  -44.306  4.719  19.640 0.0000000000
69889  -44.203  4.329  19.563 0.0000000000
71257  -42.911  5.712  19.534 0.0000000000
71246  -42.762  5.248  19.617 0.0000000000
71256  -42.315  6.755  19.594 0.0000000000
71826  -40.153  5.495  34.486 0.0000000000
70470  -40.751  4.701  34.183 0.0000000000
71164  -41.865  5.356  34.079 0.0000000000
71166  -41.817  5.373  33.739 0.0000000000
73171  -43.920  7.794  34.423 0.0000000000
71830  -43.276  7.304  34.267 0.0000000000
72481  -41.866  7.347  32.893 0.0000000000
71837  -41.494  6.696  32.520 0.0000000000
106583  -41.349  6.879  31.666 0.0000000000
73859  -41.642  8.870  30.844 0.0000000000
73206  -41.449  8.209  30.693 0.0000000000
72512  -41.358  8.204  29.215 0.0000000000
73840  -48.655  9.304  34.579 0.0000000000
111824  -47.012  8.705  33.015 0.0000000000
104368  -46.446  8.985  32.651 0.0000000000
73851  -45.302  9.093  32.647 0.0000000000
73863  -45.827  9.541  31.870 0.0000000000
74503  -47.185  10.171  29.713 0.0000000000
100023  -46.083  10.416  29.835 0.0000000000
74502  -45.029  10.537  29.939 0.0000000000
74487  -44.244  10.438  30.477 0.0000000000
74475  -44.526  10.262  31.071 0.0000000000
74486  -43.360  10.342  30.303 0.0000000000
73872  -42.770  9.876  30.841 0.0000000000
74511  -41.781  9.870  28.339 0.0000000000
103178  -42.118  10.122  28.763 0.0000000000
99979  -41.400  8.908  27.999 0.0000000000
97737  -41.511  8.090  26.938 0.0000000000
98744  -41.464  9.017  27.130 0.0000000000
106359  -41.543  9.065  25.492 0.0000000000
73243  -41.672  9.096  24.388 0.0000000000
75137  -42.496  11.308  24.992 0.0000000000
75149  -42.002  11.123  24.263 0.0000000000
73923  -42.378  10.428  21.154 0.0000000000
73917  -41.831  9.991  23.413 0.0000000000
73265  -42.362  9.111  19.814 0.0000000000
73270  -42.188  9.527  19.261 0.0000000000
107446  -41.784  7.669  19.533 0.0000000000
71900  -41.781  6.819  19.831 0.0000000000
72548  -41.182  7.487  20.534 0.0000000000
75179  -42.046  12.144  19.857 0.0000000000
75178  -41.865  12.231  19.927 0.0000000000
107592  -40.639  11.424  21.212 0.0000000000
98594  -48.630  12.279  23.647 0.0000000000
76315  -45.516  13.337  24.361 0.0000000000
76324  -46.243  13.755  22.847 0.0000000000
76323  -44.946  13.945  23.626 0.0000000000
76330  -44.424  14.715  22.901 0.0000000000
99365  -43.841  14.006  24.164 0.0000000000
75718  -44.457  12.834  26.680 0.0000000000
76312  -42.142  13.850  25.253 0.0000000000
76322  -42.137  14.296  24.246 0.0000000000
76320  -40.494  14.195  23.805 0.0000000000
75726  -38.187  12.535  24.693 0.0000000000
112103  -37.733  12.492  25.273 0.0000000000
75717  -37.745  12.796  26.063 0.0000000000
75707  -37.665  12.716  27.288 0.0000000000
99973  -41.189  13.643  28.972 0.0000000000
76276  -40.045  13.468  28.071 0.0000000000
76266  -40.329  13.531  28.881 0.0000000000
75700  -38.044  12.822  28.522 0.0000000000
109229  -43.428  17.456  30.868 0.0000000000
78029  -43.859  16.772  30.849 0.0000000000
78529  -42.020  17.383  31.413 0.0000000000
106395  -40.695  2.158  33.148 0.0000000000
69793  -41.015  3.378  33.382 0.0000000000
77451  -45.551  15.356  33.587 0.0000000000
114628  -45.695  16.207  32.580 0.0000000000
100977  -47.191  16.001  31.376 0.0000000000
78025  -46.798  16.566  31.558 0.0000000000
79058  -46.808  17.997  31.421 0.0000000000
73800  -38.656  8.694  40.285 0.0000000000
104568  -39.732  8.407  40.882 0.0000000000
66004  -47.070  -1.305  33.265 0.0000000000
65144  -46.059  -2.164  33.482 0.0000000000
67667  -36.210  0.799  37.475 0.0000000000
68391  -35.086  1.313  38.180 0.0000000000
107609  -48.588  -1.753  26.334 0.0000000000
101920  -47.673  -1.096  26.252 0.0000000000
105903  -43.117  5.645  25.659 0.0000000000
72524  -41.705  7.679  26.158 0.0000000000
73832  -44.558  9.459  35.082 0.0000000000
73833  -45.543  9.599  34.952 0.0000000000
74543  -48.879  10.318  25.915 0.0000000000
74530  -48.258  10.318  26.993 0.0000000000
75140  -46.450  11.225  24.703 0.0000000000
75165  -46.421  12.622  22.022 0.0000000000
75745  -47.576  13.121  21.554 0.0000000000
76333  -46.947  14.005  21.055 0.0000000000
102175  -45.280  14.102  29.744 0.0000000000
76878  -43.583  14.043  29.835 0.0000000000
101601  -43.302  15.361  30.759 0.0000000000
66955  -42.965  0.024  29.326 0.0000000000
69815  -41.816  3.505  30.439 0.0000000000
71184  -41.997  5.082  29.820 0.0000000000
75646  -49.832  11.232  36.500 0.0000000000
112737  -49.181  11.340  35.537 0.0000000000
75067  -48.758  11.049  34.494 0.0000000000
75680  -47.290  12.545  31.943 0.0000000000
114137  -47.882  12.315  31.285 0.0000000000
75107  -50.117  10.950  29.209 0.0000000000
75704  -50.050  11.859  27.422 0.0000000000
117952  -49.569  13.482  27.995 0.0000000000
78038  -49.591  16.300  29.013 0.0000000000
77483  -49.628  15.799  28.016 0.0000000000
77491  -49.387  16.054  27.748 0.0000000000
78045  -48.991  15.845  27.713 0.0000000000
76882  -48.026  15.026  28.295 0.0000000000
78043  -47.698  16.873  27.783 0.0000000000
69877  -43.945  3.601  19.771 0.0000000000
72466  -38.649  7.329  37.173 0.0000000000
73803  -42.398  8.774  41.984 0.0000000000
73815  -42.748  8.728  41.019 0.0000000000
73822  -42.765  9.652  39.250 0.0000000000
75616  -46.001  12.131  40.272 0.0000000000
111577  -47.816  11.949  41.181 0.0000000000
75610  -48.105  11.961  41.227 0.0000000000
98879  -48.534  12.202  40.758 0.0000000000
76198  -48.727  12.687  40.173 0.0000000000
108207  -46.984  -2.507  29.509 0.0000000000
65194  -45.763  -2.504  29.598 0.0000000000
65195  -46.462  -2.543  29.954 0.0000000000
65182  -44.805  -2.554  30.860 0.0000000000
65155  -43.335  -2.709  32.480 0.0000000000
65154  -42.529  -2.604  32.529 0.0000000000
66013  -41.555  -1.708  32.323 0.0000000000
66012  -41.013  -1.101  32.712 0.0000000000
65960  -41.035  -1.163  38.273 0.0000000000
65971  -43.509  -1.690  37.696 0.0000000000
65972  -44.417  -1.554  37.585 0.0000000000
65114  -43.338  -2.764  36.765 0.0000000000
65124  -43.704  -3.080  35.968 0.0000000000
65113  -42.471  -2.900  36.686 0.0000000000
65112  -41.241  -2.882  36.044 0.0000000000
67689  -37.664  0.952  34.838 0.0000000000
68422  -37.506  1.711  34.767 0.0000000000
109058  -37.051  3.813  35.266 0.0000000000
70464  -36.512  4.272  35.859 0.0000000000
68534  -51.157  1.211  22.691 0.0000000000
69177  -50.391  2.915  22.749 0.0000000000
67750  -44.955  0.929  27.339 0.0000000000
68497  -45.288  1.737  26.894 0.0000000000
69155  -45.634  2.471  26.480 0.0000000000
69844  -45.925  3.986  25.882 0.0000000000
69851  -47.062  4.183  24.691 0.0000000000
69859  -48.495  4.223  23.614 0.0000000000
70535  -47.699  4.605  23.842 0.0000000000
71233  -48.724  5.122  21.983 0.0000000000
71252  -48.474  5.078  21.859 0.0000000000
71241  -48.147  5.187  21.841 0.0000000000
108700  -43.599  5.835  23.083 0.0000000000
98304  -44.194  5.581  22.219 0.0000000000
71247  -43.775  5.440  19.818 0.0000000000
71824  -40.520  6.876  34.811 0.0000000000
72474  -41.632  6.657  34.606 0.0000000000
104007  -42.430  6.367  34.288 0.0000000000
73177  -43.733  7.595  33.861 0.0000000000
115988  -43.121  7.873  33.439 0.0000000000
73184  -42.384  8.149  32.794 0.0000000000
73183  -41.707  8.030  32.179 0.0000000000
73197  -41.890  8.659  31.797 0.0000000000
73871  -42.085  9.525  30.483 0.0000000000
73852  -48.761  8.990  32.922 0.0000000000
74515  -45.456  10.793  28.220 0.0000000000
111078  -45.543  10.649  29.077 0.0000000000
74514  -44.614  10.882  28.620 0.0000000000
74500  -43.045  10.492  29.490 0.0000000000
74512  -42.214  10.382  28.133 0.0000000000
74525  -41.803  10.153  27.694 0.0000000000
116032  -41.510  9.668  27.042 0.0000000000
74539  -41.657  10.199  26.951 0.0000000000
74553  -41.683  10.403  25.957 0.0000000000
103133  -42.457  10.004  20.789 0.0000000000
73264  -42.431  9.872  19.764 0.0000000000
73269  -41.444  9.567  19.584 0.0000000000
76344  -41.975  13.479  20.362 0.0000000000
112460  -41.776  12.924  20.215 0.0000000000
76338  -41.735  13.956  20.826 0.0000000000
75729  -47.317  12.522  24.846 0.0000000000
75728  -45.976  12.717  25.240 0.0000000000
75727  -44.840  12.972  25.573 0.0000000000
76293  -43.095  13.278  27.581 0.0000000000
112256  -42.774  13.376  26.744 0.0000000000
76311  -41.288  13.722  25.659 0.0000000000
76310  -40.316  13.952  24.977 0.0000000000
76289  -39.335  13.373  27.391 0.0000000000
112267  -40.405  13.728  29.654 0.0000000000
111279  -38.942  13.276  29.836 0.0000000000
98809  -39.059  13.605  30.613 0.0000000000
68453  -41.515  1.902  31.332 0.0000000000
69118  -41.439  2.737  31.671 0.0000000000
108636  -41.400  4.004  31.673 0.0000000000
76227  -46.473  13.550  34.552 0.0000000000
110261  -46.276  13.508  33.849 0.0000000000
76239  -46.439  13.194  33.301 0.0000000000
76848  -45.749  14.700  33.373 0.0000000000
76246  -46.442  13.669  32.543 0.0000000000
75679  -46.899  13.364  31.859 0.0000000000
76259  -48.187  13.796  30.548 0.0000000000
77477  -49.398  15.733  29.355 0.0000000000
78032  -48.340  16.166  30.447 0.0000000000
78033  -48.948  16.222  29.768 0.0000000000
78546  -49.515  16.897  28.471 0.0000000000
78553  -49.222  17.451  27.788 0.0000000000
72461  -39.852  6.967  40.406 0.0000000000
72448  -40.193  7.195  41.286 0.0000000000
73791  -40.494  7.920  41.414 0.0000000000
73792  -41.490  8.473  41.565 0.0000000000
73130  -41.668  8.418  41.565 0.0000000000
66026  -47.284  -1.387  31.865 0.0000000000
65170  -46.129  -2.386  31.412 0.0000000000
65157  -44.944  -2.535  32.329 0.0000000000
65142  -44.574  -2.602  33.091 0.0000000000
65133  -42.185  -3.089  33.771 0.0000000000
104884  -41.496  0.877  39.401 0.0000000000
67632  -40.578  0.505  39.723 0.0000000000
115969  -40.319  0.103  39.031 0.0000000000
66867  -40.573  -0.329  38.634 0.0000000000
65959  -40.156  -1.037  38.204 0.0000000000
69092  -35.837  2.599  36.491 0.0000000000
69778  -35.296  3.481  37.677 0.0000000000
69826  -44.002  3.443  27.990 0.0000000000
69831  -44.422  3.715  27.515 0.0000000000
70520  -44.781  4.711  26.704 0.0000000000
70533  -45.408  5.264  24.823 0.0000000000
71223  -43.079  6.058  23.850 0.0000000000
73165  -42.656  8.341  35.002 0.0000000000
72477  -44.099  7.755  34.205 0.0000000000
73850  -44.156  9.230  32.457 0.0000000000
73883  -49.473  9.555  30.142 0.0000000000
74504  -48.533  9.738  29.488 0.0000000000
98634  -47.497  10.230  28.907 0.0000000000
74516  -46.458  10.558  28.331 0.0000000000
74529  -46.941  10.567  27.291 0.0000000000
75127  -43.657  11.345  26.300 0.0000000000
99682  -43.097  11.570  24.538 0.0000000000
111765  -44.861  11.506  24.638 0.0000000000
75163  -42.493  12.184  22.394 0.0000000000
75174  -42.299  12.226  20.291 0.0000000000
75750  -42.817  13.077  21.078 0.0000000000
75758  -42.390  13.173  20.429 0.0000000000
75752  -45.428  13.964  20.929 0.0000000000
76345  -43.197  14.174  20.526 0.0000000000
76918  -42.985  14.611  20.587 0.0000000000
76911  -43.258  15.175  21.158 0.0000000000
76905  -42.847  15.061  22.407 0.0000000000
111614  -45.608  12.681  28.062 0.0000000000
75701  -44.954  12.678  27.584 0.0000000000
76294  -44.063  12.921  27.793 0.0000000000
104835  -44.321  13.195  28.761 0.0000000000
76278  -41.677  13.549  28.218 0.0000000000
116740  -41.574  13.837  29.377 0.0000000000
111810  -41.853  14.107  29.764 0.0000000000
108143  -41.131  13.930  29.662 0.0000000000
66068  -45.917  -1.152  27.678 0.0000000000
66965  -43.980  0.019  28.479 0.0000000000
67740  -44.436  0.472  27.956 0.0000000000
117038  -44.357  1.212  27.835 0.0000000000
69141  -43.735  2.769  28.325 0.0000000000
68465  -42.117  1.320  29.968 0.0000000000
113859  -42.792  2.244  29.213 0.0000000000
70507  -43.426  4.551  28.283 0.0000000000
71196  -42.607  5.689  28.371 0.0000000000
71864  -41.637  7.176  28.281 0.0000000000
75057  -47.623  11.472  37.022 0.0000000000
74457  -47.466  10.487  35.590 0.0000000000
74458  -49.250  10.225  35.806 0.0000000000
73835  -49.508  9.773  35.288 0.0000000000
73841  -49.898  9.706  34.727 0.0000000000
73845  -49.915  9.539  33.997 0.0000000000
108745  -49.924  9.464  32.360 0.0000000000
75089  -48.112  11.589  32.030 0.0000000000
74478  -50.105  10.088  32.101 0.0000000000
73867  -50.039  9.692  31.691 0.0000000000
73875  -49.980  9.690  30.886 0.0000000000
74518  -50.018  10.021  28.307 0.0000000000
101397  -49.556  10.264  26.691 0.0000000000
74544  -50.226  10.553  25.641 0.0000000000
74557  -50.505  10.776  24.327 0.0000000000
74566  -50.546  10.954  23.407 0.0000000000
75167  -49.144  11.853  22.479 0.0000000000
75156  -49.875  11.230  23.062 0.0000000000
75730  -50.186  11.349  24.025 0.0000000000
101468  -49.273  11.994  24.252 0.0000000000
100485  -50.319  11.495  26.036 0.0000000000
75722  -49.607  12.046  25.480 0.0000000000
76883  -49.547  14.078  29.017 0.0000000000
76888  -49.518  13.865  28.327 0.0000000000
76887  -49.329  14.389  28.093 0.0000000000
76880  -46.006  14.749  29.685 0.0000000000
77476  -45.564  15.618  30.074 0.0000000000
70469  -39.185  4.499  34.397 0.0000000000
71162  -39.305  5.172  34.545 0.0000000000
71823  -39.854  6.456  34.809 0.0000000000
72471  -40.646  7.572  35.137 0.0000000000
72464  -39.456  7.382  38.988 0.0000000000
73156  -39.889  8.008  38.484 0.0000000000
73157  -40.461  8.621  38.116 0.0000000000
73828  -41.209  9.045  35.931 0.0000000000
73829  -41.942  9.204  35.649 0.0000000000
74448  -43.501  10.667  36.880 0.0000000000
74449  -44.350  10.941  36.441 0.0000000000
114023  -44.894  11.096  36.229 0.0000000000
75056  -46.173  11.422  36.912 0.0000000000
74419  -44.792  10.448  41.356 0.0000000000
74436  -44.983  10.596  40.993 0.0000000000
74420  -45.435  10.853  41.053 0.0000000000
75029  -45.399  10.843  40.022 0.0000000000
75049  -45.911  11.393  38.369 0.0000000000
75052  -49.389  11.955  37.750 0.0000000000
75642  -49.520  11.883  37.371 0.0000000000
76830  -48.540  14.595  37.159 0.0000000000
102914  -49.918  -1.877  26.702 0.0000000000
65232  -48.164  -2.122  26.980 0.0000000000
65209  -48.808  -2.186  28.669 0.0000000000
113461  -48.383  -2.406  28.210 0.0000000000
65221  -46.969  -2.321  28.059 0.0000000000
66057  -46.253  -1.876  28.167 0.0000000000
66044  -44.240  -1.300  29.099 0.0000000000
66945  -43.017  -0.785  29.730 0.0000000000
66943  -41.960  -0.320  30.654 0.0000000000
100444  -43.990  -2.525  30.981 0.0000000000
65166  -42.872  -2.454  31.788 0.0000000000
65180  -43.209  -2.329  31.044 0.0000000000
67718  -41.254  0.417  31.820 0.0000000000
68438  -40.733  1.421  32.835 0.0000000000
69099  -39.158  2.796  33.835 0.0000000000
65987  -46.554  -1.688  35.493 0.0000000000
68396  -46.342  1.669  38.715 0.0000000000
67657  -46.069  0.710  38.384 0.0000000000
67645  -42.183  0.992  39.062 0.0000000000
67655  -43.421  0.597  38.619 0.0000000000
110381  -44.232  0.745  38.574 0.0000000000
66873  -46.135  -0.118  37.989 0.0000000000
66882  -46.566  -0.638  37.513 0.0000000000
65974  -46.167  -1.318  37.156 0.0000000000
65979  -46.413  -1.575  36.376 0.0000000000
65134  -43.787  -3.167  35.106 0.0000000000
64369  -43.227  -3.298  35.498 0.0000000000
64373  -43.035  -3.347  34.820 0.0000000000
64372  -42.218  -3.305  34.664 0.0000000000
65132  -41.479  -2.871  34.297 0.0000000000
65101  -39.993  -2.097  37.108 0.0000000000
65111  -40.296  -2.438  36.350 0.0000000000
65121  -39.815  -2.285  35.722 0.0000000000
65985  -39.271  -1.845  35.400 0.0000000000
65130  -39.909  -2.204  34.959 0.0000000000
65994  -40.207  -1.908  34.188 0.0000000000
69781  -35.987  3.483  36.231 0.0000000000
70462  -36.010  4.313  36.679 0.0000000000
71149  -37.049  5.854  38.332 0.0000000000
71813  -37.703  6.174  38.931 0.0000000000
71808  -38.802  6.193  40.796 0.0000000000
71798  -38.065  5.870  41.093 0.0000000000
72446  -38.273  6.541  41.146 0.0000000000
73127  -38.553  7.523  40.872 0.0000000000
67803  -50.019  0.727  22.438 0.0000000000
107038  -49.444  1.464  22.443 0.0000000000
66981  -46.397  -0.784  27.077 0.0000000000
67760  -46.828  0.377  26.042 0.0000000000
69168  -49.692  2.851  23.491 0.0000000000
69176  -50.295  3.842  22.460 0.0000000000
69872  -50.122  3.954  22.344 0.0000000000
112739  -48.077  3.240  22.210 0.0000000000
70557  -48.387  5.036  21.782 0.0000000000
69869  -47.490  4.058  21.828 0.0000000000
116750  -46.469  3.910  21.617 0.0000000000
71230  -45.809  5.440  23.125 0.0000000000
71249  -46.017  5.158  20.815 0.0000000000
71238  -45.076  5.408  21.234 0.0000000000
69878  -44.539  3.883  19.992 0.0000000000
69888  -43.776  4.185  19.473 0.0000000000
69887  -43.245  3.989  19.770 0.0000000000
70554  -42.702  4.350  20.153 0.0000000000
70471  -41.430  4.726  33.936 0.0000000000
98943  -41.466  4.673  33.028 0.0000000000
72476  -42.749  6.840  34.335 0.0000000000
114726  -41.518  5.925  32.910 0.0000000000
104085  -41.339  6.509  31.008 0.0000000000
71859  -41.439  6.892  30.166 0.0000000000
102702  -41.486  7.215  29.236 0.0000000000
73839  -47.254  9.122  34.448 0.0000000000
73174  -46.523  8.507  34.115 0.0000000000
73181  -47.613  8.783  33.424 0.0000000000
73180  -46.814  8.532  33.828 0.0000000000
73187  -45.639  8.478  33.446 0.0000000000
74477  -46.345  9.860  31.185 0.0000000000
74488  -45.700  10.305  30.565 0.0000000000
74476  -45.283  10.130  31.194 0.0000000000
99531  -43.743  9.624  31.794 0.0000000000
73881  -41.649  9.251  29.967 0.0000000000
74499  -42.330  10.123  29.364 0.0000000000
74498  -41.789  9.624  29.168 0.0000000000
99256  -41.442  8.984  29.293 0.0000000000
73221  -41.400  8.739  28.683 0.0000000000
98770  -41.417  8.133  28.302 0.0000000000
72518  -41.571  7.652  27.588 0.0000000000
72538  -42.305  7.619  23.798 0.0000000000
114609  -42.459  7.694  22.772 0.0000000000
75126  -42.642  11.229  25.963 0.0000000000
74554  -42.017  10.989  25.521 0.0000000000
74564  -41.780  10.483  24.172 0.0000000000
72543  -42.294  8.402  22.798 0.0000000000
72549  -42.607  7.906  20.409 0.0000000000
71907  -42.167  7.630  19.498 0.0000000000
72559  -42.151  8.293  19.249 0.0000000000
75173  -42.058  11.818  19.829 0.0000000000
75172  -41.198  12.066  20.570 0.0000000000
74571  -40.911  10.924  20.152 0.0000000000
75737  -48.996  12.156  22.164 0.0000000000
76325  -47.549  13.356  21.747 0.0000000000
76332  -46.678  14.236  21.438 0.0000000000
76907  -45.182  15.045  21.583 0.0000000000
76906  -43.900  15.164  21.987 0.0000000000
111611  -43.592  13.579  25.111 0.0000000000
76899  -42.064  14.772  23.246 0.0000000000
76319  -39.124  13.218  23.846 0.0000000000
75734  -38.758  12.644  24.012 0.0000000000
75147  -38.489  11.965  24.319 0.0000000000
75135  -37.112  12.104  25.550 0.0000000000
76275  -38.615  13.141  27.947 0.0000000000
75687  -37.840  12.809  30.035 0.0000000000
79088  -48.725  18.098  27.467 0.0000000000
78551  -47.084  17.540  27.714 0.0000000000
78544  -46.409  17.225  28.915 0.0000000000
78031  -45.257  16.491  30.184 0.0000000000
78542  -44.772  17.824  29.831 0.0000000000
78537  -44.915  17.134  30.224 0.0000000000
78030  -44.470  16.558  30.568 0.0000000000
77467  -42.920  15.906  31.134 0.0000000000
78530  -42.760  17.185  31.272 0.0000000000
78024  -42.430  16.577  31.339 0.0000000000
77466  -41.940  15.793  31.237 0.0000000000
108145  -41.191  15.358  31.144 0.0000000000
69197  -43.442  2.997  20.417 0.0000000000
69784  -36.924  3.120  35.251 0.0000000000
69880  -48.025  4.756  21.683 0.0000000000
71232  -47.957  5.311  22.292 0.0000000000
72558  -42.106  8.093  19.269 0.0000000000
72562  -42.053  7.811  19.266 0.0000000000
73273  -42.144  8.286  19.267 0.0000000000
73882  -42.022  9.734  29.831 0.0000000000
74532  -50.295  10.683  27.011 0.0000000000
75010  -47.528  11.817  40.975 0.0000000000
75155  -49.625  11.397  22.846 0.0000000000
75604  -47.920  11.903  41.289 0.0000000000
75754  -46.953  13.907  21.087 0.0000000000
75759  -46.556  14.146  20.946 0.0000000000
75763  -42.338  13.365  20.417 0.0000000000
76329  -40.589  14.183  22.620 0.0000000000
76348  -46.552  14.492  20.931 0.0000000000
76349  -46.649  14.564  20.977 0.0000000000
76353  -42.514  13.999  20.500 0.0000000000
76908  -46.264  14.775  21.204 0.0000000000
76914  -46.541  14.656  20.990 0.0000000000
76917  -42.291  14.162  20.616 0.0000000000
76919  -45.321  14.965  20.755 0.0000000000
99823  -44.042  14.957  20.582 0.0000000000
101640  -48.210  11.797  40.112 0.0000000000
112446  -50.802  10.919  23.607 0.0000000000
113733  -48.932  12.133  22.191 0.0000000000
114286  -49.412  8.870  32.484 0.0000000000
116601  -39.817  6.904  41.262 0.0000000000
117884  -45.975  8.717  33.027 0.0000000000
