#!ascii label  , from subject sub-v1s18x0051272_ses-1 vox2ras=TkReg
1040
40762  17.342  -26.442  60.405 0.0000000000
48152  29.083  -17.463  69.115 0.0000000000
57335  32.676  -8.871  46.096 0.0000000000
50309  24.057  -16.249  53.575 0.0000000000
50230  30.142  -16.488  60.255 0.0000000000
63424  44.475  -1.571  38.596 0.0000000000
111932  33.438  -12.069  48.212 0.0000000000
52150  28.805  -13.912  47.694 0.0000000000
38955  12.911  -27.876  60.356 0.0000000000
108724  22.535  -21.328  64.480 0.0000000000
49256  25.020  -17.602  63.095 0.0000000000
114937  19.471  -24.478  58.104 0.0000000000
60073  38.689  -5.259  42.450 0.0000000000
42637  21.303  -24.177  65.451 0.0000000000
39840  16.170  -27.747  64.634 0.0000000000
59165  38.214  -6.348  45.901 0.0000000000
37071  11.192  -29.225  64.862 0.0000000000
35277  7.057  -31.734  64.732 0.0000000000
103425  27.812  -13.383  52.714 0.0000000000
50263  26.867  -16.206  57.157 0.0000000000
45447  28.688  -21.428  56.040 0.0000000000
98598  26.132  -20.833  59.924 0.0000000000
53065  33.032  -13.431  49.417 0.0000000000
53088  31.244  -13.207  48.094 0.0000000000
53051  30.749  -13.503  49.809 0.0000000000
54811  35.806  -11.944  49.179 0.0000000000
39905  16.652  -27.541  58.439 0.0000000000
39009  13.570  -28.767  57.714 0.0000000000
39879  15.127  -27.111  60.459 0.0000000000
43609  20.766  -24.452  61.940 0.0000000000
44506  20.813  -22.668  60.955 0.0000000000
40777  19.223  -26.371  58.933 0.0000000000
39920  18.454  -27.630  57.251 0.0000000000
58277  32.564  -7.634  44.261 0.0000000000
57328  35.507  -8.658  47.605 0.0000000000
58269  35.317  -7.226  45.774 0.0000000000
59175  35.359  -6.439  44.150 0.0000000000
37939  15.825  -29.124  66.839 0.0000000000
37970  14.607  -29.200  64.781 0.0000000000
37036  13.932  -29.565  66.541 0.0000000000
36984  8.540  -29.785  69.969 0.0000000000
98415  8.648  -30.283  66.687 0.0000000000
35262  6.267  -31.986  66.998 0.0000000000
34486  5.007  -33.898  67.023 0.0000000000
34473  4.984  -33.007  70.183 0.0000000000
52028  26.856  -13.616  60.528 0.0000000000
51124  28.213  -15.963  58.900 0.0000000000
48335  28.074  -18.247  56.145 0.0000000000
48326  29.695  -18.814  57.821 0.0000000000
48306  21.393  -18.149  59.137 0.0000000000
47262  25.957  -19.375  61.184 0.0000000000
98444  23.355  -19.165  57.714 0.0000000000
46384  24.390  -20.496  56.452 0.0000000000
52099  25.082  -13.962  52.606 0.0000000000
104752  25.396  -14.493  50.137 0.0000000000
51213  23.688  -15.938  50.508 0.0000000000
98640  47.283  -2.129  36.942 0.0000000000
62640  44.416  -2.272  36.128 0.0000000000
55633  32.841  -10.091  46.937 0.0000000000
54836  30.487  -11.342  46.408 0.0000000000
56462  35.566  -10.135  48.466 0.0000000000
48185  25.347  -17.984  68.199 0.0000000000
48204  27.634  -17.668  66.537 0.0000000000
48239  22.829  -18.065  64.753 0.0000000000
46324  20.144  -20.173  60.661 0.0000000000
44542  19.238  -22.408  57.390 0.0000000000
60049  41.080  -5.182  43.882 0.0000000000
112239  41.270  -4.409  41.899 0.0000000000
102176  41.515  -3.587  40.538 0.0000000000
61771  41.185  -3.136  37.976 0.0000000000
110164  19.484  -25.259  62.731 0.0000000000
40740  16.046  -26.465  62.553 0.0000000000
41654  18.766  -25.385  65.242 0.0000000000
43595  21.899  -23.261  64.388 0.0000000000
60063  38.405  -5.709  43.803 0.0000000000
38916  14.647  -27.905  63.053 0.0000000000
38004  12.144  -28.459  62.817 0.0000000000
37097  9.729  -29.851  62.558 0.0000000000
99846  11.010  -29.441  66.936 0.0000000000
37073  9.287  -30.051  64.719 0.0000000000
33704  3.093  -35.187  71.913 0.0000000000
53016  30.480  -13.288  52.290 0.0000000000
52983  24.828  -13.502  55.700 0.0000000000
52972  25.419  -13.498  58.229 0.0000000000
50290  25.321  -16.427  55.411 0.0000000000
48359  27.143  -18.364  54.159 0.0000000000
46415  28.376  -21.152  53.818 0.0000000000
44595  26.794  -22.881  53.226 0.0000000000
115910  28.046  -18.416  64.125 0.0000000000
47244  29.191  -19.220  62.199 0.0000000000
106984  29.946  -20.004  59.708 0.0000000000
106059  27.134  -22.036  58.065 0.0000000000
45470  25.221  -21.773  54.628 0.0000000000
53069  28.155  -13.769  49.801 0.0000000000
52152  27.057  -14.854  47.559 0.0000000000
53048  33.479  -13.458  50.197 0.0000000000
53066  31.979  -13.494  49.385 0.0000000000
53050  31.650  -13.491  50.467 0.0000000000
53047  34.370  -13.411  50.169 0.0000000000
39890  17.256  -27.299  59.071 0.0000000000
39906  15.696  -27.499  58.678 0.0000000000
39878  15.842  -26.788  60.315 0.0000000000
41693  19.598  -25.453  61.034 0.0000000000
41705  19.621  -25.601  60.140 0.0000000000
40761  18.321  -26.308  60.066 0.0000000000
40791  18.251  -27.275  58.829 0.0000000000
58272  32.853  -7.850  44.988 0.0000000000
57333  34.332  -8.462  46.671 0.0000000000
58266  35.522  -7.581  46.512 0.0000000000
57340  33.970  -7.986  45.998 0.0000000000
58275  34.107  -7.057  44.701 0.0000000000
36071  7.010  -30.731  69.054 0.0000000000
36079  7.261  -30.822  68.172 0.0000000000
36080  6.482  -31.353  68.450 0.0000000000
35256  5.822  -32.484  67.276 0.0000000000
35249  5.538  -32.657  67.875 0.0000000000
115717  5.206  -32.932  68.444 0.0000000000
52026  28.550  -14.821  60.695 0.0000000000
50237  29.593  -16.388  59.631 0.0000000000
49299  29.244  -17.333  58.263 0.0000000000
49298  29.960  -17.651  58.694 0.0000000000
48164  29.427  -17.408  68.121 0.0000000000
47322  20.217  -19.175  57.306 0.0000000000
48316  22.922  -18.555  58.319 0.0000000000
47340  21.296  -19.130  56.197 0.0000000000
47355  21.708  -19.395  55.570 0.0000000000
52093  24.245  -14.571  53.302 0.0000000000
51190  23.878  -15.299  51.819 0.0000000000
62608  44.232  -1.788  39.470 0.0000000000
63417  45.208  -1.575  39.323 0.0000000000
63416  45.977  -1.477  38.832 0.0000000000
63434  45.560  -1.571  37.436 0.0000000000
63435  44.699  -1.584  37.639 0.0000000000
113534  33.625  -10.884  47.761 0.0000000000
55634  32.162  -10.434  46.809 0.0000000000
109981  32.630  -11.562  47.610 0.0000000000
53083  29.982  -13.597  48.215 0.0000000000
53975  29.755  -12.956  47.139 0.0000000000
53091  28.784  -13.769  47.050 0.0000000000
53961  34.620  -12.392  48.784 0.0000000000
55614  34.921  -10.845  48.376 0.0000000000
54825  34.255  -10.519  47.936 0.0000000000
38992  13.261  -28.292  58.696 0.0000000000
38978  11.560  -28.787  59.982 0.0000000000
48187  23.694  -18.982  67.429 0.0000000000
49190  23.673  -17.853  66.100 0.0000000000
47221  22.513  -19.614  64.615 0.0000000000
43641  19.747  -23.354  58.965 0.0000000000
46311  20.623  -20.875  61.268 0.0000000000
44530  19.590  -22.380  58.823 0.0000000000
45382  19.469  -21.390  58.727 0.0000000000
106799  19.174  -24.301  57.341 0.0000000000
105574  18.978  -25.231  56.958 0.0000000000
48393  26.368  -18.972  52.628 0.0000000000
60071  39.500  -5.393  43.013 0.0000000000
60061  41.041  -4.983  43.105 0.0000000000
60072  39.492  -4.907  42.005 0.0000000000
61762  40.055  -3.992  40.458 0.0000000000
61773  39.795  -3.891  38.606 0.0000000000
61767  41.134  -3.165  38.897 0.0000000000
41671  20.149  -24.769  63.907 0.0000000000
41664  18.686  -25.207  64.279 0.0000000000
41652  20.213  -24.766  65.785 0.0000000000
42647  21.484  -23.919  64.842 0.0000000000
42662  20.679  -24.496  63.394 0.0000000000
60051  39.584  -5.620  44.719 0.0000000000
60053  38.219  -5.941  44.463 0.0000000000
59193  35.445  -6.097  42.746 0.0000000000
40732  16.161  -26.816  63.495 0.0000000000
104385  15.662  -27.127  63.006 0.0000000000
38899  15.266  -28.280  63.834 0.0000000000
37972  12.931  -29.164  64.529 0.0000000000
38003  13.138  -28.468  63.265 0.0000000000
37989  11.410  -28.691  63.466 0.0000000000
38005  11.059  -28.694  62.338 0.0000000000
37974  10.705  -28.993  64.094 0.0000000000
37001  10.822  -29.539  68.438 0.0000000000
36105  7.433  -31.276  65.540 0.0000000000
37040  8.576  -30.426  65.894 0.0000000000
36104  7.793  -31.061  64.875 0.0000000000
36127  8.153  -31.087  63.487 0.0000000000
52982  25.652  -13.071  55.311 0.0000000000
51111  26.411  -14.748  58.791 0.0000000000
52042  25.875  -13.740  59.222 0.0000000000
51126  25.728  -14.427  58.331 0.0000000000
51143  24.867  -15.095  56.601 0.0000000000
51142  25.869  -15.726  56.953 0.0000000000
49341  26.012  -17.113  55.020 0.0000000000
49322  27.120  -17.147  56.054 0.0000000000
47353  28.667  -19.631  55.810 0.0000000000
47354  28.409  -19.733  55.011 0.0000000000
119071  28.479  -21.590  54.609 0.0000000000
44584  27.437  -22.628  53.747 0.0000000000
45469  27.206  -22.702  54.637 0.0000000000
48238  25.904  -17.601  64.346 0.0000000000
48236  27.731  -18.173  64.858 0.0000000000
111535  26.647  -18.051  63.935 0.0000000000
112256  26.085  -20.355  60.323 0.0000000000
109323  27.138  -19.539  61.486 0.0000000000
46308  27.969  -20.475  60.675 0.0000000000
47258  29.583  -19.414  61.335 0.0000000000
46319  28.431  -20.946  59.927 0.0000000000
45378  28.466  -21.499  58.611 0.0000000000
45395  27.137  -21.912  58.731 0.0000000000
46416  23.511  -20.716  54.183 0.0000000000
45452  24.559  -21.141  55.103 0.0000000000
53018  28.781  -13.361  52.491 0.0000000000
53052  29.352  -13.492  51.139 0.0000000000
53054  27.934  -13.535  51.358 0.0000000000
51223  25.036  -15.146  48.932 0.0000000000
52142  25.849  -14.859  48.693 0.0000000000
62637  47.631  -2.421  36.118 0.0000000000
53962  33.107  -12.679  48.412 0.0000000000
53963  32.387  -12.720  48.197 0.0000000000
53081  31.886  -13.223  48.514 0.0000000000
53082  31.195  -13.447  48.783 0.0000000000
53067  29.700  -13.666  48.980 0.0000000000
53061  36.322  -13.173  49.973 0.0000000000
53954  35.028  -12.828  49.327 0.0000000000
38990  14.988  -27.826  57.981 0.0000000000
38974  14.802  -27.553  58.978 0.0000000000
38954  13.806  -27.567  60.299 0.0000000000
106089  21.690  -23.055  62.626 0.0000000000
45347  21.642  -21.585  62.382 0.0000000000
100447  21.113  -23.246  61.447 0.0000000000
42708  19.904  -25.060  59.841 0.0000000000
41731  19.389  -25.782  58.436 0.0000000000
114571  19.046  -26.605  57.558 0.0000000000
39903  18.471  -27.509  58.077 0.0000000000
39922  16.930  -27.848  57.584 0.0000000000
60078  36.900  -5.178  41.073 0.0000000000
41643  21.104  -24.766  67.038 0.0000000000
58254  36.521  -7.659  47.339 0.0000000000
58265  36.241  -7.359  46.700 0.0000000000
59162  36.713  -6.815  46.063 0.0000000000
105726  36.942  -6.442  45.088 0.0000000000
59168  35.108  -6.760  44.914 0.0000000000
59177  33.654  -6.908  43.784 0.0000000000
38864  16.025  -28.556  65.581 0.0000000000
38881  15.467  -28.692  64.561 0.0000000000
37953  15.219  -29.257  65.699 0.0000000000
37955  14.093  -29.436  65.309 0.0000000000
37055  12.639  -29.450  65.579 0.0000000000
37002  9.629  -29.663  68.107 0.0000000000
37003  8.690  -29.854  68.373 0.0000000000
36087  7.456  -30.902  67.314 0.0000000000
36106  7.095  -31.483  66.073 0.0000000000
35270  5.938  -32.900  65.690 0.0000000000
51095  27.922  -15.039  59.968 0.0000000000
50250  27.916  -16.263  58.191 0.0000000000
50274  27.442  -16.859  56.739 0.0000000000
50261  28.510  -16.964  57.796 0.0000000000
48327  29.203  -19.008  57.016 0.0000000000
47318  29.375  -20.091  56.994 0.0000000000
99070  23.439  -17.759  61.015 0.0000000000
48270  25.748  -18.326  62.454 0.0000000000
48291  24.330  -18.501  60.541 0.0000000000
47288  24.430  -19.373  59.210 0.0000000000
47301  24.669  -19.898  58.580 0.0000000000
46349  25.664  -21.047  58.421 0.0000000000
46385  23.805  -20.065  56.491 0.0000000000
109798  23.079  -20.087  55.317 0.0000000000
52106  26.044  -13.670  52.141 0.0000000000
98603  26.198  -13.776  51.356 0.0000000000
52107  25.318  -14.085  51.738 0.0000000000
51212  24.233  -15.382  50.107 0.0000000000
62628  47.139  -1.736  37.791 0.0000000000
113543  45.715  -1.748  36.703 0.0000000000
56489  33.157  -9.430  46.728 0.0000000000
56499  31.655  -9.101  45.684 0.0000000000
55635  31.435  -9.979  46.190 0.0000000000
53973  31.211  -12.629  47.576 0.0000000000
53985  29.452  -12.599  46.437 0.0000000000
54810  37.351  -11.504  49.765 0.0000000000
55604  36.837  -10.515  49.346 0.0000000000
56460  36.571  -9.046  48.600 0.0000000000
56474  35.156  -9.452  47.911 0.0000000000
56488  33.954  -9.220  47.030 0.0000000000
102718  27.799  -17.735  69.193 0.0000000000
99544  28.561  -17.593  67.331 0.0000000000
49168  26.881  -17.547  67.450 0.0000000000
49204  25.183  -17.252  65.730 0.0000000000
49244  23.359  -17.382  63.426 0.0000000000
46297  21.516  -19.941  62.760 0.0000000000
48259  21.717  -18.702  62.917 0.0000000000
49259  22.695  -17.579  62.408 0.0000000000
48293  20.986  -18.233  59.996 0.0000000000
111138  19.439  -20.304  57.520 0.0000000000
45435  19.229  -21.298  56.314 0.0000000000
60887  42.003  -4.135  41.956 0.0000000000
98384  39.834  -4.380  41.139 0.0000000000
60893  40.781  -4.099  41.077 0.0000000000
101539  42.212  -3.694  41.241 0.0000000000
61760  42.389  -3.211  40.458 0.0000000000
62610  42.533  -2.603  39.642 0.0000000000
62617  42.321  -2.255  38.060 0.0000000000
62631  42.470  -2.358  37.268 0.0000000000
41695  17.904  -25.540  61.736 0.0000000000
40749  17.100  -25.821  61.608 0.0000000000
41683  17.399  -25.568  62.303 0.0000000000
40731  16.889  -25.935  63.722 0.0000000000
40724  17.132  -26.305  65.186 0.0000000000
41645  19.671  -25.309  66.423 0.0000000000
107199  17.181  -26.887  65.952 0.0000000000
38849  16.873  -28.153  66.955 0.0000000000
48153  28.403  -17.652  69.721 0.0000000000
48154  27.160  -18.250  70.078 0.0000000000
48169  24.478  -18.903  68.729 0.0000000000
46266  23.066  -20.724  66.434 0.0000000000
105578  23.000  -21.849  66.763 0.0000000000
45323  22.498  -22.166  64.696 0.0000000000
107374  21.400  -23.752  62.880 0.0000000000
41680  19.956  -25.133  62.368 0.0000000000
60041  41.023  -5.116  44.755 0.0000000000
100574  39.660  -5.541  43.877 0.0000000000
111283  38.611  -5.519  43.156 0.0000000000
59184  36.909  -6.164  44.206 0.0000000000
60075  36.336  -5.759  42.733 0.0000000000
102406  36.674  -5.504  41.910 0.0000000000
115999  15.820  -26.703  61.192 0.0000000000
39880  14.480  -27.403  61.102 0.0000000000
38935  13.663  -27.818  61.262 0.0000000000
38900  14.587  -28.467  63.676 0.0000000000
113036  13.601  -28.279  62.835 0.0000000000
38956  12.155  -28.335  60.641 0.0000000000
38020  11.052  -28.824  61.290 0.0000000000
37109  9.938  -29.824  61.451 0.0000000000
104335  12.961  -29.466  66.335 0.0000000000
37056  11.655  -29.443  65.465 0.0000000000
113612  9.984  -29.644  65.836 0.0000000000
37072  10.113  -29.548  64.574 0.0000000000
37085  9.298  -30.216  63.290 0.0000000000
33715  4.134  -34.434  70.463 0.0000000000
53015  31.250  -13.327  52.039 0.0000000000
53003  27.774  -13.220  53.459 0.0000000000
112773  26.316  -13.294  53.721 0.0000000000
52085  24.525  -14.057  54.157 0.0000000000
105362  24.098  -14.797  54.244 0.0000000000
52978  24.829  -13.667  56.526 0.0000000000
51144  24.411  -14.710  55.805 0.0000000000
50300  24.477  -16.282  54.292 0.0000000000
50299  25.145  -16.735  54.678 0.0000000000
49367  26.371  -17.966  53.841 0.0000000000
48370  27.524  -19.233  53.765 0.0000000000
49339  27.554  -17.859  55.730 0.0000000000
101854  27.762  -18.984  54.602 0.0000000000
46433  28.000  -21.263  53.002 0.0000000000
45480  28.036  -22.048  53.384 0.0000000000
107210  26.783  -22.966  52.410 0.0000000000
50218  30.872  -16.798  61.351 0.0000000000
48202  29.028  -17.724  66.581 0.0000000000
98713  29.393  -17.843  66.004 0.0000000000
48234  29.674  -18.364  64.977 0.0000000000
48268  27.315  -18.818  62.577 0.0000000000
47233  27.981  -18.912  62.691 0.0000000000
47230  29.983  -18.567  63.403 0.0000000000
110916  30.338  -18.544  62.557 0.0000000000
48281  30.625  -18.609  61.468 0.0000000000
49291  30.594  -18.152  60.083 0.0000000000
47287  30.294  -19.413  59.232 0.0000000000
103177  28.772  -21.318  57.961 0.0000000000
45431  28.126  -21.927  56.691 0.0000000000
45415  25.418  -21.224  57.008 0.0000000000
112973  26.272  -21.835  56.171 0.0000000000
45449  26.924  -22.368  55.584 0.0000000000
44586  25.920  -22.528  54.175 0.0000000000
99105  30.200  -13.490  50.845 0.0000000000
99151  29.462  -13.604  49.974 0.0000000000
53068  28.875  -13.781  49.060 0.0000000000
52115  27.034  -13.909  50.122 0.0000000000
52128  27.339  -14.100  49.147 0.0000000000
98362  28.001  -14.406  47.619 0.0000000000
62641  43.609  -2.459  36.326 0.0000000000
99555  33.056  -13.493  51.038 0.0000000000
53049  32.570  -13.487  50.266 0.0000000000
99597  32.218  -13.496  51.167 0.0000000000
99556  33.939  -13.472  50.977 0.0000000000
39877  16.775  -26.767  59.890 0.0000000000
40748  17.880  -25.972  60.979 0.0000000000
41706  18.900  -25.763  60.500 0.0000000000
40779  17.717  -26.795  59.616 0.0000000000
57342  32.336  -8.424  45.365 0.0000000000
57352  32.121  -8.088  44.641 0.0000000000
57334  33.546  -8.695  46.389 0.0000000000
57341  33.182  -8.234  45.693 0.0000000000
58271  33.640  -7.612  45.257 0.0000000000
111206  6.821  -30.821  69.824 0.0000000000
36072  6.352  -31.332  69.358 0.0000000000
35255  6.012  -31.951  67.813 0.0000000000
35248  5.734  -32.156  68.839 0.0000000000
51081  29.883  -15.484  61.037 0.0000000000
51093  29.592  -15.831  60.296 0.0000000000
49292  30.167  -17.243  59.569 0.0000000000
49143  30.129  -17.033  69.146 0.0000000000
49154  29.824  -17.264  68.722 0.0000000000
46388  19.517  -20.517  56.222 0.0000000000
47341  20.361  -19.355  56.499 0.0000000000
46387  19.963  -19.914  56.002 0.0000000000
46400  20.246  -19.907  55.178 0.0000000000
109506  23.860  -15.411  53.491 0.0000000000
51181  23.812  -15.357  52.684 0.0000000000
63423  45.358  -1.497  38.335 0.0000000000
63425  43.830  -1.703  37.822 0.0000000000
54826  33.265  -11.493  47.854 0.0000000000
116988  29.427  -13.693  47.987 0.0000000000
53090  29.482  -13.478  47.571 0.0000000000
52151  28.147  -14.321  46.788 0.0000000000
54819  34.131  -11.551  48.273 0.0000000000
38976  12.794  -28.175  59.422 0.0000000000
38993  12.493  -28.793  58.845 0.0000000000
38977  12.226  -28.432  59.695 0.0000000000
38050  11.862  -29.197  59.175 0.0000000000
47210  23.026  -19.770  66.139 0.0000000000
47211  22.780  -19.697  65.364 0.0000000000
46279  22.697  -20.587  64.969 0.0000000000
98473  19.662  -24.265  58.727 0.0000000000
43654  19.466  -23.714  58.063 0.0000000000
101112  19.452  -22.844  58.076 0.0000000000
47382  27.238  -19.514  52.927 0.0000000000
60885  40.337  -5.062  42.652 0.0000000000
41661  20.789  -24.502  65.153 0.0000000000
41662  20.210  -24.773  64.835 0.0000000000
110217  21.096  -24.238  64.740 0.0000000000
59164  38.921  -6.093  45.841 0.0000000000
60052  38.748  -5.930  45.110 0.0000000000
59173  37.881  -6.254  45.114 0.0000000000
113557  16.059  -27.520  64.069 0.0000000000
39849  15.718  -27.682  63.637 0.0000000000
38898  15.813  -28.178  64.223 0.0000000000
37973  11.818  -28.895  64.396 0.0000000000
37988  12.500  -28.680  63.828 0.0000000000
36094  8.025  -30.819  65.540 0.0000000000
36116  7.602  -31.378  64.033 0.0000000000
105900  26.390  -15.148  58.101 0.0000000000
51135  26.329  -15.579  57.537 0.0000000000
50275  26.543  -16.487  56.472 0.0000000000
46394  28.788  -20.542  55.466 0.0000000000
114661  28.573  -21.505  55.283 0.0000000000
109983  27.905  -22.260  55.108 0.0000000000
49242  25.056  -17.331  64.016 0.0000000000
48257  26.016  -17.999  63.361 0.0000000000
46309  27.113  -20.138  60.839 0.0000000000
46320  27.430  -20.912  60.264 0.0000000000
46334  26.860  -21.222  59.846 0.0000000000
46333  27.738  -21.459  59.619 0.0000000000
45396  26.385  -21.397  59.191 0.0000000000
101436  28.138  -13.465  52.038 0.0000000000
53037  27.443  -13.524  51.921 0.0000000000
53079  33.503  -13.173  48.851 0.0000000000
53080  32.666  -13.241  48.740 0.0000000000
112047  30.432  -13.552  48.879 0.0000000000
53064  33.914  -13.315  49.458 0.0000000000
53063  34.725  -13.196  49.631 0.0000000000
53078  34.285  -13.037  49.010 0.0000000000
39892  15.397  -27.187  59.626 0.0000000000
39893  14.589  -27.314  59.972 0.0000000000
38975  13.963  -27.659  59.308 0.0000000000
43608  21.274  -23.740  62.117 0.0000000000
116416  21.450  -22.991  61.928 0.0000000000
116607  20.936  -23.946  61.487 0.0000000000
41720  19.534  -25.616  59.282 0.0000000000
42727  19.741  -24.861  59.171 0.0000000000
40789  19.213  -26.544  58.212 0.0000000000
40790  18.900  -27.021  58.562 0.0000000000
39904  17.648  -27.621  58.264 0.0000000000
58255  35.837  -7.902  47.233 0.0000000000
118047  35.974  -7.169  46.066 0.0000000000
59167  36.019  -6.777  45.413 0.0000000000
58276  33.298  -7.367  44.503 0.0000000000
118654  32.951  -7.298  43.851 0.0000000000
38850  16.232  -28.654  66.409 0.0000000000
38865  15.573  -28.892  65.245 0.0000000000
37952  15.712  -29.066  65.987 0.0000000000
37941  14.925  -29.473  66.201 0.0000000000
37053  14.400  -29.492  65.987 0.0000000000
37956  13.265  -29.441  65.093 0.0000000000
37054  13.591  -29.467  65.785 0.0000000000
105195  8.804  -29.733  69.174 0.0000000000
36088  6.736  -31.395  67.570 0.0000000000
36095  6.961  -31.442  66.735 0.0000000000
100479  6.485  -32.099  66.120 0.0000000000
34485  5.485  -33.114  67.140 0.0000000000
34492  5.416  -33.490  66.229 0.0000000000
34480  4.793  -33.694  68.558 0.0000000000
34474  4.574  -33.828  69.655 0.0000000000
51109  28.535  -15.665  59.512 0.0000000000
104871  27.853  -15.414  59.247 0.0000000000
50249  28.745  -16.597  58.538 0.0000000000
49307  29.687  -18.040  58.111 0.0000000000
49308  29.070  -17.903  57.492 0.0000000000
110891  21.977  -17.788  59.875 0.0000000000
48292  23.158  -17.978  59.961 0.0000000000
117034  22.518  -18.637  57.692 0.0000000000
47289  23.501  -18.597  59.070 0.0000000000
47302  23.884  -19.246  58.450 0.0000000000
46336  25.138  -20.027  59.318 0.0000000000
46351  24.209  -19.761  57.800 0.0000000000
47319  23.647  -19.690  57.093 0.0000000000
100271  22.133  -19.679  54.949 0.0000000000
53020  25.921  -13.506  53.038 0.0000000000
51199  24.014  -15.293  50.956 0.0000000000
114939  44.934  -1.731  36.745 0.0000000000
62639  45.325  -2.093  36.046 0.0000000000
56490  32.326  -9.641  46.422 0.0000000000
54835  31.319  -10.850  46.637 0.0000000000
53964  31.776  -12.822  47.995 0.0000000000
53972  32.037  -12.136  47.657 0.0000000000
53102  29.104  -13.284  46.752 0.0000000000
106248  29.226  -12.328  45.632 0.0000000000
53952  36.618  -12.337  49.706 0.0000000000
104040  36.413  -11.336  49.291 0.0000000000
55613  35.678  -11.096  48.795 0.0000000000
115865  36.169  -10.581  48.929 0.0000000000
56461  36.353  -9.811  48.819 0.0000000000
101898  35.881  -9.192  48.270 0.0000000000
56476  33.587  -10.090  47.354 0.0000000000
56475  34.419  -9.716  47.617 0.0000000000
99724  26.528  -17.791  68.376 0.0000000000
48184  27.715  -17.621  68.268 0.0000000000
117363  26.146  -17.661  67.904 0.0000000000
49189  24.495  -17.478  66.419 0.0000000000
49206  23.457  -17.610  65.197 0.0000000000
49224  24.166  -17.128  64.643 0.0000000000
49225  23.360  -17.442  64.299 0.0000000000
44496  21.225  -22.444  61.501 0.0000000000
105639  21.757  -20.909  62.838 0.0000000000
45358  21.213  -21.607  61.706 0.0000000000
47264  21.108  -19.451  62.188 0.0000000000
47265  20.571  -19.692  61.388 0.0000000000
48272  22.038  -18.094  62.781 0.0000000000
48285  21.046  -18.670  61.534 0.0000000000
111255  21.463  -17.988  60.710 0.0000000000
48286  20.676  -18.735  60.770 0.0000000000
46352  19.458  -20.434  58.252 0.0000000000
45416  19.181  -21.577  57.151 0.0000000000
46371  19.260  -20.681  56.967 0.0000000000
44555  19.097  -22.363  56.466 0.0000000000
39919  18.799  -27.067  56.886 0.0000000000
60869  41.724  -4.797  44.329 0.0000000000
117065  40.972  -4.755  42.452 0.0000000000
117208  41.687  -4.562  42.678 0.0000000000
60884  42.496  -4.223  42.608 0.0000000000
60895  38.381  -4.476  40.258 0.0000000000
60890  38.852  -4.515  41.042 0.0000000000
61761  40.610  -3.678  40.108 0.0000000000
61766  41.769  -3.078  39.678 0.0000000000
62618  41.879  -2.621  38.677 0.0000000000
104100  42.728  -2.078  38.815 0.0000000000
41682  18.590  -25.421  62.390 0.0000000000
41665  17.782  -25.380  63.970 0.0000000000
41655  17.869  -25.540  64.877 0.0000000000
111685  17.151  -25.870  64.463 0.0000000000
41644  20.380  -25.007  66.714 0.0000000000
40710  18.422  -26.316  66.686 0.0000000000
40711  17.774  -26.710  66.481 0.0000000000
39820  17.311  -27.399  66.691 0.0000000000
108691  27.932  -17.824  69.791 0.0000000000
47192  23.547  -19.996  67.593 0.0000000000
44455  22.519  -22.538  65.905 0.0000000000
44467  22.598  -22.238  65.416 0.0000000000
44456  22.348  -22.852  65.000 0.0000000000
43596  21.706  -23.358  63.558 0.0000000000
113397  20.070  -24.947  63.029 0.0000000000
42679  20.404  -24.744  62.502 0.0000000000
41681  19.530  -25.347  61.949 0.0000000000
55649  30.812  -9.673  45.441 0.0000000000
98758  38.954  -5.715  44.264 0.0000000000
113271  39.046  -5.586  43.618 0.0000000000
98614  37.846  -5.633  43.317 0.0000000000
59174  36.056  -6.435  44.579 0.0000000000
59185  36.032  -6.143  43.628 0.0000000000
60074  37.291  -5.558  42.704 0.0000000000
103894  16.596  -25.883  62.165 0.0000000000
40750  16.247  -26.304  61.622 0.0000000000
39858  15.196  -27.544  63.041 0.0000000000
39869  14.753  -27.336  62.161 0.0000000000
38934  14.189  -27.815  62.150 0.0000000000
38882  14.959  -28.870  64.342 0.0000000000
37986  14.307  -28.892  64.235 0.0000000000
38918  12.963  -28.382  62.295 0.0000000000
38936  12.927  -28.199  61.395 0.0000000000
113486  11.956  -28.454  61.642 0.0000000000
38957  11.534  -28.658  60.791 0.0000000000
38006  10.305  -29.315  62.218 0.0000000000
38021  10.543  -29.178  61.643 0.0000000000
104392  9.283  -30.492  61.715 0.0000000000
37019  11.465  -29.472  67.725 0.0000000000
37037  12.074  -29.460  66.886 0.0000000000
117214  12.076  -29.509  66.046 0.0000000000
101060  11.082  -29.544  66.124 0.0000000000
108699  8.723  -30.051  67.511 0.0000000000
37021  9.443  -29.857  67.081 0.0000000000
37058  9.208  -30.061  65.505 0.0000000000
114008  9.814  -29.714  65.200 0.0000000000
111018  9.468  -29.989  64.047 0.0000000000
34468  4.484  -33.646  70.698 0.0000000000
104785  4.371  -33.547  71.602 0.0000000000
114036  3.539  -34.618  71.830 0.0000000000
33716  3.653  -34.925  71.195 0.0000000000
53001  29.310  -13.137  53.177 0.0000000000
52988  27.155  -13.073  54.047 0.0000000000
52990  24.892  -13.535  54.860 0.0000000000
52086  24.342  -14.245  55.067 0.0000000000
52966  25.670  -13.341  58.920 0.0000000000
52975  25.154  -13.618  57.430 0.0000000000
52071  24.586  -14.323  56.389 0.0000000000
51156  24.703  -15.570  55.703 0.0000000000
51157  24.222  -15.115  55.026 0.0000000000
50291  24.554  -15.950  54.916 0.0000000000
49355  26.629  -17.712  54.591 0.0000000000
48371  26.826  -18.639  53.401 0.0000000000
49321  27.843  -17.571  56.402 0.0000000000
47367  28.183  -19.946  54.174 0.0000000000
47381  27.966  -20.225  53.298 0.0000000000
44609  26.067  -23.040  52.389 0.0000000000
48183  29.066  -17.579  67.286 0.0000000000
48203  28.454  -17.735  66.525 0.0000000000
48235  28.580  -18.360  64.879 0.0000000000
48220  28.883  -18.002  65.848 0.0000000000
48219  29.786  -18.049  65.564 0.0000000000
102408  29.175  -18.481  64.441 0.0000000000
48282  25.467  -18.620  61.686 0.0000000000
48269  26.585  -18.629  62.549 0.0000000000
47248  26.271  -18.937  61.819 0.0000000000
47245  28.288  -19.397  61.919 0.0000000000
47232  28.614  -19.001  62.786 0.0000000000
47231  29.262  -18.775  63.364 0.0000000000
115234  29.739  -18.878  62.693 0.0000000000
47275  29.559  -19.841  60.445 0.0000000000
47274  30.195  -19.276  60.950 0.0000000000
47286  30.181  -19.397  60.097 0.0000000000
114784  30.906  -18.207  60.825 0.0000000000
46331  29.852  -20.398  59.049 0.0000000000
45394  27.959  -21.904  58.190 0.0000000000
46348  29.164  -20.975  58.624 0.0000000000
45411  28.425  -21.660  57.357 0.0000000000
45412  27.580  -22.000  57.402 0.0000000000
46370  24.896  -20.696  57.099 0.0000000000
46369  25.370  -20.938  57.627 0.0000000000
45434  24.969  -20.974  56.369 0.0000000000
45451  25.061  -21.360  55.623 0.0000000000
45450  25.883  -21.861  55.512 0.0000000000
44572  26.335  -22.528  54.749 0.0000000000
53034  30.721  -13.432  51.565 0.0000000000
53053  28.543  -13.570  50.766 0.0000000000
52127  28.104  -13.965  48.919 0.0000000000
109084  26.388  -13.876  50.689 0.0000000000
99313  26.086  -14.210  50.095 0.0000000000
51232  26.057  -15.092  47.838 0.0000000000
99174  26.737  -14.601  48.483 0.0000000000
52141  27.667  -14.359  48.339 0.0000000000
62636  48.864  -2.548  36.005 0.0000000000
62647  48.122  -2.574  35.338 0.0000000000
62646  49.272  -2.513  35.315 0.0000000000
62630  43.238  -2.007  37.065 0.0000000000
62642  42.799  -2.688  36.547 0.0000000000
39891  16.271  -27.162  59.340 0.0000000000
100462  20.123  -25.022  61.674 0.0000000000
41692  19.945  -25.058  60.680 0.0000000000
40760  19.136  -26.137  59.679 0.0000000000
40778  18.682  -26.720  59.282 0.0000000000
57332  35.084  -8.180  46.965 0.0000000000
58267  34.767  -7.774  46.255 0.0000000000
58270  34.478  -7.379  45.496 0.0000000000
37940  15.294  -29.337  66.472 0.0000000000
37926  15.441  -29.452  67.302 0.0000000000
34479  5.068  -32.948  69.233 0.0000000000
52025  29.261  -15.269  60.701 0.0000000000
51094  28.849  -15.446  60.147 0.0000000000
50238  28.964  -16.236  59.214 0.0000000000
50248  29.516  -16.836  58.933 0.0000000000
48315  30.111  -18.618  58.529 0.0000000000
47303  20.907  -18.608  57.713 0.0000000000
48305  22.422  -18.167  59.023 0.0000000000
48317  21.818  -18.332  58.213 0.0000000000
48328  21.767  -18.601  57.322 0.0000000000
115180  21.805  -18.876  56.644 0.0000000000
47339  22.392  -19.336  56.172 0.0000000000
46399  21.116  -19.605  54.938 0.0000000000
52100  24.388  -14.622  52.267 0.0000000000
98350  44.063  -2.327  40.265 0.0000000000
62597  44.906  -2.458  40.759 0.0000000000
116764  44.774  -1.934  40.034 0.0000000000
63422  46.232  -1.533  38.067 0.0000000000
62629  44.082  -1.819  36.893 0.0000000000
55623  32.891  -10.822  47.373 0.0000000000
54827  32.051  -11.244  47.230 0.0000000000
54828  31.247  -11.757  47.098 0.0000000000
53089  30.447  -13.181  47.671 0.0000000000
53960  35.275  -12.344  49.075 0.0000000000
55622  34.844  -10.107  48.111 0.0000000000
38051  11.184  -29.712  59.543 0.0000000000
38035  11.018  -29.161  60.410 0.0000000000
48186  24.343  -18.426  67.825 0.0000000000
49169  24.818  -17.661  67.315 0.0000000000
48205  23.958  -18.034  67.043 0.0000000000
48223  23.037  -18.548  65.610 0.0000000000
48224  22.653  -18.837  64.939 0.0000000000
44515  20.348  -22.764  60.364 0.0000000000
45359  20.801  -21.852  61.071 0.0000000000
44516  19.927  -22.670  59.629 0.0000000000
109414  20.020  -22.045  60.071 0.0000000000
45381  19.816  -21.305  59.627 0.0000000000
46337  19.861  -20.452  59.891 0.0000000000
109155  19.357  -21.955  58.006 0.0000000000
43664  19.162  -23.238  57.185 0.0000000000
106050  19.008  -23.848  56.620 0.0000000000
42778  18.946  -24.485  56.546 0.0000000000
41763  18.857  -25.757  56.255 0.0000000000
60062  40.362  -5.320  43.457 0.0000000000
60889  40.474  -4.633  41.886 0.0000000000
60894  39.198  -4.209  40.144 0.0000000000
60899  39.148  -4.215  39.052 0.0000000000
61768  40.453  -3.525  39.174 0.0000000000
113775  41.125  -3.389  39.697 0.0000000000
61772  40.466  -3.546  38.249 0.0000000000
41672  19.480  -25.083  63.606 0.0000000000
41663  19.525  -25.035  64.554 0.0000000000
41653  19.568  -25.117  65.503 0.0000000000
43582  21.936  -23.472  64.965 0.0000000000
43583  21.534  -23.719  64.214 0.0000000000
42648  21.100  -24.138  64.129 0.0000000000
60043  39.475  -5.772  45.523 0.0000000000
59186  35.079  -6.350  43.450 0.0000000000
37971  13.918  -29.272  64.707 0.0000000000
37987  13.506  -28.822  64.093 0.0000000000
37990  10.496  -29.168  63.086 0.0000000000
36086  7.764  -30.848  66.366 0.0000000000
37059  8.547  -30.531  64.990 0.0000000000
37074  8.793  -30.478  63.983 0.0000000000
36115  8.175  -30.869  64.294 0.0000000000
52981  26.733  -12.868  54.955 0.0000000000
53899  26.332  -12.702  55.806 0.0000000000
52977  25.387  -13.016  56.169 0.0000000000
52041  26.359  -14.271  59.374 0.0000000000
113842  26.309  -13.657  59.875 0.0000000000
52051  25.899  -14.219  58.895 0.0000000000
52062  25.227  -14.096  57.929 0.0000000000
51136  25.514  -14.841  57.513 0.0000000000
50276  25.517  -16.065  56.194 0.0000000000
50289  26.257  -16.789  55.743 0.0000000000
49340  26.889  -17.409  55.315 0.0000000000
48334  28.570  -18.888  56.283 0.0000000000
48349  28.042  -18.767  55.506 0.0000000000
46395  28.594  -20.715  54.689 0.0000000000
45468  28.089  -22.237  54.188 0.0000000000
44585  26.625  -22.801  54.054 0.0000000000
48222  27.255  -17.757  65.674 0.0000000000
48237  26.760  -17.800  64.784 0.0000000000
99983  27.367  -18.269  64.027 0.0000000000
47277  25.759  -19.771  60.514 0.0000000000
47261  26.622  -19.522  61.325 0.0000000000
47276  26.368  -19.976  60.704 0.0000000000
47260  27.689  -19.749  61.319 0.0000000000
47259  28.308  -19.891  61.054 0.0000000000
103608  28.943  -19.688  61.228 0.0000000000
46307  28.758  -20.315  60.459 0.0000000000
46318  29.312  -20.495  59.798 0.0000000000
110673  29.127  -20.910  59.335 0.0000000000
46332  28.491  -21.354  59.208 0.0000000000
45379  27.853  -21.758  58.989 0.0000000000
46397  23.795  -20.639  55.026 0.0000000000
46396  24.462  -20.765  55.731 0.0000000000
45471  24.228  -21.151  54.395 0.0000000000
45481  24.538  -21.606  53.815 0.0000000000
44597  25.239  -22.183  53.625 0.0000000000
45495  24.322  -21.876  52.913 0.0000000000
53017  29.664  -13.312  52.477 0.0000000000
53035  29.961  -13.424  51.738 0.0000000000
112859  29.286  -13.424  51.919 0.0000000000
53036  28.671  -13.474  51.631 0.0000000000
118364  27.745  -13.651  50.641 0.0000000000
52130  25.621  -14.643  49.480 0.0000000000
62638  46.422  -2.104  36.236 0.0000000000
108704  33.854  -12.563  48.569 0.0000000000
53971  32.823  -12.114  47.965 0.0000000000
112507  30.696  -13.417  48.295 0.0000000000
52139  29.258  -13.769  48.359 0.0000000000
53953  35.807  -12.768  49.527 0.0000000000
53062  35.559  -13.253  49.792 0.0000000000
39008  14.381  -28.509  57.371 0.0000000000
38991  14.126  -28.027  58.299 0.0000000000
110142  13.311  -27.799  59.628 0.0000000000
45335  22.277  -21.901  63.828 0.0000000000
109411  22.315  -21.070  63.855 0.0000000000
44484  21.885  -22.290  62.657 0.0000000000
44495  21.593  -22.325  62.086 0.0000000000
43628  20.627  -23.556  60.818 0.0000000000
104332  20.476  -24.416  61.171 0.0000000000
108355  20.217  -24.303  60.330 0.0000000000
43640  20.144  -23.453  59.958 0.0000000000
42726  19.920  -24.229  59.485 0.0000000000
42744  19.562  -25.027  58.588 0.0000000000
41747  19.191  -25.905  57.673 0.0000000000
40804  18.914  -27.151  57.832 0.0000000000
98447  37.728  -5.240  41.949 0.0000000000
60077  38.534  -4.924  41.710 0.0000000000
60891  37.814  -4.725  40.867 0.0000000000
41651  20.884  -24.518  66.077 0.0000000000
42607  21.767  -24.509  67.407 0.0000000000
58253  37.257  -7.678  47.786 0.0000000000
58264  36.964  -7.130  46.954 0.0000000000
111926  37.508  -6.677  46.442 0.0000000000
59166  37.445  -6.500  45.717 0.0000000000
59176  34.568  -6.617  44.077 0.0000000000
59187  34.290  -6.556  43.226 0.0000000000
39831  16.255  -28.020  65.229 0.0000000000
38880  15.880  -28.424  64.855 0.0000000000
37969  15.120  -29.112  64.979 0.0000000000
37954  14.719  -29.366  65.415 0.0000000000
116773  14.370  -29.357  65.036 0.0000000000
37070  12.277  -29.318  64.971 0.0000000000
116199  9.372  -29.628  68.904 0.0000000000
37023  8.007  -30.388  67.885 0.0000000000
37022  8.099  -30.478  67.145 0.0000000000
35269  6.898  -31.773  65.550 0.0000000000
35263  5.891  -32.683  66.584 0.0000000000
52027  27.647  -14.254  60.624 0.0000000000
52040  26.980  -14.303  59.976 0.0000000000
51110  27.110  -14.889  59.331 0.0000000000
51125  27.288  -15.475  58.615 0.0000000000
51134  27.082  -15.896  57.851 0.0000000000
50262  27.738  -16.554  57.418 0.0000000000
49309  28.249  -17.267  57.043 0.0000000000
49320  28.538  -18.107  56.705 0.0000000000
47337  28.985  -19.603  56.463 0.0000000000
46383  28.995  -20.475  56.311 0.0000000000
49269  24.100  -17.550  62.221 0.0000000000
48271  24.846  -17.884  62.289 0.0000000000
48283  24.474  -18.060  61.504 0.0000000000
47263  25.240  -19.033  60.919 0.0000000000
47278  24.162  -18.755  59.748 0.0000000000
46323  24.991  -19.459  60.059 0.0000000000
46322  25.670  -20.222  59.932 0.0000000000
46335  25.665  -20.717  59.308 0.0000000000
98429  25.215  -20.461  58.738 0.0000000000
99924  24.334  -20.226  57.147 0.0000000000
100486  23.815  -20.323  55.844 0.0000000000
47338  23.206  -19.616  56.512 0.0000000000
46386  23.205  -19.859  55.970 0.0000000000
46417  22.757  -20.276  54.398 0.0000000000
53019  26.855  -13.487  52.467 0.0000000000
53038  26.747  -13.608  51.797 0.0000000000
52117  25.553  -14.193  50.835 0.0000000000
52108  24.606  -14.637  51.359 0.0000000000
52118  24.760  -14.743  50.527 0.0000000000
52131  24.872  -14.912  49.716 0.0000000000
63433  46.401  -1.722  37.186 0.0000000000
62649  45.739  -2.484  35.342 0.0000000000
98878  30.596  -10.453  45.936 0.0000000000
53974  30.336  -12.331  46.939 0.0000000000
54837  29.733  -11.815  46.094 0.0000000000
57329  34.732  -8.933  47.321 0.0000000000
112084  28.353  -17.598  69.161 0.0000000000
48165  28.838  -17.506  68.683 0.0000000000
48166  28.573  -17.525  68.230 0.0000000000
98855  27.840  -17.607  67.330 0.0000000000
49187  26.595  -17.476  66.561 0.0000000000
115344  25.850  -17.506  67.406 0.0000000000
49188  25.474  -17.346  66.553 0.0000000000
49203  26.166  -17.443  65.734 0.0000000000
49222  25.809  -17.421  65.104 0.0000000000
49223  25.056  -17.209  64.915 0.0000000000
49243  24.165  -17.169  63.710 0.0000000000
46289  22.401  -20.422  64.207 0.0000000000
47234  22.147  -19.491  63.916 0.0000000000
47235  21.755  -19.342  63.251 0.0000000000
46310  21.155  -20.583  62.102 0.0000000000
47249  21.456  -19.180  62.703 0.0000000000
48258  22.115  -18.508  63.504 0.0000000000
49245  22.635  -17.707  63.145 0.0000000000
49258  23.399  -17.409  62.664 0.0000000000
48284  22.678  -17.599  61.572 0.0000000000
104314  22.460  -17.690  60.715 0.0000000000
119135  19.714  -19.779  59.324 0.0000000000
105799  20.079  -19.088  59.007 0.0000000000
48318  20.768  -18.511  58.598 0.0000000000
47323  19.719  -19.712  57.774 0.0000000000
47342  19.636  -19.879  56.893 0.0000000000
45453  19.358  -20.969  55.647 0.0000000000
40803  18.967  -26.196  56.943 0.0000000000
61750  43.204  -3.880  42.543 0.0000000000
61757  42.728  -3.806  41.906 0.0000000000
61756  43.477  -3.541  41.853 0.0000000000
98305  43.002  -3.370  41.166 0.0000000000
62598  43.208  -2.755  40.419 0.0000000000
62609  43.371  -2.166  39.597 0.0000000000
62615  43.573  -1.746  38.749 0.0000000000
62616  42.974  -1.882  37.963 0.0000000000
111245  16.998  -26.271  61.040 0.0000000000
40739  16.722  -25.966  62.903 0.0000000000
41673  18.687  -25.310  63.319 0.0000000000
41674  17.676  -25.500  63.095 0.0000000000
40725  16.515  -26.762  64.416 0.0000000000
39830  16.609  -27.263  65.230 0.0000000000
41646  18.927  -25.646  66.147 0.0000000000
40709  19.149  -25.934  66.982 0.0000000000
40717  17.985  -26.041  65.850 0.0000000000
38863  16.626  -27.879  65.995 0.0000000000
38835  17.229  -28.424  67.776 0.0000000000
38836  16.483  -28.811  67.305 0.0000000000
49144  29.387  -17.328  69.489 0.0000000000
48141  28.696  -17.585  69.969 0.0000000000
48167  26.815  -18.045  69.242 0.0000000000
48168  25.634  -18.364  69.118 0.0000000000
106035  23.957  -19.243  68.045 0.0000000000
47202  23.326  -19.877  66.911 0.0000000000
46267  22.852  -20.682  65.754 0.0000000000
101793  23.039  -21.388  66.599 0.0000000000
101599  22.850  -21.327  66.089 0.0000000000
45312  22.729  -21.529  65.360 0.0000000000
44477  21.992  -22.569  63.298 0.0000000000
42661  21.222  -24.005  63.457 0.0000000000
42678  20.976  -24.263  62.702 0.0000000000
41694  18.796  -25.520  61.446 0.0000000000
56500  30.966  -9.041  45.042 0.0000000000
60050  40.360  -5.410  44.305 0.0000000000
111907  37.551  -6.153  44.557 0.0000000000
60064  37.676  -5.901  43.969 0.0000000000
60065  37.022  -5.822  43.448 0.0000000000
111529  38.050  -5.441  42.729 0.0000000000
40763  16.498  -26.543  60.726 0.0000000000
39857  15.400  -26.787  62.153 0.0000000000
39868  15.234  -27.037  61.238 0.0000000000
38917  14.121  -28.141  62.928 0.0000000000
38002  13.923  -28.512  63.523 0.0000000000
101485  13.648  -28.174  62.125 0.0000000000
38036  10.493  -29.473  60.870 0.0000000000
37020  10.382  -29.570  67.464 0.0000000000
37038  10.160  -29.625  66.596 0.0000000000
37039  9.301  -29.989  66.263 0.0000000000
37057  10.642  -29.486  65.344 0.0000000000
37084  9.938  -29.640  63.621 0.0000000000
37098  9.112  -30.475  62.473 0.0000000000
33703  3.998  -34.207  71.310 0.0000000000
100865  31.955  -13.393  51.860 0.0000000000
53002  28.498  -13.200  53.296 0.0000000000
53004  27.006  -13.311  53.231 0.0000000000
52989  25.999  -13.170  54.456 0.0000000000
53005  25.343  -13.513  53.932 0.0000000000
104991  24.910  -13.840  53.386 0.0000000000
53887  25.359  -13.050  56.988 0.0000000000
52070  24.894  -14.263  57.087 0.0000000000
52979  24.447  -13.978  55.829 0.0000000000
51169  24.115  -15.578  54.254 0.0000000000
49356  24.880  -16.953  53.973 0.0000000000
103628  25.783  -17.372  54.285 0.0000000000
48372  26.038  -18.203  53.083 0.0000000000
49354  27.325  -18.159  54.992 0.0000000000
47396  27.492  -20.487  52.515 0.0000000000
109251  27.756  -21.958  52.710 0.0000000000
44594  27.331  -22.509  52.786 0.0000000000
44607  26.951  -22.924  51.680 0.0000000000
50229  30.574  -16.455  60.845 0.0000000000
110352  29.073  -17.501  67.874 0.0000000000
48182  29.414  -17.518  67.325 0.0000000000
48201  29.427  -17.630  66.668 0.0000000000
48221  28.180  -17.978  65.708 0.0000000000
98588  29.819  -17.675  66.186 0.0000000000
48233  30.183  -18.132  64.985 0.0000000000
48256  26.975  -18.449  63.287 0.0000000000
48255  27.746  -18.595  63.349 0.0000000000
47247  26.923  -19.106  61.932 0.0000000000
48254  28.501  -18.618  63.642 0.0000000000
48253  29.757  -18.437  64.238 0.0000000000
48252  30.298  -18.193  64.088 0.0000000000
48266  30.623  -17.770  63.771 0.0000000000
47257  29.987  -19.037  61.875 0.0000000000
107743  30.755  -18.062  62.108 0.0000000000
49268  30.945  -17.745  61.404 0.0000000000
49281  30.713  -17.290  60.589 0.0000000000
48304  30.377  -18.324  59.269 0.0000000000
47300  29.995  -19.594  58.403 0.0000000000
115579  29.650  -20.290  58.296 0.0000000000
46347  29.337  -20.555  57.763 0.0000000000
46368  29.053  -20.951  57.150 0.0000000000
45430  28.764  -21.362  56.702 0.0000000000
45448  27.909  -22.117  55.944 0.0000000000
45414  25.866  -21.489  57.665 0.0000000000
45413  26.637  -21.903  57.515 0.0000000000
45433  25.535  -21.491  56.284 0.0000000000
106526  26.063  -21.704  56.886 0.0000000000
45432  27.080  -22.008  56.609 0.0000000000
44596  26.041  -22.760  53.446 0.0000000000
53033  31.458  -13.467  51.351 0.0000000000
99596  30.951  -13.489  50.816 0.0000000000
116451  30.099  -13.588  49.400 0.0000000000
52140  28.495  -14.047  48.312 0.0000000000
52116  27.074  -13.648  51.119 0.0000000000
52129  26.449  -14.380  49.338 0.0000000000
61784  43.272  -3.226  35.988 0.0000000000
42649  20.698  -24.466  64.319 0.0000000000
44476  22.096  -22.727  64.144 0.0000000000
45300  23.197  -21.411  67.135 0.0000000000
45311  22.770  -21.923  66.130 0.0000000000
45336  22.044  -21.774  63.019 0.0000000000
45368  20.210  -21.287  60.486 0.0000000000
45380  27.195  -21.661  59.322 0.0000000000
45397  19.272  -21.022  57.769 0.0000000000
46255  23.308  -20.764  67.044 0.0000000000
46290  22.006  -20.349  63.459 0.0000000000
46321  26.587  -20.644  60.358 0.0000000000
46338  19.527  -20.478  59.089 0.0000000000
46350  24.917  -20.441  57.929 0.0000000000
46398  22.547  -19.638  55.583 0.0000000000
46434  22.943  -20.656  53.650 0.0000000000
47246  27.518  -19.241  61.987 0.0000000000
47279  20.331  -19.341  60.609 0.0000000000
47290  20.070  -19.408  59.908 0.0000000000
47304  20.177  -19.077  58.165 0.0000000000
47305  19.671  -19.721  58.618 0.0000000000
47317  29.642  -19.755  57.670 0.0000000000
47320  22.705  -19.104  56.987 0.0000000000
47321  20.977  -18.789  56.882 0.0000000000
47356  20.718  -19.500  55.723 0.0000000000
48206  23.394  -18.767  66.591 0.0000000000
48240  22.437  -18.693  64.286 0.0000000000
48273  21.518  -18.517  62.272 0.0000000000
48294  20.460  -18.805  60.165 0.0000000000
48303  30.445  -18.865  59.858 0.0000000000
48307  20.562  -18.596  59.462 0.0000000000
49132  29.600  -17.057  69.749 0.0000000000
49205  24.272  -17.288  65.537 0.0000000000
49226  22.683  -17.874  63.933 0.0000000000
49257  24.158  -17.359  62.860 0.0000000000
49270  23.511  -17.529  61.913 0.0000000000
51108  29.108  -15.928  59.752 0.0000000000
52052  25.584  -13.889  58.604 0.0000000000
52991  24.550  -13.798  55.382 0.0000000000
60888  41.568  -3.984  41.363 0.0000000000
98968  29.289  -18.255  65.338 0.0000000000
101376  26.409  -21.750  58.308 0.0000000000
105815  30.608  -18.850  60.594 0.0000000000
108251  20.444  -22.141  60.616 0.0000000000
108584  21.825  -17.881  61.462 0.0000000000
108991  22.095  -17.843  62.096 0.0000000000
109297  19.322  -25.114  57.852 0.0000000000
110422  22.115  -21.230  63.389 0.0000000000
113688  27.292  -17.596  67.894 0.0000000000
117216  19.727  -21.980  59.418 0.0000000000
