#!ascii label  , from subject sub-v1s18x0051272_ses-1 vox2ras=TkReg
1319
47331  47.488  -19.876  56.003 0.0000000000
39825  39.120  -27.865  65.522 0.0000000000
38000  25.673  -29.810  62.393 0.0000000000
32252  19.316  -36.299  62.449 0.0000000000
38790  30.845  -28.785  70.719 0.0000000000
36134  34.997  -32.311  62.644 0.0000000000
43613  43.632  -23.246  62.741 0.0000000000
53024  49.861  -13.790  51.546 0.0000000000
50225  42.552  -16.386  61.044 0.0000000000
116442  35.907  -22.993  59.002 0.0000000000
38090  32.553  -29.544  56.803 0.0000000000
36082  24.485  -31.571  67.142 0.0000000000
34539  22.466  -33.636  61.985 0.0000000000
114523  21.614  -35.429  66.553 0.0000000000
37934  28.366  -29.326  66.656 0.0000000000
51089  45.100  -14.960  60.984 0.0000000000
99438  35.985  -23.967  68.061 0.0000000000
44438  39.380  -22.910  66.361 0.0000000000
45343  39.300  -20.946  63.180 0.0000000000
41677  36.321  -25.408  62.563 0.0000000000
41726  34.006  -25.791  58.244 0.0000000000
109888  35.359  -28.659  60.873 0.0000000000
106618  32.081  -31.596  59.921 0.0000000000
33857  32.585  -34.842  60.309 0.0000000000
111960  50.330  -16.469  54.377 0.0000000000
112283  52.473  -17.910  52.214 0.0000000000
38061  28.036  -29.224  58.359 0.0000000000
36243  23.902  -31.559  56.356 0.0000000000
37882  35.772  -29.660  69.021 0.0000000000
36119  37.970  -32.465  64.032 0.0000000000
37945  34.255  -28.976  65.837 0.0000000000
38909  30.532  -28.410  62.656 0.0000000000
44523  45.176  -22.148  58.998 0.0000000000
31305  17.996  -38.039  69.120 0.0000000000
32206  14.015  -36.909  64.952 0.0000000000
51175  47.661  -15.441  53.604 0.0000000000
49330  44.270  -17.566  55.502 0.0000000000
47281  45.059  -19.110  59.635 0.0000000000
46303  43.163  -20.462  61.567 0.0000000000
45407  41.617  -21.026  57.098 0.0000000000
99123  40.376  -14.982  63.813 0.0000000000
107999  39.053  -19.186  59.077 0.0000000000
44567  37.444  -22.543  55.622 0.0000000000
42803  34.483  -24.520  54.455 0.0000000000
106074  34.757  -31.864  59.369 0.0000000000
35237  22.922  -31.802  70.183 0.0000000000
35252  22.526  -33.008  67.000 0.0000000000
34470  21.900  -32.845  69.874 0.0000000000
36065  25.114  -30.882  69.810 0.0000000000
40697  37.896  -26.424  67.484 0.0000000000
41639  39.455  -25.752  66.198 0.0000000000
42643  38.781  -24.206  64.479 0.0000000000
40727  37.431  -26.311  63.961 0.0000000000
40735  35.634  -26.680  62.312 0.0000000000
38886  36.764  -28.548  63.230 0.0000000000
104503  30.137  -32.490  59.898 0.0000000000
33846  30.576  -34.802  60.391 0.0000000000
118324  49.002  -18.374  55.219 0.0000000000
48339  50.726  -18.213  54.751 0.0000000000
47329  49.513  -20.043  55.846 0.0000000000
38030  26.372  -29.246  60.379 0.0000000000
37172  26.097  -30.214  57.141 0.0000000000
37141  24.642  -30.409  59.488 0.0000000000
100841  21.293  -35.660  61.616 0.0000000000
34592  21.752  -34.570  59.012 0.0000000000
33069  19.649  -35.589  59.282 0.0000000000
102173  16.908  -35.663  60.559 0.0000000000
114972  32.699  -26.418  70.048 0.0000000000
37884  33.485  -29.349  69.975 0.0000000000
37916  34.986  -29.904  67.676 0.0000000000
38812  32.025  -28.856  68.582 0.0000000000
37965  27.313  -29.348  64.592 0.0000000000
38874  29.454  -28.417  64.586 0.0000000000
38911  28.286  -28.546  62.570 0.0000000000
101055  29.248  -28.535  59.850 0.0000000000
44499  44.900  -22.984  61.498 0.0000000000
43633  45.466  -23.756  59.779 0.0000000000
41686  43.957  -25.092  62.773 0.0000000000
111174  12.491  -36.892  66.557 0.0000000000
48321  43.934  -18.695  57.768 0.0000000000
49301  44.007  -17.531  58.003 0.0000000000
50212  44.243  -16.302  61.753 0.0000000000
48277  44.469  -18.526  61.865 0.0000000000
110753  42.848  -18.161  60.623 0.0000000000
46330  42.697  -20.687  59.260 0.0000000000
48310  42.132  -18.634  58.840 0.0000000000
44502  37.548  -22.453  60.907 0.0000000000
47255  39.006  -19.654  61.231 0.0000000000
45375  37.863  -21.336  59.302 0.0000000000
45408  38.145  -20.879  56.844 0.0000000000
44551  36.342  -22.119  56.818 0.0000000000
44569  35.900  -23.279  55.436 0.0000000000
43660  35.283  -23.212  56.614 0.0000000000
40824  32.363  -26.791  55.513 0.0000000000
35281  36.653  -32.918  63.452 0.0000000000
36143  37.012  -32.427  62.078 0.0000000000
34551  35.460  -33.827  61.947 0.0000000000
34611  31.310  -33.654  57.643 0.0000000000
53955  51.533  -12.986  47.710 0.0000000000
52135  50.802  -14.479  48.809 0.0000000000
37067  24.783  -31.009  64.690 0.0000000000
36136  23.659  -31.636  62.242 0.0000000000
111221  23.436  -32.091  64.510 0.0000000000
33801  22.164  -34.200  64.341 0.0000000000
33016  20.974  -36.334  64.299 0.0000000000
104126  27.900  -29.328  70.735 0.0000000000
37904  29.488  -29.376  69.252 0.0000000000
36970  27.213  -30.396  69.089 0.0000000000
37029  26.391  -30.521  66.666 0.0000000000
52045  44.120  -14.770  59.143 0.0000000000
51062  43.260  -14.524  62.132 0.0000000000
116646  39.517  -22.204  64.790 0.0000000000
43601  37.690  -23.423  62.374 0.0000000000
42701  36.118  -24.024  60.820 0.0000000000
42735  34.984  -24.194  58.755 0.0000000000
41702  35.168  -25.224  60.530 0.0000000000
104648  34.151  -27.219  58.983 0.0000000000
38983  34.398  -28.978  58.603 0.0000000000
36161  33.337  -31.677  60.872 0.0000000000
34553  34.049  -34.132  61.706 0.0000000000
34554  33.048  -34.282  61.310 0.0000000000
51184  50.649  -15.382  52.811 0.0000000000
51194  51.386  -16.156  51.644 0.0000000000
50303  51.617  -17.059  53.325 0.0000000000
111312  22.744  -32.702  59.295 0.0000000000
40689  36.155  -26.998  68.002 0.0000000000
38823  38.427  -29.247  67.358 0.0000000000
37961  38.645  -30.028  64.773 0.0000000000
37026  37.439  -30.858  67.001 0.0000000000
37063  36.849  -31.259  65.111 0.0000000000
37979  34.841  -29.533  63.644 0.0000000000
38844  30.923  -28.425  66.649 0.0000000000
38889  32.393  -28.454  63.861 0.0000000000
37997  33.593  -29.113  62.481 0.0000000000
38945  31.564  -28.758  60.401 0.0000000000
110900  29.960  -29.677  58.908 0.0000000000
46358  46.563  -20.992  57.224 0.0000000000
45403  48.158  -21.643  57.674 0.0000000000
45387  46.619  -22.072  58.269 0.0000000000
31341  20.183  -37.327  67.368 0.0000000000
32205  18.846  -37.321  65.189 0.0000000000
100294  16.126  -37.720  66.394 0.0000000000
32241  16.422  -36.735  63.224 0.0000000000
53008  49.699  -13.965  52.129 0.0000000000
51147  49.147  -15.525  55.116 0.0000000000
49327  48.018  -16.672  55.384 0.0000000000
47350  45.828  -19.159  55.409 0.0000000000
118968  44.615  -20.474  57.391 0.0000000000
46329  45.011  -20.750  60.004 0.0000000000
100312  44.775  -21.170  62.254 0.0000000000
49284  45.458  -17.315  60.371 0.0000000000
46294  44.627  -19.988  62.301 0.0000000000
109415  43.069  -21.935  61.807 0.0000000000
44511  42.773  -22.247  59.846 0.0000000000
44536  41.753  -22.520  57.480 0.0000000000
51077  40.589  -15.599  61.998 0.0000000000
110648  39.591  -18.750  62.963 0.0000000000
49266  39.510  -17.305  61.302 0.0000000000
49287  40.723  -17.564  59.504 0.0000000000
47295  40.134  -19.016  57.989 0.0000000000
45424  39.785  -21.425  56.286 0.0000000000
42772  33.815  -25.065  56.692 0.0000000000
99159  36.748  -30.395  62.019 0.0000000000
37135  35.399  -30.597  59.659 0.0000000000
36217  33.446  -30.783  57.835 0.0000000000
35354  33.757  -33.288  59.429 0.0000000000
101928  32.655  -31.851  57.725 0.0000000000
35246  22.661  -32.261  69.485 0.0000000000
35239  21.441  -32.291  70.865 0.0000000000
39814  39.336  -27.487  66.372 0.0000000000
108561  39.230  -26.180  66.643 0.0000000000
40713  39.342  -26.432  65.750 0.0000000000
40719  38.946  -26.264  65.212 0.0000000000
39835  38.446  -27.565  64.836 0.0000000000
39844  37.101  -27.865  63.752 0.0000000000
110026  37.856  -28.183  64.350 0.0000000000
47348  47.926  -19.202  55.441 0.0000000000
47347  48.961  -19.162  55.380 0.0000000000
47330  48.476  -19.923  55.926 0.0000000000
38017  25.952  -29.498  61.772 0.0000000000
38046  25.813  -29.568  59.789 0.0000000000
101383  24.978  -30.108  60.891 0.0000000000
33036  20.165  -36.157  62.308 0.0000000000
33057  20.384  -35.680  60.318 0.0000000000
33045  19.216  -35.843  61.243 0.0000000000
33071  17.941  -35.479  59.668 0.0000000000
33046  18.245  -35.798  61.206 0.0000000000
99158  29.582  -28.345  71.277 0.0000000000
107891  31.037  -28.095  71.284 0.0000000000
39773  32.230  -28.194  70.662 0.0000000000
37870  32.625  -29.065  70.351 0.0000000000
118803  33.224  -29.389  69.560 0.0000000000
37902  31.673  -29.031  69.551 0.0000000000
37982  26.425  -29.544  63.428 0.0000000000
38876  27.892  -28.871  64.022 0.0000000000
37998  26.953  -29.079  62.851 0.0000000000
38930  27.489  -28.668  61.466 0.0000000000
43612  44.453  -23.313  62.497 0.0000000000
43622  44.783  -23.832  61.737 0.0000000000
42684  43.493  -24.296  62.923 0.0000000000
51139  44.083  -14.734  56.059 0.0000000000
50252  43.782  -16.311  57.410 0.0000000000
51131  43.738  -15.226  57.201 0.0000000000
50213  43.307  -15.894  61.728 0.0000000000
49265  43.664  -16.858  61.593 0.0000000000
49275  42.846  -17.201  60.879 0.0000000000
98977  42.516  -18.877  59.635 0.0000000000
49285  42.351  -17.475  60.110 0.0000000000
44503  36.863  -22.571  60.002 0.0000000000
44512  37.615  -21.895  60.061 0.0000000000
44526  37.117  -21.806  59.109 0.0000000000
45392  36.782  -21.729  57.809 0.0000000000
44538  36.145  -22.335  57.757 0.0000000000
44539  35.699  -22.654  57.132 0.0000000000
99765  35.253  -23.321  57.560 0.0000000000
36133  35.756  -32.785  63.083 0.0000000000
34534  36.060  -33.482  62.432 0.0000000000
34535  35.314  -33.695  62.250 0.0000000000
53074  51.066  -13.414  48.317 0.0000000000
53042  49.984  -14.225  50.253 0.0000000000
36090  24.545  -31.436  66.281 0.0000000000
36100  24.083  -31.522  64.828 0.0000000000
36101  23.993  -31.676  65.710 0.0000000000
34482  22.060  -33.810  67.383 0.0000000000
100902  22.437  -33.367  65.602 0.0000000000
99920  21.895  -34.763  65.751 0.0000000000
33802  21.860  -35.105  63.976 0.0000000000
33005  21.553  -35.641  65.483 0.0000000000
37874  27.148  -29.518  70.593 0.0000000000
108915  27.916  -29.714  70.248 0.0000000000
36955  26.457  -30.035  70.341 0.0000000000
109910  24.482  -31.586  68.128 0.0000000000
108081  26.023  -30.963  68.297 0.0000000000
36081  25.134  -31.194  66.796 0.0000000000
37030  25.671  -30.816  66.315 0.0000000000
43543  38.990  -23.274  66.830 0.0000000000
103281  38.294  -21.801  67.448 0.0000000000
105072  39.475  -21.109  66.424 0.0000000000
46264  39.942  -21.249  66.034 0.0000000000
45308  39.735  -21.998  65.574 0.0000000000
42655  37.596  -24.578  63.411 0.0000000000
43600  38.262  -23.430  63.166 0.0000000000
42670  37.252  -24.208  62.680 0.0000000000
42686  36.968  -23.856  61.943 0.0000000000
42687  36.361  -24.294  61.538 0.0000000000
42702  35.616  -24.435  60.481 0.0000000000
41690  35.420  -25.542  61.383 0.0000000000
39864  35.012  -27.867  61.012 0.0000000000
39865  34.728  -26.958  61.081 0.0000000000
38943  34.946  -28.445  60.123 0.0000000000
39900  34.207  -28.099  58.629 0.0000000000
115705  34.667  -28.729  59.211 0.0000000000
36162  32.767  -31.908  60.475 0.0000000000
35307  33.008  -33.686  61.411 0.0000000000
102631  32.379  -32.861  60.635 0.0000000000
51172  50.428  -15.677  53.384 0.0000000000
51171  51.046  -16.232  53.024 0.0000000000
50294  51.029  -17.101  54.054 0.0000000000
47364  51.836  -19.266  54.362 0.0000000000
37169  28.374  -30.222  57.867 0.0000000000
37170  27.546  -30.468  57.377 0.0000000000
35311  23.189  -32.301  61.836 0.0000000000
36165  23.421  -31.713  60.286 0.0000000000
110743  22.671  -33.110  60.676 0.0000000000
33882  20.817  -35.082  57.512 0.0000000000
34615  21.807  -33.978  57.400 0.0000000000
39783  34.687  -28.323  69.521 0.0000000000
39795  34.285  -27.133  69.244 0.0000000000
38811  35.555  -28.440  69.081 0.0000000000
39792  36.943  -28.656  68.391 0.0000000000
38809  37.240  -29.477  68.260 0.0000000000
37006  38.493  -30.491  66.828 0.0000000000
36988  36.611  -30.500  68.149 0.0000000000
37932  34.765  -29.469  66.483 0.0000000000
37931  35.693  -30.122  66.847 0.0000000000
37944  34.960  -29.293  65.412 0.0000000000
37978  35.426  -29.901  64.195 0.0000000000
38854  34.200  -28.868  65.056 0.0000000000
37919  29.257  -29.219  67.993 0.0000000000
38828  30.526  -28.612  67.480 0.0000000000
38845  29.670  -28.597  66.379 0.0000000000
105374  29.912  -28.344  63.091 0.0000000000
99113  30.844  -28.279  64.243 0.0000000000
38890  31.465  -28.400  63.620 0.0000000000
38906  33.010  -28.600  63.133 0.0000000000
102344  31.807  -28.544  62.147 0.0000000000
38944  32.361  -28.956  60.857 0.0000000000
38926  31.704  -28.585  61.263 0.0000000000
38969  28.675  -28.667  59.316 0.0000000000
98335  30.037  -28.678  59.578 0.0000000000
38059  29.360  -29.306  58.695 0.0000000000
114088  45.256  -21.384  57.966 0.0000000000
44522  45.907  -22.711  58.745 0.0000000000
42714  45.708  -24.518  59.854 0.0000000000
31325  19.547  -37.686  68.059 0.0000000000
31361  19.332  -37.433  66.066 0.0000000000
31343  18.638  -37.782  66.806 0.0000000000
31347  14.518  -37.388  66.568 0.0000000000
31365  15.634  -37.442  65.582 0.0000000000
31382  16.719  -37.307  64.594 0.0000000000
32221  15.332  -36.950  64.048 0.0000000000
32256  15.782  -36.424  62.443 0.0000000000
104176  14.850  -36.686  63.431 0.0000000000
53025  49.355  -13.180  51.543 0.0000000000
112687  49.022  -15.314  53.935 0.0000000000
51162  48.310  -15.277  54.307 0.0000000000
112513  48.686  -15.908  55.376 0.0000000000
51148  48.343  -15.159  55.127 0.0000000000
50281  45.778  -15.875  55.374 0.0000000000
49328  46.450  -16.789  55.248 0.0000000000
110840  44.646  -18.219  55.323 0.0000000000
111486  44.491  -19.697  56.178 0.0000000000
47334  43.892  -19.190  56.019 0.0000000000
47292  44.401  -19.362  58.480 0.0000000000
100057  44.723  -20.062  59.175 0.0000000000
112799  45.251  -20.933  61.076 0.0000000000
46314  45.346  -20.222  61.155 0.0000000000
51102  44.675  -14.950  60.110 0.0000000000
50235  45.113  -16.513  59.866 0.0000000000
50223  45.518  -16.608  60.805 0.0000000000
47252  44.172  -19.446  62.103 0.0000000000
47241  44.939  -19.180  62.107 0.0000000000
46302  43.775  -20.246  62.228 0.0000000000
110635  44.332  -20.792  62.439 0.0000000000
45354  42.974  -21.232  61.194 0.0000000000
109429  42.902  -21.900  60.804 0.0000000000
45364  42.828  -21.375  60.084 0.0000000000
46342  42.457  -20.499  58.202 0.0000000000
44535  42.421  -21.927  57.915 0.0000000000
106028  41.925  -21.673  57.388 0.0000000000
44546  41.240  -21.796  56.880 0.0000000000
51063  40.666  -15.084  62.776 0.0000000000
46287  39.751  -20.311  63.902 0.0000000000
48230  40.339  -18.716  64.927 0.0000000000
47227  39.667  -19.489  63.411 0.0000000000
47271  38.858  -19.792  60.520 0.0000000000
47270  39.057  -18.844  60.789 0.0000000000
114837  39.245  -18.425  60.108 0.0000000000
49278  40.075  -17.164  60.453 0.0000000000
48301  39.424  -18.567  59.448 0.0000000000
48311  40.501  -18.521  58.458 0.0000000000
47296  39.360  -19.339  58.296 0.0000000000
45426  37.778  -21.436  56.318 0.0000000000
46382  38.866  -20.729  56.617 0.0000000000
44566  38.229  -22.542  55.665 0.0000000000
43676  38.671  -23.128  55.796 0.0000000000
43690  37.883  -23.288  55.557 0.0000000000
43691  37.113  -23.398  55.368 0.0000000000
42787  35.359  -23.717  55.276 0.0000000000
42802  35.380  -24.210  54.559 0.0000000000
111013  34.303  -25.270  58.403 0.0000000000
43661  34.490  -24.362  57.558 0.0000000000
115047  33.694  -25.633  57.132 0.0000000000
41772  32.773  -26.086  55.317 0.0000000000
36108  38.322  -32.046  64.426 0.0000000000
37994  37.707  -30.650  63.332 0.0000000000
37089  37.729  -31.647  63.134 0.0000000000
35352  35.435  -32.106  60.108 0.0000000000
36160  36.087  -31.698  60.627 0.0000000000
36177  35.161  -31.218  59.470 0.0000000000
37136  34.940  -30.471  59.112 0.0000000000
36195  34.603  -31.083  58.901 0.0000000000
33843  33.772  -34.518  61.101 0.0000000000
33855  34.179  -34.458  60.973 0.0000000000
34589  33.223  -34.243  59.692 0.0000000000
115682  31.543  -32.921  57.511 0.0000000000
36219  32.056  -31.692  57.251 0.0000000000
50325  52.317  -16.862  51.731 0.0000000000
50335  51.961  -16.716  50.864 0.0000000000
45402  49.123  -21.800  57.525 0.0000000000
36076  23.789  -31.809  68.547 0.0000000000
35258  23.178  -32.411  66.787 0.0000000000
35251  23.132  -32.229  68.489 0.0000000000
117920  22.340  -33.117  67.811 0.0000000000
33737  21.745  -34.533  68.207 0.0000000000
36075  24.337  -31.401  69.391 0.0000000000
42581  36.420  -24.708  67.699 0.0000000000
115925  37.061  -23.866  67.885 0.0000000000
104482  38.085  -25.442  67.385 0.0000000000
103862  38.968  -24.138  66.878 0.0000000000
43542  39.482  -23.831  66.237 0.0000000000
43574  39.526  -23.441  65.649 0.0000000000
42633  38.981  -24.923  65.045 0.0000000000
41658  37.920  -25.782  64.298 0.0000000000
41669  36.688  -25.975  63.269 0.0000000000
41678  35.697  -25.856  62.135 0.0000000000
40734  36.237  -26.824  62.918 0.0000000000
39853  35.797  -27.551  62.449 0.0000000000
38904  36.210  -28.442  62.553 0.0000000000
35355  30.710  -31.960  59.657 0.0000000000
106334  31.790  -33.606  60.554 0.0000000000
34574  30.146  -33.644  60.195 0.0000000000
49325  49.973  -17.226  54.916 0.0000000000
49347  50.540  -17.189  54.528 0.0000000000
48340  49.788  -18.404  55.124 0.0000000000
103361  50.629  -19.253  55.149 0.0000000000
38044  27.412  -29.024  58.927 0.0000000000
38081  27.051  -29.942  57.411 0.0000000000
38063  26.092  -29.550  58.767 0.0000000000
37154  24.839  -30.321  58.465 0.0000000000
36222  24.375  -30.826  57.798 0.0000000000
33836  22.116  -34.385  61.608 0.0000000000
34578  22.305  -33.845  60.420 0.0000000000
33850  21.659  -35.068  60.434 0.0000000000
33068  20.472  -35.566  59.334 0.0000000000
100259  17.399  -35.437  59.006 0.0000000000
39772  33.130  -28.485  70.444 0.0000000000
37883  35.055  -29.673  69.309 0.0000000000
36990  35.482  -30.190  68.492 0.0000000000
37900  33.976  -29.571  69.192 0.0000000000
37917  33.948  -29.506  68.218 0.0000000000
38825  33.390  -28.993  67.456 0.0000000000
37946  28.236  -29.165  65.754 0.0000000000
38846  28.975  -28.860  66.056 0.0000000000
37964  28.081  -29.016  64.880 0.0000000000
38892  29.286  -28.397  63.704 0.0000000000
38910  29.123  -28.413  62.768 0.0000000000
115537  30.344  -28.451  61.040 0.0000000000
104601  28.882  -28.457  61.784 0.0000000000
38949  27.667  -28.654  60.568 0.0000000000
44510  45.021  -22.236  59.850 0.0000000000
44509  45.313  -22.919  59.598 0.0000000000
43634  45.136  -23.447  60.501 0.0000000000
42699  44.629  -24.721  61.895 0.0000000000
31329  13.607  -37.248  67.594 0.0000000000
31367  13.772  -37.031  65.830 0.0000000000
32223  13.165  -36.597  64.250 0.0000000000
32208  12.048  -36.685  65.254 0.0000000000
50266  43.944  -16.829  55.813 0.0000000000
48332  43.563  -18.402  56.027 0.0000000000
49312  43.573  -17.550  56.129 0.0000000000
48309  44.626  -18.386  58.891 0.0000000000
51073  44.946  -15.409  61.531 0.0000000000
49262  45.409  -16.764  61.328 0.0000000000
49264  44.640  -17.399  61.767 0.0000000000
48278  43.751  -17.840  61.566 0.0000000000
47269  42.951  -19.155  60.715 0.0000000000
46315  42.869  -20.580  60.464 0.0000000000
102624  42.716  -19.805  59.911 0.0000000000
47282  42.444  -19.628  58.793 0.0000000000
47311  42.167  -19.831  57.976 0.0000000000
101137  38.601  -21.655  61.860 0.0000000000
46296  38.983  -20.861  62.168 0.0000000000
45355  38.462  -21.323  61.018 0.0000000000
46316  38.603  -20.640  60.323 0.0000000000
45374  38.379  -20.661  59.330 0.0000000000
47315  38.964  -19.877  57.839 0.0000000000
46366  37.977  -20.756  57.767 0.0000000000
45409  37.488  -21.210  57.250 0.0000000000
44550  36.781  -22.220  55.955 0.0000000000
44568  36.567  -22.882  55.549 0.0000000000
44552  35.922  -22.674  56.082 0.0000000000
43677  35.348  -23.331  55.828 0.0000000000
43678  34.722  -23.775  56.180 0.0000000000
39917  33.522  -27.120  57.565 0.0000000000
40801  33.489  -26.361  57.118 0.0000000000
39928  33.136  -27.184  56.829 0.0000000000
39033  31.996  -27.554  55.639 0.0000000000
39954  31.154  -27.355  54.389 0.0000000000
35280  37.183  -32.775  63.890 0.0000000000
115045  37.266  -32.877  62.890 0.0000000000
110297  36.722  -33.165  62.997 0.0000000000
34550  36.165  -33.491  61.898 0.0000000000
35330  35.292  -33.264  60.692 0.0000000000
34601  31.831  -34.065  58.406 0.0000000000
109729  31.189  -34.577  57.854 0.0000000000
53956  50.923  -12.205  48.185 0.0000000000
53073  51.871  -14.101  48.013 0.0000000000
52122  51.661  -15.234  48.382 0.0000000000
37080  25.316  -30.398  63.541 0.0000000000
37094  24.654  -30.627  62.209 0.0000000000
36123  24.286  -31.200  63.503 0.0000000000
36124  23.718  -31.611  63.129 0.0000000000
35285  22.812  -32.782  63.254 0.0000000000
35259  22.748  -32.820  66.144 0.0000000000
34497  22.475  -33.350  64.738 0.0000000000
34522  22.455  -33.548  62.861 0.0000000000
33817  21.717  -35.257  62.970 0.0000000000
99972  21.198  -35.978  62.904 0.0000000000
32237  19.983  -36.455  63.107 0.0000000000
37861  29.266  -28.980  70.930 0.0000000000
37887  30.299  -29.186  70.078 0.0000000000
110070  29.416  -29.431  70.172 0.0000000000
37905  28.615  -29.702  68.704 0.0000000000
37906  27.789  -30.113  68.295 0.0000000000
36992  26.607  -30.671  68.739 0.0000000000
36991  27.126  -30.481  68.302 0.0000000000
37921  27.771  -29.838  67.243 0.0000000000
37936  26.928  -30.048  66.033 0.0000000000
37065  26.011  -30.184  64.817 0.0000000000
43614  43.057  -23.463  62.204 0.0000000000
115953  42.975  -25.031  62.637 0.0000000000
42700  42.667  -25.261  61.627 0.0000000000
52057  43.600  -14.541  58.128 0.0000000000
52004  44.484  -14.300  61.004 0.0000000000
51074  44.155  -14.847  61.784 0.0000000000
50201  43.747  -15.380  61.854 0.0000000000
51075  42.665  -14.935  62.086 0.0000000000
46277  39.847  -20.787  64.757 0.0000000000
45331  39.327  -21.660  63.568 0.0000000000
44464  39.157  -23.023  64.197 0.0000000000
44473  38.812  -22.888  63.495 0.0000000000
109500  38.637  -22.106  62.433 0.0000000000
44491  37.876  -22.667  61.791 0.0000000000
43624  36.938  -22.995  60.841 0.0000000000
43636  36.160  -23.121  59.614 0.0000000000
99311  35.567  -23.562  59.155 0.0000000000
111817  35.225  -24.508  59.719 0.0000000000
42717  34.613  -25.073  59.034 0.0000000000
41717  34.354  -25.858  59.414 0.0000000000
40756  34.849  -26.102  60.925 0.0000000000
40774  34.307  -26.739  59.689 0.0000000000
40786  34.069  -26.399  58.797 0.0000000000
105829  33.871  -27.171  58.309 0.0000000000
112339  33.581  -28.508  57.646 0.0000000000
38078  33.599  -29.316  57.674 0.0000000000
36145  33.870  -31.684  61.524 0.0000000000
34536  34.510  -33.749  62.090 0.0000000000
35306  33.689  -33.516  61.774 0.0000000000
115806  33.465  -34.062  61.582 0.0000000000
33844  32.920  -34.623  60.845 0.0000000000
33845  31.814  -34.971  60.517 0.0000000000
33050  31.778  -35.262  60.248 0.0000000000
52103  50.306  -14.399  52.141 0.0000000000
51195  50.844  -15.403  51.508 0.0000000000
51183  51.259  -16.163  52.332 0.0000000000
50312  51.945  -16.793  52.550 0.0000000000
49373  52.506  -17.827  52.500 0.0000000000
49346  51.235  -17.881  54.306 0.0000000000
49344  52.195  -18.457  53.554 0.0000000000
36164  23.982  -31.027  60.834 0.0000000000
36184  23.554  -31.460  59.305 0.0000000000
35378  23.123  -31.993  57.881 0.0000000000
34604  22.240  -33.572  58.929 0.0000000000
35394  22.657  -32.616  57.404 0.0000000000
42582  35.543  -25.026  67.787 0.0000000000
40698  37.068  -26.681  67.755 0.0000000000
39805  38.417  -28.335  67.387 0.0000000000
113530  39.352  -28.744  66.102 0.0000000000
37960  39.062  -29.542  65.488 0.0000000000
99914  38.904  -30.496  66.193 0.0000000000
37043  38.643  -31.239  65.574 0.0000000000
36098  38.305  -31.719  65.184 0.0000000000
37027  36.623  -30.626  67.134 0.0000000000
37045  37.371  -31.039  66.129 0.0000000000
36110  37.347  -32.371  64.358 0.0000000000
36111  36.665  -32.023  64.317 0.0000000000
113731  35.616  -31.136  63.597 0.0000000000
37091  34.810  -30.936  62.587 0.0000000000
38813  30.976  -28.781  68.641 0.0000000000
38827  31.419  -28.607  67.541 0.0000000000
115243  32.059  -28.402  65.911 0.0000000000
38857  30.407  -28.328  65.853 0.0000000000
98932  31.857  -28.321  65.235 0.0000000000
38871  33.331  -28.582  64.751 0.0000000000
38888  33.292  -28.570  63.916 0.0000000000
37996  34.450  -29.775  62.806 0.0000000000
37092  34.049  -30.113  62.001 0.0000000000
38014  33.522  -30.054  61.324 0.0000000000
107861  32.930  -29.791  60.769 0.0000000000
37121  31.780  -30.472  59.698 0.0000000000
38946  30.730  -28.579  60.083 0.0000000000
38966  31.206  -29.013  59.750 0.0000000000
116500  31.115  -30.182  59.438 0.0000000000
36179  30.286  -31.056  59.460 0.0000000000
46377  47.018  -20.433  56.626 0.0000000000
46376  48.029  -20.520  56.571 0.0000000000
45404  47.141  -21.561  57.748 0.0000000000
43647  45.822  -23.365  59.226 0.0000000000
43646  46.658  -23.348  58.986 0.0000000000
41687  43.390  -25.424  62.913 0.0000000000
34465  20.701  -32.854  70.893 0.0000000000
33720  21.215  -34.760  70.039 0.0000000000
32968  21.479  -35.212  69.071 0.0000000000
32172  20.902  -36.908  68.715 0.0000000000
32191  21.233  -36.373  67.091 0.0000000000
111983  20.785  -36.728  65.722 0.0000000000
32217  19.406  -36.976  64.463 0.0000000000
108078  18.683  -36.887  63.751 0.0000000000
98607  17.252  -37.987  67.327 0.0000000000
31363  17.434  -37.680  65.754 0.0000000000
113767  17.488  -37.261  64.465 0.0000000000
32254  17.561  -36.454  62.542 0.0000000000
32267  17.015  -36.199  61.906 0.0000000000
111696  49.380  -13.217  51.548 0.0000000000
52104  49.773  -13.719  51.893 0.0000000000
52091  50.181  -14.936  53.105 0.0000000000
116709  50.082  -15.467  53.591 0.0000000000
116408  49.424  -14.304  52.459 0.0000000000
51173  49.588  -15.406  53.865 0.0000000000
107888  49.833  -15.904  54.863 0.0000000000
50278  49.524  -16.229  55.159 0.0000000000
108010  48.010  -17.680  55.258 0.0000000000
48342  47.471  -18.388  55.214 0.0000000000
108017  47.291  -16.331  55.383 0.0000000000
48343  46.352  -18.171  55.105 0.0000000000
47349  46.915  -19.174  55.408 0.0000000000
46378  45.920  -20.429  56.612 0.0000000000
46359  45.378  -20.903  57.356 0.0000000000
46360  44.735  -20.971  57.956 0.0000000000
115678  44.025  -19.497  57.536 0.0000000000
98520  44.392  -20.232  57.975 0.0000000000
45372  44.951  -21.538  59.349 0.0000000000
45363  45.036  -21.597  60.409 0.0000000000
109657  44.949  -22.246  61.859 0.0000000000
44480  44.291  -22.350  62.602 0.0000000000
51117  43.960  -15.430  58.357 0.0000000000
49294  44.868  -17.409  59.321 0.0000000000
48297  45.378  -18.149  60.168 0.0000000000
49263  45.299  -17.387  61.499 0.0000000000
47267  45.409  -18.976  61.606 0.0000000000
114867  45.474  -19.507  61.255 0.0000000000
112403  44.882  -20.488  62.168 0.0000000000
45342  44.163  -21.714  62.620 0.0000000000
44489  43.267  -22.629  62.273 0.0000000000
44500  42.891  -22.702  61.184 0.0000000000
105547  42.715  -23.070  60.123 0.0000000000
45373  42.730  -21.565  59.231 0.0000000000
44525  42.357  -22.794  58.273 0.0000000000
112486  42.516  -14.244  62.532 0.0000000000
108299  42.065  -15.629  61.439 0.0000000000
49238  40.077  -17.064  63.777 0.0000000000
47242  39.383  -19.387  62.496 0.0000000000
48263  39.506  -18.061  62.446 0.0000000000
110469  39.925  -16.349  62.957 0.0000000000
50215  40.225  -16.142  61.615 0.0000000000
50227  40.588  -16.404  60.870 0.0000000000
49277  41.121  -16.837  60.148 0.0000000000
48299  41.546  -17.925  59.018 0.0000000000
48323  40.969  -18.885  57.874 0.0000000000
46362  41.079  -20.271  56.888 0.0000000000
46364  39.287  -20.153  57.032 0.0000000000
46363  40.142  -20.076  56.808 0.0000000000
45423  40.506  -21.556  56.500 0.0000000000
44548  39.983  -22.204  56.299 0.0000000000
42801  36.293  -24.285  54.606 0.0000000000
108040  36.484  -24.975  54.286 0.0000000000
107025  34.823  -23.923  57.942 0.0000000000
42771  34.313  -24.409  56.867 0.0000000000
42789  33.939  -24.721  55.198 0.0000000000
107456  33.212  -25.784  55.810 0.0000000000
41771  33.285  -25.387  55.049 0.0000000000
37976  37.871  -29.789  63.963 0.0000000000
114200  36.638  -29.160  62.732 0.0000000000
38924  36.316  -29.408  62.000 0.0000000000
37103  36.875  -31.281  61.765 0.0000000000
38027  36.370  -30.245  61.358 0.0000000000
38964  35.453  -29.304  60.370 0.0000000000
38057  34.755  -29.632  58.934 0.0000000000
38058  34.195  -29.553  58.288 0.0000000000
37168  33.127  -30.104  57.380 0.0000000000
34552  34.737  -34.026  61.787 0.0000000000
34588  34.585  -33.757  60.518 0.0000000000
104308  34.231  -32.522  59.317 0.0000000000
34600  32.590  -33.645  58.754 0.0000000000
35375  33.605  -32.466  58.770 0.0000000000
35374  34.133  -31.728  58.769 0.0000000000
36197  33.364  -31.611  58.144 0.0000000000
36218  32.771  -31.061  57.396 0.0000000000
51207  51.220  -15.672  50.426 0.0000000000
51218  51.642  -15.870  49.335 0.0000000000
51228  51.719  -15.860  48.642 0.0000000000
46375  49.028  -20.631  56.482 0.0000000000
101869  39.459  -28.069  65.996 0.0000000000
39824  39.404  -27.243  65.865 0.0000000000
109125  38.979  -26.976  65.309 0.0000000000
38869  38.709  -28.716  65.035 0.0000000000
37105  25.233  -30.067  61.734 0.0000000000
115224  19.560  -36.035  61.850 0.0000000000
32265  18.764  -36.049  61.859 0.0000000000
38791  30.199  -28.766  71.000 0.0000000000
38778  30.393  -28.180  71.338 0.0000000000
115577  30.848  -28.540  71.061 0.0000000000
38777  31.335  -28.539  70.832 0.0000000000
109399  31.607  -28.845  70.459 0.0000000000
37886  32.145  -29.163  70.111 0.0000000000
111589  31.268  -29.022  70.128 0.0000000000
37999  26.246  -29.445  62.578 0.0000000000
38931  26.725  -28.978  61.878 0.0000000000
43599  44.169  -22.938  62.710 0.0000000000
42668  44.023  -23.551  62.809 0.0000000000
49276  42.061  -16.821  60.275 0.0000000000
44527  36.357  -22.464  58.815 0.0000000000
43650  35.682  -22.916  58.258 0.0000000000
35292  35.140  -33.298  62.527 0.0000000000
112867  49.125  -12.675  50.074 0.0000000000
36091  23.854  -31.849  66.556 0.0000000000
33767  21.967  -34.369  66.533 0.0000000000
38792  26.340  -28.780  70.674 0.0000000000
113362  25.171  -31.319  67.660 0.0000000000
44439  38.957  -22.402  66.872 0.0000000000
45296  38.956  -21.547  66.870 0.0000000000
100345  39.547  -22.037  66.293 0.0000000000
44450  39.734  -22.877  65.995 0.0000000000
41676  36.891  -24.983  63.067 0.0000000000
42671  36.618  -24.603  62.280 0.0000000000
41689  35.975  -25.024  61.880 0.0000000000
50304  50.706  -16.398  53.731 0.0000000000
38060  28.625  -29.567  58.251 0.0000000000
38080  27.836  -29.745  57.793 0.0000000000
35312  22.752  -32.979  61.493 0.0000000000
35337  23.062  -32.369  60.955 0.0000000000
33881  21.335  -34.496  56.956 0.0000000000
38799  35.321  -29.110  69.357 0.0000000000
38810  36.066  -28.953  68.911 0.0000000000
106054  36.542  -29.548  68.599 0.0000000000
36987  37.112  -30.183  68.206 0.0000000000
37897  36.230  -30.092  68.596 0.0000000000
37933  33.837  -28.930  66.548 0.0000000000
38830  29.076  -28.982  66.990 0.0000000000
38829  29.773  -28.727  67.285 0.0000000000
111425  30.670  -28.359  63.408 0.0000000000
38908  31.241  -28.453  62.789 0.0000000000
38907  32.070  -28.494  62.982 0.0000000000
104730  30.949  -28.458  61.838 0.0000000000
38986  28.204  -28.851  58.863 0.0000000000
38985  28.770  -28.998  58.652 0.0000000000
45388  45.578  -21.888  58.364 0.0000000000
31303  19.531  -37.615  69.348 0.0000000000
107054  18.795  -37.953  68.634 0.0000000000
116462  18.906  -37.867  67.633 0.0000000000
31326  18.069  -38.013  67.774 0.0000000000
31366  14.738  -37.256  65.688 0.0000000000
100893  15.352  -37.555  66.410 0.0000000000
31383  15.921  -37.262  64.747 0.0000000000
31384  15.019  -37.092  64.836 0.0000000000
32222  14.280  -36.704  64.002 0.0000000000
53026  48.841  -13.201  51.494 0.0000000000
51186  47.788  -15.482  52.338 0.0000000000
113286  48.056  -15.010  55.022 0.0000000000
49329  45.295  -17.393  55.247 0.0000000000
47351  44.676  -19.086  55.532 0.0000000000
48345  44.005  -18.419  55.583 0.0000000000
98825  45.269  -19.757  60.360 0.0000000000
51088  45.192  -15.733  60.476 0.0000000000
50224  45.331  -15.959  61.211 0.0000000000
47253  43.409  -19.673  61.640 0.0000000000
46361  41.946  -20.377  57.503 0.0000000000
45406  42.303  -21.136  57.691 0.0000000000
50191  40.208  -15.592  63.135 0.0000000000
46295  39.339  -20.162  62.840 0.0000000000
47283  38.948  -19.060  59.908 0.0000000000
48312  39.702  -18.746  58.698 0.0000000000
112540  37.432  -21.902  55.902 0.0000000000
45445  38.123  -21.954  55.724 0.0000000000
41739  34.077  -25.115  57.621 0.0000000000
41740  33.778  -25.862  57.649 0.0000000000
37077  38.248  -31.811  63.932 0.0000000000
36131  37.687  -32.402  63.438 0.0000000000
36176  35.609  -31.261  59.982 0.0000000000
33856  33.470  -34.550  60.716 0.0000000000
49389  52.479  -17.457  51.871 0.0000000000
49390  52.274  -17.111  50.998 0.0000000000
35245  23.401  -31.815  69.427 0.0000000000
106024  22.440  -32.736  68.605 0.0000000000
34476  21.922  -33.573  68.680 0.0000000000
36067  23.563  -31.259  70.385 0.0000000000
41630  37.348  -25.871  67.551 0.0000000000
42602  37.225  -24.988  67.519 0.0000000000
41640  39.160  -25.588  66.697 0.0000000000
42619  39.266  -24.873  66.454 0.0000000000
42618  39.479  -24.869  65.931 0.0000000000
41649  39.215  -25.652  65.530 0.0000000000
40720  38.273  -26.541  64.648 0.0000000000
41668  37.419  -25.431  63.714 0.0000000000
40728  36.894  -26.958  63.551 0.0000000000
39845  36.459  -27.678  63.094 0.0000000000
35333  30.915  -33.066  59.899 0.0000000000
117951  49.932  -19.434  55.444 0.0000000000
47328  50.644  -20.242  55.646 0.0000000000
38971  27.125  -28.914  59.974 0.0000000000
38045  26.593  -29.264  59.403 0.0000000000
37122  25.121  -29.993  60.106 0.0000000000
37140  25.308  -29.895  59.108 0.0000000000
36200  24.137  -30.838  58.887 0.0000000000
33826  21.777  -35.115  62.017 0.0000000000
33837  21.712  -35.089  61.201 0.0000000000
118341  20.065  -35.646  59.722 0.0000000000
110643  20.659  -35.368  58.445 0.0000000000
100872  19.831  -35.525  58.551 0.0000000000
33081  19.117  -35.396  57.876 0.0000000000
33082  18.984  -35.456  58.630 0.0000000000
33060  17.667  -35.610  60.488 0.0000000000
33084  16.659  -35.444  58.666 0.0000000000
33061  16.187  -35.607  60.148 0.0000000000
40655  31.644  -27.093  70.832 0.0000000000
101607  32.670  -28.780  70.506 0.0000000000
38788  33.325  -29.024  70.343 0.0000000000
38787  33.874  -28.788  70.068 0.0000000000
112081  33.863  -29.174  69.964 0.0000000000
101355  34.275  -29.470  69.534 0.0000000000
37901  32.547  -29.235  69.503 0.0000000000
37918  33.083  -29.257  68.616 0.0000000000
38826  32.412  -28.723  67.531 0.0000000000
37947  27.478  -29.497  65.462 0.0000000000
38894  27.699  -28.781  63.164 0.0000000000
38893  28.487  -28.558  63.432 0.0000000000
110353  28.086  -28.553  61.857 0.0000000000
38950  26.899  -28.869  60.931 0.0000000000
38970  27.910  -28.700  59.615 0.0000000000
114025  45.073  -22.779  60.387 0.0000000000
42683  44.165  -24.100  62.629 0.0000000000
98972  12.794  -36.990  67.295 0.0000000000
31348  13.487  -37.131  66.744 0.0000000000
31368  12.758  -36.856  65.910 0.0000000000
31349  11.861  -36.817  66.008 0.0000000000
50253  43.718  -16.781  56.408 0.0000000000
49302  43.641  -17.261  56.917 0.0000000000
102248  44.484  -15.705  61.745 0.0000000000
112112  45.041  -16.415  61.696 0.0000000000
47268  43.622  -18.780  61.559 0.0000000000
47293  41.793  -19.094  58.167 0.0000000000
44501  38.144  -22.056  61.364 0.0000000000
118605  38.730  -21.109  61.552 0.0000000000
103870  38.005  -21.838  60.701 0.0000000000
45365  38.198  -21.318  60.132 0.0000000000
46344  38.037  -20.889  58.647 0.0000000000
45427  37.045  -21.661  56.574 0.0000000000
118223  34.989  -23.691  55.657 0.0000000000
39944  31.679  -27.022  54.975 0.0000000000
39050  31.304  -27.793  55.158 0.0000000000
35290  37.330  -32.800  63.602 0.0000000000
35329  35.980  -32.761  61.073 0.0000000000
34570  35.584  -33.606  61.484 0.0000000000
37066  25.382  -30.549  64.379 0.0000000000
109813  24.832  -30.872  63.910 0.0000000000
36113  23.899  -31.658  63.969 0.0000000000
35284  23.321  -32.160  63.636 0.0000000000
33783  22.154  -34.089  65.207 0.0000000000
34507  22.481  -33.448  63.813 0.0000000000
33816  22.137  -34.311  63.390 0.0000000000
33015  21.483  -35.746  64.573 0.0000000000
33025  21.387  -35.848  63.691 0.0000000000
33026  20.808  -36.298  63.457 0.0000000000
113439  20.670  -36.216  62.801 0.0000000000
37863  27.482  -29.041  70.968 0.0000000000
38780  27.851  -28.547  71.039 0.0000000000
37862  28.296  -29.060  71.004 0.0000000000
38779  28.693  -28.445  71.172 0.0000000000
37873  28.787  -29.372  70.532 0.0000000000
37889  27.912  -30.040  69.388 0.0000000000
36972  25.780  -30.470  70.136 0.0000000000
36993  25.922  -30.790  69.267 0.0000000000
37011  26.648  -30.656  67.713 0.0000000000
37010  27.288  -30.296  67.688 0.0000000000
37028  27.098  -30.173  66.935 0.0000000000
37048  25.386  -30.732  65.352 0.0000000000
37047  26.199  -30.391  65.713 0.0000000000
37967  25.926  -30.066  63.935 0.0000000000
42685  42.873  -24.394  61.997 0.0000000000
109316  44.641  -14.691  61.369 0.0000000000
52005  43.964  -14.050  61.509 0.0000000000
113054  43.497  -14.121  62.014 0.0000000000
111967  39.860  -21.208  65.416 0.0000000000
45320  39.626  -21.630  64.568 0.0000000000
107638  39.635  -21.086  63.957 0.0000000000
43575  39.169  -23.521  64.753 0.0000000000
43588  38.767  -23.516  63.930 0.0000000000
45332  38.899  -22.230  63.128 0.0000000000
44481  38.342  -22.732  62.596 0.0000000000
44490  38.312  -22.257  61.989 0.0000000000
43616  36.675  -23.596  61.195 0.0000000000
43615  37.290  -23.151  61.520 0.0000000000
43625  36.439  -23.354  60.433 0.0000000000
43637  35.806  -23.783  60.092 0.0000000000
41716  34.742  -25.337  59.787 0.0000000000
40745  35.211  -26.403  61.626 0.0000000000
99538  34.577  -27.390  60.344 0.0000000000
40757  34.547  -26.623  60.455 0.0000000000
38984  33.980  -28.752  58.110 0.0000000000
103039  33.643  -32.546  61.575 0.0000000000
34573  31.269  -34.233  60.450 0.0000000000
114439  50.374  -14.732  52.613 0.0000000000
52097  50.752  -15.301  52.302 0.0000000000
50302  52.277  -17.360  52.744 0.0000000000
48352  51.854  -18.550  54.091 0.0000000000
38082  26.530  -29.668  57.869 0.0000000000
36135  24.161  -31.116  62.660 0.0000000000
37106  24.559  -30.554  61.308 0.0000000000
36146  24.090  -31.092  61.758 0.0000000000
118083  23.130  -32.093  59.573 0.0000000000
36201  23.658  -31.396  58.360 0.0000000000
35360  23.088  -32.029  58.815 0.0000000000
113331  22.099  -34.123  59.700 0.0000000000
34614  22.224  -33.394  57.905 0.0000000000
34624  22.233  -33.251  56.928 0.0000000000
40681  33.360  -26.726  69.650 0.0000000000
39794  35.312  -27.429  68.732 0.0000000000
41603  33.901  -25.823  68.955 0.0000000000
112527  34.684  -26.427  68.562 0.0000000000
103756  35.373  -26.212  67.942 0.0000000000
41617  36.406  -25.795  67.641 0.0000000000
38824  37.749  -28.909  67.864 0.0000000000
39806  37.669  -28.016  67.798 0.0000000000
38841  38.972  -28.752  66.875 0.0000000000
37929  39.198  -29.022  66.382 0.0000000000
37942  39.227  -29.574  66.051 0.0000000000
37930  38.896  -29.699  66.704 0.0000000000
37025  37.990  -30.867  66.932 0.0000000000
109709  38.519  -30.934  66.346 0.0000000000
37044  38.114  -31.237  66.075 0.0000000000
37009  36.216  -30.538  68.010 0.0000000000
37915  35.776  -30.365  67.712 0.0000000000
37046  36.417  -30.323  65.944 0.0000000000
36099  37.807  -31.751  65.228 0.0000000000
37078  35.421  -30.368  63.737 0.0000000000
36122  35.414  -31.698  63.163 0.0000000000
37079  35.133  -30.546  63.202 0.0000000000
106499  30.310  -29.067  69.242 0.0000000000
37903  30.913  -28.980  69.651 0.0000000000
38843  31.789  -28.475  66.631 0.0000000000
38858  29.595  -28.483  65.480 0.0000000000
100859  30.228  -28.271  64.874 0.0000000000
99820  31.666  -28.336  64.448 0.0000000000
38873  31.033  -28.222  65.087 0.0000000000
38872  32.492  -28.426  64.678 0.0000000000
38855  32.694  -28.463  65.444 0.0000000000
116223  32.889  -28.490  64.304 0.0000000000
37104  33.888  -30.756  61.551 0.0000000000
38029  32.064  -29.532  60.087 0.0000000000
37120  32.683  -30.790  60.313 0.0000000000
38928  29.576  -28.443  61.224 0.0000000000
38947  29.839  -28.450  60.377 0.0000000000
38043  30.034  -29.051  59.127 0.0000000000
38967  30.558  -28.870  59.561 0.0000000000
38042  30.691  -29.463  59.372 0.0000000000
37137  30.526  -30.268  59.259 0.0000000000
44521  47.169  -22.713  58.613 0.0000000000
43632  46.213  -23.931  59.415 0.0000000000
43631  47.180  -23.940  59.278 0.0000000000
41688  42.934  -25.788  62.487 0.0000000000
108737  20.926  -32.075  71.121 0.0000000000
33706  20.746  -33.965  70.637 0.0000000000
32954  21.080  -35.690  69.920 0.0000000000
32181  21.197  -36.457  68.020 0.0000000000
32182  20.827  -36.973  67.686 0.0000000000
32192  20.724  -36.951  66.592 0.0000000000
32204  19.682  -37.132  65.298 0.0000000000
32218  18.355  -37.174  64.440 0.0000000000
31346  15.808  -37.739  67.011 0.0000000000
31327  15.840  -37.777  67.744 0.0000000000
98814  16.504  -37.871  67.375 0.0000000000
112552  16.428  -37.862  68.313 0.0000000000
31344  17.753  -37.878  66.637 0.0000000000
31345  16.925  -37.853  66.470 0.0000000000
32219  16.975  -37.010  63.875 0.0000000000
106409  17.803  -36.982  63.796 0.0000000000
32240  17.265  -36.739  63.192 0.0000000000
32255  16.720  -36.477  62.554 0.0000000000
32244  13.246  -36.473  63.350 0.0000000000
108247  48.881  -11.916  50.874 0.0000000000
52098  50.060  -14.301  52.463 0.0000000000
52105  48.971  -14.078  51.971 0.0000000000
51185  48.774  -14.852  52.555 0.0000000000
51160  49.484  -15.564  54.680 0.0000000000
51149  47.326  -14.903  55.010 0.0000000000
50280  46.839  -15.473  55.309 0.0000000000
47332  46.432  -19.853  55.975 0.0000000000
46379  44.891  -20.265  56.707 0.0000000000
47310  43.711  -19.046  56.760 0.0000000000
46341  44.757  -20.865  58.761 0.0000000000
45352  45.073  -21.521  61.630 0.0000000000
45341  44.693  -21.934  62.312 0.0000000000
48296  45.636  -17.719  60.784 0.0000000000
108108  45.198  -19.827  61.872 0.0000000000
45353  43.498  -21.197  62.157 0.0000000000
109761  43.500  -22.021  62.402 0.0000000000
44488  43.815  -22.497  62.713 0.0000000000
43635  42.530  -23.772  59.711 0.0000000000
102147  42.627  -22.959  59.164 0.0000000000
44524  42.640  -22.140  58.748 0.0000000000
111456  41.683  -14.455  62.718 0.0000000000
51076  41.386  -15.188  62.087 0.0000000000
50214  40.991  -15.761  61.358 0.0000000000
48231  39.960  -18.744  63.910 0.0000000000
48248  40.238  -17.922  64.430 0.0000000000
48249  39.810  -17.981  63.359 0.0000000000
46305  38.833  -20.500  61.244 0.0000000000
46304  39.144  -19.966  61.932 0.0000000000
48279  39.285  -18.173  61.556 0.0000000000
114709  39.473  -17.464  61.971 0.0000000000
49239  39.681  -17.248  62.705 0.0000000000
49251  39.698  -16.697  62.002 0.0000000000
49286  41.749  -17.384  59.658 0.0000000000
47312  41.475  -19.611  57.546 0.0000000000
47313  40.587  -19.486  57.374 0.0000000000
46365  38.574  -20.408  57.375 0.0000000000
118007  39.198  -21.269  56.216 0.0000000000
46381  39.609  -20.711  56.522 0.0000000000
46380  40.372  -20.808  56.545 0.0000000000
43692  36.425  -23.623  55.163 0.0000000000
114748  35.868  -23.771  54.944 0.0000000000
41787  35.833  -24.792  53.935 0.0000000000
43651  35.260  -23.568  58.344 0.0000000000
101475  34.126  -24.502  56.038 0.0000000000
101852  33.598  -25.177  55.896 0.0000000000
40810  33.024  -26.490  56.178 0.0000000000
41755  33.449  -25.756  56.486 0.0000000000
41789  32.709  -25.799  54.456 0.0000000000
38870  38.056  -29.087  64.407 0.0000000000
37995  36.917  -30.034  62.642 0.0000000000
36132  37.429  -32.045  62.585 0.0000000000
36159  36.589  -31.879  61.317 0.0000000000
37118  35.826  -30.745  60.272 0.0000000000
37117  36.376  -30.969  60.905 0.0000000000
38028  35.887  -30.117  60.651 0.0000000000
38040  35.527  -29.985  59.940 0.0000000000
38965  35.132  -29.343  59.618 0.0000000000
38041  35.204  -29.999  59.388 0.0000000000
37150  34.420  -30.317  58.553 0.0000000000
37151  33.832  -30.184  57.992 0.0000000000
33832  34.232  -34.320  61.341 0.0000000000
112060  33.935  -34.086  60.261 0.0000000000
118618  34.282  -33.297  59.848 0.0000000000
34610  32.015  -33.173  58.049 0.0000000000
35390  32.103  -32.402  57.653 0.0000000000
35376  32.801  -32.591  58.279 0.0000000000
36236  31.977  -31.031  56.800 0.0000000000
37182  32.378  -30.337  56.854 0.0000000000
53967  51.601  -12.082  47.356 0.0000000000
106294  51.326  -15.988  51.026 0.0000000000
51206  51.654  -16.333  50.110 0.0000000000
50344  51.676  -16.222  49.346 0.0000000000
46357  47.609  -21.059  57.178 0.0000000000
46356  48.575  -21.183  57.075 0.0000000000
35238  22.292  -32.094  70.470 0.0000000000
40706  39.115  -26.893  66.825 0.0000000000
102684  38.781  -26.105  67.099 0.0000000000
40705  39.428  -26.641  66.280 0.0000000000
39836  37.627  -27.219  64.192 0.0000000000
38885  37.404  -28.799  63.856 0.0000000000
38016  26.295  -29.216  61.174 0.0000000000
38031  25.636  -29.623  60.850 0.0000000000
33035  20.908  -36.033  62.211 0.0000000000
33043  21.135  -35.568  60.784 0.0000000000
33044  20.323  -35.886  61.326 0.0000000000
33058  19.741  -35.757  60.708 0.0000000000
112140  19.581  -35.608  59.987 0.0000000000
33070  18.838  -35.501  59.469 0.0000000000
33059  18.732  -35.602  60.420 0.0000000000
98891  31.144  -27.479  71.263 0.0000000000
38776  31.545  -28.097  70.959 0.0000000000
38789  31.984  -28.636  70.597 0.0000000000
37885  32.857  -29.341  70.029 0.0000000000
37966  26.578  -29.689  64.288 0.0000000000
37981  27.145  -29.217  63.727 0.0000000000
38912  27.516  -28.715  62.313 0.0000000000
112396  11.725  -36.938  66.859 0.0000000000
50265  43.907  -15.777  56.362 0.0000000000
48298  42.262  -18.064  59.534 0.0000000000
45391  37.529  -21.253  58.348 0.0000000000
35291  36.000  -33.305  62.784 0.0000000000
53075  49.533  -12.744  48.854 0.0000000000
53057  49.727  -13.529  49.355 0.0000000000
52123  50.871  -15.207  49.632 0.0000000000
37049  24.644  -31.229  65.482 0.0000000000
35273  23.541  -31.984  65.234 0.0000000000
34489  22.300  -33.544  66.417 0.0000000000
114702  22.145  -34.012  65.902 0.0000000000
33784  21.870  -34.950  64.883 0.0000000000
33006  21.094  -36.325  65.170 0.0000000000
114696  26.862  -29.046  70.840 0.0000000000
36954  27.207  -30.154  70.013 0.0000000000
36074  25.272  -31.149  68.658 0.0000000000
116286  25.629  -31.175  68.008 0.0000000000
37012  25.815  -30.966  67.347 0.0000000000
37031  25.076  -31.067  66.050 0.0000000000
43529  38.527  -23.531  67.257 0.0000000000
44426  38.427  -22.760  67.352 0.0000000000
112685  39.846  -20.640  66.168 0.0000000000
42654  38.219  -24.090  63.693 0.0000000000
42669  37.796  -23.930  63.047 0.0000000000
42688  35.755  -24.729  61.127 0.0000000000
39854  35.259  -27.319  61.739 0.0000000000
39888  34.453  -27.792  59.494 0.0000000000
35331  33.125  -32.733  61.180 0.0000000000
109993  32.546  -33.913  61.133 0.0000000000
48338  51.309  -19.215  54.800 0.0000000000
116872  51.432  -18.612  54.480 0.0000000000
37173  25.131  -30.347  57.486 0.0000000000
36147  23.554  -31.653  61.322 0.0000000000
101437  22.932  -32.555  60.114 0.0000000000
33079  21.328  -34.952  58.354 0.0000000000
34605  21.809  -34.228  58.233 0.0000000000
101948  21.437  -34.608  57.719 0.0000000000
101705  33.691  -27.908  69.945 0.0000000000
103968  36.190  -28.054  68.592 0.0000000000
39793  36.968  -27.613  68.124 0.0000000000
37914  37.787  -29.740  67.768 0.0000000000
115219  38.363  -29.971  67.270 0.0000000000
37007  37.824  -30.388  67.443 0.0000000000
37008  37.284  -30.662  67.615 0.0000000000
37943  35.631  -29.706  65.826 0.0000000000
37962  35.837  -29.904  64.993 0.0000000000
37963  34.955  -29.295  64.524 0.0000000000
38814  30.018  -28.888  68.292 0.0000000000
114682  30.235  -28.488  66.701 0.0000000000
38891  30.062  -28.261  63.992 0.0000000000
38925  32.654  -28.688  62.318 0.0000000000
38015  33.139  -29.245  61.572 0.0000000000
113788  32.337  -28.726  61.624 0.0000000000
38968  29.414  -28.828  59.093 0.0000000000
37152  29.244  -30.059  58.408 0.0000000000
45405  46.009  -21.532  57.771 0.0000000000
42715  45.209  -24.275  60.651 0.0000000000
106790  20.020  -37.303  66.559 0.0000000000
31342  19.454  -37.611  67.045 0.0000000000
31362  18.315  -37.608  65.897 0.0000000000
31328  14.430  -37.483  67.516 0.0000000000
31364  16.564  -37.583  65.498 0.0000000000
32220  16.170  -37.012  63.974 0.0000000000
32242  15.582  -36.723  63.317 0.0000000000
53934  48.928  -12.486  51.278 0.0000000000
51174  48.510  -15.296  53.253 0.0000000000
51161  48.840  -15.252  54.824 0.0000000000
50279  47.801  -15.565  55.361 0.0000000000
48344  45.334  -18.449  55.229 0.0000000000
46301  45.162  -20.671  61.798 0.0000000000
99826  44.627  -15.613  59.458 0.0000000000
48276  45.166  -18.308  61.782 0.0000000000
45390  42.604  -21.334  58.452 0.0000000000
44537  41.050  -22.590  56.953 0.0000000000
107784  40.082  -20.099  64.889 0.0000000000
47218  40.061  -19.489  64.438 0.0000000000
48289  39.350  -17.902  60.640 0.0000000000
49288  39.754  -17.904  59.829 0.0000000000
48300  40.142  -18.198  59.100 0.0000000000
45425  38.550  -21.370  56.152 0.0000000000
44549  39.047  -22.073  55.813 0.0000000000
42786  36.946  -24.150  55.047 0.0000000000
42736  34.532  -24.641  58.230 0.0000000000
101336  32.192  -26.393  54.722 0.0000000000
37062  38.653  -31.371  64.798 0.0000000000
102887  38.368  -30.822  64.159 0.0000000000
37090  37.297  -31.026  62.503 0.0000000000
113768  36.350  -32.228  61.124 0.0000000000
36196  33.978  -30.944  58.353 0.0000000000
45385  48.674  -22.241  58.038 0.0000000000
36083  23.676  -32.004  67.571 0.0000000000
115015  22.874  -32.585  67.657 0.0000000000
33751  21.777  -34.727  67.273 0.0000000000
36066  24.398  -30.949  70.283 0.0000000000
42601  38.116  -24.320  67.394 0.0000000000
42600  38.837  -25.061  67.017 0.0000000000
42642  39.303  -24.143  65.361 0.0000000000
41657  38.621  -25.694  64.817 0.0000000000
41667  38.157  -24.957  64.228 0.0000000000
103314  36.092  -26.142  62.671 0.0000000000
38905  35.584  -28.382  61.734 0.0000000000
35332  31.478  -32.363  59.887 0.0000000000
112218  50.044  -16.502  54.797 0.0000000000
38062  27.300  -29.462  58.073 0.0000000000
115618  26.786  -29.362  58.568 0.0000000000
37153  25.630  -29.874  58.057 0.0000000000
36223  23.768  -31.420  57.366 0.0000000000
34558  22.398  -33.703  61.175 0.0000000000
33849  22.053  -34.426  60.842 0.0000000000
118159  21.995  -34.493  60.222 0.0000000000
33861  21.684  -34.911  59.728 0.0000000000
33056  21.141  -35.427  59.939 0.0000000000
33067  21.228  -35.238  59.130 0.0000000000
98709  18.139  -35.420  58.791 0.0000000000
40669  32.690  -27.397  70.354 0.0000000000
38800  34.513  -29.144  69.660 0.0000000000
37898  35.576  -30.073  68.960 0.0000000000
37899  34.891  -29.935  69.156 0.0000000000
99493  34.671  -29.884  68.605 0.0000000000
114637  34.436  -29.671  67.966 0.0000000000
99463  34.200  -29.415  67.378 0.0000000000
38859  28.842  -28.722  65.172 0.0000000000
38875  28.670  -28.612  64.306 0.0000000000
104602  29.889  -28.418  62.062 0.0000000000
99843  29.026  -28.473  60.781 0.0000000000
38929  28.252  -28.527  61.132 0.0000000000
38948  28.445  -28.550  60.220 0.0000000000
111525  14.039  -37.407  68.194 0.0000000000
32207  12.996  -36.761  65.109 0.0000000000
49331  43.778  -17.800  55.741 0.0000000000
48322  43.609  -18.111  56.899 0.0000000000
102287  42.961  -19.923  60.872 0.0000000000
50178  40.292  -16.012  64.154 0.0000000000
45344  38.958  -21.593  62.705 0.0000000000
47284  38.739  -19.907  59.656 0.0000000000
47297  38.740  -19.854  58.751 0.0000000000
46343  38.398  -20.358  58.281 0.0000000000
42788  34.671  -24.125  55.340 0.0000000000
40787  33.786  -26.434  57.962 0.0000000000
39929  32.627  -27.348  56.185 0.0000000000
35272  37.600  -32.633  64.050 0.0000000000
35304  36.683  -33.166  62.401 0.0000000000
35328  36.550  -32.714  61.626 0.0000000000
33868  32.354  -34.616  59.329 0.0000000000
33869  31.678  -35.008  58.744 0.0000000000
54813  51.545  -11.586  47.583 0.0000000000
52145  51.902  -14.688  47.896 0.0000000000
48398  52.287  -17.579  51.707 0.0000000000
37983  25.769  -29.871  63.120 0.0000000000
37093  25.225  -30.248  62.698 0.0000000000
37081  24.717  -30.712  63.103 0.0000000000
36112  24.404  -31.270  64.182 0.0000000000
35295  23.231  -32.189  62.742 0.0000000000
35296  22.796  -32.884  62.349 0.0000000000
35265  23.378  -32.222  65.928 0.0000000000
35266  22.944  -32.612  65.193 0.0000000000
35274  22.871  -32.694  64.198 0.0000000000
33825  22.125  -34.369  62.460 0.0000000000
33034  21.385  -35.684  62.341 0.0000000000
37872  29.952  -29.089  70.567 0.0000000000
37871  30.814  -28.920  70.441 0.0000000000
37888  28.690  -29.741  69.802 0.0000000000
37920  28.486  -29.534  67.628 0.0000000000
36971  26.559  -30.487  69.703 0.0000000000
37935  27.644  -29.673  66.337 0.0000000000
37948  26.719  -29.820  65.164 0.0000000000
52034  44.069  -14.401  59.738 0.0000000000
52020  44.520  -14.510  60.505 0.0000000000
44463  39.412  -22.775  65.022 0.0000000000
44472  39.357  -22.389  64.045 0.0000000000
103942  34.247  -25.685  58.807 0.0000000000
41703  34.561  -25.964  60.170 0.0000000000
105462  33.335  -27.858  57.304 0.0000000000
39901  33.748  -27.900  57.905 0.0000000000
39003  33.173  -28.602  57.216 0.0000000000
35305  34.271  -32.863  62.161 0.0000000000
33833  33.647  -34.366  61.345 0.0000000000
34572  32.396  -34.409  60.865 0.0000000000
52112  50.442  -14.780  51.008 0.0000000000
50324  52.469  -17.286  52.210 0.0000000000
49345  51.757  -17.800  53.784 0.0000000000
49359  52.329  -17.808  53.179 0.0000000000
37123  24.534  -30.498  60.425 0.0000000000
36183  24.001  -30.942  59.875 0.0000000000
35361  22.524  -33.318  59.863 0.0000000000
35379  22.640  -32.700  58.393 0.0000000000
35393  23.222  -31.984  56.855 0.0000000000
35404  23.449  -32.150  55.826 0.0000000000
41604  33.059  -25.662  69.674 0.0000000000
42583  35.000  -24.088  68.609 0.0000000000
114615  37.589  -27.231  67.672 0.0000000000
40696  38.424  -27.264  67.340 0.0000000000
39815  38.998  -27.829  66.903 0.0000000000
38840  39.264  -28.315  66.393 0.0000000000
38853  39.248  -28.741  65.741 0.0000000000
98660  38.982  -30.484  65.563 0.0000000000
36097  38.443  -31.813  64.869 0.0000000000
36109  38.040  -32.214  64.511 0.0000000000
36989  36.012  -30.299  68.484 0.0000000000
106751  36.858  -30.707  67.665 0.0000000000
36120  36.837  -32.644  63.974 0.0000000000
36121  36.146  -32.101  63.719 0.0000000000
37064  36.032  -30.872  64.246 0.0000000000
38842  32.830  -28.567  66.460 0.0000000000
38856  31.315  -28.311  65.880 0.0000000000
99756  33.532  -28.664  65.679 0.0000000000
38887  34.143  -28.804  64.178 0.0000000000
37980  33.937  -28.909  63.317 0.0000000000
36144  34.414  -31.473  62.053 0.0000000000
37119  33.436  -30.734  60.966 0.0000000000
38927  31.086  -28.514  60.871 0.0000000000
113574  31.372  -29.659  59.629 0.0000000000
36178  31.171  -31.117  59.531 0.0000000000
37138  29.869  -30.421  59.005 0.0000000000
35356  29.894  -31.725  59.773 0.0000000000
114517  21.182  -33.153  70.631 0.0000000000
34471  21.450  -33.796  69.946 0.0000000000
107173  21.577  -34.370  69.196 0.0000000000
114641  21.532  -35.580  67.848 0.0000000000
32969  21.257  -36.139  68.900 0.0000000000
32202  21.207  -36.343  66.066 0.0000000000
32193  20.226  -37.055  65.859 0.0000000000
32203  20.424  -36.779  64.971 0.0000000000
32216  20.218  -36.593  64.002 0.0000000000
107872  19.463  -36.708  63.681 0.0000000000
32238  18.993  -36.601  63.093 0.0000000000
31381  17.932  -37.467  65.105 0.0000000000
118046  17.217  -37.512  65.062 0.0000000000
32239  18.109  -36.700  63.138 0.0000000000
32253  18.421  -36.389  62.494 0.0000000000
32266  17.877  -36.121  61.887 0.0000000000
33047  17.347  -35.841  61.222 0.0000000000
114194  16.307  -36.228  61.939 0.0000000000
32243  14.106  -36.489  63.079 0.0000000000
53043  49.345  -13.041  51.080 0.0000000000
51159  50.063  -15.854  54.103 0.0000000000
52092  49.582  -14.739  52.999 0.0000000000
49326  48.956  -17.328  55.230 0.0000000000
48341  48.367  -18.427  55.254 0.0000000000
100962  47.389  -14.958  54.866 0.0000000000
108009  47.264  -17.378  55.234 0.0000000000
47333  45.339  -19.824  55.991 0.0000000000
45389  45.045  -21.453  58.517 0.0000000000
98464  44.133  -19.872  56.875 0.0000000000
103063  45.012  -22.270  60.902 0.0000000000
44487  44.608  -22.614  62.356 0.0000000000
50242  44.365  -16.467  58.739 0.0000000000
103264  45.543  -18.930  60.774 0.0000000000
49274  45.632  -17.326  61.112 0.0000000000
48288  45.582  -18.094  61.234 0.0000000000
43623  42.740  -23.688  60.962 0.0000000000
47254  39.201  -19.130  61.691 0.0000000000
117728  39.380  -18.716  62.219 0.0000000000
50202  40.127  -15.895  62.384 0.0000000000
50216  39.911  -16.687  61.229 0.0000000000
50226  41.561  -16.214  60.737 0.0000000000
49295  40.831  -18.047  58.827 0.0000000000
47294  41.293  -18.450  58.468 0.0000000000
47314  39.724  -19.577  57.521 0.0000000000
45422  40.996  -21.034  56.651 0.0000000000
44547  40.650  -22.237  56.621 0.0000000000
43675  39.511  -23.057  56.201 0.0000000000
113191  34.782  -23.789  57.117 0.0000000000
37977  37.157  -29.477  63.287 0.0000000000
38013  35.782  -29.348  61.179 0.0000000000
34571  34.878  -34.067  61.332 0.0000000000
35353  34.762  -32.753  59.959 0.0000000000
34599  33.218  -33.229  58.946 0.0000000000
38091  31.836  -29.696  56.314 0.0000000000
51238  51.812  -15.556  48.127 0.0000000000
119099  20.166  -35.789  60.814 0.0000000000
