#!ascii label  , from subject sub-v1s18x0051240_ses-1 vox2ras=TkReg
1004
21197  19.935  -50.854  -20.547 0.6000000238
17531  11.556  -54.469  -13.303 0.6999999881
18414  12.005  -54.061  -15.141 0.6999999881
18448  14.659  -53.584  -18.825 0.8999999762
18447  15.458  -53.400  -19.209 0.8000000119
19377  16.896  -52.975  -19.653 0.8000000119
22048  19.609  -50.199  -20.150 0.6000000238
22052  20.824  -49.487  -20.965 0.6999999881
22881  21.626  -49.178  -21.194 0.6999999881
18370  12.039  -54.076  -13.111 0.6999999881
17494  12.025  -55.018  -12.131 0.6999999881
18398  11.878  -53.837  -14.430 0.6999999881
18413  12.338  -53.223  -15.036 0.6000000238
120798  12.408  -53.684  -15.832 0.6999999881
17563  12.643  -54.215  -16.558 0.6999999881
18436  13.561  -53.416  -17.648 0.8000000119
20275  14.795  -51.727  -17.933 0.8000000119
19366  15.700  -52.670  -18.807 0.8000000119
19365  16.320  -52.380  -18.978 0.8000000119
20287  17.852  -51.447  -19.434 0.6000000238
120501  19.773  -49.379  -20.152 0.6000000238
22874  21.354  -48.214  -21.111 0.6999999881
23719  22.461  -48.082  -21.139 0.6999999881
17511  13.243  -54.195  -12.248 0.5000000000
17493  12.968  -54.894  -11.749 0.6000000238
18381  13.195  -53.233  -13.285 0.4000000060
18382  12.435  -53.489  -13.543 0.6000000238
19307  12.645  -52.743  -14.630 0.5000000000
19338  13.231  -51.841  -16.774 0.6000000238
19353  12.931  -52.559  -16.639 0.8000000119
21170  14.263  -51.195  -17.516 0.6999999881
21184  15.939  -50.744  -18.280 0.6999999881
22037  17.152  -49.519  -18.519 0.6999999881
22876  19.467  -48.303  -19.520 0.5000000000
23720  20.261  -47.754  -20.047 0.6000000238
24662  21.124  -47.228  -20.605 0.6000000238
23727  22.519  -47.706  -21.345 0.6000000238
24648  23.133  -46.428  -20.419 0.5000000000
18352  14.891  -54.124  -11.681 0.5000000000
17492  13.969  -54.596  -11.577 0.6000000238
16606  13.748  -55.610  -10.530 0.6000000238
18353  14.051  -54.013  -12.158 0.5000000000
20234  13.430  -51.388  -16.166 0.5000000000
21158  13.724  -50.623  -16.603 0.6000000238
122601  14.903  -48.987  -17.535 0.6000000238
128634  16.421  -48.995  -18.228 0.6000000238
22864  17.739  -48.450  -18.586 0.5000000000
23706  18.466  -47.917  -18.747 0.5000000000
24663  19.842  -46.742  -19.381 0.6000000238
118726  20.515  -46.188  -19.655 0.6000000238
25719  23.238  -46.105  -21.156 0.5000000000
25705  23.383  -44.917  -20.381 0.5000000000
25692  23.332  -44.890  -19.065 0.5000000000
25693  23.284  -45.617  -19.931 0.5000000000
17491  14.731  -54.667  -11.098 0.5000000000
16594  14.527  -55.373  -10.038 0.5000000000
19274  13.926  -53.136  -13.042 0.5000000000
20194  13.876  -51.908  -14.007 0.4000000060
21128  14.709  -50.519  -14.451 0.3000000119
21129  14.221  -50.612  -14.974 0.4000000060
22001  14.498  -49.470  -15.771 0.3000000119
22798  15.122  -49.000  -15.305 0.3000000119
22002  14.014  -50.001  -16.260 0.5000000000
22840  14.205  -49.023  -16.994 0.5000000000
120510  15.279  -47.767  -17.672 0.5000000000
22865  16.829  -48.164  -18.363 0.5000000000
24649  18.112  -47.000  -18.605 0.5000000000
25710  19.378  -45.747  -18.851 0.6000000238
25709  20.087  -45.255  -19.144 0.6000000238
25707  22.506  -46.115  -21.124 0.5000000000
26757  23.074  -45.398  -21.089 0.5000000000
26727  23.553  -44.234  -19.530 0.5000000000
17490  15.387  -54.431  -10.858 0.5000000000
18367  15.461  -53.400  -11.936 0.5000000000
19271  15.888  -52.051  -12.457 0.5000000000
21091  15.726  -50.534  -13.465 0.4000000060
20192  15.251  -51.209  -13.397 0.5000000000
21965  15.955  -49.731  -13.850 0.4000000060
22797  15.821  -48.656  -14.953 0.3000000119
22820  14.710  -48.665  -16.131 0.3000000119
23695  14.788  -47.611  -17.188 0.4000000060
24651  16.100  -46.347  -18.274 0.5000000000
24650  17.129  -46.582  -18.496 0.4000000060
25708  21.255  -45.657  -19.987 0.5000000000
132093  22.092  -44.069  -20.034 0.5000000000
26738  22.078  -44.955  -20.360 0.5000000000
27713  24.398  -43.029  -17.985 0.5000000000
131584  24.092  -42.521  -18.802 0.4000000060
26737  23.521  -44.145  -20.177 0.5000000000
18341  16.029  -54.046  -10.421 0.5000000000
19255  16.653  -52.857  -11.223 0.5000000000
20174  16.485  -51.453  -12.335 0.5000000000
21090  16.492  -50.633  -12.754 0.4000000060
21964  16.624  -49.495  -13.545 0.4000000060
132498  16.527  -48.513  -14.800 0.3000000119
23664  15.918  -47.469  -16.091 0.3000000119
24623  15.156  -46.755  -16.998 0.4000000060
128169  15.618  -45.680  -17.878 0.4000000060
25712  16.144  -44.902  -18.243 0.4000000060
136747  15.782  -46.165  -18.110 0.4000000060
25694  16.558  -45.719  -18.460 0.4000000060
26741  17.822  -44.363  -18.651 0.5000000000
135123  18.739  -44.080  -18.757 0.5000000000
26740  19.791  -44.305  -18.945 0.6000000238
140063  23.204  -42.308  -19.943 0.4000000060
27756  23.260  -43.816  -20.386 0.5000000000
19254  17.162  -52.179  -11.145 0.4000000060
21948  16.938  -49.898  -12.897 0.4000000060
20159  17.094  -51.565  -11.713 0.4000000060
22782  16.964  -49.048  -13.815 0.4000000060
22796  17.066  -48.659  -14.350 0.4000000060
22818  16.254  -48.044  -15.376 0.4000000060
24602  16.383  -46.808  -16.536 0.4000000060
24603  15.527  -46.797  -16.722 0.4000000060
25664  15.694  -46.100  -17.111 0.4000000060
27727  15.330  -43.854  -18.010 0.4000000060
26742  16.569  -44.275  -18.439 0.5000000000
131009  18.079  -43.473  -18.666 0.5000000000
28770  19.461  -42.752  -18.794 0.6000000238
28768  21.620  -42.577  -19.417 0.5000000000
29878  21.859  -41.737  -19.355 0.4000000060
29877  22.804  -41.650  -19.741 0.4000000060
138710  17.425  -52.053  -10.457 0.4000000060
21947  17.844  -49.750  -12.483 0.4000000060
21070  17.977  -50.383  -11.695 0.4000000060
122267  18.485  -48.596  -13.885 0.4000000060
24601  17.438  -46.933  -16.563 0.4000000060
26703  15.993  -44.275  -17.581 0.4000000060
27706  15.741  -43.683  -17.869 0.4000000060
27744  15.959  -43.654  -18.163 0.4000000060
27743  16.946  -43.521  -18.467 0.5000000000
29881  18.859  -42.072  -18.674 0.4000000060
28769  20.498  -42.677  -18.988 0.6000000238
21929  18.577  -49.810  -11.645 0.4000000060
21946  18.735  -49.239  -12.372 0.4000000060
22779  19.375  -48.178  -13.901 0.4000000060
22795  17.942  -48.538  -14.593 0.4000000060
24600  18.531  -47.004  -16.538 0.4000000060
25643  17.978  -46.250  -17.148 0.4000000060
26701  17.879  -44.378  -17.372 0.5000000000
26702  16.669  -44.257  -17.388 0.4000000060
27705  16.204  -43.519  -17.657 0.3000000119
134827  16.333  -42.585  -17.902 0.3000000119
28773  16.242  -42.894  -18.089 0.4000000060
29864  18.345  -41.512  -18.478 0.4000000060
29863  19.090  -41.350  -18.588 0.4000000060
29880  19.777  -41.998  -18.775 0.5000000000
21057  18.060  -50.963  -10.292 0.4000000060
23644  19.410  -47.749  -14.719 0.4000000060
24599  19.453  -46.775  -16.156 0.4000000060
25642  18.994  -46.221  -16.908 0.3000000119
27703  18.510  -43.626  -17.358 0.3000000119
27704  17.145  -43.319  -17.448 0.3000000119
29839  16.842  -42.063  -17.824 0.3000000119
29865  17.092  -41.381  -18.002 0.3000000119
30967  19.195  -40.419  -18.431 0.4000000060
32051  19.737  -39.626  -18.328 0.4000000060
21945  19.580  -48.651  -12.209 0.3000000119
122002  19.657  -48.312  -13.059 0.3000000119
135384  19.950  -47.484  -14.161 0.3000000119
24598  20.085  -46.189  -15.674 0.3000000119
26690  19.907  -44.514  -16.644 0.3000000119
27702  19.363  -43.861  -17.141 0.3000000119
28733  18.137  -42.606  -17.386 0.4000000060
29837  18.098  -41.048  -17.247 0.4000000060
120008  17.578  -41.821  -17.514 0.3000000119
29838  17.436  -41.122  -17.728 0.3000000119
30969  17.556  -40.645  -17.988 0.3000000119
130060  18.316  -39.404  -17.770 0.4000000060
33095  19.087  -38.991  -17.886 0.4000000060
123282  20.060  -38.924  -18.206 0.4000000060
140026  18.853  -42.370  -17.191 0.4000000060
30935  18.248  -40.128  -16.826 0.4000000060
30946  17.654  -40.074  -17.301 0.4000000060
33084  17.476  -38.954  -17.055 0.3000000119
33096  18.126  -38.792  -17.504 0.4000000060
34126  17.853  -37.968  -17.212 0.4000000060
35152  19.162  -36.825  -17.326 0.4000000060
33083  18.733  -38.284  -17.574 0.4000000060
136011  19.796  -38.133  -17.805 0.4000000060
33070  17.473  -38.654  -16.850 0.4000000060
34127  17.515  -38.201  -16.827 0.5000000000
35153  18.211  -36.901  -16.978 0.4000000060
130324  19.006  -36.100  -17.139 0.4000000060
33082  20.858  -37.463  -17.945 0.3000000119
36194  19.920  -35.348  -17.239 0.3000000119
20286  18.708  -51.904  -20.110 0.6999999881
18449  13.996  -53.739  -18.416 0.8000000119
135171  18.773  -49.945  -19.447 0.6000000238
20274  15.585  -51.803  -18.381 0.6999999881
21199  17.689  -50.327  -18.950 0.6999999881
24660  23.132  -46.657  -21.182 0.6000000238
142450  13.423  -52.349  -14.040 0.4000000060
20213  13.650  -51.304  -14.997 0.4000000060
20264  13.663  -51.533  -17.209 0.6999999881
124061  15.178  -50.119  -17.848 0.6999999881
22036  17.870  -49.330  -18.762 0.6999999881
18368  14.544  -53.412  -12.472 0.5000000000
124071  15.943  -47.959  -18.125 0.5000000000
22839  14.401  -48.416  -16.849 0.4000000060
127152  18.237  -45.328  -18.664 0.6000000238
130629  21.020  -44.195  -19.386 0.5000000000
27741  20.151  -43.476  -18.958 0.6000000238
25644  16.847  -46.058  -16.970 0.3000000119
29882  17.149  -41.790  -18.136 0.4000000060
124713  19.058  -49.780  -10.918 0.4000000060
29849  17.090  -41.417  -17.974 0.3000000119
32053  17.769  -39.396  -17.437 0.3000000119
33097  17.625  -38.688  -17.175 0.3000000119
35151  19.892  -36.352  -17.399 0.3000000119
14999  13.435  -57.929  -19.025 0.6000000238
14978  14.209  -57.417  -18.429 0.6000000238
14936  16.248  -57.105  -15.062 0.6000000238
15787  17.396  -56.132  -14.761 0.6000000238
14170  11.755  -58.730  -19.346 0.5000000000
14189  12.176  -58.182  -20.217 0.6000000238
132226  12.957  -56.977  -20.812 0.6999999881
15021  13.331  -57.551  -20.128 0.6999999881
127666  12.623  -58.440  -19.185 0.6000000238
15838  14.722  -56.918  -19.168 0.6000000238
15829  14.782  -56.924  -17.995 0.6000000238
124845  16.472  -55.572  -17.236 0.6000000238
16671  16.699  -55.689  -16.239 0.6000000238
15805  17.049  -55.906  -15.397 0.6000000238
17542  18.546  -54.313  -14.769 0.6000000238
18379  20.538  -53.889  -13.211 0.6999999881
15024  9.981  -57.925  -20.024 0.6000000238
15000  12.067  -57.200  -19.347 0.6999999881
14191  10.612  -57.975  -20.205 0.5000000000
15022  11.964  -57.461  -20.110 0.6999999881
14205  11.801  -57.996  -20.482 0.6999999881
15854  14.197  -56.350  -20.887 0.6999999881
15845  14.550  -56.725  -20.338 0.6999999881
15827  15.898  -56.060  -17.773 0.5000000000
16662  17.896  -54.550  -15.472 0.6000000238
138453  19.782  -53.084  -14.800 0.6000000238
136240  19.535  -53.708  -14.211 0.6999999881
19306  20.663  -52.629  -14.285 0.6999999881
19287  22.158  -52.212  -12.861 0.6999999881
20190  22.551  -51.438  -13.141 0.6999999881
22011  29.587  -50.062  -16.538 0.4000000060
20249  27.271  -51.865  -17.205 0.5000000000
21123  26.426  -50.300  -14.371 0.6000000238
21102  26.169  -50.661  -13.391 0.6000000238
20189  23.336  -51.131  -12.741 0.6999999881
137656  7.954  -57.621  -16.776 0.5000000000
14961  9.929  -57.518  -17.140 0.5000000000
14960  11.048  -57.436  -17.392 0.6000000238
14982  9.069  -57.494  -18.362 0.5000000000
15830  11.891  -57.215  -17.720 0.6999999881
14981  10.159  -57.540  -18.424 0.5000000000
15002  10.430  -57.666  -19.516 0.6000000238
16686  12.978  -56.068  -19.108 0.6999999881
15847  12.585  -56.689  -20.001 0.6999999881
16707  13.908  -56.111  -20.978 0.6999999881
16684  15.863  -55.942  -19.054 0.6999999881
17562  17.544  -54.486  -16.477 0.6000000238
18425  19.016  -53.080  -16.229 0.6000000238
19322  20.361  -52.345  -15.321 0.6999999881
19305  21.313  -52.032  -14.187 0.6999999881
21106  22.939  -50.710  -13.424 0.6999999881
21104  24.587  -50.242  -12.892 0.6000000238
21961  24.095  -49.596  -13.573 0.6000000238
14906  9.135  -57.407  -13.915 0.5000000000
14926  8.222  -58.040  -14.919 0.4000000060
14940  9.580  -57.416  -15.503 0.5000000000
14925  8.972  -57.587  -14.886 0.5000000000
130161  9.448  -57.527  -16.345 0.5000000000
15810  10.435  -56.981  -15.279 0.6000000238
15821  10.829  -57.255  -16.319 0.6000000238
16678  12.740  -55.676  -17.268 0.6999999881
15820  11.749  -57.039  -16.667 0.6000000238
137388  12.755  -56.120  -18.013 0.6999999881
16696  13.704  -55.836  -20.675 0.6999999881
16694  15.808  -55.658  -20.438 0.6999999881
17577  17.418  -54.659  -18.819 0.6999999881
17569  17.432  -54.496  -17.509 0.6999999881
18426  18.417  -53.476  -16.665 0.6999999881
19336  20.188  -52.111  -16.298 0.6999999881
20233  20.791  -51.700  -15.855 0.8000000119
21127  22.132  -50.545  -14.538 0.6999999881
138215  26.701  -50.724  -15.759 0.5000000000
21978  25.606  -49.336  -14.215 0.6000000238
21980  23.387  -49.415  -14.146 0.6000000238
14102  8.416  -58.571  -13.760 0.4000000060
15768  9.675  -56.866  -13.793 0.6000000238
15811  9.695  -57.087  -14.630 0.6000000238
15789  11.094  -56.263  -14.744 0.6000000238
16665  11.799  -55.912  -15.300 0.6000000238
16672  12.567  -55.144  -16.547 0.6000000238
17570  13.473  -54.370  -18.263 0.6999999881
16685  13.567  -55.313  -19.541 0.6999999881
17586  14.735  -54.999  -20.626 0.6999999881
16706  15.298  -55.491  -20.864 0.6999999881
18468  16.407  -54.298  -20.398 0.8000000119
16692  16.962  -54.613  -20.237 0.8000000119
18446  18.583  -53.634  -18.948 0.6000000238
19349  20.103  -51.987  -17.383 0.6000000238
137744  21.416  -50.781  -15.876 0.8000000119
21143  21.701  -50.675  -15.215 0.6999999881
21168  26.736  -50.609  -17.379 0.5000000000
21977  26.239  -49.574  -15.155 0.6000000238
126729  23.896  -48.934  -14.250 0.6999999881
22012  26.491  -49.931  -16.356 0.6000000238
14894  10.015  -57.102  -12.591 0.5000000000
14085  9.955  -58.867  -11.992 0.4000000060
13273  9.968  -59.759  -11.785 0.4000000060
15758  9.869  -56.683  -13.124 0.5000000000
14895  9.461  -57.193  -13.216 0.5000000000
16654  10.788  -55.787  -13.802 0.6000000238
16653  11.411  -55.262  -14.412 0.6000000238
17552  12.337  -54.630  -15.843 0.6000000238
17571  12.882  -54.735  -17.346 0.6999999881
18460  15.139  -54.254  -19.852 0.8000000119
18459  15.947  -53.983  -20.090 0.8000000119
18466  17.692  -53.738  -20.279 0.6000000238
18445  19.205  -53.088  -19.495 0.6000000238
20263  20.642  -51.492  -17.945 0.6999999881
20250  21.074  -51.089  -17.324 0.6999999881
22814  22.548  -48.511  -15.530 0.6999999881
21998  25.704  -48.879  -14.940 0.6000000238
22813  24.108  -48.082  -15.125 0.6000000238
23679  25.117  -47.389  -15.979 0.6000000238
22835  26.293  -48.773  -16.400 0.6000000238
22836  25.657  -48.031  -16.011 0.6000000238
15756  11.078  -56.041  -12.412 0.5000000000
139864  10.519  -57.454  -11.962 0.5000000000
140347  10.336  -58.554  -11.723 0.5000000000
12497  10.436  -60.139  -11.094 0.5000000000
16621  11.348  -55.248  -12.573 0.5000000000
15757  10.386  -56.355  -12.805 0.5000000000
17543  11.542  -54.425  -13.960 0.6000000238
19389  17.382  -53.499  -20.190 0.6999999881
20296  19.330  -52.029  -20.360 0.6000000238
20284  21.082  -51.596  -20.099 0.6000000238
21182  21.324  -50.441  -19.060 0.6000000238
22013  21.351  -49.549  -16.925 0.6999999881
122578  21.324  -49.641  -18.292 0.6000000238
22837  22.146  -48.146  -16.291 0.6000000238
23659  23.758  -47.635  -15.691 0.6999999881
22850  26.972  -49.127  -17.926 0.5000000000
24619  26.778  -46.755  -16.309 0.4000000060
15749  12.265  -56.365  -11.263 0.5000000000
15738  11.859  -57.109  -10.954 0.5000000000
14074  11.741  -58.442  -10.058 0.5000000000
13265  11.397  -59.212  -9.961 0.5000000000
13254  10.785  -59.727  -8.997 0.5000000000
13241  9.844  -59.731  -8.139 0.5000000000
21204  21.332  -50.470  -20.877 0.6000000238
22035  21.623  -49.762  -19.750 0.6000000238
23694  21.645  -47.724  -18.326 0.4000000060
23682  22.473  -47.400  -16.629 0.5000000000
24620  24.406  -46.371  -16.516 0.4000000060
135823  26.295  -46.511  -16.225 0.4000000060
23680  24.301  -47.070  -16.180 0.5000000000
16595  13.007  -56.048  -10.810 0.6000000238
14879  12.710  -56.848  -10.318 0.5000000000
127413  12.067  -58.036  -9.318 0.5000000000
142516  11.881  -58.260  -8.569 0.5000000000
14055  10.949  -58.924  -7.904 0.5000000000
14044  10.134  -59.009  -7.676 0.5000000000
14045  9.321  -58.594  -7.361 0.4000000060
14046  8.496  -58.865  -7.468 0.5000000000
14047  7.548  -58.747  -7.625 0.4000000060
133997  6.900  -58.289  -7.994 0.4000000060
13242  5.948  -58.938  -8.129 0.4000000060
23705  22.235  -48.045  -20.032 0.6000000238
23704  22.352  -46.940  -19.159 0.4000000060
25659  24.006  -45.812  -16.937 0.4000000060
121301  25.818  -46.111  -16.249 0.4000000060
15737  13.476  -56.283  -10.005 0.5000000000
15726  13.165  -56.695  -9.262 0.4000000060
14859  11.923  -58.096  -7.900 0.4000000060
14848  11.590  -57.623  -7.347 0.5000000000
15698  10.625  -56.443  -6.590 0.4000000060
14850  9.254  -57.826  -7.031 0.5000000000
15708  9.127  -57.020  -6.776 0.4000000060
15709  8.403  -56.669  -7.101 0.5000000000
14851  8.545  -57.490  -7.100 0.5000000000
15710  7.621  -56.309  -7.600 0.3000000119
14861  6.640  -57.540  -8.272 0.3000000119
15718  6.202  -56.849  -8.630 0.3000000119
130304  22.743  -46.131  -19.096 0.4000000060
15725  13.662  -56.169  -9.210 0.5000000000
15715  13.473  -56.294  -8.464 0.5000000000
15706  12.561  -56.599  -7.393 0.4000000060
17467  15.099  -54.954  -9.545 0.4000000060
16574  14.476  -55.154  -8.357 0.4000000060
16564  13.469  -55.554  -7.421 0.4000000060
17433  13.282  -54.301  -6.732 0.4000000060
17466  15.585  -54.377  -9.021 0.4000000060
17443  14.541  -54.534  -7.729 0.4000000060
17444  13.762  -54.812  -7.237 0.4000000060
18313  16.410  -53.231  -9.026 0.4000000060
18287  13.985  -53.986  -7.074 0.4000000060
139365  13.439  -53.566  -6.721 0.4000000060
18289  11.852  -53.224  -6.464 0.4000000060
19187  15.345  -53.180  -7.722 0.4000000060
129084  16.839  -52.846  -9.730 0.3000000119
19188  14.784  -52.601  -7.340 0.4000000060
19189  13.796  -52.317  -7.035 0.4000000060
20068  12.109  -52.075  -6.746 0.4000000060
19220  17.268  -52.220  -9.752 0.4000000060
20082  11.380  -51.668  -7.120 0.4000000060
21002  11.874  -50.846  -7.586 0.4000000060
21043  17.929  -50.998  -9.359 0.3000000119
20104  16.937  -51.583  -8.577 0.4000000060
20077  15.775  -51.521  -7.804 0.4000000060
20999  15.109  -51.178  -7.606 0.4000000060
20080  13.320  -51.518  -7.324 0.4000000060
20081  12.394  -51.491  -7.202 0.4000000060
21000  13.697  -50.784  -7.612 0.3000000119
20294  20.917  -51.274  -20.577 0.6000000238
16622  10.735  -55.519  -13.006 0.5000000000
22047  21.948  -49.942  -20.887 0.6000000238
24636  22.458  -46.271  -18.000 0.4000000060
15807  15.802  -56.828  -15.980 0.6000000238
19288  21.376  -52.593  -13.364 0.6999999881
20211  21.025  -51.882  -14.967 0.6999999881
20248  27.804  -51.981  -17.474 0.5000000000
21181  27.370  -51.221  -18.672 0.5000000000
20208  27.061  -51.269  -15.114 0.5000000000
21156  26.845  -51.187  -16.911 0.4000000060
21124  25.734  -49.988  -13.599 0.6000000238
131941  8.838  -57.647  -16.031 0.5000000000
16682  17.004  -54.947  -19.748 0.6999999881
21979  24.711  -49.030  -14.023 0.6000000238
15808  12.158  -56.346  -16.135 0.6000000238
18435  18.406  -53.480  -17.706 0.6999999881
20251  20.660  -51.539  -16.835 0.8000000119
21981  22.612  -49.758  -14.460 0.6999999881
14094  9.424  -58.411  -12.583 0.4000000060
18457  18.534  -53.541  -19.931 0.6000000238
139364  19.396  -52.840  -18.756 0.6000000238
22815  21.776  -48.935  -16.003 0.6999999881
21999  22.194  -49.289  -15.200 0.6999999881
117825  27.206  -49.713  -18.819 0.5000000000
22034  27.360  -50.498  -19.475 0.5000000000
122185  23.364  -48.214  -15.271 0.6999999881
22811  25.397  -48.388  -15.293 0.6000000238
18456  19.054  -52.952  -20.149 0.6999999881
20272  20.822  -51.567  -19.121 0.6999999881
20262  21.096  -51.049  -18.491 0.6999999881
23681  23.311  -47.147  -16.304 0.6000000238
23678  26.360  -47.738  -16.526 0.6000000238
14886  11.145  -57.334  -11.508 0.5000000000
14083  11.496  -57.920  -10.799 0.5000000000
13266  10.917  -59.612  -10.547 0.4000000060
20283  21.450  -50.867  -20.437 0.6000000238
22851  21.468  -48.311  -17.700 0.6000000238
13232  6.333  -59.564  -7.508 0.3000000119
23693  22.030  -47.018  -17.605 0.5000000000
25658  24.881  -45.776  -16.535 0.4000000060
14849  10.031  -58.224  -7.199 0.5000000000
14056  7.363  -57.853  -7.763 0.4000000060
14057  6.284  -58.296  -8.359 0.4000000060
19205  16.262  -52.648  -8.440 0.4000000060
20106  15.668  -52.431  -7.863 0.4000000060
10925  29.186  -63.093  -24.307 0.3000000119
135412  29.601  -62.336  -24.259 0.3000000119
15797  29.068  -56.652  -15.331 0.4000000060
16668  31.329  -55.512  -16.393 0.4000000060
15825  30.674  -57.055  -17.097 0.4000000060
14969  30.225  -57.676  -17.633 0.4000000060
122744  28.874  -55.391  -14.407 0.4000000060
15780  27.767  -56.329  -14.510 0.4000000060
16648  27.299  -55.826  -13.956 0.4000000060
16629  26.849  -55.156  -13.436 0.5000000000
16651  24.470  -55.899  -14.099 0.5000000000
123618  23.950  -55.529  -13.436 0.5000000000
17549  31.035  -54.228  -15.598 0.4000000060
16661  30.148  -55.469  -15.410 0.5000000000
15798  28.213  -56.798  -15.161 0.5000000000
15762  22.699  -56.219  -13.850 0.5000000000
17560  31.556  -54.705  -16.148 0.5000000000
16669  30.634  -55.927  -16.013 0.5000000000
17559  32.246  -54.317  -16.724 0.5000000000
16675  31.754  -55.806  -17.283 0.4000000060
121853  31.598  -56.486  -17.913 0.4000000060
14992  30.447  -57.802  -18.578 0.4000000060
15834  31.648  -56.674  -18.808 0.4000000060
15030  30.640  -57.283  -20.612 0.3000000119
15041  29.640  -57.414  -21.971 0.4000000060
132343  29.750  -51.933  -15.178 0.4000000060
131205  28.701  -53.581  -14.277 0.4000000060
18394  28.045  -53.300  -13.934 0.4000000060
124065  30.525  -51.844  -15.325 0.4000000060
121512  29.787  -54.085  -14.753 0.4000000060
18392  29.293  -53.671  -14.541 0.4000000060
17524  27.600  -54.584  -13.534 0.4000000060
119950  26.903  -54.225  -13.093 0.5000000000
17525  26.161  -54.605  -12.927 0.5000000000
19335  31.462  -51.997  -15.660 0.4000000060
17550  30.341  -54.587  -15.237 0.4000000060
15778  29.401  -55.870  -14.997 0.4000000060
17504  26.321  -53.913  -12.688 0.5000000000
17526  25.278  -54.731  -12.819 0.5000000000
16617  23.461  -55.185  -12.891 0.5000000000
17507  23.292  -54.581  -12.507 0.6000000238
17509  21.630  -54.326  -12.629 0.6000000238
16634  21.359  -55.716  -13.133 0.6000000238
20173  22.948  -51.914  -12.496 0.6000000238
19270  22.692  -52.829  -12.337 0.6000000238
16635  20.506  -55.513  -13.171 0.5000000000
16681  32.113  -55.996  -18.287 0.4000000060
17530  18.674  -54.802  -14.125 0.5000000000
15843  31.851  -56.431  -19.680 0.4000000060
15842  32.261  -55.967  -20.310 0.4000000060
15852  30.793  -56.700  -21.388 0.4000000060
19321  28.020  -52.254  -14.824 0.4000000060
19285  27.417  -52.729  -13.555 0.5000000000
18378  26.769  -53.221  -12.872 0.5000000000
19266  26.152  -52.447  -12.481 0.5000000000
127739  23.881  -53.975  -12.180 0.5000000000
20170  25.503  -51.731  -12.229 0.5000000000
18364  23.589  -53.113  -11.991 0.6000000238
21087  25.042  -50.862  -12.371 0.6000000238
19268  24.236  -52.412  -11.890 0.6000000238
9968  27.801  -63.372  -23.486 0.3000000119
124172  30.852  -61.360  -23.794 0.3000000119
15868  31.695  -56.528  -23.189 0.3000000119
136859  30.370  -50.506  -15.453 0.4000000060
21142  29.885  -50.565  -15.575 0.4000000060
21154  29.288  -50.931  -16.103 0.4000000060
19320  28.655  -52.447  -14.846 0.4000000060
20229  27.990  -52.014  -15.743 0.4000000060
20186  27.062  -51.892  -13.569 0.5000000000
20230  27.530  -51.805  -15.581 0.4000000060
20187  26.529  -51.433  -13.151 0.5000000000
17510  20.983  -54.282  -12.818 0.6000000238
124691  19.772  -55.081  -13.350 0.5000000000
20247  28.386  -51.914  -16.222 0.4000000060
17523  28.282  -54.942  -13.916 0.4000000060
124278  21.878  -56.343  -13.625 0.5000000000
15869  31.405  -56.135  -22.978 0.3000000119
19319  29.439  -52.586  -14.905 0.4000000060
18377  27.513  -53.698  -13.440 0.5000000000
18361  25.966  -53.277  -12.401 0.5000000000
137970  24.870  -52.768  -11.895 0.6000000238
30983  17.587  -41.301  -18.205 0.3000000119
9994  29.217  -63.485  -24.058 0.3000000119
9995  28.554  -63.514  -24.115 0.3000000119
11816  30.073  -61.288  -24.050 0.3000000119
12445  6.838  -60.286  -7.014 0.3000000119
12458  10.272  -59.981  -8.661 0.5000000000
12459  9.696  -60.504  -8.628 0.5000000000
12612  31.442  -60.689  -23.471 0.3000000119
13231  9.284  -59.341  -7.686 0.4000000060
13239  11.119  -59.190  -8.591 0.5000000000
13240  10.535  -59.455  -8.284 0.5000000000
13253  11.204  -59.362  -9.318 0.5000000000
13371  10.878  -58.602  -19.769 0.5000000000
13372  10.209  -58.371  -19.908 0.5000000000
14043  11.300  -58.311  -7.648 0.5000000000
14048  6.729  -58.905  -7.875 0.4000000060
14054  11.492  -58.631  -8.219 0.5000000000
14065  11.561  -58.729  -9.161 0.5000000000
14075  11.202  -58.791  -10.687 0.5000000000
14084  10.533  -59.149  -11.320 0.5000000000
14093  10.060  -58.008  -12.144 0.4000000060
14101  8.996  -57.936  -13.309 0.4000000060
14169  12.874  -58.008  -19.861 0.6000000238
14188  12.681  -57.635  -20.356 0.6999999881
14190  11.413  -58.170  -20.268 0.5000000000
14204  12.181  -57.816  -20.430 0.6999999881
14206  11.362  -57.951  -20.381 0.6999999881
14839  9.902  -57.447  -6.830 0.4000000060
14847  12.263  -57.385  -7.679 0.4000000060
14852  7.845  -57.237  -7.419 0.4000000060
14858  12.309  -57.719  -8.446 0.4000000060
14860  7.231  -57.081  -7.829 0.4000000060
14862  5.794  -57.611  -8.838 0.3000000119
14870  12.604  -57.354  -9.309 0.5000000000
14880  12.175  -57.675  -10.168 0.5000000000
14887  10.735  -56.783  -12.166 0.5000000000
14930  28.641  -57.257  -15.828 0.4000000060
14939  10.066  -57.399  -16.072 0.5000000000
14941  8.214  -57.871  -15.702 0.5000000000
14979  11.868  -57.296  -18.661 0.6999999881
14980  11.190  -57.480  -18.520 0.5000000000
14991  31.090  -57.362  -18.893 0.4000000060
14998  14.059  -57.339  -19.713 0.6999999881
15001  11.414  -57.502  -19.498 0.6999999881
15013  31.325  -57.007  -19.792 0.4000000060
15020  13.824  -57.046  -20.576 0.6999999881
15023  11.065  -57.864  -20.170 0.6999999881
15035  13.087  -57.180  -20.730 0.6999999881
15036  12.558  -57.360  -20.464 0.6999999881
15037  11.933  -57.696  -20.398 0.6999999881
15040  30.286  -57.063  -21.616 0.4000000060
15042  29.147  -57.993  -22.250 0.4000000060
15699  9.843  -56.636  -6.650 0.4000000060
15705  13.220  -56.241  -7.706 0.5000000000
15716  12.851  -56.940  -8.257 0.5000000000
15750  11.456  -56.554  -11.697 0.5000000000
15767  10.290  -56.286  -13.434 0.5000000000
15779  28.607  -56.194  -14.665 0.5000000000
15786  17.935  -55.907  -14.350 0.6000000238
15788  16.905  -56.612  -14.870 0.6000000238
15790  10.313  -56.523  -14.250 0.6000000238
15796  29.868  -56.323  -15.660 0.5000000000
15806  16.453  -56.376  -15.663 0.6000000238
15809  11.425  -56.690  -15.684 0.6000000238
15814  31.027  -56.301  -16.716 0.4000000060
15819  15.321  -56.663  -17.126 0.6000000238
15824  31.243  -56.593  -17.375 0.4000000060
15828  15.314  -56.486  -18.489 0.6000000238
15835  31.059  -57.186  -17.998 0.4000000060
15837  15.313  -56.413  -19.930 0.6999999881
15839  12.399  -56.801  -18.510 0.6999999881
15844  15.040  -56.121  -20.806 0.6999999881
15846  13.206  -56.526  -20.710 0.6999999881
15851  31.258  -56.637  -20.817 0.4000000060
15853  14.626  -55.829  -21.012 0.6999999881
15855  13.474  -56.660  -20.757 0.6999999881
15856  12.572  -57.142  -20.502 0.6999999881
15870  30.936  -56.695  -23.191 0.3000000119
16563  14.052  -55.305  -7.843 0.4000000060
16575  14.024  -55.714  -8.639 0.4000000060
16583  14.560  -55.341  -9.150 0.4000000060
16584  14.028  -55.779  -9.612 0.5000000000
16607  12.539  -55.603  -11.529 0.6000000238
16608  11.749  -55.761  -11.924 0.5000000000
16618  22.739  -55.150  -12.758 0.6000000238
16619  21.898  -55.072  -12.692 0.6000000238
16620  21.107  -54.943  -12.757 0.5000000000
16628  27.651  -55.279  -13.743 0.4000000060
16630  25.846  -55.300  -13.350 0.5000000000
16631  24.860  -55.380  -13.389 0.5000000000
16632  23.114  -55.661  -13.371 0.5000000000
16633  22.283  -55.716  -13.190 0.5000000000
16636  19.743  -55.847  -13.401 0.5000000000
16638  11.179  -55.028  -13.507 0.6000000238
16647  28.114  -55.711  -14.109 0.4000000060
16649  26.372  -55.854  -13.904 0.4000000060
16650  25.393  -55.848  -14.001 0.5000000000
16652  18.161  -55.070  -14.556 0.6000000238
16660  30.910  -55.106  -15.731 0.5000000000
16663  17.555  -55.420  -15.017 0.6000000238
16664  12.302  -55.558  -15.882 0.6000000238
16667  31.856  -55.096  -16.719 0.5000000000
16670  17.061  -55.083  -16.837 0.6000000238
16676  16.912  -55.069  -17.880 0.6999999881
16677  13.084  -55.344  -18.255 0.6999999881
16683  16.461  -55.437  -19.561 0.6999999881
16693  16.495  -55.071  -20.375 0.8000000119
16695  14.356  -55.610  -20.929 0.6999999881
16697  13.193  -55.988  -20.038 0.6999999881
16705  15.953  -55.146  -20.683 0.6999999881
16719  31.989  -55.958  -23.046 0.3000000119
17434  12.530  -54.588  -6.546 0.4000000060
17456  15.372  -53.959  -8.113 0.4000000060
17457  14.984  -54.751  -8.604 0.4000000060
17476  15.608  -54.532  -9.962 0.4000000060
17477  14.979  -54.893  -10.408 0.5000000000
17478  14.297  -55.087  -10.821 0.5000000000
17505  25.646  -54.038  -12.489 0.5000000000
17506  24.795  -54.082  -12.302 0.5000000000
17508  22.443  -54.435  -12.510 0.6000000238
17512  12.395  -54.407  -12.473 0.6999999881
17513  11.669  -54.632  -12.756 0.5000000000
17514  11.178  -54.900  -12.978 0.5000000000
17527  24.227  -54.826  -12.721 0.5000000000
17528  20.420  -54.656  -13.066 0.5000000000
17529  19.150  -54.882  -13.710 0.5000000000
17540  29.000  -54.398  -14.345 0.4000000060
17541  19.086  -54.250  -14.143 0.5000000000
17551  29.638  -54.974  -14.804 0.4000000060
17553  11.908  -54.984  -15.198 0.6000000238
17561  17.860  -53.891  -17.098 0.6999999881
17568  17.910  -54.004  -18.196 0.6999999881
17576  18.073  -54.133  -19.532 0.6000000238
17578  14.226  -54.485  -19.441 0.8999999762
17584  17.944  -53.937  -20.219 0.6000000238
17585  17.487  -54.441  -19.956 0.6000000238
17587  14.121  -55.249  -20.385 0.6999999881
17593  17.260  -54.177  -20.316 0.8000000119
17594  16.515  -54.586  -20.421 0.8000000119
17595  14.938  -55.390  -20.958 0.6999999881
18286  14.034  -53.141  -6.908 0.4000000060
18288  12.638  -53.612  -6.514 0.4000000060
18297  14.725  -53.576  -7.407 0.4000000060
18314  15.916  -53.773  -8.733 0.4000000060
18327  16.500  -53.507  -9.970 0.5000000000
18328  16.089  -53.964  -9.480 0.4000000060
18340  16.362  -53.505  -10.848 0.5000000000
18351  15.765  -53.875  -11.262 0.5000000000
18362  25.216  -53.368  -12.125 0.5000000000
18363  24.429  -53.301  -11.957 0.6000000238
18365  22.126  -53.622  -12.493 0.6000000238
18366  21.288  -53.538  -12.847 0.6000000238
18369  12.751  -53.803  -12.876 0.5000000000
18380  19.767  -54.252  -13.588 0.6999999881
18383  11.844  -53.871  -13.758 0.6999999881
18393  28.236  -54.099  -13.848 0.4000000060
18395  20.134  -53.426  -13.882 0.6999999881
18396  19.079  -53.686  -14.801 0.6000000238
18397  12.289  -53.305  -14.230 0.6999999881
18408  31.056  -53.327  -15.503 0.4000000060
18409  30.400  -53.689  -15.153 0.4000000060
18410  29.751  -53.277  -14.797 0.4000000060
18411  19.218  -53.262  -15.435 0.6000000238
18412  18.555  -53.726  -15.621 0.6000000238
18424  31.705  -53.818  -16.001 0.5000000000
18427  12.748  -53.331  -16.550 0.6999999881
18434  18.893  -52.947  -17.241 0.6999999881
18458  16.703  -53.731  -20.129 0.8000000119
18465  18.307  -53.348  -20.210 0.6000000238
18467  17.028  -54.033  -20.392 0.8000000119
19175  13.220  -52.903  -6.665 0.4000000060
19176  12.376  -52.722  -6.559 0.4000000060
19206  15.882  -53.227  -8.267 0.4000000060
19221  16.817  -52.329  -8.952 0.4000000060
19241  17.087  -52.594  -10.477 0.4000000060
19242  16.740  -53.096  -10.460 0.4000000060
19267  25.471  -52.615  -12.109 0.6000000238
19269  23.438  -52.381  -12.130 0.6000000238
19272  15.274  -52.720  -12.522 0.5000000000
19273  14.502  -52.670  -13.036 0.5000000000
19286  26.754  -52.224  -12.969 0.5000000000
19289  20.770  -53.195  -13.481 0.6999999881
19290  14.381  -52.139  -13.481 0.4000000060
19291  13.739  -52.607  -13.561 0.4000000060
19292  12.920  -52.794  -13.982 0.6000000238
19302  29.081  -53.063  -14.572 0.4000000060
19303  28.425  -52.868  -14.378 0.4000000060
19304  27.898  -52.625  -14.198 0.4000000060
19317  31.026  -52.558  -15.471 0.4000000060
19318  30.292  -52.712  -15.135 0.4000000060
19323  19.649  -52.694  -15.779 0.6999999881
19324  12.736  -52.402  -15.273 0.6000000238
19337  19.501  -52.492  -16.784 0.6999999881
19339  12.978  -52.108  -16.045 0.6000000238
19350  19.510  -52.524  -17.983 0.6000000238
19351  14.176  -52.080  -17.689 0.6999999881
19352  13.467  -52.464  -17.284 0.8000000119
19363  20.215  -52.032  -18.551 0.6000000238
19364  19.772  -52.540  -19.152 0.6000000238
19367  14.948  -52.605  -18.334 0.8000000119
19368  14.168  -53.002  -17.936 0.8000000119
19374  20.446  -52.122  -19.701 0.6000000238
19375  19.799  -52.541  -20.008 0.6999999881
19376  18.052  -52.416  -19.971 0.6999999881
19378  16.189  -53.199  -19.455 0.8000000119
19386  20.414  -51.969  -20.290 0.6999999881
19387  19.600  -52.295  -20.253 0.6999999881
19388  18.016  -53.175  -20.329 0.6999999881
20067  12.878  -52.158  -6.860 0.4000000060
20078  15.158  -51.888  -7.564 0.4000000060
20079  14.357  -51.596  -7.403 0.4000000060
20105  16.335  -51.924  -8.263 0.4000000060
20125  17.402  -51.646  -9.145 0.3000000119
20144  17.677  -51.595  -9.960 0.4000000060
20158  17.646  -51.502  -10.929 0.4000000060
20169  26.195  -51.748  -12.641 0.5000000000
20171  24.627  -51.566  -12.057 0.6000000238
20172  23.774  -51.674  -12.192 0.6000000238
20175  15.807  -51.274  -12.898 0.4000000060
20176  15.105  -51.934  -13.065 0.5000000000
20188  25.835  -51.062  -12.690 0.5000000000
20191  21.860  -51.752  -13.660 0.6999999881
20193  14.635  -51.527  -13.678 0.5000000000
20207  27.481  -51.949  -14.386 0.4000000060
20209  22.295  -51.041  -13.921 0.6999999881
20210  21.673  -51.330  -14.594 0.6999999881
20212  14.264  -51.196  -14.352 0.4000000060
20214  13.200  -52.081  -14.611 0.4000000060
20227  30.064  -51.119  -15.301 0.4000000060
20228  28.879  -52.157  -15.299 0.4000000060
20231  27.094  -51.607  -16.318 0.5000000000
20232  21.313  -51.278  -15.485 0.8000000119
20235  13.198  -51.746  -15.436 0.5000000000
20261  27.408  -51.722  -17.929 0.5000000000
20271  21.400  -51.129  -19.723 0.6000000238
20273  16.398  -51.602  -18.669 0.8000000119
20285  19.353  -51.399  -20.250 0.6000000238
20288  17.151  -52.093  -19.299 0.8000000119
20295  20.064  -51.553  -20.495 0.6000000238
21018  14.172  -50.148  -7.814 0.3000000119
21056  18.542  -50.374  -10.796 0.4000000060
21071  17.504  -50.964  -11.671 0.4000000060
21072  16.981  -51.017  -12.181 0.4000000060
21088  24.198  -50.886  -12.418 0.6000000238
21089  17.294  -50.441  -12.298 0.4000000060
21103  25.398  -50.343  -12.964 0.6000000238
21105  23.737  -50.375  -13.060 0.6999999881
21107  16.346  -50.044  -13.308 0.4000000060
21108  15.280  -50.124  -14.171 0.3000000119
21109  14.966  -50.831  -13.893 0.3000000119
21125  23.232  -50.021  -13.766 0.6000000238
21126  22.615  -50.399  -14.012 0.6999999881
21144  13.799  -50.764  -15.726 0.4000000060
21157  21.288  -50.557  -16.644 0.6999999881
21167  26.988  -51.376  -17.818 0.5000000000
21169  21.207  -50.417  -17.766 0.6999999881
21171  13.863  -50.590  -17.122 0.6999999881
21183  16.975  -51.058  -18.723 0.6999999881
21185  15.044  -50.989  -17.867 0.6999999881
21196  21.643  -50.488  -20.312 0.6000000238
21198  18.606  -50.932  -19.632 0.6000000238
21203  21.716  -50.291  -20.781 0.6000000238
21205  20.515  -50.162  -20.771 0.6999999881
21928  19.264  -49.289  -11.491 0.3000000119
21960  25.023  -49.654  -13.423 0.6000000238
21962  18.185  -49.112  -13.172 0.4000000060
21963  17.348  -49.366  -13.274 0.4000000060
21982  21.933  -49.979  -14.976 0.6999999881
21983  16.313  -49.014  -14.206 0.3000000119
21984  15.529  -49.359  -14.521 0.3000000119
21985  14.262  -50.140  -15.522 0.3000000119
21997  29.935  -49.953  -15.817 0.4000000060
22000  21.546  -49.908  -15.748 0.8000000119
22014  13.900  -49.803  -16.901 0.6000000238
22024  26.918  -50.435  -18.270 0.5000000000
22025  26.633  -49.565  -17.202 0.5000000000
22026  14.453  -50.341  -17.486 0.6999999881
22027  14.159  -49.674  -17.142 0.6000000238
22038  15.791  -49.665  -18.092 0.6000000238
22039  15.208  -49.415  -17.762 0.6999999881
22040  14.691  -49.574  -17.496 0.6000000238
22050  21.860  -49.918  -21.036 0.6000000238
22051  21.368  -49.861  -21.081 0.6000000238
22780  19.002  -48.701  -13.116 0.4000000060
22781  17.640  -48.876  -13.830 0.4000000060
22791  25.149  -48.649  -14.633 0.6000000238
22792  24.415  -48.533  -14.619 0.6999999881
22793  23.063  -48.868  -14.725 0.6999999881
22794  18.759  -48.200  -14.714 0.4000000060
22810  25.982  -48.860  -15.668 0.6000000238
22812  24.804  -48.172  -15.107 0.6000000238
22816  18.219  -48.136  -15.262 0.4000000060
22817  17.287  -48.205  -15.194 0.4000000060
22819  15.340  -48.099  -15.751 0.3000000119
22821  14.252  -49.222  -16.588 0.4000000060
22838  21.601  -48.587  -16.880 0.6000000238
22852  14.424  -48.296  -17.076 0.5000000000
22853  14.477  -48.940  -17.199 0.6000000238
22862  21.501  -48.734  -18.855 0.4000000060
22863  18.674  -48.885  -19.150 0.5000000000
22866  14.776  -48.331  -17.404 0.5000000000
22873  22.065  -49.076  -20.618 0.6000000238
22875  20.571  -48.742  -20.706 0.6999999881
22880  22.019  -49.140  -21.059 0.6999999881
23636  20.071  -47.817  -13.367 0.3000000119
23657  25.118  -47.891  -15.546 0.6000000238
23658  24.538  -47.700  -15.590 0.6000000238
23660  22.920  -47.794  -15.897 0.6000000238
23661  18.958  -47.612  -15.575 0.4000000060
23662  17.914  -47.649  -15.902 0.4000000060
23663  16.845  -47.533  -15.909 0.4000000060
23665  15.289  -47.481  -16.398 0.3000000119
23677  27.131  -47.427  -16.742 0.6000000238
23683  21.759  -47.813  -17.153 0.6000000238
23707  17.436  -47.547  -18.487 0.5000000000
23708  16.489  -47.253  -18.281 0.5000000000
23709  15.814  -47.150  -17.987 0.5000000000
23710  15.302  -47.127  -17.486 0.4000000060
23718  22.846  -47.277  -20.800 0.6999999881
23721  19.184  -47.321  -18.963 0.5000000000
23726  22.769  -47.308  -21.313 0.6000000238
23728  21.990  -47.802  -21.370 0.6000000238
23732  22.712  -47.332  -21.383 0.6000000238
24586  19.874  -47.036  -15.085 0.3000000119
24604  15.033  -47.201  -16.772 0.4000000060
24621  23.659  -46.496  -16.674 0.4000000060
24622  22.797  -46.677  -17.011 0.5000000000
24624  14.827  -47.318  -16.969 0.4000000060
24635  23.188  -45.956  -17.362 0.4000000060
24637  15.526  -46.486  -17.619 0.4000000060
24638  15.148  -46.888  -17.202 0.4000000060
24661  21.555  -46.490  -20.659 0.5000000000
24664  18.602  -46.294  -18.673 0.6000000238
24669  22.911  -46.877  -21.328 0.5000000000
24670  22.302  -47.163  -21.303 0.5000000000
25641  20.135  -45.410  -16.186 0.3000000119
25645  16.027  -45.979  -17.001 0.4000000060
25660  19.445  -45.381  -16.932 0.3000000119
25661  18.457  -45.362  -17.284 0.4000000060
25662  17.266  -45.205  -17.217 0.5000000000
25663  16.360  -45.102  -17.285 0.4000000060
25679  23.502  -45.205  -17.734 0.4000000060
25680  22.968  -45.598  -18.455 0.4000000060
25681  15.731  -45.350  -17.746 0.4000000060
25695  15.769  -45.553  -18.108 0.4000000060
25706  23.376  -45.883  -20.946 0.6000000238
25711  17.566  -45.868  -18.598 0.4000000060
25718  23.305  -45.303  -20.913 0.5000000000
26700  18.975  -44.541  -17.303 0.3000000119
26714  23.756  -44.395  -18.158 0.5000000000
26715  15.688  -44.377  -17.846 0.4000000060
26726  24.193  -43.763  -18.039 0.5000000000
26728  15.612  -44.644  -17.968 0.4000000060
26739  20.818  -44.876  -19.450 0.5000000000
26743  15.757  -44.218  -18.135 0.4000000060
26755  23.339  -44.406  -20.445 0.5000000000
26756  23.047  -44.488  -20.683 0.5000000000
27714  16.015  -43.076  -17.908 0.3000000119
27715  15.484  -43.895  -18.032 0.4000000060
27724  23.885  -43.272  -18.819 0.5000000000
27725  23.624  -43.646  -19.673 0.5000000000
27726  15.800  -43.403  -17.970 0.4000000060
27737  23.686  -42.970  -19.561 0.5000000000
27738  23.480  -43.587  -20.132 0.5000000000
27739  22.582  -43.378  -20.131 0.4000000060
27740  21.305  -43.396  -19.398 0.5000000000
27742  19.092  -43.478  -18.801 0.6000000238
28732  19.236  -42.993  -17.134 0.3000000119
28734  17.113  -42.450  -17.585 0.3000000119
28735  16.467  -42.792  -17.740 0.3000000119
28751  16.207  -42.760  -17.939 0.3000000119
28766  23.462  -42.680  -19.826 0.5000000000
28767  22.629  -42.432  -19.873 0.4000000060
28771  18.475  -42.740  -18.672 0.4000000060
28772  17.292  -42.604  -18.401 0.4000000060
28785  23.201  -43.059  -20.148 0.5000000000
29850  16.623  -42.091  -17.993 0.3000000119
29862  20.062  -41.180  -18.700 0.5000000000
29866  16.617  -42.150  -18.011 0.3000000119
29879  20.808  -41.880  -18.973 0.6000000238
30936  17.606  -39.251  -16.886 0.4000000060
30955  17.492  -40.628  -17.752 0.3000000119
30968  18.235  -40.834  -18.313 0.3000000119
32028  17.491  -39.248  -17.025 0.3000000119
32039  17.671  -39.726  -17.281 0.3000000119
32052  18.064  -40.018  -18.025 0.4000000060
34124  19.900  -37.185  -17.556 0.4000000060
34125  18.902  -37.546  -17.440 0.4000000060
35154  17.679  -37.234  -16.664 0.5000000000
35166  20.578  -36.700  -17.644 0.3000000119
118066  22.199  -48.336  -21.268 0.6999999881
118143  12.622  -52.824  -15.890 0.6999999881
118528  26.844  -51.219  -13.961 0.5000000000
119433  10.779  -58.183  -11.453 0.5000000000
120271  16.095  -53.316  -11.478 0.5000000000
120484  25.882  -47.038  -16.261 0.4000000060
120763  25.096  -46.641  -16.292 0.5000000000
121882  17.168  -45.070  -18.511 0.4000000060
122360  17.256  -55.155  -15.867 0.6000000238
122509  8.009  -59.566  -7.509 0.5000000000
123294  31.713  -56.442  -20.332 0.4000000060
123463  13.536  -51.195  -16.847 0.6000000238
123683  21.385  -48.942  -17.647 0.6999999881
124006  8.763  -57.516  -17.196 0.5000000000
124119  18.971  -44.813  -18.786 0.6000000238
124300  17.733  -39.962  -17.672 0.3000000119
124328  17.561  -52.890  -19.996 0.6999999881
124333  7.208  -59.584  -7.463 0.3000000119
125172  17.982  -50.862  -11.092 0.4000000060
125570  18.032  -54.001  -16.247 0.6000000238
125700  18.993  -53.094  -18.333 0.6000000238
125998  32.474  -55.311  -17.867 0.4000000060
126285  30.380  -49.940  -15.597 0.4000000060
126425  16.033  -52.779  -11.955 0.5000000000
126825  8.329  -55.928  -7.270 0.5000000000
128195  21.147  -51.189  -16.329 0.8000000119
128503  15.559  -46.259  -17.424 0.4000000060
128702  29.420  -51.446  -15.578 0.4000000060
128869  14.793  -49.866  -14.925 0.3000000119
129251  15.927  -45.152  -17.497 0.4000000060
129858  19.697  -46.040  -16.439 0.3000000119
130081  9.534  -57.664  -12.753 0.5000000000
130152  15.437  -48.716  -17.851 0.5000000000
130164  16.642  -50.045  -18.450 0.6999999881
130652  16.398  -55.550  -18.335 0.5000000000
131025  8.064  -58.058  -7.387 0.5000000000
131433  16.578  -52.161  -11.831 0.5000000000
131673  18.794  -52.699  -20.241 0.6000000238
131922  22.987  -53.768  -12.256 0.6000000238
131999  24.958  -52.191  -11.912 0.6000000238
132898  18.833  -39.683  -18.123 0.4000000060
133645  13.056  -53.841  -17.235 0.6999999881
133687  13.584  -53.623  -12.679 0.5000000000
134221  17.834  -46.381  -18.591 0.5000000000
134895  27.454  -51.924  -16.510 0.4000000060
135187  17.945  -41.992  -18.473 0.4000000060
135224  17.202  -48.890  -18.437 0.5000000000
135367  13.709  -55.870  -7.964 0.5000000000
135511  27.643  -52.036  -16.769 0.5000000000
135630  21.874  -52.933  -12.678 0.6999999881
135845  10.750  -57.776  -7.105 0.5000000000
136243  23.734  -43.833  -18.832 0.5000000000
136332  12.417  -56.551  -17.169 0.6000000238
136423  20.592  -50.841  -20.710 0.6000000238
136469  23.760  -48.490  -14.756 0.6999999881
136694  14.523  -47.832  -16.974 0.4000000060
137342  16.865  -55.177  -18.861 0.6999999881
137448  15.658  -54.851  -20.713 0.6999999881
137668  14.770  -47.814  -16.598 0.3000000119
137828  18.459  -41.799  -17.219 0.4000000060
137940  13.103  -53.085  -17.079 0.8000000119
138394  11.695  -54.459  -14.605 0.6999999881
139103  19.264  -50.669  -19.899 0.6000000238
139511  8.709  -58.161  -7.249 0.5000000000
139562  9.355  -57.232  -14.282 0.5000000000
140148  7.669  -58.070  -15.471 0.4000000060
140241  13.518  -51.305  -15.567 0.5000000000
140765  12.530  -55.925  -16.522 0.6999999881
141609  13.655  -55.164  -11.206 0.6000000238
141644  20.829  -56.005  -13.313 0.6000000238
141707  13.203  -55.489  -11.197 0.6000000238
141856  10.467  -57.098  -6.722 0.4000000060
141933  19.244  -55.474  -13.558 0.5000000000
142036  10.669  -58.477  -7.501 0.5000000000
142396  13.732  -51.624  -14.490 0.4000000060
