#!ascii label  , from subject sub-v1s18x0051266_ses-1 vox2ras=TkReg
563
16303  5.943  -58.630  -23.482 0.6000000238
20625  2.755  -53.732  -18.440 0.6999999881
19779  3.321  -54.680  -18.391 0.6999999881
16274  4.282  -58.335  -21.182 0.8999999762
16292  4.863  -58.493  -21.781 0.8000000119
16304  5.243  -58.716  -22.845 0.8000000119
126802  6.342  -58.023  -23.112 0.6000000238
16315  6.705  -58.238  -24.571 0.6999999881
115395  2.515  -51.902  -18.602 0.6999999881
21477  1.785  -51.855  -18.593 0.6999999881
20624  3.677  -53.841  -18.206 0.6999999881
19778  4.410  -54.892  -18.002 0.6000000238
18927  4.643  -55.768  -18.367 0.6999999881
18023  3.779  -56.788  -19.376 0.6999999881
18022  4.718  -56.795  -19.254 0.8000000119
17142  5.050  -57.245  -19.801 0.8000000119
16273  4.973  -58.237  -20.919 0.8000000119
17180  5.527  -57.903  -21.144 0.8000000119
17179  6.031  -57.544  -21.932 0.6000000238
17193  6.494  -57.245  -22.902 0.6000000238
17206  6.724  -57.126  -24.535 0.6999999881
17218  7.129  -57.592  -24.880 0.6999999881
22369  2.764  -51.100  -18.636 0.5000000000
115402  2.001  -51.013  -18.664 0.6000000238
115403  3.385  -52.085  -18.487 0.4000000060
115339  3.946  -52.987  -18.243 0.6000000238
20623  4.597  -53.833  -17.870 0.5000000000
18926  5.384  -55.504  -18.222 0.6000000238
18007  5.158  -56.246  -18.696 0.8000000119
18021  5.462  -56.610  -19.367 0.6999999881
18020  6.113  -56.355  -19.777 0.6999999881
18039  6.173  -56.619  -20.638 0.6999999881
18060  6.468  -56.566  -21.890 0.5000000000
18080  6.582  -56.537  -23.499 0.6000000238
18096  6.725  -56.024  -24.601 0.6000000238
17205  7.276  -57.735  -24.822 0.5000000000
23318  2.546  -49.412  -18.526 0.5000000000
23319  2.083  -49.679  -18.417 0.6000000238
24279  1.813  -49.728  -18.292 0.6000000238
119298  2.238  -50.209  -18.606 0.5000000000
19777  5.476  -54.604  -17.765 0.5000000000
18925  6.194  -55.113  -18.148 0.6000000238
18942  6.706  -55.326  -18.894 0.6000000238
117635  6.467  -55.761  -19.519 0.6000000238
18957  6.535  -55.885  -20.580 0.5000000000
18969  6.655  -55.436  -21.852 0.5000000000
18982  6.595  -55.712  -23.251 0.6000000238
18112  7.058  -56.486  -25.056 0.5000000000
19001  7.100  -56.088  -25.000 0.5000000000
18094  7.488  -56.413  -24.722 0.5000000000
18095  7.124  -56.890  -25.057 0.5000000000
24278  2.315  -49.183  -18.329 0.5000000000
24260  2.052  -49.407  -18.214 0.5000000000
22368  3.727  -51.369  -18.495 0.5000000000
114599  4.715  -51.642  -18.230 0.4000000060
118809  5.230  -50.997  -18.204 0.3000000119
21475  5.091  -52.502  -17.862 0.4000000060
21464  5.833  -52.818  -17.645 0.3000000119
21474  5.814  -51.957  -17.807 0.3000000119
19763  6.363  -54.164  -17.754 0.5000000000
20622  7.105  -54.031  -18.034 0.5000000000
19776  7.573  -54.169  -18.725 0.5000000000
18941  6.929  -55.246  -19.871 0.5000000000
19805  6.872  -55.012  -20.870 0.5000000000
19815  6.766  -54.678  -21.773 0.6000000238
19822  6.608  -54.681  -22.978 0.6000000238
19829  6.632  -55.107  -24.335 0.5000000000
123695  6.949  -55.521  -24.911 0.5000000000
124379  2.479  -48.885  -18.265 0.5000000000
128920  2.550  -48.917  -18.384 0.5000000000
24277  2.998  -48.656  -18.501 0.5000000000
23317  3.520  -49.658  -18.653 0.4000000060
118842  4.164  -50.714  -18.510 0.5000000000
23316  4.668  -50.113  -18.550 0.4000000060
22367  6.399  -51.060  -17.878 0.3000000119
22353  7.025  -52.046  -17.711 0.3000000119
20621  7.645  -53.545  -18.264 0.4000000060
20644  7.784  -54.095  -19.613 0.5000000000
19804  7.353  -54.585  -20.230 0.4000000060
117790  6.572  -54.249  -24.078 0.5000000000
20677  6.622  -53.454  -23.989 0.5000000000
19836  6.823  -54.731  -24.637 0.5000000000
18992  7.680  -55.446  -24.553 0.5000000000
19834  7.625  -54.647  -24.565 0.4000000060
19000  7.175  -55.374  -24.848 0.5000000000
24249  2.336  -49.127  -17.745 0.5000000000
25221  2.705  -48.583  -18.286 0.5000000000
24276  4.120  -49.068  -18.664 0.4000000060
24275  5.270  -49.593  -18.546 0.3000000119
20620  8.303  -52.983  -18.453 0.4000000060
20654  8.280  -53.412  -19.901 0.4000000060
117756  8.210  -53.587  -19.030 0.4000000060
20655  7.645  -53.778  -20.700 0.5000000000
20662  7.225  -53.668  -21.576 0.5000000000
20663  6.792  -54.003  -22.134 0.6000000238
127819  6.822  -54.032  -24.482 0.4000000060
19835  7.109  -54.632  -24.738 0.5000000000
25206  2.949  -48.180  -18.068 0.4000000060
25220  3.206  -47.850  -18.247 0.4000000060
118396  3.674  -47.956  -18.581 0.4000000060
118845  4.770  -48.479  -18.689 0.4000000060
23314  6.302  -50.109  -18.210 0.4000000060
114815  8.303  -50.903  -18.197 0.4000000060
21473  8.059  -52.249  -18.024 0.4000000060
118581  8.697  -52.340  -18.619 0.4000000060
21493  8.756  -52.763  -19.310 0.4000000060
118163  8.575  -52.719  -20.384 0.5000000000
21501  8.083  -52.560  -21.331 0.5000000000
21512  7.414  -52.415  -22.114 0.6000000238
21521  6.675  -52.871  -23.333 0.5000000000
21520  6.862  -52.359  -22.804 0.4000000060
21530  6.749  -52.732  -24.014 0.4000000060
123125  3.390  -48.355  -17.273 0.4000000060
26153  3.545  -47.093  -18.151 0.4000000060
25194  3.406  -47.566  -17.707 0.4000000060
25219  3.706  -47.088  -18.435 0.4000000060
123630  6.035  -49.084  -18.456 0.4000000060
22365  8.594  -51.651  -18.327 0.4000000060
22382  9.263  -51.811  -19.018 0.4000000060
22389  9.162  -52.112  -19.948 0.4000000060
112174  8.651  -52.033  -20.986 0.5000000000
25193  4.040  -47.869  -16.912 0.4000000060
26140  3.802  -47.092  -17.554 0.4000000060
26169  3.952  -46.486  -18.314 0.4000000060
124241  4.211  -47.443  -18.709 0.4000000060
25218  5.434  -47.711  -18.647 0.4000000060
118846  7.123  -48.613  -18.428 0.4000000060
24273  8.128  -49.581  -18.346 0.5000000000
23312  8.755  -50.324  -18.380 0.4000000060
22364  9.138  -51.049  -18.546 0.3000000119
23334  9.614  -50.880  -19.057 0.3000000119
22388  9.477  -51.353  -19.789 0.4000000060
22399  8.668  -51.194  -21.508 0.4000000060
21511  7.894  -51.767  -21.901 0.5000000000
129741  4.046  -48.826  -16.723 0.4000000060
112702  4.310  -46.749  -18.613 0.4000000060
117902  8.407  -48.798  -18.428 0.3000000119
24272  9.154  -49.584  -18.502 0.3000000119
117601  9.355  -50.382  -18.696 0.3000000119
23352  8.100  -50.239  -22.204 0.4000000060
26139  4.414  -46.839  -17.018 0.3000000119
26152  4.008  -46.467  -17.860 0.3000000119
27092  4.475  -46.136  -17.978 0.3000000119
113007  5.279  -46.578  -18.517 0.3000000119
113008  6.544  -47.247  -18.505 0.3000000119
113006  7.820  -47.806  -18.478 0.3000000119
124162  9.537  -48.442  -18.638 0.4000000060
24291  9.778  -49.881  -19.034 0.3000000119
23341  9.764  -50.468  -20.033 0.3000000119
23351  9.258  -50.478  -21.316 0.4000000060
24308  8.709  -49.775  -22.022 0.4000000060
25217  8.869  -48.169  -18.473 0.4000000060
25216  10.058  -48.232  -18.888 0.4000000060
25231  9.724  -49.036  -18.783 0.4000000060
24290  10.149  -49.032  -19.182 0.3000000119
24307  9.777  -49.712  -21.116 0.4000000060
120899  9.847  -48.787  -21.609 0.4000000060
24315  8.736  -49.021  -22.291 0.4000000060
25238  10.446  -48.304  -19.569 0.4000000060
113731  10.473  -48.293  -20.791 0.4000000060
129819  9.891  -48.068  -21.839 0.4000000060
25259  7.810  -48.283  -22.768 0.3000000119
26205  9.256  -47.367  -22.287 0.3000000119
120475  4.185  -58.007  -20.451 0.8000000119
17161  5.290  -57.609  -20.473 0.6999999881
17160  5.910  -57.223  -20.971 0.6999999881
126971  4.640  -53.007  -17.922 0.4000000060
19764  5.470  -53.495  -17.661 0.4000000060
18943  5.986  -55.923  -18.821 0.6999999881
118856  3.081  -50.346  -18.666 0.5000000000
19791  7.313  -54.761  -19.235 0.5000000000
20607  6.905  -53.476  -17.757 0.4000000060
19814  7.116  -54.283  -21.198 0.6000000238
20670  6.608  -53.715  -23.155 0.5000000000
20669  6.980  -53.152  -22.346 0.6000000238
24274  7.176  -49.739  -18.243 0.3000000119
116269  9.191  -51.593  -20.549 0.4000000060
25192  5.046  -47.885  -16.551 0.4000000060
24299  10.093  -49.672  -19.838 0.3000000119
25248  10.348  -49.038  -20.293 0.3000000119
25258  8.651  -48.007  -22.477 0.3000000119
14532  1.732  -60.211  -26.086 0.6000000238
14516  1.529  -60.675  -25.313 0.6000000238
13529  -0.139  -61.342  -21.045 0.6000000238
13514  0.422  -61.246  -20.264 0.6000000238
14533  0.761  -60.680  -25.649 0.5000000000
15450  1.359  -60.137  -25.910 0.6000000238
16331  2.665  -58.663  -25.225 0.6999999881
15449  2.171  -59.984  -26.427 0.6999999881
13571  0.713  -60.758  -25.620 0.6000000238
112920  2.555  -60.570  -25.241 0.6000000238
14497  2.013  -60.714  -23.989 0.6000000238
14474  2.484  -60.610  -22.935 0.6000000238
14445  1.251  -60.650  -21.774 0.6000000238
129596  1.042  -60.742  -20.926 0.6000000238
14421  1.359  -60.847  -20.229 0.6000000238
13485  1.832  -61.432  -18.876 0.6999999881
16319  0.920  -58.434  -24.280 0.6000000238
17207  2.167  -57.387  -23.771 0.6999999881
15439  1.072  -59.449  -25.229 0.5000000000
17219  2.074  -57.857  -24.388 0.6999999881
15438  1.731  -59.534  -25.785 0.6999999881
16330  3.163  -59.135  -25.793 0.6999999881
14531  2.462  -60.064  -26.487 0.6999999881
14496  3.012  -60.614  -24.168 0.5000000000
14444  1.882  -60.590  -21.087 0.6000000238
124910  2.708  -60.565  -20.807 0.6000000238
14400  1.735  -60.984  -19.584 0.6999999881
109561  3.070  -60.604  -19.964 0.6999999881
123978  2.358  -61.799  -18.455 0.6999999881
14379  3.407  -61.147  -18.657 0.6999999881
10947  8.218  -64.905  -20.118 0.4000000060
11794  7.258  -63.769  -17.926 0.5000000000
122822  5.805  -62.671  -17.352 0.6000000238
12601  5.027  -62.399  -17.482 0.6000000238
13483  3.930  -61.449  -18.203 0.6999999881
18063  0.338  -56.049  -22.169 0.5000000000
109323  0.889  -56.314  -22.600 0.5000000000
18082  1.417  -56.520  -22.711 0.6000000238
17209  1.044  -57.319  -23.725 0.5000000000
18081  2.058  -56.976  -22.835 0.6999999881
18097  1.611  -56.903  -23.325 0.5000000000
17220  1.535  -57.785  -24.209 0.6000000238
17194  2.771  -57.797  -22.828 0.6999999881
113078  2.502  -58.122  -24.466 0.6999999881
119592  3.101  -58.616  -25.063 0.6999999881
14515  3.050  -60.276  -26.198 0.6999999881
115396  2.867  -60.533  -21.857 0.6000000238
14443  3.632  -60.502  -21.055 0.6999999881
14398  3.691  -60.726  -19.320 0.6999999881
14378  4.180  -60.910  -18.698 0.6999999881
13469  4.442  -61.779  -17.760 0.6000000238
124655  4.695  -61.182  -18.163 0.6000000238
19793  0.416  -55.070  -19.311 0.5000000000
128062  -0.796  -55.357  -20.821 0.4000000060
18958  0.914  -55.845  -20.922 0.5000000000
18959  0.085  -55.463  -20.911 0.5000000000
18062  1.087  -56.109  -21.912 0.5000000000
18025  1.482  -56.055  -20.201 0.6000000238
18042  1.821  -56.440  -20.909 0.6000000238
18041  2.767  -56.907  -20.441 0.6999999881
18061  1.921  -56.651  -21.950 0.6000000238
17182  2.645  -57.376  -21.898 0.6999999881
16307  2.947  -58.214  -23.867 0.6999999881
15447  3.349  -59.721  -26.320 0.6999999881
127203  3.993  -60.665  -24.645 0.6999999881
14473  3.665  -60.593  -23.265 0.6999999881
115408  3.861  -60.549  -22.140 0.6999999881
14442  4.544  -60.504  -21.741 0.8000000119
14397  4.546  -60.613  -19.483 0.6999999881
125089  6.466  -61.596  -17.284 0.5000000000
14377  5.509  -60.894  -18.120 0.6000000238
112405  5.032  -60.704  -18.793 0.6000000238
19794  -0.204  -54.563  -19.081 0.4000000060
19792  1.138  -55.174  -19.119 0.6000000238
110343  0.765  -55.555  -19.942 0.6000000238
18945  1.687  -55.788  -19.529 0.6000000238
18944  2.545  -55.945  -19.214 0.6000000238
109591  3.076  -56.801  -19.816 0.6000000238
17163  3.248  -57.584  -20.910 0.6999999881
17181  3.497  -58.149  -21.711 0.6999999881
16318  3.707  -58.941  -24.241 0.6999999881
15437  3.846  -59.508  -25.705 0.6999999881
15426  4.562  -59.413  -24.728 0.8000000119
15436  5.060  -59.971  -25.922 0.8000000119
14494  5.356  -60.617  -25.463 0.6000000238
14472  4.656  -60.598  -22.950 0.6000000238
113367  5.190  -60.427  -21.266 0.8000000119
14418  4.912  -60.493  -20.360 0.6999999881
13467  7.160  -61.613  -17.111 0.5000000000
14365  6.007  -61.218  -17.597 0.6000000238
14396  5.427  -60.446  -19.696 0.6999999881
121538  0.278  -53.682  -18.673 0.5000000000
111672  -0.188  -52.836  -18.598 0.4000000060
21479  -0.755  -51.958  -18.426 0.4000000060
20627  1.089  -53.629  -18.642 0.5000000000
19781  0.685  -54.487  -18.863 0.5000000000
19780  1.514  -54.479  -18.743 0.6000000238
120618  2.921  -55.402  -18.740 0.6000000238
18009  3.405  -56.124  -18.940 0.6000000238
17144  3.561  -57.368  -20.014 0.6999999881
16293  4.147  -58.469  -21.968 0.8000000119
16305  4.542  -58.705  -22.700 0.8000000119
15425  5.495  -59.571  -25.113 0.6000000238
14512  5.861  -60.350  -25.635 0.6000000238
124702  5.508  -60.651  -23.775 0.6999999881
121175  5.566  -60.471  -22.514 0.6999999881
14416  6.561  -59.964  -21.341 0.6999999881
14376  6.466  -60.575  -18.127 0.6000000238
14395  6.326  -60.105  -19.975 0.6000000238
15377  7.068  -59.643  -20.505 0.6000000238
14364  6.807  -60.998  -17.422 0.6000000238
15366  6.677  -60.108  -19.087 0.6000000238
123149  1.088  -51.899  -18.515 0.5000000000
123103  0.683  -52.770  -18.570 0.5000000000
21478  0.252  -51.937  -18.446 0.5000000000
22371  -1.250  -51.323  -18.107 0.5000000000
117162  2.236  -52.758  -18.542 0.5000000000
119413  1.469  -52.738  -18.565 0.5000000000
122693  2.386  -54.546  -18.610 0.6000000238
15410  4.967  -59.131  -23.761 0.6999999881
115488  5.700  -59.089  -24.178 0.6000000238
115032  6.410  -60.198  -25.536 0.6000000238
14511  6.753  -60.117  -25.314 0.6000000238
14470  7.036  -60.232  -23.700 0.6999999881
15424  7.100  -60.112  -24.622 0.6000000238
15393  7.180  -59.793  -22.518 0.6000000238
14363  7.690  -60.878  -17.210 0.5000000000
15365  7.322  -59.641  -19.363 0.4000000060
127917  1.459  -51.164  -18.536 0.5000000000
23320  0.535  -50.806  -18.159 0.5000000000
115517  0.265  -50.769  -17.973 0.5000000000
23302  -0.400  -50.964  -17.647 0.5000000000
23292  -0.233  -50.969  -17.167 0.5000000000
22344  -0.380  -51.674  -16.739 0.5000000000
14492  6.973  -59.637  -24.968 0.6000000238
15408  7.494  -59.345  -24.253 0.4000000060
15392  7.631  -59.333  -22.986 0.5000000000
15376  7.552  -59.269  -21.574 0.4000000060
16272  7.716  -59.155  -20.263 0.4000000060
119916  1.531  -50.393  -18.411 0.6000000238
24262  1.120  -50.320  -18.136 0.5000000000
23301  0.580  -50.573  -17.737 0.5000000000
23291  0.712  -50.747  -17.142 0.5000000000
123280  0.360  -51.316  -16.783 0.5000000000
21453  0.590  -52.094  -16.523 0.5000000000
21454  0.033  -52.705  -16.564 0.4000000060
123980  0.388  -53.497  -16.547 0.5000000000
120587  1.002  -54.993  -16.532 0.4000000060
18900  0.736  -55.920  -16.897 0.4000000060
16328  7.201  -58.618  -24.770 0.6000000238
110995  7.584  -58.502  -24.369 0.4000000060
16291  7.939  -58.722  -22.197 0.4000000060
16271  8.045  -58.648  -21.025 0.4000000060
24261  1.431  -49.937  -18.090 0.5000000000
23300  1.174  -50.256  -17.613 0.4000000060
22343  1.258  -51.420  -16.637 0.5000000000
21452  1.427  -52.455  -16.434 0.4000000060
20600  0.868  -53.027  -16.433 0.5000000000
20599  1.671  -53.299  -16.350 0.4000000060
19753  2.179  -54.125  -16.145 0.5000000000
19754  1.155  -54.010  -16.363 0.5000000000
19747  1.881  -54.929  -16.150 0.3000000119
18899  1.592  -55.839  -16.369 0.3000000119
17966  2.091  -56.651  -15.996 0.3000000119
18079  7.489  -57.143  -24.656 0.4000000060
24250  1.705  -49.765  -17.696 0.5000000000
23290  1.478  -50.437  -17.032 0.5000000000
126793  2.165  -50.001  -16.997 0.4000000060
22342  2.170  -51.029  -16.611 0.4000000060
22341  3.126  -51.780  -16.441 0.4000000060
114267  2.837  -49.638  -16.931 0.4000000060
23289  2.932  -50.627  -16.623 0.4000000060
115140  3.800  -51.051  -16.487 0.4000000060
21450  3.671  -52.803  -16.202 0.4000000060
23288  3.465  -50.213  -16.628 0.4000000060
122674  2.894  -48.812  -17.371 0.3000000119
21449  4.433  -52.153  -16.238 0.4000000060
21440  4.534  -53.049  -15.860 0.4000000060
119796  3.588  -49.383  -16.771 0.4000000060
20587  5.146  -53.594  -15.339 0.4000000060
122149  4.491  -49.648  -16.558 0.3000000119
125988  4.869  -50.443  -16.462 0.4000000060
22340  4.719  -51.185  -16.368 0.4000000060
22330  5.505  -52.005  -16.003 0.4000000060
21439  5.306  -52.803  -15.659 0.4000000060
130380  5.995  -52.558  -15.433 0.3000000119
16316  6.306  -59.609  -25.194 0.6000000238
20626  1.898  -53.649  -18.576 0.5000000000
16329  6.884  -59.099  -24.746 0.6000000238
17192  7.849  -57.791  -23.773 0.4000000060
14476  0.719  -60.877  -22.537 0.6000000238
113503  3.005  -60.885  -19.113 0.6999999881
14419  4.046  -60.541  -20.174 0.6999999881
10911  7.059  -64.311  -18.763 0.5000000000
122823  7.091  -63.090  -17.347 0.5000000000
11782  6.305  -63.331  -17.552 0.5000000000
12600  6.598  -62.384  -17.189 0.4000000060
13468  5.819  -61.924  -17.332 0.6000000238
18970  0.399  -55.760  -21.563 0.5000000000
14514  4.045  -60.255  -26.091 0.6999999881
112714  5.905  -60.439  -18.918 0.6000000238
18024  2.302  -56.410  -19.903 0.6000000238
115295  4.878  -60.736  -24.516 0.6999999881
20628  -0.464  -53.713  -18.741 0.4000000060
14529  5.319  -60.189  -25.890 0.6000000238
14493  5.878  -60.752  -24.959 0.6000000238
14440  6.527  -60.223  -22.604 0.6999999881
14417  5.731  -60.291  -20.696 0.6999999881
122824  7.617  -62.530  -17.128 0.5000000000
15435  5.956  -60.136  -25.678 0.6999999881
122066  6.623  -60.426  -25.117 0.6999999881
14471  6.419  -60.518  -23.936 0.6999999881
131008  7.102  -59.642  -21.477 0.6000000238
15351  7.145  -60.097  -18.534 0.6000000238
114425  0.807  -51.150  -18.372 0.5000000000
22370  -0.184  -51.291  -18.215 0.5000000000
23321  -0.598  -51.082  -18.019 0.4000000060
15434  6.544  -59.963  -25.412 0.6000000238
15409  7.383  -59.862  -23.689 0.6000000238
119142  0.322  -55.196  -16.945 0.3000000119
16302  7.863  -58.711  -23.415 0.5000000000
17976  1.271  -56.800  -16.660 0.4000000060
23287  4.151  -50.323  -16.532 0.4000000060
7109  11.754  -69.355  -25.269 0.3000000119
7124  12.160  -69.224  -26.267 0.3000000119
10196  6.032  -65.827  -25.096 0.4000000060
9405  7.152  -67.066  -26.036 0.4000000060
8639  6.805  -67.288  -26.906 0.4000000060
8652  7.341  -67.749  -27.634 0.4000000060
10139  5.767  -65.385  -22.877 0.4000000060
117569  5.050  -65.381  -23.229 0.4000000060
10140  4.317  -65.351  -22.880 0.4000000060
10996  4.049  -65.169  -22.092 0.5000000000
10113  3.139  -65.139  -21.972 0.5000000000
10978  2.742  -64.802  -21.207 0.5000000000
9369  6.869  -66.148  -24.643 0.4000000060
10182  5.480  -65.569  -24.601 0.5000000000
10114  2.264  -65.085  -21.861 0.5000000000
9388  7.507  -66.789  -25.202 0.5000000000
9389  6.596  -66.391  -25.530 0.5000000000
8619  8.153  -67.292  -25.779 0.5000000000
8638  7.724  -67.513  -26.679 0.4000000060
8651  8.303  -67.911  -27.417 0.4000000060
7894  7.936  -68.220  -28.485 0.4000000060
7914  8.632  -68.539  -29.690 0.4000000060
7933  8.968  -69.331  -31.244 0.3000000119
6439  9.591  -69.882  -31.711 0.4000000060
119115  7.625  -65.499  -21.974 0.4000000060
120125  6.140  -64.968  -21.232 0.4000000060
129925  5.950  -64.763  -20.618 0.4000000060
10137  7.298  -65.582  -22.518 0.4000000060
130696  6.317  -65.544  -23.267 0.4000000060
10138  6.523  -65.423  -22.637 0.4000000060
10975  5.415  -64.984  -21.583 0.4000000060
10976  4.628  -64.916  -21.439 0.5000000000
10977  3.676  -64.858  -21.279 0.5000000000
10159  7.679  -65.921  -23.006 0.4000000060
10160  6.595  -65.759  -23.859 0.4000000060
10181  6.139  -65.719  -24.419 0.4000000060
10951  4.265  -64.667  -20.524 0.5000000000
115894  3.206  -64.546  -20.321 0.5000000000
10952  2.251  -64.527  -20.479 0.5000000000
10931  2.493  -64.305  -19.779 0.6000000238
11812  1.497  -63.542  -19.054 0.6000000238
10932  1.660  -64.196  -19.751 0.6000000238
13484  3.138  -61.758  -18.233 0.6000000238
12609  2.605  -62.397  -18.237 0.6000000238
11813  0.680  -63.192  -19.186 0.5000000000
7893  8.957  -68.255  -28.242 0.4000000060
13498  1.141  -61.314  -19.498 0.5000000000
114367  9.457  -68.761  -30.236 0.4000000060
7932  9.866  -69.093  -31.056 0.4000000060
7949  9.757  -69.765  -31.647 0.4000000060
118342  5.850  -64.589  -19.866 0.4000000060
122322  6.210  -64.363  -18.854 0.5000000000
10928  4.857  -64.505  -19.724 0.5000000000
10913  4.465  -64.154  -18.840 0.5000000000
10930  3.093  -64.163  -19.324 0.5000000000
11784  4.527  -63.142  -17.697 0.5000000000
11798  2.944  -63.640  -18.631 0.6000000238
12602  4.148  -62.473  -17.709 0.6000000238
11785  3.757  -63.063  -17.886 0.6000000238
125781  12.217  -69.292  -24.095 0.3000000119
129477  12.690  -68.708  -25.913 0.3000000119
115465  13.033  -68.950  -29.952 0.3000000119
10110  8.339  -65.503  -21.569 0.4000000060
10090  7.868  -65.192  -20.868 0.4000000060
10948  7.331  -64.873  -20.288 0.4000000060
10949  6.506  -64.803  -20.482 0.4000000060
11795  5.748  -63.901  -18.084 0.5000000000
125902  6.516  -64.004  -18.182 0.4000000060
11783  5.362  -63.245  -17.602 0.5000000000
12610  1.724  -62.275  -18.546 0.6000000238
11801  0.898  -62.428  -18.919 0.5000000000
10927  6.767  -64.599  -19.637 0.4000000060
10112  5.957  -65.170  -22.097 0.4000000060
10953  1.523  -64.527  -20.509 0.5000000000
7162  12.303  -69.457  -30.153 0.3000000119
10974  7.023  -65.088  -21.051 0.4000000060
10950  5.305  -64.740  -20.747 0.5000000000
10929  3.920  -64.396  -19.548 0.5000000000
10914  3.675  -63.942  -18.785 0.6000000238
22398  9.402  -51.057  -20.630 0.3000000119
6430  9.558  -70.282  -31.155 0.4000000060
9368  7.803  -66.576  -24.481 0.5000000000
10111  7.521  -65.326  -21.470 0.4000000060
10161  5.751  -65.523  -23.765 0.4000000060
10180  7.542  -66.175  -23.757 0.4000000060
10912  5.339  -64.302  -18.868 0.5000000000
10933  0.941  -63.868  -19.547 0.5000000000
10979  1.891  -64.751  -21.161 0.5000000000
10995  5.029  -65.204  -22.308 0.4000000060
11796  4.911  -63.788  -18.116 0.5000000000
11797  4.136  -63.611  -18.234 0.6000000238
11799  2.154  -63.140  -18.496 0.6000000238
11800  1.365  -62.947  -18.733 0.6000000238
11811  2.295  -63.861  -19.100 0.6000000238
12608  3.398  -62.449  -17.958 0.6000000238
13470  3.790  -61.951  -17.882 0.6000000238
13486  1.180  -61.805  -18.924 0.6999999881
13499  0.514  -61.755  -19.359 0.5000000000
14380  2.660  -61.315  -18.715 0.6999999881
14399  2.383  -60.924  -19.316 0.6999999881
14420  2.167  -60.694  -20.152 0.6999999881
14441  5.947  -60.288  -21.659 0.6999999881
14446  0.503  -60.951  -21.421 0.6000000238
14495  3.595  -60.522  -25.452 0.6999999881
14513  5.048  -60.313  -25.850 0.6000000238
14530  4.310  -60.127  -26.100 0.6999999881
14544  2.646  -60.031  -26.553 0.6999999881
14545  2.285  -60.034  -26.422 0.6000000238
15448  2.828  -59.844  -26.476 0.6999999881
16306  3.664  -58.494  -22.892 0.8000000119
16317  4.264  -58.958  -23.588 0.8000000119
16332  1.797  -58.631  -25.006 0.6999999881
16340  3.074  -59.185  -25.936 0.6999999881
16341  2.396  -59.312  -25.863 0.6999999881
17143  4.369  -57.388  -19.801 0.8000000119
17162  4.762  -57.720  -20.257 0.8000000119
17164  2.493  -56.945  -21.230 0.6000000238
17208  1.593  -57.257  -23.750 0.6000000238
18008  4.288  -56.300  -18.751 0.6999999881
18040  5.645  -56.959  -20.129 0.6999999881
18083  0.586  -56.485  -22.735 0.5000000000
18098  1.085  -56.687  -23.243 0.5000000000
18928  3.838  -55.593  -18.462 0.6999999881
18929  2.011  -55.244  -18.944 0.6000000238
18971  -0.243  -55.699  -21.535 0.5000000000
20608  6.249  -53.375  -17.626 0.3000000119
20686  6.847  -53.342  -24.320 0.4000000060
21463  6.555  -52.756  -17.642 0.3000000119
21476  4.254  -52.269  -18.266 0.4000000060
21502  7.596  -53.128  -21.492 0.5000000000
22366  7.649  -51.410  -17.912 0.4000000060
23313  7.319  -50.585  -18.037 0.4000000060
23315  5.582  -50.402  -18.281 0.3000000119
26168  4.580  -46.218  -18.303 0.3000000119
109859  4.454  -60.479  -20.894 0.8000000119
110515  5.519  -58.287  -22.035 0.6000000238
112073  6.857  -65.269  -21.870 0.4000000060
112314  3.020  -56.424  -19.446 0.6000000238
113751  9.216  -48.847  -18.518 0.4000000060
114372  4.613  -60.569  -25.504 0.6000000238
114731  3.200  -60.016  -26.498 0.6999999881
114893  1.969  -60.547  -22.046 0.6000000238
115404  3.088  -52.882  -18.436 0.6000000238
117387  6.988  -65.673  -23.188 0.4000000060
118168  3.028  -63.050  -18.167 0.6000000238
119310  2.248  -60.342  -26.017 0.6000000238
119722  7.981  -61.676  -16.999 0.5000000000
120526  4.957  -65.435  -24.038 0.4000000060
122496  5.222  -61.524  -17.682 0.6000000238
124033  7.965  -50.246  -18.218 0.3000000119
124260  7.493  -52.874  -17.851 0.4000000060
125944  3.501  -63.453  -18.307 0.6000000238
125975  5.321  -45.914  -18.231 0.3000000119
126225  6.908  -54.650  -18.338 0.5000000000
126227  6.426  -59.079  -24.551 0.6000000238
128603  6.849  -59.867  -19.717 0.6000000238
129255  6.914  -60.393  -24.439 0.6999999881
129778  8.086  -53.149  -20.766 0.5000000000
130521  3.804  -58.170  -20.975 0.8999999762
