#!ascii label  , from subject sub-v1s18x0051266_ses-1 vox2ras=TkReg
698
52645  14.705  -19.162  -21.226 0.1428571492
53444  13.458  -19.090  -20.795 0.1428571492
54262  14.405  -17.784  -22.190 0.1428571492
52633  14.987  -19.552  -20.503 0.1428571492
53456  15.214  -18.670  -21.711 0.2857142985
53458  13.803  -18.614  -21.315 0.1428571492
120650  14.751  -17.404  -22.768 0.5714285970
53467  15.588  -18.132  -22.303 0.1428571492
54275  17.106  -17.347  -22.301 0.2857142985
54261  16.532  -17.889  -21.899 0.2857142985
55158  17.738  -16.698  -22.505 0.1428571492
54259  17.913  -17.046  -21.706 0.2857142985
56969  18.781  -14.866  -23.672 0.2857142985
56079  18.062  -15.426  -24.302 0.1428571492
56071  17.703  -15.956  -23.957 0.2857142985
57886  20.090  -13.141  -24.938 0.2857142985
113130  19.219  -14.291  -24.139 0.2857142985
58801  20.259  -12.367  -26.297 0.2857142985
58791  19.799  -12.937  -25.883 0.2857142985
59765  21.091  -11.381  -27.350 0.2857142985
61623  21.603  -9.698  -29.396 0.8571428657
60694  21.073  -10.706  -28.624 0.4285714328
59766  20.707  -11.797  -26.685 0.2857142985
63363  22.543  -8.548  -30.571 0.7142857313
62470  22.561  -8.877  -30.269 0.7142857313
61631  22.133  -9.297  -29.801 0.7142857313
108657  21.084  -10.267  -28.952 0.7142857313
64218  23.351  -7.849  -31.830 0.8571428657
118965  22.968  -8.360  -31.320 0.5714285970
64200  22.144  -7.614  -29.902 0.8571428657
62471  22.020  -9.060  -29.933 0.7142857313
62459  21.318  -8.943  -29.245 0.7142857313
66012  23.578  -6.083  -31.903 0.4285714328
65130  23.126  -6.742  -31.150 0.7142857313
64219  22.673  -7.817  -31.001 0.8571428657
114144  24.877  -3.341  -32.559 0.2857142985
66900  24.986  -3.252  -30.850 0.5714285970
66000  23.476  -5.397  -30.763 0.8571428657
66011  23.895  -4.831  -31.597 0.7142857313
67774  25.664  -2.129  -31.764 0.1428571492
66910  25.193  -2.916  -31.755 0.4285714328
66901  24.339  -3.962  -30.760 0.5714285970
65999  23.938  -4.619  -30.517 0.8571428657
69525  26.320  -0.108  -30.711 0.1428571492
68634  25.940  -1.328  -31.854 0.1428571492
68629  26.255  -1.022  -30.971 0.1428571492
67767  25.641  -2.452  -30.796 0.4285714328
66890  24.796  -3.443  -29.840 0.8571428657
71311  26.126  1.489  -30.898 0.1428571492
70476  26.180  0.683  -31.342 0.1428571492
71307  26.314  1.302  -30.113 0.1428571492
69516  26.317  0.045  -29.768 0.4285714328
68620  26.013  -1.557  -29.405 0.5714285970
130047  25.641  -2.146  -29.019 0.7142857313
110569  24.443  -3.614  -29.053 0.8571428657
128103  26.250  1.803  -30.232 0.1428571492
119239  26.290  2.882  -29.557 0.1428571492
71299  26.260  1.605  -29.508 0.1428571492
70449  26.009  1.002  -28.836 0.5714285970
68608  25.523  -1.407  -28.550 0.8571428657
130947  24.832  -3.250  -29.165 0.8571428657
67747  25.081  -2.290  -28.559 0.8571428657
72968  26.038  3.140  -30.355 0.1428571492
72958  26.263  3.586  -29.495 0.2857142985
72106  26.266  2.297  -29.109 0.1428571492
72086  26.244  2.357  -28.229 0.8571428657
70462  26.041  0.236  -28.935 0.8571428657
69517  26.097  -0.673  -29.102 0.7142857313
69493  25.150  -0.007  -27.637 0.8571428657
73744  26.432  4.902  -28.647 0.1428571492
74560  26.322  5.807  -29.119 0.1428571492
72939  26.385  3.888  -28.630 0.4285714328
73715  25.701  3.797  -26.943 0.8571428657
72087  25.831  2.343  -27.528 0.8571428657
70439  25.217  0.831  -27.516 0.8571428657
70440  24.473  0.449  -27.125 0.8571428657
118566  26.334  4.274  -27.741 0.4285714328
72924  24.909  2.715  -26.462 0.8571428657
72088  25.178  2.177  -26.929 0.8571428657
72074  24.420  2.188  -26.507 0.8571428657
74545  26.467  5.798  -28.203 0.1428571492
76213  26.523  7.364  -27.807 0.2857142985
73728  26.363  5.172  -27.636 0.5714285970
74527  26.120  5.541  -26.939 0.8571428657
125254  25.924  4.674  -26.951 0.8571428657
73716  25.056  4.262  -26.176 0.8571428657
72910  24.968  3.336  -26.345 0.8571428657
72911  24.075  2.976  -26.281 0.8571428657
121554  26.493  6.944  -27.033 0.7142857313
75380  26.305  6.323  -26.932 0.5714285970
75369  26.198  7.026  -26.532 0.8571428657
124969  24.714  5.057  -26.127 0.8571428657
74518  24.111  5.637  -25.606 0.8571428657
119633  24.264  3.710  -26.079 0.8571428657
76188  26.219  7.908  -26.351 0.8571428657
76175  25.444  8.153  -25.787 0.8571428657
75371  24.220  6.586  -25.604 0.8571428657
76190  23.636  7.399  -25.606 0.7142857313
77036  26.175  8.724  -26.186 0.8571428657
77021  25.622  8.919  -25.758 0.8571428657
76189  24.806  7.401  -25.649 0.8571428657
77022  24.763  8.832  -25.525 0.8571428657
77870  24.221  9.552  -25.538 0.8571428657
77037  23.033  8.225  -25.710 0.7142857313
79522  26.646  10.996  -26.534 0.7142857313
78678  25.735  10.203  -25.829 0.8571428657
79523  26.104  11.432  -26.086 0.8571428657
79524  24.557  11.773  -25.687 0.8571428657
81084  25.530  13.145  -26.054 0.7142857313
76176  24.238  8.120  -25.563 0.8571428657
78679  24.732  10.265  -25.557 0.8571428657
81098  28.393  13.907  -28.388 0.1428571492
80342  26.032  12.296  -26.131 0.8571428657
81083  26.399  13.070  -26.362 0.7142857313
116759  26.001  13.826  -26.153 0.7142857313
80343  25.011  12.494  -25.788 0.8571428657
83283  28.611  16.094  -27.887 0.1428571492
81810  27.139  14.553  -26.620 0.5714285970
82543  26.694  15.372  -26.495 0.5714285970
83276  25.887  16.029  -26.410 0.5714285970
83274  27.584  16.287  -26.805 0.1428571492
83294  29.165  17.143  -28.804 0.1428571492
84027  26.136  17.012  -26.429 0.5714285970
85351  28.451  18.957  -27.281 0.1428571492
85349  28.901  18.980  -27.710 0.1428571492
84695  27.559  18.038  -26.712 0.1428571492
85965  28.878  19.878  -27.759 0.1428571492
123063  27.052  16.863  -26.533 0.5714285970
85350  28.560  19.512  -27.402 0.1428571492
85947  27.722  20.308  -26.826 0.1428571492
85966  28.801  20.729  -27.733 0.1428571492
52634  14.105  -19.544  -20.666 0.1428571492
53468  14.911  -18.330  -22.223 0.2857142985
53455  16.045  -18.489  -21.502 0.1428571492
53454  16.874  -18.190  -21.108 0.2857142985
56069  19.147  -14.999  -22.739 0.2857142985
56070  18.367  -15.611  -23.254 0.2857142985
55157  18.253  -16.123  -22.631 0.1428571492
120675  20.478  -11.634  -27.479 0.2857142985
58809  20.036  -12.133  -27.196 0.2857142985
61615  21.628  -10.317  -28.776 0.4285714328
59775  20.676  -11.199  -28.144 0.5714285970
111956  20.909  -9.631  -28.987 0.7142857313
129560  24.167  -4.665  -32.465 0.1428571492
65113  23.019  -5.561  -29.856 0.8571428657
66889  25.413  -2.944  -30.070 0.7142857313
72131  26.014  2.295  -30.728 0.1428571492
71288  26.141  1.664  -28.614 0.8571428657
70450  25.694  0.458  -28.152 0.8571428657
120201  24.659  1.365  -26.859 0.8571428657
77035  26.507  8.589  -26.736 0.8571428657
78691  26.348  10.175  -26.347 0.8571428657
119879  26.595  11.739  -26.417 0.8571428657
119972  26.783  13.805  -26.442 0.7142857313
82542  27.522  15.353  -26.850 0.2857142985
84025  27.666  17.214  -26.769 0.1428571492
84034  28.793  17.610  -27.645 0.1428571492
85367  29.210  19.683  -28.967 0.1428571492
52625  13.277  -19.833  -20.185 0.1428571492
54277  15.418  -17.622  -22.959 0.4285714328
55159  16.871  -17.025  -23.336 0.2857142985
54276  16.223  -17.602  -22.800 0.4285714328
55169  17.697  -16.328  -23.289 0.1428571492
56968  19.534  -14.401  -23.207 0.2857142985
57887  19.639  -13.707  -24.549 0.2857142985
56980  18.917  -14.190  -25.150 0.2857142985
56981  18.473  -14.771  -24.694 0.2857142985
60695  20.657  -10.658  -28.520 0.7142857313
69532  26.161  -0.244  -31.906 0.1428571492
72138  25.725  2.114  -31.659 0.1428571492
127636  26.268  4.330  -29.347 0.1428571492
73758  26.089  5.050  -29.678 0.1428571492
72922  26.236  3.220  -27.783 0.8571428657
69507  24.956  -0.846  -27.864 0.8571428657
68609  24.668  -1.684  -28.013 1.0000000000
75411  26.423  6.586  -28.525 0.1428571492
77057  26.470  8.046  -28.431 0.1428571492
77046  26.617  8.486  -27.621 0.2857142985
115162  22.514  5.959  -25.835 0.8571428657
79532  27.130  11.024  -27.074 0.5714285970
79521  27.079  11.691  -26.766 0.5714285970
80341  26.827  12.362  -26.536 0.7142857313
120653  27.425  13.818  -26.857 0.4285714328
81099  28.136  13.133  -27.937 0.2857142985
81089  27.950  13.843  -27.518 0.2857142985
81820  28.153  14.605  -27.780 0.1428571492
82552  28.096  15.846  -27.251 0.1428571492
83284  28.358  16.796  -27.316 0.1428571492
85335  26.614  18.938  -26.497 0.2857142985
84042  28.966  16.922  -28.028 0.1428571492
85334  28.028  19.431  -26.925 0.1428571492
125268  27.173  19.597  -26.614 0.1428571492
85948  26.779  20.420  -26.623 0.1428571492
84712  29.234  18.575  -28.169 0.1428571492
125149  28.164  21.004  -27.124 0.1428571492
118411  27.367  21.122  -26.787 0.1428571492
86549  28.564  21.542  -27.588 0.1428571492
77892  26.714  9.435  -27.201 0.4285714328
78701  27.036  10.363  -27.643 0.4285714328
78700  27.370  11.146  -27.676 0.4285714328
80350  27.753  12.431  -27.648 0.4285714328
80340  27.368  12.391  -26.971 0.5714285970
81090  27.646  13.113  -27.249 0.5714285970
53457  14.384  -18.559  -21.727 0.1428571492
53443  14.048  -19.085  -21.285 0.1428571492
53445  12.840  -18.365  -20.097 0.1428571492
54263  13.819  -17.881  -21.507 0.2857142985
54278  14.974  -17.971  -22.627 0.5714285970
63364  21.864  -8.388  -29.711 0.7142857313
66911  24.476  -3.806  -31.858 0.5714285970
70471  26.322  0.731  -30.389 0.2857142985
69526  26.318  -0.854  -30.020 0.1428571492
115508  26.333  3.028  -28.792 0.5714285970
69506  25.621  -0.390  -28.328 0.8571428657
71268  26.029  1.782  -27.918 0.8571428657
75381  25.863  6.137  -26.477 0.8571428657
74517  25.531  5.203  -26.414 0.8571428657
73717  23.955  4.594  -25.795 0.8571428657
75370  25.386  6.799  -25.965 0.8571428657
77884  26.452  9.429  -26.552 0.8571428657
77869  25.241  9.528  -25.597 0.8571428657
81829  28.455  14.851  -28.492 0.1428571492
83275  26.782  16.224  -26.512 0.5714285970
82544  25.706  15.158  -26.358 0.5714285970
84050  29.310  17.794  -28.963 0.1428571492
84026  26.912  17.599  -26.517 0.4285714328
84707  28.080  18.555  -26.962 0.1428571492
85359  29.182  19.388  -28.208 0.1428571492
84720  29.316  18.897  -28.828 0.1428571492
84035  28.214  17.751  -27.108 0.1428571492
108662  27.426  18.807  -26.653 0.1428571492
85333  28.436  20.266  -27.316 0.1428571492
78690  26.754  10.239  -26.874 0.5714285970
54286  15.941  -17.292  -23.565 0.4285714328
56994  18.652  -13.977  -26.050 0.5714285970
110578  26.261  19.725  -26.522 0.1428571492
57010  18.176  -14.108  -26.192 0.5714285970
56996  17.588  -14.254  -25.880 0.5714285970
129435  16.327  -13.603  -24.930 0.2857142985
57907  18.434  -13.576  -26.511 0.5714285970
126685  17.348  -12.696  -26.080 0.5714285970
56982  16.315  -14.210  -24.853 0.4285714328
57908  17.940  -13.768  -26.335 0.5714285970
57888  16.310  -13.039  -24.961 0.2857142985
58792  16.824  -12.833  -25.571 0.4285714328
58810  19.416  -12.177  -27.365 0.4285714328
58811  18.951  -12.084  -27.289 0.5714285970
116383  17.604  -12.106  -26.355 0.5714285970
59769  17.232  -11.410  -26.060 0.4285714328
59777  19.387  -11.421  -27.648 0.5714285970
60689  18.879  -10.689  -27.542 0.5714285970
59767  18.343  -12.152  -26.849 0.4285714328
60688  19.591  -10.604  -27.952 0.7142857313
61616  18.995  -9.855  -27.674 0.4285714328
126310  20.190  -10.500  -28.326 0.4285714328
59756  16.985  -12.027  -25.746 0.4285714328
58778  16.278  -11.977  -24.961 0.2857142985
59768  17.802  -11.206  -26.639 0.4285714328
59783  20.117  -11.044  -28.134 0.7142857313
109318  20.191  -9.371  -28.423 0.7142857313
63343  19.030  -8.280  -27.817 0.4285714328
63341  20.360  -7.408  -28.354 0.7142857313
64182  19.521  -6.808  -28.190 0.5714285970
64181  20.162  -6.317  -28.233 0.7142857313
108655  19.090  -6.014  -28.295 0.2857142985
62460  20.538  -8.819  -28.630 0.5714285970
112528  20.186  -8.099  -28.317 0.7142857313
64180  21.138  -6.923  -28.529 0.7142857313
65097  20.453  -5.522  -28.140 0.7142857313
108707  21.123  -5.162  -28.001 0.7142857313
108973  20.101  -4.682  -28.123 0.7142857313
66878  20.216  -3.741  -27.998 0.4285714328
63340  21.223  -7.910  -28.891 0.5714285970
65990  21.753  -5.563  -28.348 0.5714285970
113871  21.925  -4.732  -28.002 0.7142857313
66876  22.460  -3.957  -27.846 0.7142857313
66868  21.990  -2.992  -27.622 0.7142857313
66877  21.274  -3.635  -27.696 0.7142857313
67749  20.964  -2.623  -27.671 0.5714285970
123999  21.385  -1.386  -27.622 0.5714285970
65988  23.652  -4.758  -29.722 0.7142857313
65974  23.224  -4.756  -28.936 0.5714285970
65989  22.459  -5.469  -28.827 0.5714285970
112270  23.301  -4.102  -28.280 0.7142857313
130944  22.739  -4.607  -28.368 0.7142857313
67739  23.464  -2.562  -27.764 0.8571428657
126538  20.338  -3.031  -27.892 0.4285714328
68600  23.003  -1.839  -27.517 0.7142857313
120093  21.969  -1.092  -27.556 0.7142857313
69496  22.301  -0.540  -27.466 0.7142857313
69497  21.449  -0.676  -27.622 0.5714285970
70442  21.749  0.061  -27.542 0.7142857313
65973  23.871  -4.182  -28.921 0.5714285970
68610  23.841  -1.856  -27.673 0.8571428657
120307  23.372  -1.321  -27.490 0.8571428657
123272  22.712  0.239  -27.169 0.7142857313
115735  21.937  0.719  -27.377 0.5714285970
72090  21.132  2.293  -27.441 0.2857142985
67748  24.307  -2.478  -28.135 0.7142857313
69495  23.294  -0.619  -27.305 0.7142857313
72913  21.700  3.429  -26.851 0.7142857313
69508  24.106  -1.134  -27.553 0.7142857313
70441  23.686  0.093  -27.051 0.8571428657
71271  22.466  1.179  -27.009 0.8571428657
73718  23.454  3.706  -26.143 0.8571428657
72925  21.635  2.782  -27.095 0.5714285970
120330  22.258  2.881  -26.744 0.8571428657
117346  22.478  3.622  -26.478 0.8571428657
73719  21.776  4.300  -26.596 0.7142857313
71270  23.584  0.917  -26.766 0.8571428657
72075  23.527  2.327  -26.509 0.8571428657
74519  22.169  5.167  -26.197 0.8571428657
122542  22.774  4.439  -26.072 0.8571428657
114750  23.044  5.310  -25.664 0.8571428657
77023  23.716  8.878  -25.570 0.7142857313
77872  22.413  9.616  -26.084 0.7142857313
78680  23.752  10.253  -25.637 0.5714285970
77886  21.681  9.299  -26.400 0.7142857313
78681  22.913  10.286  -25.871 0.7142857313
79515  24.171  10.989  -25.610 0.7142857313
115527  23.444  11.677  -25.873 0.8571428657
80345  23.025  12.576  -26.275 0.7142857313
119343  21.922  11.150  -26.483 0.7142857313
116671  22.665  13.355  -26.596 0.7142857313
130128  22.147  14.075  -27.022 0.7142857313
81091  21.583  13.380  -27.097 0.5714285970
118737  24.527  13.258  -25.974 0.7142857313
81086  23.136  14.048  -26.619 0.7142857313
81814  23.653  14.728  -26.691 0.4285714328
81815  22.837  14.742  -27.027 0.5714285970
81822  22.189  14.881  -27.401 0.5714285970
119878  24.097  14.015  -26.342 0.5714285970
116469  21.325  13.997  -27.467 0.5714285970
82553  23.276  15.925  -27.181 0.5714285970
82554  22.627  15.426  -27.386 0.5714285970
82555  21.753  15.481  -27.861 0.5714285970
81823  21.511  14.670  -27.642 0.4285714328
81824  20.636  14.415  -28.028 0.5714285970
83288  21.590  16.143  -28.245 0.5714285970
82556  20.986  15.150  -28.155 0.5714285970
83286  23.355  16.820  -27.316 0.5714285970
82562  20.065  15.354  -28.529 0.4285714328
81102  18.439  13.239  -28.484 0.4285714328
82561  20.905  15.831  -28.466 0.5714285970
108456  19.544  17.314  -28.867 0.4285714328
61622  22.147  -9.714  -29.299 0.2857142985
110430  20.260  17.169  -28.875 0.2857142985
83297  19.961  16.431  -28.757 0.4285714328
83298  19.333  16.773  -28.527 0.2857142985
127534  17.562  -14.844  -25.482 0.5714285970
129088  16.556  -14.873  -24.975 0.5714285970
57896  19.080  -13.417  -26.524 0.2857142985
57898  16.802  -13.776  -25.450 0.5714285970
58802  19.505  -12.705  -26.852 0.2857142985
57889  15.932  -13.460  -24.500 0.2857142985
60690  18.281  -10.531  -27.058 0.4285714328
130224  18.577  -10.166  -27.335 0.5714285970
59758  16.128  -10.873  -24.984 0.2857142985
60680  17.117  -10.639  -26.082 0.2857142985
61625  19.412  -9.135  -27.935 0.5714285970
62458  22.589  -9.202  -29.764 0.2857142985
64183  18.689  -6.768  -28.028 0.2857142985
72089  22.089  2.101  -26.981 0.7142857313
76191  22.566  7.405  -25.846 0.7142857313
77024  22.896  9.016  -25.754 0.7142857313
117501  22.190  8.050  -26.110 0.7142857313
80346  22.066  12.732  -26.692 0.7142857313
115306  20.771  13.409  -27.688 0.5714285970
81100  19.674  14.505  -28.432 0.2857142985
81812  25.104  13.938  -26.043 0.5714285970
81813  24.725  14.795  -26.391 0.5714285970
82546  23.958  15.471  -26.734 0.5714285970
83287  22.424  16.240  -27.723 0.5714285970
83295  21.784  16.757  -28.251 0.2857142985
61617  18.175  -9.640  -27.148 0.4285714328
114298  19.357  -13.581  -25.549 0.2857142985
65114  22.440  -6.644  -29.969 0.7142857313
65987  24.174  -4.092  -29.797 0.7142857313
66866  23.935  -3.371  -28.310 0.7142857313
71251  23.864  1.689  -26.587 0.7142857313
80344  24.008  12.535  -25.863 0.8571428657
113672  20.511  -10.116  -28.649 0.5714285970
121294  22.104  6.639  -26.047 0.7142857313
64201  21.626  -7.458  -29.168 0.5714285970
57897  17.418  -13.426  -26.027 0.5714285970
127467  18.826  -12.883  -27.044 0.5714285970
58803  18.009  -13.060  -26.571 0.5714285970
123519  16.158  -14.937  -24.604 0.5714285970
59778  18.611  -11.385  -27.217 0.5714285970
61624  19.840  -9.929  -28.158 0.5714285970
62447  18.584  -8.934  -27.560 0.4285714328
62461  19.811  -8.532  -28.145 0.7142857313
63342  19.465  -7.606  -28.053 0.5714285970
128695  18.686  -7.577  -27.806 0.4285714328
127603  20.738  -8.242  -28.661 0.7142857313
65096  21.171  -6.013  -28.224 0.7142857313
65115  21.827  -6.502  -28.897 0.7142857313
117401  20.954  -4.400  -27.821 0.7142857313
67741  21.606  -2.121  -27.594 0.7142857313
66867  23.002  -3.267  -27.811 0.5714285970
68601  22.168  -1.666  -27.545 0.7142857313
68602  20.589  -0.971  -27.867 0.2857142985
71272  21.589  1.411  -27.393 0.5714285970
71273  20.738  1.404  -27.736 0.2857142985
72076  22.773  2.400  -26.655 0.8571428657
78692  22.687  11.045  -26.053 0.7142857313
81085  23.559  13.306  -26.263 0.8571428657
83296  20.960  16.539  -28.620 0.5714285970
61606  16.898  -9.674  -26.122 0.1428571492
61605  17.425  -9.280  -26.682 0.4285714328
128032  14.261  -17.023  -22.320 0.4285714328
58777  20.819  -12.788  -24.439 0.1428571492
58790  20.534  -12.551  -25.316 0.1428571492
60687  21.384  -10.918  -28.063 0.1428571492
59755  20.971  -11.937  -25.715 0.1428571492
60686  22.111  -10.472  -27.689 0.1428571492
112695  21.425  -11.439  -26.295 0.1428571492
62469  23.010  -8.889  -30.343 0.2857142985
63381  23.343  -8.200  -31.465 0.1428571492
75372  23.022  6.687  -25.655 0.5714285970
87655  27.160  23.381  -27.114 0.1428571492
74521  21.030  5.697  -26.626 0.4285714328
87656  26.170  23.396  -27.292 0.1428571492
86534  26.333  21.249  -26.737 0.1428571492
77039  21.481  8.426  -26.435 0.4285714328
77038  22.264  8.771  -26.098 0.5714285970
77887  21.199  9.866  -26.691 0.4285714328
86553  23.534  20.960  -27.637 0.2857142985
112512  23.282  18.537  -27.524 0.2857142985
128824  23.714  17.381  -27.201 0.2857142985
115967  24.148  18.910  -27.056 0.2857142985
77894  19.096  9.460  -27.610 0.1428571492
78694  21.522  10.508  -26.631 0.5714285970
79525  22.449  11.847  -26.369 0.5714285970
112511  21.865  19.049  -28.479 0.2857142985
83277  24.095  16.304  -26.801 0.4285714328
78702  20.260  10.488  -27.369 0.4285714328
79533  20.864  11.849  -27.314 0.5714285970
124955  22.512  18.630  -28.039 0.2857142985
79535  18.677  11.326  -28.073 0.4285714328
80354  19.356  11.933  -27.989 0.2857142985
84044  20.730  17.854  -28.888 0.1428571492
84043  21.809  17.504  -28.325 0.1428571492
84713  21.807  18.265  -28.414 0.1428571492
80362  18.366  12.301  -28.308 0.1428571492
123967  20.087  13.821  -28.191 0.4285714328
84045  19.667  17.833  -29.096 0.1428571492
84714  21.038  18.649  -28.925 0.1428571492
85361  20.773  19.510  -29.221 0.1428571492
80361  19.264  12.771  -28.265 0.2857142985
127446  19.376  17.808  -28.989 0.2857142985
83289  19.071  16.907  -28.280 0.1428571492
84715  19.883  18.700  -29.377 0.1428571492
84046  19.245  18.446  -29.158 0.1428571492
121490  18.947  18.857  -29.037 0.1428571492
84721  19.113  19.245  -29.581 0.1428571492
85355  18.746  19.570  -28.917 0.1428571492
55161  14.538  -16.588  -22.711 0.4285714328
56073  14.779  -15.147  -23.016 0.2857142985
57873  20.362  -13.339  -24.058 0.1428571492
61614  22.447  -9.926  -28.301 0.1428571492
76192  21.632  7.426  -26.329 0.2857142985
81811  26.358  14.524  -26.345 0.4285714328
84698  24.996  18.512  -26.676 0.2857142985
85360  21.911  19.909  -28.529 0.2857142985
85353  23.607  19.318  -27.421 0.2857142985
85980  20.924  20.567  -29.343 0.2857142985
56063  14.417  -15.603  -22.443 0.2857142985
57874  19.905  -13.834  -23.653 0.1428571492
125207  20.561  -13.556  -23.329 0.1428571492
62475  22.952  -8.651  -30.966 0.1428571492
75373  21.305  6.500  -26.462 0.4285714328
119631  18.788  10.349  -27.829 0.2857142985
80351  21.218  12.626  -27.223 0.5714285970
109435  25.063  16.637  -26.567 0.4285714328
86554  22.591  21.139  -28.231 0.2857142985
85969  23.545  20.033  -27.549 0.2857142985
85352  24.219  19.718  -27.180 0.2857142985
86551  24.755  21.645  -27.204 0.1428571492
87101  23.657  22.589  -27.711 0.1428571492
85369  20.022  20.202  -29.828 0.2857142985
85979  22.017  20.637  -28.589 0.2857142985
120977  25.269  22.044  -27.133 0.1428571492
87085  25.999  21.991  -26.944 0.1428571492
85949  25.676  20.545  -26.690 0.1428571492
86535  25.439  21.415  -26.910 0.1428571492
63393  23.834  -7.853  -32.058 0.2857142985
84697  26.074  18.146  -26.435 0.4285714328
122596  23.147  21.811  -27.886 0.2857142985
112730  25.461  19.794  -26.632 0.2857142985
85950  24.859  20.156  -26.901 0.1428571492
55160  15.118  -17.029  -23.314 0.4285714328
82545  24.906  15.741  -26.499 0.4285714328
84028  25.113  17.563  -26.604 0.2857142985
85336  25.738  19.080  -26.508 0.2857142985
120389  20.941  9.149  -26.667 0.4285714328
78693  22.194  10.416  -26.256 0.5714285970
119489  21.204  11.170  -26.951 0.5714285970
83285  24.213  17.121  -26.893 0.2857142985
125791  21.144  17.138  -28.627 0.2857142985
79526  21.588  11.900  -26.798 0.5714285970
80352  20.490  12.527  -27.687 0.5714285970
84037  22.542  17.143  -27.817 0.2857142985
114321  22.557  17.947  -27.905 0.2857142985
60678  21.800  -10.990  -27.020 0.1428571492
58789  21.246  -12.212  -24.855 0.1428571492
61604  22.862  -9.949  -27.142 0.1428571492
77040  20.643  8.455  -26.757 0.2857142985
85970  22.762  20.340  -28.008 0.2857142985
85354  22.799  19.398  -27.880 0.2857142985
84036  23.252  17.627  -27.465 0.2857142985
84708  24.086  17.950  -27.062 0.2857142985
119707  19.696  10.053  -27.490 0.2857142985
78695  20.848  10.496  -27.021 0.4285714328
79534  19.659  11.005  -27.696 0.4285714328
79527  20.522  11.128  -27.380 0.5714285970
80353  20.150  11.803  -27.690 0.5714285970
61613  23.250  -9.330  -27.586 0.1428571492
76193  20.783  7.120  -26.643 0.2857142985
85968  24.234  20.487  -27.278 0.2857142985
85967  24.851  20.919  -26.994 0.2857142985
87100  24.650  22.523  -27.374 0.1428571492
68611  20.710  -1.809  -27.760 0.4285714328
70443  21.183  0.676  -27.646 0.2857142985
87120  19.732  22.479  -30.440 0.1428571492
122657  22.139  21.922  -28.474 0.1428571492
120725  19.791  23.549  -30.481 0.1428571492
85971  19.170  20.963  -28.370 0.1428571492
110100  19.034  23.428  -30.508 0.1428571492
122773  20.983  22.096  -29.586 0.1428571492
86566  18.737  21.404  -30.080 0.1428571492
86555  18.591  22.065  -29.509 0.1428571492
86570  19.262  21.587  -30.466 0.1428571492
87116  18.645  23.125  -29.821 0.1428571492
87677  19.952  24.506  -30.347 0.1428571492
86565  20.259  21.506  -30.018 0.1428571492
87121  19.027  22.310  -30.110 0.1428571492
87645  20.248  23.151  -27.499 0.1428571492
87672  18.892  24.100  -30.027 0.1428571492
69498  20.871  -0.122  -27.753 0.2857142985
86537  19.373  21.812  -28.248 0.1428571492
88214  19.256  24.615  -29.278 0.1428571492
87676  20.993  24.664  -29.846 0.1428571492
86564  21.522  21.299  -28.944 0.1428571492
87102  22.766  22.567  -28.260 0.1428571492
87115  20.513  22.862  -30.101 0.1428571492
117657  22.237  23.253  -28.615 0.1428571492
87660  19.075  23.662  -29.022 0.1428571492
87087  20.162  22.338  -27.501 0.1428571492
59776  19.998  -11.655  -27.779 0.4285714328
56080  16.746  -15.465  -24.933 0.4285714328
55180  17.329  -15.794  -24.677 0.2857142985
56089  17.249  -15.251  -25.190 0.2857142985
56088  17.771  -15.169  -25.093 0.2857142985
55171  16.446  -16.773  -24.050 0.2857142985
55182  16.180  -15.756  -24.512 0.4285714328
55170  17.120  -16.486  -24.118 0.1428571492
56995  18.172  -14.573  -25.640 0.2857142985
56090  16.962  -14.763  -25.380 0.4285714328
77888  20.449  9.768  -27.094 0.2857142985
55181  16.708  -16.229  -24.507 0.2857142985
56072  15.264  -15.593  -23.654 0.2857142985
55173  14.889  -16.113  -23.223 0.2857142985
130296  15.740  -15.954  -24.165 0.2857142985
56081  15.657  -15.197  -24.112 0.2857142985
63316  18.262  -8.083  -27.512 0.2857142985
65098  19.540  -5.380  -28.324 0.1428571492
65975  19.181  -4.621  -28.471 0.1428571492
67750  20.054  -2.313  -28.034 0.1428571492
71290  19.988  1.376  -28.160 0.1428571492
72091  20.477  2.933  -27.665 0.1428571492
127152  21.187  3.858  -27.083 0.1428571492
73729  20.892  4.562  -26.972 0.1428571492
128462  20.202  4.568  -27.353 0.1428571492
76203  19.468  7.876  -27.233 0.1428571492
120903  20.349  9.031  -26.980 0.1428571492
77048  19.308  8.693  -27.446 0.1428571492
77047  19.980  8.512  -27.151 0.1428571492
125153  18.933  14.522  -28.549 0.1428571492
126497  17.592  13.633  -28.363 0.1428571492
81830  19.116  15.191  -28.480 0.1428571492
81831  18.296  15.017  -28.268 0.1428571492
82563  19.261  15.967  -28.545 0.1428571492
55172  15.602  -16.532  -23.862 0.1428571492
73720  21.412  5.106  -26.587 0.2857142985
74528  20.370  5.328  -26.982 0.1428571492
77893  19.836  9.246  -27.357 0.1428571492
55147  13.847  -16.999  -21.685 0.2857142985
60679  17.617  -10.144  -26.601 0.2857142985
62448  17.817  -8.712  -27.153 0.2857142985
109471  19.374  -3.892  -28.382 0.1428571492
68612  19.930  -1.535  -28.166 0.1428571492
116904  19.880  -0.920  -28.256 0.1428571492
69509  20.142  -0.330  -28.131 0.1428571492
71291  19.252  1.497  -28.551 0.1428571492
129405  19.682  2.018  -28.203 0.1428571492
72108  19.809  2.693  -28.030 0.1428571492
72927  19.949  3.362  -27.823 0.1428571492
75374  20.506  6.275  -26.754 0.1428571492
117952  18.839  8.190  -27.497 0.1428571492
118013  18.289  14.138  -28.541 0.1428571492
62431  17.189  -8.542  -26.670 0.2857142985
66879  19.512  -2.971  -28.369 0.1428571492
116899  21.114  3.200  -27.325 0.1428571492
131340  17.727  12.930  -28.425 0.1428571492
130815  20.903  5.149  -26.763 0.1428571492
120908  20.228  7.743  -26.879 0.1428571492
63317  17.482  -7.830  -27.069 0.1428571492
72926  20.511  3.804  -27.472 0.1428571492
72109  19.125  2.383  -28.478 0.1428571492
56048  13.545  -15.960  -20.938 0.1428571492
55146  14.043  -16.192  -21.951 0.1428571492
113198  13.509  -14.954  -20.569 0.1428571492
56047  13.933  -15.023  -21.491 0.1428571492
56970  15.175  -14.703  -23.501 0.1428571492
111051  23.546  -7.109  -32.215 0.1428571492
64234  23.864  -7.430  -32.494 0.1428571492
78709  26.940  10.253  -28.580 0.1428571492
55135  13.412  -17.075  -20.868 0.1428571492
56957  14.459  -14.602  -22.279 0.1428571492
56983  15.623  -14.194  -24.116 0.1428571492
56971  14.775  -14.353  -22.899 0.1428571492
58779  15.771  -12.635  -24.352 0.1428571492
77900  26.755  9.500  -28.085 0.1428571492
78708  27.308  10.936  -28.339 0.1428571492
65148  23.868  -6.641  -32.722 0.1428571492
59757  16.698  -11.188  -25.560 0.1428571492
52635  12.890  -19.312  -20.221 0.1428571492
65147  23.926  -5.603  -32.648 0.1428571492
66875  24.686  -3.002  -28.695 0.8571428657
67740  22.532  -2.404  -27.592 0.8571428657
67759  25.757  -2.321  -29.768 0.7142857313
67760  25.264  -2.828  -29.247 0.8571428657
68630  26.102  -1.693  -30.331 0.4285714328
69494  24.328  -0.363  -27.372 0.8571428657
69510  19.528  -0.524  -28.479 0.1428571492
70461  26.250  0.843  -29.591 0.5714285970
71252  23.041  1.749  -26.675 0.8571428657
71269  25.475  1.588  -27.449 0.8571428657
71289  25.833  1.173  -28.045 0.8571428657
72107  20.288  2.123  -27.827 0.1428571492
72122  26.276  2.333  -29.943 0.1428571492
72912  23.058  2.976  -26.458 0.8571428657
72923  25.505  2.947  -26.937 0.8571428657
74520  21.738  5.845  -26.296 0.4285714328
74526  26.339  5.860  -27.440 0.5714285970
75397  26.449  6.473  -27.609 0.5714285970
76187  26.523  7.687  -26.908 0.7142857313
77871  23.279  9.598  -25.702 0.7142857313
77885  26.058  9.477  -26.015 0.8571428657
79514  25.292  11.040  -25.727 0.8571428657
79531  27.437  11.734  -27.328 0.5714285970
81082  27.110  13.085  -26.700 0.5714285970
81092  20.013  13.086  -28.148 0.4285714328
81101  19.277  13.713  -28.468 0.4285714328
81821  27.703  14.541  -27.103 0.4285714328
82547  23.264  15.263  -27.032 0.5714285970
82551  28.316  15.346  -27.849 0.1428571492
82560  28.586  15.559  -28.436 0.1428571492
82564  18.732  15.644  -28.275 0.1428571492
84041  29.210  17.774  -28.240 0.1428571492
84051  29.131  17.524  -29.577 0.1428571492
84696  26.921  18.306  -26.528 0.1428571492
84706  28.601  18.343  -27.428 0.1428571492
84716  18.822  19.343  -29.505 0.1428571492
85337  24.876  19.376  -26.785 0.2857142985
85362  19.515  19.659  -29.779 0.1428571492
85981  18.579  21.233  -29.458 0.1428571492
85986  19.670  20.926  -30.150 0.1428571492
85987  19.173  20.387  -30.157 0.2857142985
87103  19.167  22.726  -28.659 0.1428571492
87114  21.624  22.709  -28.847 0.1428571492
87678  19.271  24.341  -30.413 0.1428571492
88200  19.987  23.999  -27.986 0.1428571492
88228  19.617  24.947  -30.198 0.1428571492
109588  26.013  -1.752  -31.129 0.1428571492
109682  26.479  8.811  -28.677 0.1428571492
114138  29.328  18.266  -28.723 0.1428571492
115757  25.690  7.438  -26.022 0.8571428657
115857  25.451  11.812  -25.831 0.8571428657
117123  25.013  5.970  -26.104 0.8571428657
119542  23.344  6.073  -25.611 0.8571428657
119576  22.669  -1.174  -27.482 0.7142857313
119858  16.150  -16.353  -24.306 0.2857142985
119994  20.968  7.834  -26.626 0.4285714328
120923  26.128  10.758  -26.078 0.8571428657
123478  25.600  14.454  -26.225 0.4285714328
126025  29.015  18.247  -27.809 0.1428571492
126656  24.296  21.160  -27.321 0.2857142985
126884  25.747  -1.766  -32.482 0.1428571492
126887  27.947  15.139  -27.368 0.1428571492
127221  23.369  10.854  -25.752 0.7142857313
128454  21.797  9.941  -26.414 0.7142857313
128516  28.514  20.901  -27.449 0.1428571492
129050  27.193  15.802  -26.645 0.5714285970
129079  22.098  13.389  -26.802 0.5714285970
130206  19.881  12.419  -27.978 0.2857142985
130310  18.735  21.581  -28.992 0.1428571492
