#!ascii label  , from subject sub-v1s18x0051227_ses-1 vox2ras=TkReg
749
8107  -45.889  -69.526  9.719 0.0000000000
9650  -36.760  -68.016  4.241 0.0000000000
12516  -48.425  -63.552  7.200 0.0000000000
8801  -39.810  -68.013  8.740 0.0000000000
12556  -45.301  -64.086  2.655 0.0000000000
13107  -47.875  -62.681  14.012 0.0000000000
17235  -40.245  -57.779  9.471 0.0000000000
23401  -33.611  -51.030  10.087 0.0000000000
13936  -42.877  -61.324  5.549 0.0000000000
12548  -48.912  -63.614  4.377 0.0000000000
14738  -44.931  -60.698  3.689 0.0000000000
115768  -44.921  -60.166  11.009 0.0000000000
125447  -39.874  -58.325  11.670 0.0000000000
26919  -35.612  -46.515  11.459 0.0000000000
24264  -36.696  -48.988  8.988 0.0000000000
5724  -38.323  -73.860  9.614 0.0000000000
9598  -37.214  -67.456  7.239 0.0000000000
6961  -36.501  -71.488  5.623 0.0000000000
7583  -39.277  -70.711  3.869 0.0000000000
11116  -49.749  -65.951  8.211 0.0000000000
8784  -43.650  -68.978  9.471 0.0000000000
134168  -43.128  -65.263  6.776 0.0000000000
128988  -40.533  -64.472  6.082 0.0000000000
13157  -48.649  -62.201  10.527 0.0000000000
14707  -43.040  -61.116  8.592 0.0000000000
138937  -40.063  -56.969  6.523 0.0000000000
127337  -35.681  -56.444  11.661 0.0000000000
19899  -36.260  -55.046  9.073 0.0000000000
21716  -38.325  -52.727  7.555 0.0000000000
22571  -41.127  -51.785  7.871 0.0000000000
6300  -36.336  -72.539  8.058 0.0000000000
11916  -36.118  -64.205  1.273 0.0000000000
9690  -38.827  -67.167  0.903 0.0000000000
8221  -44.035  -69.110  -0.136 0.0000000000
16400  -41.980  -58.917  5.302 0.0000000000
13957  -44.014  -61.086  4.333 0.0000000000
6908  -42.107  -71.658  9.835 0.0000000000
119285  -36.434  -67.908  5.937 0.0000000000
8147  -36.655  -69.324  5.304 0.0000000000
8842  -37.856  -69.003  3.819 0.0000000000
114898  -40.325  -69.901  3.409 0.0000000000
8862  -39.141  -69.061  3.019 0.0000000000
122391  -50.206  -64.203  7.772 0.0000000000
11877  -49.751  -64.465  6.388 0.0000000000
11909  -46.729  -64.422  3.462 0.0000000000
11890  -46.134  -64.736  4.962 0.0000000000
122429  -44.101  -64.617  5.135 0.0000000000
11160  -41.680  -65.011  6.531 0.0000000000
11899  -42.561  -64.087  4.651 0.0000000000
11801  -49.828  -63.825  10.999 0.0000000000
13873  -48.969  -62.093  11.993 0.0000000000
16363  -42.170  -58.748  10.186 0.0000000000
14696  -44.409  -60.517  9.946 0.0000000000
15522  -41.958  -60.046  8.701 0.0000000000
14705  -41.532  -60.327  7.875 0.0000000000
17271  -39.580  -57.661  7.580 0.0000000000
19884  -33.512  -54.248  10.807 0.0000000000
18989  -35.443  -55.705  10.375 0.0000000000
20775  -34.498  -53.336  9.548 0.0000000000
25145  -38.266  -48.260  9.218 0.0000000000
22549  -37.491  -51.282  8.204 0.0000000000
24275  -39.145  -49.645  8.549 0.0000000000
21717  -39.656  -52.332  7.424 0.0000000000
9555  -41.602  -68.348  9.391 0.0000000000
7526  -39.689  -70.264  9.573 0.0000000000
8113  -38.090  -70.187  9.132 0.0000000000
5275  -37.314  -74.281  4.634 0.0000000000
12600  -36.750  -63.345  0.106 0.0000000000
11207  -36.962  -65.722  1.068 0.0000000000
8906  -42.269  -68.008  -1.170 0.0000000000
13201  -45.204  -62.987  6.894 0.0000000000
12536  -48.859  -63.391  5.092 0.0000000000
13212  -47.102  -62.555  5.058 0.0000000000
13230  -48.091  -62.537  3.458 0.0000000000
13270  -47.651  -62.376  2.158 0.0000000000
13852  -47.234  -61.207  12.508 0.0000000000
15483  -42.673  -59.349  11.457 0.0000000000
17219  -39.909  -57.588  10.128 0.0000000000
24261  -34.201  -48.999  10.163 0.0000000000
23402  -34.953  -50.436  9.178 0.0000000000
26042  -35.806  -47.509  9.868 0.0000000000
26037  -38.289  -46.865  9.914 0.0000000000
129230  -39.932  -45.914  9.555 0.0000000000
8800  -38.735  -68.060  8.402 0.0000000000
139302  -36.693  -70.141  8.085 0.0000000000
8134  -36.398  -69.340  6.766 0.0000000000
6973  -37.751  -71.407  4.448 0.0000000000
6328  -40.269  -72.584  3.859 0.0000000000
6988  -42.001  -71.859  3.565 0.0000000000
8167  -43.360  -70.188  3.238 0.0000000000
8185  -44.971  -69.779  2.890 0.0000000000
9560  -47.735  -68.052  9.608 0.0000000000
8119  -44.367  -70.170  9.340 0.0000000000
9577  -44.554  -67.360  8.902 0.0000000000
10401  -43.129  -66.611  8.503 0.0000000000
11182  -47.895  -64.956  5.716 0.0000000000
11137  -44.388  -65.707  7.611 0.0000000000
10399  -41.588  -66.769  8.443 0.0000000000
10416  -40.043  -66.390  7.844 0.0000000000
11131  -38.777  -66.052  7.252 0.0000000000
11157  -37.499  -65.461  6.373 0.0000000000
10369  -49.082  -66.414  9.948 0.0000000000
119357  -50.333  -64.225  9.666 0.0000000000
12485  -47.268  -63.262  8.915 0.0000000000
13891  -46.701  -60.973  10.990 0.0000000000
13173  -45.924  -62.254  9.518 0.0000000000
12500  -45.247  -62.981  8.295 0.0000000000
13931  -43.146  -61.873  7.218 0.0000000000
14718  -41.518  -60.300  6.082 0.0000000000
18164  -41.152  -56.205  6.190 0.0000000000
138922  -37.858  -57.448  11.761 0.0000000000
18090  -37.621  -56.824  10.257 0.0000000000
19012  -37.406  -55.746  8.881 0.0000000000
22547  -35.919  -51.507  8.669 0.0000000000
20793  -37.124  -53.567  8.084 0.0000000000
18141  -38.308  -56.019  7.925 0.0000000000
19931  -39.092  -53.921  6.956 0.0000000000
19932  -40.097  -53.975  6.792 0.0000000000
125024  -40.263  -71.328  9.669 0.0000000000
6286  -37.397  -73.410  9.168 0.0000000000
6932  -36.214  -72.015  7.395 0.0000000000
5270  -36.310  -74.371  5.575 0.0000000000
12534  -41.228  -63.597  4.668 0.0000000000
11883  -37.690  -64.254  5.689 0.0000000000
119681  -36.221  -66.257  4.571 0.0000000000
10466  -36.365  -66.128  2.802 0.0000000000
9676  -37.371  -67.385  2.748 0.0000000000
8878  -40.490  -68.466  1.495 0.0000000000
8212  -42.821  -69.277  0.696 0.0000000000
18183  -42.193  -56.999  5.646 0.0000000000
16414  -42.602  -59.178  4.908 0.0000000000
6892  -42.742  -71.501  10.057 0.0000000000
7531  -44.577  -70.394  9.648 0.0000000000
9634  -36.463  -67.750  5.044 0.0000000000
8840  -36.712  -68.604  4.859 0.0000000000
8841  -37.128  -68.678  4.191 0.0000000000
115279  -38.686  -69.326  3.514 0.0000000000
8861  -38.307  -68.621  3.163 0.0000000000
12517  -49.700  -63.868  7.321 0.0000000000
11861  -50.028  -64.483  6.961 0.0000000000
126065  -49.856  -63.748  6.315 0.0000000000
11908  -45.612  -64.413  3.357 0.0000000000
11902  -45.818  -64.631  4.137 0.0000000000
11901  -44.215  -64.461  4.212 0.0000000000
11888  -43.389  -64.444  4.895 0.0000000000
11906  -44.014  -64.169  3.460 0.0000000000
127489  -47.745  -63.263  13.958 0.0000000000
13108  -48.235  -62.690  12.988 0.0000000000
13118  -48.863  -62.719  12.085 0.0000000000
13853  -48.612  -62.290  12.490 0.0000000000
16375  -41.045  -58.169  9.645 0.0000000000
15512  -42.416  -59.667  9.349 0.0000000000
16385  -41.123  -58.811  8.992 0.0000000000
15520  -40.585  -59.055  8.095 0.0000000000
17253  -39.793  -57.781  8.521 0.0000000000
23398  -33.157  -50.796  10.760 0.0000000000
23393  -32.738  -51.046  11.459 0.0000000000
21664  -32.855  -52.194  10.837 0.0000000000
20759  -32.710  -52.906  11.115 0.0000000000
21665  -33.345  -52.578  10.361 0.0000000000
20761  -33.954  -53.894  10.106 0.0000000000
21674  -34.036  -52.468  9.720 0.0000000000
128402  -39.200  -48.307  9.273 0.0000000000
24266  -38.705  -48.944  8.833 0.0000000000
24276  -40.039  -49.685  8.620 0.0000000000
126857  -40.413  -47.890  9.394 0.0000000000
8782  -40.713  -68.141  9.137 0.0000000000
8115  -39.625  -69.353  9.353 0.0000000000
8127  -39.241  -68.777  8.955 0.0000000000
10479  -38.746  -66.297  -0.337 0.0000000000
9709  -40.768  -67.290  -1.177 0.0000000000
10494  -41.335  -66.989  -1.687 0.0000000000
13205  -44.807  -62.550  6.072 0.0000000000
13206  -46.000  -62.783  6.046 0.0000000000
13210  -44.083  -62.118  5.578 0.0000000000
120464  -44.872  -61.342  4.192 0.0000000000
13228  -45.353  -61.839  4.573 0.0000000000
13958  -46.029  -61.305  3.595 0.0000000000
13251  -48.179  -62.743  3.087 0.0000000000
13250  -47.722  -62.068  2.638 0.0000000000
132631  -40.939  -58.268  10.726 0.0000000000
16360  -40.105  -58.143  10.868 0.0000000000
26027  -34.533  -47.565  11.373 0.0000000000
26028  -34.998  -47.026  11.102 0.0000000000
25141  -34.660  -48.426  10.096 0.0000000000
26034  -35.591  -46.959  10.566 0.0000000000
26933  -39.331  -46.106  9.905 0.0000000000
5736  -37.103  -74.288  8.909 0.0000000000
9571  -37.891  -67.711  7.829 0.0000000000
8812  -37.011  -68.874  7.813 0.0000000000
8811  -36.579  -68.709  7.117 0.0000000000
7581  -37.585  -70.053  4.492 0.0000000000
127541  -37.344  -70.714  4.689 0.0000000000
6974  -38.770  -71.506  4.123 0.0000000000
6975  -39.635  -71.361  3.896 0.0000000000
6340  -41.143  -72.530  3.700 0.0000000000
8165  -41.152  -69.786  3.243 0.0000000000
7594  -41.757  -70.270  3.378 0.0000000000
8183  -42.752  -69.706  2.771 0.0000000000
8168  -44.202  -70.182  3.278 0.0000000000
8200  -43.445  -69.650  2.225 0.0000000000
9581  -48.469  -67.457  9.247 0.0000000000
138901  -47.262  -68.462  8.927 0.0000000000
9576  -43.539  -67.215  9.001 0.0000000000
10402  -44.459  -66.425  8.410 0.0000000000
12537  -49.294  -63.723  4.997 0.0000000000
11893  -49.242  -64.172  4.925 0.0000000000
11892  -48.521  -64.583  5.030 0.0000000000
11180  -45.529  -64.892  5.818 0.0000000000
11162  -43.946  -65.200  6.716 0.0000000000
10419  -42.791  -66.130  7.936 0.0000000000
10418  -41.857  -66.111  7.819 0.0000000000
10417  -40.904  -66.362  8.014 0.0000000000
11873  -41.369  -64.605  6.115 0.0000000000
130405  -40.025  -65.453  7.037 0.0000000000
11159  -39.297  -65.441  6.902 0.0000000000
11130  -37.847  -66.064  6.907 0.0000000000
11871  -38.979  -64.853  6.431 0.0000000000
13158  -49.504  -62.528  10.909 0.0000000000
12451  -50.012  -63.582  10.563 0.0000000000
13176  -49.265  -62.802  10.094 0.0000000000
12486  -48.762  -63.319  9.179 0.0000000000
13175  -48.046  -62.651  9.712 0.0000000000
14650  -46.368  -60.713  12.066 0.0000000000
14666  -46.746  -60.851  11.680 0.0000000000
132452  -45.814  -60.514  11.265 0.0000000000
13906  -44.310  -61.257  9.360 0.0000000000
133939  -45.048  -61.073  9.911 0.0000000000
13172  -45.002  -61.951  9.310 0.0000000000
13190  -45.493  -62.693  8.898 0.0000000000
13189  -44.742  -62.493  8.553 0.0000000000
13199  -43.875  -62.356  7.504 0.0000000000
13921  -43.503  -61.822  8.132 0.0000000000
15533  -40.403  -58.999  7.164 0.0000000000
14714  -41.359  -60.424  6.984 0.0000000000
17288  -40.565  -58.411  6.368 0.0000000000
17295  -41.160  -57.605  5.849 0.0000000000
134795  -40.716  -56.933  6.200 0.0000000000
18073  -36.428  -56.765  11.551 0.0000000000
19010  -35.834  -55.352  9.656 0.0000000000
18990  -36.128  -55.945  10.043 0.0000000000
19011  -36.698  -55.685  9.406 0.0000000000
18110  -37.484  -56.262  9.509 0.0000000000
24263  -35.298  -49.754  9.165 0.0000000000
22541  -35.139  -51.233  9.012 0.0000000000
23407  -35.786  -50.631  8.800 0.0000000000
119140  -37.358  -52.081  8.072 0.0000000000
21692  -36.797  -52.381  8.281 0.0000000000
21693  -37.211  -52.823  8.066 0.0000000000
121780  -37.488  -54.771  8.023 0.0000000000
19929  -37.711  -54.079  7.734 0.0000000000
19059  -38.451  -55.484  7.473 0.0000000000
20809  -38.357  -53.534  7.397 0.0000000000
22570  -40.258  -51.681  7.714 0.0000000000
127380  -39.847  -53.110  7.112 0.0000000000
21718  -40.528  -52.409  7.482 0.0000000000
19933  -41.044  -54.020  6.860 0.0000000000
8118  -43.232  -69.856  9.523 0.0000000000
7529  -42.660  -70.627  9.586 0.0000000000
8117  -41.495  -70.049  9.668 0.0000000000
7525  -38.240  -71.126  9.419 0.0000000000
6905  -38.086  -72.203  9.460 0.0000000000
6295  -36.825  -72.433  8.775 0.0000000000
5744  -36.482  -74.027  8.221 0.0000000000
5743  -36.156  -73.800  7.390 0.0000000000
7561  -36.274  -70.591  7.040 0.0000000000
7552  -36.416  -70.678  7.741 0.0000000000
6310  -36.208  -71.968  6.465 0.0000000000
5276  -38.207  -74.675  4.403 0.0000000000
5274  -36.685  -74.178  5.000 0.0000000000
124095  -41.960  -63.629  4.172 0.0000000000
119150  -41.358  -63.187  3.896 0.0000000000
11882  -36.921  -64.340  5.419 0.0000000000
11868  -36.647  -64.913  5.454 0.0000000000
11881  -36.401  -64.588  4.989 0.0000000000
10475  -37.684  -66.184  0.701 0.0000000000
10471  -36.652  -65.943  1.933 0.0000000000
124216  -37.354  -66.424  1.527 0.0000000000
10467  -36.999  -66.661  2.350 0.0000000000
9685  -38.559  -67.488  1.690 0.0000000000
9678  -39.055  -68.138  2.119 0.0000000000
9686  -39.283  -67.755  1.397 0.0000000000
8898  -42.627  -68.893  -0.084 0.0000000000
137008  -42.289  -68.984  0.440 0.0000000000
8220  -43.297  -69.160  0.092 0.0000000000
15538  -42.093  -59.909  5.270 0.0000000000
13937  -43.640  -61.565  5.129 0.0000000000
13955  -42.739  -60.589  5.050 0.0000000000
14736  -43.428  -60.411  4.479 0.0000000000
15552  -43.732  -59.583  4.300 0.0000000000
26921  -37.403  -45.738  11.261 0.0000000000
27735  -38.069  -45.048  11.648 0.0000000000
6907  -40.602  -72.206  9.696 0.0000000000
9597  -36.636  -68.007  6.769 0.0000000000
8820  -36.439  -68.660  6.346 0.0000000000
8828  -36.503  -68.597  5.611 0.0000000000
8148  -37.233  -69.349  4.515 0.0000000000
8150  -38.964  -69.991  3.753 0.0000000000
118282  -39.672  -70.178  3.618 0.0000000000
8164  -39.484  -69.618  3.392 0.0000000000
8180  -39.933  -69.273  2.984 0.0000000000
8182  -41.193  -69.317  2.661 0.0000000000
11847  -50.314  -64.551  7.847 0.0000000000
11141  -49.650  -65.542  7.419 0.0000000000
11140  -48.733  -65.865  7.314 0.0000000000
11166  -48.312  -65.377  6.523 0.0000000000
11910  -47.870  -64.093  3.500 0.0000000000
11891  -47.371  -64.710  4.836 0.0000000000
123618  -46.655  -64.642  4.262 0.0000000000
11889  -45.018  -64.666  4.862 0.0000000000
11875  -43.454  -64.772  5.930 0.0000000000
11161  -42.450  -65.035  6.485 0.0000000000
11874  -42.645  -64.535  5.570 0.0000000000
138524  -42.019  -64.683  6.064 0.0000000000
11886  -41.196  -64.095  5.451 0.0000000000
13135  -49.350  -62.579  11.475 0.0000000000
13893  -49.025  -62.001  11.288 0.0000000000
15506  -43.704  -59.698  10.548 0.0000000000
14682  -44.361  -60.113  10.578 0.0000000000
15513  -43.176  -59.669  9.802 0.0000000000
14695  -43.592  -60.631  9.396 0.0000000000
14694  -42.708  -60.364  9.043 0.0000000000
14706  -42.277  -60.746  8.236 0.0000000000
15521  -41.252  -59.595  8.392 0.0000000000
17286  -39.710  -57.338  6.889 0.0000000000
19863  -33.227  -54.487  11.564 0.0000000000
19864  -33.844  -54.966  11.130 0.0000000000
18973  -35.130  -55.990  11.166 0.0000000000
19885  -34.245  -54.653  10.369 0.0000000000
19897  -34.698  -54.246  9.688 0.0000000000
20776  -35.137  -53.800  9.199 0.0000000000
24265  -37.700  -48.957  8.836 0.0000000000
23408  -36.759  -50.663  8.510 0.0000000000
117257  -38.205  -50.984  8.093 0.0000000000
22568  -38.272  -51.809  7.792 0.0000000000
137432  -38.910  -52.281  7.471 0.0000000000
22550  -39.000  -50.985  7.935 0.0000000000
23412  -40.438  -50.392  8.363 0.0000000000
24277  -40.905  -49.796  8.766 0.0000000000
130105  -42.565  -68.623  9.500 0.0000000000
8116  -40.440  -69.629  9.575 0.0000000000
136152  -38.794  -70.428  9.428 0.0000000000
7524  -37.508  -70.671  8.982 0.0000000000
5769  -36.993  -73.200  4.772 0.0000000000
11934  -37.083  -63.866  -0.173 0.0000000000
11924  -36.665  -64.072  0.381 0.0000000000
11208  -36.710  -64.919  0.679 0.0000000000
11209  -37.402  -65.466  0.285 0.0000000000
10476  -38.420  -66.550  0.408 0.0000000000
10477  -39.102  -66.883  0.121 0.0000000000
128252  -40.182  -67.737  0.321 0.0000000000
8897  -41.589  -68.181  -0.632 0.0000000000
126453  -42.845  -68.479  -0.748 0.0000000000
12521  -46.203  -63.212  6.872 0.0000000000
12523  -48.482  -63.320  6.083 0.0000000000
12522  -47.176  -63.052  6.043 0.0000000000
12535  -48.040  -63.035  5.277 0.0000000000
13213  -48.286  -62.890  4.396 0.0000000000
13227  -44.421  -61.726  4.824 0.0000000000
118077  -47.612  -62.348  4.037 0.0000000000
13231  -48.542  -63.081  3.884 0.0000000000
12559  -48.193  -63.380  3.212 0.0000000000
12558  -47.436  -63.795  2.828 0.0000000000
12557  -46.357  -64.085  2.661 0.0000000000
13842  -47.786  -61.892  13.415 0.0000000000
14665  -44.925  -60.243  11.622 0.0000000000
15466  -43.233  -59.753  12.138 0.0000000000
15484  -43.533  -59.582  11.226 0.0000000000
15505  -42.888  -59.195  10.483 0.0000000000
16362  -41.556  -58.317  10.280 0.0000000000
24260  -33.734  -49.128  10.821 0.0000000000
123146  -33.723  -50.291  10.155 0.0000000000
123738  -34.290  -50.874  9.552 0.0000000000
23399  -34.403  -49.812  9.668 0.0000000000
25142  -35.315  -48.260  9.692 0.0000000000
25143  -36.224  -48.220  9.374 0.0000000000
26930  -36.967  -46.363  10.652 0.0000000000
26043  -36.785  -47.504  9.641 0.0000000000
25144  -37.241  -48.236  9.227 0.0000000000
26044  -37.815  -47.545  9.583 0.0000000000
26941  -39.103  -46.861  9.795 0.0000000000
26942  -39.857  -46.660  9.573 0.0000000000
8126  -38.351  -68.937  8.672 0.0000000000
119666  -37.534  -69.211  8.382 0.0000000000
125877  -36.442  -69.940  7.367 0.0000000000
7571  -36.476  -70.645  5.791 0.0000000000
6972  -36.985  -71.468  4.880 0.0000000000
5772  -39.668  -73.146  4.022 0.0000000000
131691  -41.622  -70.951  3.541 0.0000000000
120016  -42.308  -70.925  3.479 0.0000000000
6991  -44.552  -71.241  3.218 0.0000000000
132396  -44.678  -70.566  3.323 0.0000000000
7608  -45.921  -70.234  3.135 0.0000000000
8108  -46.484  -69.210  9.780 0.0000000000
8120  -45.091  -70.080  9.338 0.0000000000
8787  -46.147  -69.354  9.029 0.0000000000
9559  -45.977  -69.118  8.763 0.0000000000
9558  -45.189  -68.729  8.932 0.0000000000
9578  -45.795  -67.946  8.728 0.0000000000
9557  -44.081  -68.181  9.254 0.0000000000
9556  -42.961  -67.792  9.296 0.0000000000
131619  -42.098  -67.842  9.259 0.0000000000
9574  -41.357  -67.511  8.911 0.0000000000
11894  -49.625  -64.131  5.601 0.0000000000
133933  -49.165  -64.687  5.750 0.0000000000
11181  -46.657  -64.969  5.778 0.0000000000
11164  -46.061  -65.304  6.794 0.0000000000
10420  -43.627  -66.179  8.102 0.0000000000
10400  -42.367  -66.620  8.419 0.0000000000
123218  -40.521  -67.488  8.656 0.0000000000
10398  -40.335  -66.906  8.283 0.0000000000
10397  -39.621  -66.946  8.112 0.0000000000
9572  -38.724  -67.113  7.878 0.0000000000
133048  -40.438  -65.831  7.447 0.0000000000
11132  -39.648  -65.919  7.383 0.0000000000
10414  -38.219  -66.592  7.392 0.0000000000
9617  -37.417  -66.736  7.044 0.0000000000
138943  -36.598  -66.708  6.000 0.0000000000
10446  -36.333  -66.925  4.950 0.0000000000
8773  -47.178  -68.519  9.781 0.0000000000
9542  -48.442  -67.300  9.698 0.0000000000
10370  -49.571  -66.234  9.576 0.0000000000
11818  -49.571  -64.567  10.695 0.0000000000
11837  -50.352  -65.002  9.645 0.0000000000
120898  -50.487  -64.638  8.880 0.0000000000
12503  -50.293  -64.237  8.688 0.0000000000
12502  -49.803  -63.825  8.501 0.0000000000
12515  -47.219  -63.540  7.953 0.0000000000
125628  -48.316  -61.771  12.469 0.0000000000
13872  -48.366  -61.640  11.593 0.0000000000
13909  -47.640  -61.948  10.296 0.0000000000
13890  -45.841  -60.935  10.454 0.0000000000
13908  -46.596  -61.574  10.226 0.0000000000
13174  -46.877  -62.498  9.616 0.0000000000
13191  -46.256  -62.891  9.094 0.0000000000
121935  -46.118  -63.255  8.409 0.0000000000
129775  -46.399  -63.386  7.598 0.0000000000
12514  -45.565  -63.211  7.658 0.0000000000
124038  -44.394  -62.678  6.970 0.0000000000
13935  -42.945  -61.722  6.352 0.0000000000
14715  -41.968  -60.917  7.382 0.0000000000
13929  -41.892  -60.909  6.548 0.0000000000
14721  -42.171  -60.775  5.730 0.0000000000
15537  -41.379  -59.474  5.831 0.0000000000
18182  -41.429  -56.773  5.944 0.0000000000
18072  -36.038  -56.346  10.807 0.0000000000
17216  -37.742  -57.241  11.056 0.0000000000
133698  -39.587  -58.091  11.276 0.0000000000
17217  -38.499  -57.247  10.425 0.0000000000
17233  -38.876  -57.062  9.720 0.0000000000
17251  -38.747  -56.824  8.981 0.0000000000
22540  -34.565  -51.826  9.328 0.0000000000
129533  -35.238  -53.078  9.028 0.0000000000
20791  -35.844  -53.688  8.724 0.0000000000
22548  -36.693  -51.618  8.390 0.0000000000
20792  -36.504  -53.074  8.373 0.0000000000
19913  -36.353  -54.444  8.673 0.0000000000
19035  -36.989  -55.085  8.605 0.0000000000
19036  -37.798  -55.465  8.152 0.0000000000
17269  -38.617  -56.631  8.045 0.0000000000
18142  -38.801  -56.213  7.343 0.0000000000
19060  -39.110  -55.590  6.925 0.0000000000
18162  -39.521  -56.455  6.794 0.0000000000
20810  -39.014  -52.967  7.243 0.0000000000
19958  -39.544  -54.807  6.775 0.0000000000
19087  -39.916  -55.609  6.582 0.0000000000
19088  -40.809  -55.538  6.396 0.0000000000
19960  -41.361  -54.788  6.578 0.0000000000
7530  -43.733  -70.737  9.735 0.0000000000
126866  -41.312  -71.720  9.666 0.0000000000
137856  -39.824  -71.898  9.652 0.0000000000
7527  -40.866  -70.688  9.683 0.0000000000
6906  -39.038  -72.032  9.594 0.0000000000
6287  -38.014  -73.067  9.462 0.0000000000
8125  -37.338  -69.981  8.587 0.0000000000
7542  -36.863  -70.727  8.479 0.0000000000
6921  -36.446  -71.562  8.172 0.0000000000
139406  -36.518  -72.822  5.338 0.0000000000
6309  -36.191  -72.959  5.999 0.0000000000
5756  -36.094  -73.676  6.521 0.0000000000
17312  -43.942  -58.296  4.938 0.0000000000
13981  -47.047  -61.290  2.452 0.0000000000
122518  -46.764  -62.879  1.807 0.0000000000
12573  -44.978  -63.617  2.060 0.0000000000
12555  -44.385  -63.945  2.769 0.0000000000
12546  -42.709  -63.687  3.718 0.0000000000
11898  -41.807  -63.915  4.873 0.0000000000
12533  -40.307  -63.779  5.288 0.0000000000
12545  -40.599  -63.195  4.382 0.0000000000
12532  -39.247  -63.751  5.399 0.0000000000
11885  -39.603  -64.322  5.991 0.0000000000
11869  -37.203  -64.849  5.877 0.0000000000
11156  -36.758  -65.494  5.811 0.0000000000
115581  -36.454  -67.093  4.172 0.0000000000
11206  -36.322  -65.180  1.557 0.0000000000
11204  -35.770  -64.950  2.915 0.0000000000
11201  -35.780  -64.863  3.617 0.0000000000
10458  -36.209  -66.238  3.692 0.0000000000
9667  -36.652  -66.871  3.200 0.0000000000
9668  -36.968  -67.643  3.492 0.0000000000
8871  -38.864  -68.523  2.653 0.0000000000
8872  -39.543  -68.717  2.520 0.0000000000
8879  -41.186  -68.891  1.858 0.0000000000
8880  -41.956  -69.054  1.126 0.0000000000
8199  -42.687  -69.446  1.699 0.0000000000
8201  -44.219  -69.596  1.778 0.0000000000
5763  -36.176  -73.767  5.888 0.0000000000
5764  -36.458  -73.520  5.395 0.0000000000
6288  -38.950  -73.108  9.603 0.0000000000
6289  -39.889  -72.702  9.671 0.0000000000
6299  -36.131  -72.863  7.095 0.0000000000
6318  -36.400  -72.286  5.677 0.0000000000
6324  -36.743  -72.240  5.097 0.0000000000
6904  -37.436  -72.490  9.232 0.0000000000
6909  -42.882  -71.292  9.813 0.0000000000
6922  -37.234  -71.555  9.044 0.0000000000
6976  -40.307  -71.776  3.803 0.0000000000
6992  -45.238  -70.759  3.167 0.0000000000
7528  -42.006  -71.203  9.621 0.0000000000
7580  -36.902  -70.090  5.016 0.0000000000
7582  -38.297  -70.550  4.194 0.0000000000
7592  -40.194  -70.799  3.688 0.0000000000
7593  -41.026  -70.475  3.509 0.0000000000
7595  -43.117  -70.831  3.446 0.0000000000
7596  -43.951  -70.732  3.406 0.0000000000
7597  -45.101  -70.164  3.287 0.0000000000
8106  -45.061  -70.236  9.941 0.0000000000
8114  -38.808  -69.607  9.188 0.0000000000
8130  -36.850  -69.536  8.007 0.0000000000
8149  -38.141  -69.698  4.010 0.0000000000
8166  -41.888  -69.677  3.035 0.0000000000
8181  -40.614  -69.414  3.000 0.0000000000
8184  -43.588  -69.842  3.007 0.0000000000
8213  -43.718  -69.399  0.667 0.0000000000
8772  -46.708  -68.948  9.796 0.0000000000
8781  -40.111  -68.762  9.270 0.0000000000
8783  -42.075  -69.370  9.612 0.0000000000
8785  -44.772  -69.569  9.069 0.0000000000
8786  -45.549  -69.489  9.095 0.0000000000
8788  -46.716  -68.943  9.497 0.0000000000
8789  -47.089  -68.630  9.501 0.0000000000
8799  -37.751  -68.468  8.163 0.0000000000
8802  -46.648  -68.869  8.922 0.0000000000
8860  -37.438  -68.371  3.617 0.0000000000
8873  -40.399  -68.911  2.368 0.0000000000
9541  -47.808  -67.815  9.991 0.0000000000
9573  -39.373  -67.493  8.339 0.0000000000
9575  -42.171  -67.223  8.884 0.0000000000
9580  -47.760  -68.062  9.132 0.0000000000
9677  -38.245  -67.926  2.483 0.0000000000
9684  -37.783  -67.121  1.999 0.0000000000
9687  -39.951  -67.991  1.089 0.0000000000
9691  -39.507  -67.461  0.607 0.0000000000
9701  -41.021  -67.786  -0.722 0.0000000000
9710  -41.490  -67.634  -1.207 0.0000000000
10386  -49.135  -66.832  9.400 0.0000000000
10387  -49.746  -66.245  9.010 0.0000000000
10406  -49.184  -66.836  8.763 0.0000000000
10415  -39.274  -66.492  7.683 0.0000000000
10431  -36.962  -66.240  6.367 0.0000000000
10472  -38.113  -66.824  1.207 0.0000000000
11087  -49.345  -65.465  10.364 0.0000000000
11088  -49.777  -65.702  9.924 0.0000000000
11104  -50.037  -65.747  9.394 0.0000000000
11114  -45.340  -66.112  8.150 0.0000000000
11117  -50.333  -65.325  8.630 0.0000000000
11134  -41.743  -65.468  7.083 0.0000000000
11135  -42.537  -65.618  7.275 0.0000000000
11136  -43.375  -65.674  7.426 0.0000000000
11142  -50.133  -65.091  7.568 0.0000000000
11158  -38.407  -65.439  6.712 0.0000000000
11163  -44.922  -65.199  6.705 0.0000000000
11167  -49.468  -65.152  6.668 0.0000000000
11168  -49.946  -65.167  7.094 0.0000000000
11179  -36.275  -65.399  4.998 0.0000000000
11193  -35.976  -65.511  4.120 0.0000000000
11202  -35.957  -65.523  3.276 0.0000000000
11205  -36.097  -65.415  2.435 0.0000000000
11210  -38.065  -65.938  -0.063 0.0000000000
11219  -39.080  -66.124  -0.899 0.0000000000
11819  -50.148  -64.355  10.374 0.0000000000
11870  -38.048  -64.826  6.228 0.0000000000
11872  -39.886  -64.952  6.562 0.0000000000
11884  -38.634  -64.280  5.884 0.0000000000
11887  -41.950  -64.314  5.445 0.0000000000
11900  -43.392  -64.102  3.995 0.0000000000
11903  -47.416  -64.502  3.986 0.0000000000
11904  -48.423  -64.288  4.256 0.0000000000
11905  -49.057  -63.902  4.461 0.0000000000
11907  -44.721  -64.310  3.394 0.0000000000
11911  -48.608  -63.725  3.874 0.0000000000
11913  -35.837  -64.657  2.200 0.0000000000
11925  -37.312  -64.622  -0.147 0.0000000000
12450  -49.499  -63.217  11.420 0.0000000000
12487  -49.974  -63.581  9.685 0.0000000000
12501  -48.476  -63.605  8.243 0.0000000000
12518  -50.082  -64.243  7.034 0.0000000000
12524  -49.521  -63.785  5.743 0.0000000000
12525  -49.781  -64.156  6.243 0.0000000000
12538  -49.393  -63.917  4.956 0.0000000000
12544  -39.713  -63.257  4.741 0.0000000000
12553  -42.098  -63.234  3.446 0.0000000000
12554  -42.770  -63.330  3.076 0.0000000000
12560  -48.544  -63.242  3.710 0.0000000000
12574  -46.026  -63.609  2.072 0.0000000000
12575  -47.103  -63.348  2.233 0.0000000000
12576  -47.908  -63.045  2.598 0.0000000000
12588  -35.898  -63.267  1.519 0.0000000000
12601  -37.228  -63.283  -0.390 0.0000000000
13136  -49.875  -62.990  11.081 0.0000000000
13159  -49.842  -63.063  10.586 0.0000000000
13188  -44.145  -62.339  8.155 0.0000000000
13200  -44.658  -62.815  7.759 0.0000000000
13204  -43.731  -62.263  6.521 0.0000000000
13211  -45.736  -62.319  5.242 0.0000000000
13214  -48.803  -63.395  4.531 0.0000000000
13229  -46.540  -62.034  4.292 0.0000000000
13281  -36.899  -62.772  -0.148 0.0000000000
13843  -48.240  -62.240  13.032 0.0000000000
13871  -47.534  -61.220  11.695 0.0000000000
13892  -47.524  -61.421  10.918 0.0000000000
13905  -43.704  -61.387  8.853 0.0000000000
13907  -45.656  -61.547  9.887 0.0000000000
13920  -42.687  -61.363  7.750 0.0000000000
13922  -44.212  -61.901  8.724 0.0000000000
13930  -42.433  -61.402  6.913 0.0000000000
13934  -42.389  -61.280  6.223 0.0000000000
13956  -43.288  -61.052  4.858 0.0000000000
13959  -47.429  -61.857  3.319 0.0000000000
14681  -43.870  -60.041  10.064 0.0000000000
14737  -44.178  -60.208  3.939 0.0000000000
15467  -44.083  -60.044  11.894 0.0000000000
15485  -44.289  -59.904  11.104 0.0000000000
15511  -41.800  -59.291  9.209 0.0000000000
15530  -40.889  -59.743  7.447 0.0000000000
15534  -40.823  -59.161  6.398 0.0000000000
15551  -42.930  -59.775  4.685 0.0000000000
16341  -42.095  -58.900  10.776 0.0000000000
16361  -40.754  -57.896  10.173 0.0000000000
16376  -41.754  -58.604  9.772 0.0000000000
16377  -42.431  -59.065  9.840 0.0000000000
16384  -40.452  -58.304  8.757 0.0000000000
16392  -40.041  -58.382  7.813 0.0000000000
16399  -41.273  -58.600  5.795 0.0000000000
16401  -42.885  -58.315  5.039 0.0000000000
17197  -37.180  -57.161  11.664 0.0000000000
17199  -39.283  -57.705  10.806 0.0000000000
17218  -39.249  -57.317  10.098 0.0000000000
17234  -39.422  -57.328  9.330 0.0000000000
17252  -39.156  -57.233  8.269 0.0000000000
17270  -39.177  -56.941  7.405 0.0000000000
17287  -39.958  -58.153  6.963 0.0000000000
17296  -42.017  -57.991  5.440 0.0000000000
18074  -36.938  -56.834  10.893 0.0000000000
18089  -36.798  -56.352  10.138 0.0000000000
18111  -38.246  -56.749  9.607 0.0000000000
18126  -38.075  -56.235  8.732 0.0000000000
18163  -40.328  -56.307  6.406 0.0000000000
18988  -34.628  -55.372  10.724 0.0000000000
19009  -35.021  -55.032  9.952 0.0000000000
19058  -38.058  -54.819  7.583 0.0000000000
19898  -35.564  -54.544  9.234 0.0000000000
19914  -37.026  -54.315  8.224 0.0000000000
19930  -38.374  -54.244  7.324 0.0000000000
19959  -40.454  -54.800  6.603 0.0000000000
20744  -32.917  -53.781  11.291 0.0000000000
20760  -33.315  -53.460  10.596 0.0000000000
20774  -33.795  -53.171  10.020 0.0000000000
20808  -37.731  -53.223  7.755 0.0000000000
20811  -40.774  -53.186  7.183 0.0000000000
21675  -34.745  -52.577  9.271 0.0000000000
21676  -35.376  -52.188  8.885 0.0000000000
21691  -36.190  -52.271  8.523 0.0000000000
21715  -37.761  -52.541  7.826 0.0000000000
22532  -32.768  -51.572  11.057 0.0000000000
22533  -33.289  -51.683  10.401 0.0000000000
22539  -33.867  -51.652  9.803 0.0000000000
22551  -39.930  -50.981  7.937 0.0000000000
22552  -40.808  -51.080  8.093 0.0000000000
22553  -41.646  -51.228  8.301 0.0000000000
22569  -39.346  -51.653  7.659 0.0000000000
23409  -37.723  -50.458  8.348 0.0000000000
23410  -38.646  -50.341  8.267 0.0000000000
23411  -39.555  -50.324  8.262 0.0000000000
23413  -41.292  -50.520  8.515 0.0000000000
24272  -36.217  -49.783  8.829 0.0000000000
24273  -37.185  -49.749  8.623 0.0000000000
24274  -38.172  -49.677  8.542 0.0000000000
25137  -34.210  -48.351  10.827 0.0000000000
25138  -34.918  -47.645  10.414 0.0000000000
26035  -36.411  -46.888  10.174 0.0000000000
26036  -37.366  -46.851  10.018 0.0000000000
26045  -38.755  -47.593  9.582 0.0000000000
26046  -39.683  -47.585  9.508 0.0000000000
26920  -36.491  -46.104  11.340 0.0000000000
26929  -36.185  -46.514  10.788 0.0000000000
114716  -41.789  -68.669  0.135 0.0000000000
116183  -49.894  -65.055  10.261 0.0000000000
116528  -36.300  -71.011  6.426 0.0000000000
117593  -36.235  -71.280  7.207 0.0000000000
119816  -47.249  -63.388  6.996 0.0000000000
119872  -43.833  -66.708  8.630 0.0000000000
120095  -41.037  -68.986  9.520 0.0000000000
120312  -36.663  -73.266  8.544 0.0000000000
120644  -36.286  -73.270  7.914 0.0000000000
120795  -35.741  -48.990  9.239 0.0000000000
120825  -37.872  -67.106  7.509 0.0000000000
120931  -45.083  -60.486  10.543 0.0000000000
121243  -49.406  -63.705  6.459 0.0000000000
121544  -38.748  -54.818  7.112 0.0000000000
122515  -34.890  -49.011  9.618 0.0000000000
122595  -36.359  -70.124  6.434 0.0000000000
122831  -35.990  -64.787  4.373 0.0000000000
123295  -37.120  -68.186  7.513 0.0000000000
123653  -36.740  -67.163  6.446 0.0000000000
124379  -40.849  -65.202  6.805 0.0000000000
124709  -38.021  -69.568  8.818 0.0000000000
125567  -40.039  -48.402  9.304 0.0000000000
126996  -36.451  -67.148  5.608 0.0000000000
128133  -44.248  -69.807  2.908 0.0000000000
128499  -42.208  -68.483  -0.534 0.0000000000
128541  -33.415  -49.884  10.830 0.0000000000
128594  -36.551  -53.841  8.378 0.0000000000
128879  -40.311  -57.611  6.433 0.0000000000
129595  -39.942  -67.368  8.435 0.0000000000
130049  -42.521  -70.186  3.286 0.0000000000
130459  -43.353  -69.519  1.341 0.0000000000
131265  -41.019  -59.822  6.579 0.0000000000
131310  -45.202  -66.858  8.613 0.0000000000
131313  -35.829  -52.860  8.680 0.0000000000
131404  -39.277  -71.144  9.619 0.0000000000
131413  -44.843  -62.158  5.264 0.0000000000
131500  -45.028  -64.550  3.974 0.0000000000
131957  -43.404  -61.864  5.802 0.0000000000
132197  -38.762  -66.565  7.558 0.0000000000
132264  -36.603  -69.273  7.418 0.0000000000
132385  -49.876  -63.366  11.077 0.0000000000
132459  -49.603  -63.979  5.472 0.0000000000
133024  -42.802  -67.044  8.849 0.0000000000
133334  -39.786  -68.336  1.865 0.0000000000
133594  -36.462  -66.290  5.490 0.0000000000
133637  -40.943  -66.987  8.474 0.0000000000
134322  -37.661  -68.038  3.058 0.0000000000
135088  -48.272  -61.736  10.913 0.0000000000
135300  -33.834  -49.579  10.295 0.0000000000
135807  -43.290  -68.864  -0.372 0.0000000000
138528  -33.616  -52.093  10.035 0.0000000000
138536  -40.706  -59.481  6.893 0.0000000000
138605  -36.294  -51.109  8.579 0.0000000000
