#!ascii label  , from subject sub-v1s18x0051222_ses-1 vox2ras=TkReg
1048
94413  46.004  28.270  23.076 0.0000000000
126082  40.389  30.034  11.913 0.0000000000
99517  44.566  35.834  1.938 0.0000000000
92887  47.773  26.585  5.730 0.0000000000
123980  39.994  25.942  20.271 0.0000000000
98640  50.758  34.309  8.645 0.0000000000
93730  45.161  27.613  7.596 0.0000000000
96581  37.974  31.654  9.612 0.0000000000
99429  46.712  35.347  13.904 0.0000000000
97790  41.953  33.790  19.028 0.0000000000
93592  44.745  28.128  16.670 0.0000000000
122308  42.751  37.132  6.478 0.0000000000
95286  38.732  29.914  5.623 0.0000000000
97881  42.407  33.578  7.867 0.0000000000
95299  42.360  29.154  2.820 0.0000000000
147832  40.003  35.069  10.098 0.0000000000
97775  46.121  33.963  19.483 0.0000000000
97106  43.506  32.177  21.223 0.0000000000
92810  41.787  26.920  17.873 0.0000000000
100245  49.371  35.912  2.375 0.0000000000
100215  47.596  36.581  5.867 0.0000000000
100939  44.243  36.489  3.483 0.0000000000
98718  40.878  34.140  5.709 0.0000000000
97905  41.298  33.497  3.265 0.0000000000
97829  43.162  33.874  13.098 0.0000000000
97846  45.031  33.788  10.814 0.0000000000
96579  40.934  32.105  9.805 0.0000000000
94549  48.578  28.468  4.049 0.0000000000
94553  43.950  28.509  4.617 0.0000000000
131130  45.593  26.891  3.247 0.0000000000
92900  43.237  25.908  5.062 0.0000000000
92113  45.281  25.338  6.033 0.0000000000
91274  44.968  24.713  10.625 0.0000000000
133475  43.080  26.847  24.835 0.0000000000
95173  42.023  28.737  22.138 0.0000000000
98711  47.887  34.567  4.749 0.0000000000
93644  44.085  27.462  12.531 0.0000000000
94507  42.166  28.004  9.332 0.0000000000
93678  46.407  27.430  10.190 0.0000000000
93726  49.167  28.167  7.050 0.0000000000
99411  50.386  35.356  14.691 0.0000000000
99372  48.048  35.214  17.108 0.0000000000
99387  44.549  35.296  16.549 0.0000000000
97824  40.616  32.773  15.145 0.0000000000
133283  40.205  30.226  20.114 0.0000000000
95899  40.770  30.821  17.155 0.0000000000
95221  42.045  28.945  15.121 0.0000000000
94465  46.421  28.610  15.143 0.0000000000
126095  40.504  29.861  24.398 0.0000000000
100908  46.573  37.104  7.810 0.0000000000
100902  41.323  37.461  8.029 0.0000000000
97875  40.362  33.948  8.065 0.0000000000
95947  37.906  30.520  7.445 0.0000000000
94517  39.193  28.201  8.179 0.0000000000
98607  48.758  34.638  10.963 0.0000000000
122899  46.870  34.383  8.080 0.0000000000
137171  44.095  34.655  5.663 0.0000000000
95269  41.507  29.293  7.410 0.0000000000
95954  41.563  30.532  4.925 0.0000000000
96606  42.108  32.342  1.653 0.0000000000
95293  40.566  29.545  3.740 0.0000000000
93743  40.661  27.655  6.430 0.0000000000
99455  39.645  35.742  10.469 0.0000000000
136426  39.951  37.066  9.367 0.0000000000
96515  46.139  31.304  21.476 0.0000000000
95872  44.647  29.567  22.333 0.0000000000
99514  47.616  35.791  2.130 0.0000000000
100234  46.847  36.672  3.066 0.0000000000
122554  44.222  36.053  2.328 0.0000000000
99504  42.760  35.629  3.250 0.0000000000
98740  42.517  34.136  1.466 0.0000000000
97165  41.424  32.518  12.495 0.0000000000
97172  41.905  32.739  10.977 0.0000000000
122793  40.434  30.965  10.829 0.0000000000
93759  49.001  28.150  3.307 0.0000000000
94571  47.978  28.060  2.659 0.0000000000
123479  47.330  26.738  3.510 0.0000000000
92899  45.782  25.876  4.463 0.0000000000
92888  46.759  26.211  5.522 0.0000000000
92102  46.406  25.735  7.324 0.0000000000
92101  47.440  26.049  7.573 0.0000000000
92775  42.012  25.778  23.947 0.0000000000
124139  51.418  33.917  4.646 0.0000000000
98694  49.273  34.282  6.634 0.0000000000
93643  45.691  27.420  12.392 0.0000000000
122929  45.063  27.404  10.925 0.0000000000
93659  47.180  27.403  11.645 0.0000000000
142555  49.286  27.565  9.227 0.0000000000
93708  50.871  28.026  7.538 0.0000000000
94522  50.233  28.463  6.135 0.0000000000
98481  43.823  34.239  19.052 0.0000000000
98490  45.085  34.763  18.387 0.0000000000
98512  42.796  34.610  17.664 0.0000000000
98546  42.321  34.468  15.593 0.0000000000
97809  40.920  33.607  16.460 0.0000000000
93561  40.692  27.766  21.488 0.0000000000
95177  40.683  29.319  21.273 0.0000000000
94423  39.811  27.889  19.924 0.0000000000
140228  43.546  27.305  17.318 0.0000000000
145108  41.232  28.792  17.796 0.0000000000
95192  42.547  29.132  17.115 0.0000000000
147960  41.297  30.034  16.249 0.0000000000
95212  43.616  29.393  16.003 0.0000000000
94467  44.575  28.616  14.923 0.0000000000
94445  45.897  28.785  16.058 0.0000000000
92815  48.989  26.193  15.972 0.0000000000
140191  45.539  37.179  5.976 0.0000000000
130198  46.438  37.098  7.097 0.0000000000
123245  44.847  37.362  7.188 0.0000000000
100899  44.391  37.509  8.683 0.0000000000
134421  42.283  37.292  7.159 0.0000000000
100208  41.256  36.539  7.568 0.0000000000
99479  41.572  35.895  6.826 0.0000000000
97211  39.698  32.153  5.098 0.0000000000
138009  39.557  32.506  6.540 0.0000000000
95950  38.380  30.574  6.523 0.0000000000
94530  37.928  29.250  7.962 0.0000000000
94542  38.783  29.043  6.717 0.0000000000
124122  49.055  35.468  14.400 0.0000000000
99438  49.964  35.176  13.051 0.0000000000
98594  47.703  34.979  12.404 0.0000000000
97871  43.827  33.800  8.887 0.0000000000
135832  45.714  34.177  9.071 0.0000000000
122897  44.653  34.266  8.100 0.0000000000
98696  45.541  34.603  6.488 0.0000000000
98699  43.048  34.207  6.548 0.0000000000
94514  43.348  27.845  8.141 0.0000000000
95262  41.319  29.093  8.290 0.0000000000
94526  42.762  28.337  7.534 0.0000000000
95290  42.931  28.857  3.008 0.0000000000
95283  42.771  29.346  4.351 0.0000000000
95960  41.656  30.468  3.274 0.0000000000
146358  41.684  31.981  3.650 0.0000000000
130866  41.640  30.279  2.925 0.0000000000
95967  40.892  30.701  2.690 0.0000000000
94578  41.501  29.291  3.170 0.0000000000
92115  43.180  25.025  6.152 0.0000000000
92890  41.792  26.732  6.005 0.0000000000
92105  42.258  25.271  7.185 0.0000000000
92094  41.077  25.883  8.335 0.0000000000
122863  51.296  34.601  10.824 0.0000000000
97860  38.828  32.910  10.753 0.0000000000
97867  39.071  32.846  9.784 0.0000000000
97762  47.652  33.270  19.871 0.0000000000
97112  46.476  32.834  20.456 0.0000000000
97114  44.673  32.813  20.687 0.0000000000
97115  43.046  33.168  20.360 0.0000000000
91998  40.799  25.756  18.987 0.0000000000
125187  48.311  36.615  3.573 0.0000000000
100937  46.025  36.781  4.018 0.0000000000
100931  44.352  36.879  4.732 0.0000000000
99487  42.030  35.791  5.874 0.0000000000
99493  42.378  35.708  4.773 0.0000000000
97896  40.942  33.859  4.699 0.0000000000
127114  39.521  31.598  4.590 0.0000000000
98577  44.650  34.541  13.321 0.0000000000
134022  46.178  34.441  11.883 0.0000000000
97837  44.140  33.787  11.937 0.0000000000
124546  42.970  33.368  10.085 0.0000000000
97874  41.798  33.029  9.016 0.0000000000
93741  46.096  27.934  6.089 0.0000000000
94537  44.409  28.137  5.918 0.0000000000
94551  45.622  28.236  4.519 0.0000000000
94573  45.657  27.794  3.357 0.0000000000
93771  44.079  27.738  3.182 0.0000000000
93773  42.412  28.378  3.224 0.0000000000
92133  43.815  26.303  4.220 0.0000000000
92124  44.585  25.344  5.228 0.0000000000
91303  44.140  24.680  7.241 0.0000000000
91285  46.473  25.134  9.992 0.0000000000
93553  44.556  27.107  24.148 0.0000000000
94415  43.771  28.042  22.692 0.0000000000
93555  43.045  26.557  23.655 0.0000000000
133842  41.133  26.577  22.202 0.0000000000
91985  40.016  25.743  21.028 0.0000000000
98722  51.763  34.576  3.416 0.0000000000
98736  49.670  34.926  2.276 0.0000000000
99500  46.167  35.390  3.388 0.0000000000
142703  41.507  27.933  12.132 0.0000000000
94496  40.635  29.014  11.144 0.0000000000
93681  42.745  27.543  10.798 0.0000000000
93697  43.818  27.526  9.648 0.0000000000
93712  45.686  27.523  8.428 0.0000000000
93676  48.107  27.439  10.227 0.0000000000
124327  47.155  27.514  8.935 0.0000000000
93728  46.898  27.664  7.336 0.0000000000
93739  48.765  28.396  6.278 0.0000000000
94547  50.431  28.186  4.567 0.0000000000
92896  49.954  27.714  4.828 0.0000000000
92868  49.516  26.416  7.445 0.0000000000
99397  49.531  35.405  15.672 0.0000000000
99399  47.304  35.503  15.456 0.0000000000
98489  46.605  34.710  18.340 0.0000000000
138592  46.594  35.413  16.768 0.0000000000
99415  45.639  35.336  14.734 0.0000000000
98561  43.423  34.564  14.510 0.0000000000
97831  41.541  33.194  13.792 0.0000000000
97159  40.481  31.991  13.756 0.0000000000
95874  43.015  29.847  22.096 0.0000000000
96524  41.709  31.940  20.811 0.0000000000
142260  40.894  32.371  19.731 0.0000000000
94428  40.216  28.380  18.757 0.0000000000
95890  40.363  31.001  18.588 0.0000000000
97135  40.409  32.446  17.574 0.0000000000
135978  40.415  31.616  16.067 0.0000000000
95917  40.400  30.631  14.771 0.0000000000
95230  40.525  29.704  13.319 0.0000000000
94478  43.057  27.994  13.824 0.0000000000
93627  45.375  27.606  13.360 0.0000000000
93625  47.352  27.819  13.887 0.0000000000
93589  47.290  27.719  15.888 0.0000000000
93599  48.588  27.449  15.141 0.0000000000
95150  43.375  28.506  25.061 0.0000000000
130964  41.765  28.403  24.866 0.0000000000
95154  38.876  29.171  24.118 0.0000000000
100199  47.689  36.692  8.343 0.0000000000
100883  45.754  37.551  9.424 0.0000000000
99459  40.464  36.109  8.988 0.0000000000
98666  40.179  34.164  8.977 0.0000000000
97187  39.186  32.779  8.892 0.0000000000
98701  40.856  34.316  6.646 0.0000000000
97192  39.334  32.656  8.049 0.0000000000
96586  38.121  31.528  8.793 0.0000000000
98625  49.693  34.506  9.901 0.0000000000
98627  47.236  34.394  10.617 0.0000000000
98643  47.408  34.381  9.278 0.0000000000
98659  48.336  34.393  8.241 0.0000000000
98678  47.131  34.439  7.104 0.0000000000
98713  45.827  34.782  5.490 0.0000000000
98729  43.937  34.774  2.551 0.0000000000
95937  40.500  30.301  9.588 0.0000000000
95946  40.648  30.940  8.175 0.0000000000
125251  41.084  31.723  7.717 0.0000000000
95275  42.396  29.301  5.729 0.0000000000
95949  41.288  30.607  6.179 0.0000000000
97203  41.536  32.134  6.198 0.0000000000
97202  42.147  32.865  5.267 0.0000000000
97904  43.073  33.434  2.396 0.0000000000
97903  43.349  34.178  1.720 0.0000000000
145439  41.966  32.966  1.430 0.0000000000
96608  40.476  31.590  2.840 0.0000000000
95285  39.348  29.591  5.131 0.0000000000
93761  41.888  28.005  3.963 0.0000000000
94555  40.356  28.568  5.182 0.0000000000
127544  39.728  28.705  5.782 0.0000000000
93733  39.866  27.792  7.683 0.0000000000
125812  44.133  24.651  10.496 0.0000000000
100186  39.403  37.840  9.718 0.0000000000
100888  40.012  37.834  9.237 0.0000000000
95169  46.605  28.778  22.812 0.0000000000
95871  46.169  29.657  22.324 0.0000000000
138566  45.668  29.097  22.527 0.0000000000
99516  45.377  36.068  2.004 0.0000000000
99530  46.575  36.019  2.198 0.0000000000
127624  44.207  35.524  1.883 0.0000000000
99518  43.709  35.098  1.852 0.0000000000
144375  40.516  31.362  12.300 0.0000000000
96568  40.657  31.545  11.420 0.0000000000
95930  40.394  30.718  11.694 0.0000000000
92897  48.759  27.404  4.742 0.0000000000
133901  48.082  27.289  3.112 0.0000000000
133937  47.725  26.836  4.329 0.0000000000
92879  46.978  26.180  6.602 0.0000000000
146580  47.859  26.423  6.658 0.0000000000
98623  51.320  34.454  9.578 0.0000000000
122905  50.352  34.208  8.072 0.0000000000
122902  50.604  34.033  7.230 0.0000000000
98658  49.766  34.258  7.930 0.0000000000
93642  46.730  27.446  12.395 0.0000000000
93660  46.308  27.391  11.602 0.0000000000
122935  47.605  27.491  12.418 0.0000000000
93707  51.616  27.890  7.443 0.0000000000
93724  51.455  28.282  6.088 0.0000000000
95939  36.876  30.521  9.531 0.0000000000
98482  42.869  34.082  19.061 0.0000000000
98491  43.275  34.503  18.400 0.0000000000
98492  42.271  34.243  18.362 0.0000000000
98530  42.429  34.579  16.906 0.0000000000
98513  41.824  34.239  17.571 0.0000000000
134164  40.076  26.650  20.672 0.0000000000
93562  40.116  27.692  20.667 0.0000000000
92788  39.985  26.645  19.871 0.0000000000
93580  43.920  28.096  16.970 0.0000000000
138821  43.126  27.904  17.289 0.0000000000
142061  43.429  28.896  16.917 0.0000000000
95203  43.090  29.335  16.522 0.0000000000
94447  44.303  28.974  16.538 0.0000000000
95201  44.425  29.245  16.166 0.0000000000
94446  45.203  29.025  16.194 0.0000000000
127255  44.622  37.226  5.981 0.0000000000
147047  45.181  37.297  6.540 0.0000000000
100911  43.789  37.308  6.754 0.0000000000
124532  43.082  37.368  7.474 0.0000000000
100207  41.609  36.863  7.066 0.0000000000
100217  41.995  36.587  6.406 0.0000000000
96595  39.172  31.424  5.316 0.0000000000
96596  38.843  31.301  6.184 0.0000000000
132115  38.411  30.132  6.172 0.0000000000
95277  38.464  29.666  6.367 0.0000000000
99428  47.567  35.406  13.876 0.0000000000
99427  48.515  35.390  13.664 0.0000000000
99442  47.153  35.184  13.187 0.0000000000
97872  43.130  33.855  8.236 0.0000000000
98664  43.945  34.147  8.159 0.0000000000
98682  43.444  34.233  7.408 0.0000000000
98681  44.238  34.401  7.428 0.0000000000
97882  42.408  33.642  7.003 0.0000000000
93731  44.198  27.679  7.879 0.0000000000
94525  43.565  28.061  7.277 0.0000000000
95291  42.614  29.284  3.122 0.0000000000
95292  42.025  29.689  2.897 0.0000000000
95300  41.918  29.718  2.907 0.0000000000
94577  42.136  28.970  2.732 0.0000000000
91313  42.833  24.796  6.821 0.0000000000
92116  42.555  25.414  6.436 0.0000000000
91305  42.580  24.681  7.602 0.0000000000
91306  42.032  25.048  7.827 0.0000000000
98630  39.617  34.618  10.677 0.0000000000
97859  39.467  33.600  10.302 0.0000000000
98648  39.943  34.283  9.847 0.0000000000
97102  47.273  32.084  20.801 0.0000000000
136537  46.918  31.525  21.251 0.0000000000
96516  45.002  31.465  21.525 0.0000000000
97104  45.339  32.198  21.129 0.0000000000
97105  44.378  32.214  21.196 0.0000000000
97766  44.041  33.340  20.256 0.0000000000
137896  43.055  32.584  20.849 0.0000000000
99499  50.560  35.333  2.645 0.0000000000
100222  49.893  35.886  3.864 0.0000000000
100232  49.231  36.221  3.141 0.0000000000
100235  45.819  36.448  2.948 0.0000000000
100938  45.098  36.640  3.799 0.0000000000
100932  43.480  36.557  4.397 0.0000000000
100227  42.824  36.271  4.553 0.0000000000
98731  42.016  34.320  2.339 0.0000000000
128280  41.512  34.291  3.814 0.0000000000
97210  40.385  32.947  4.599 0.0000000000
97906  40.634  32.581  3.323 0.0000000000
98598  43.960  34.073  12.769 0.0000000000
98597  44.713  34.205  12.401 0.0000000000
97838  43.397  33.601  12.284 0.0000000000
97180  41.386  32.464  10.389 0.0000000000
97858  42.786  33.124  10.971 0.0000000000
97179  42.092  33.047  10.192 0.0000000000
97865  42.417  33.318  9.488 0.0000000000
132683  41.175  32.361  9.079 0.0000000000
93750  47.246  28.345  5.297 0.0000000000
93751  46.158  28.215  5.234 0.0000000000
94550  46.660  28.376  4.293 0.0000000000
93769  46.276  27.499  3.050 0.0000000000
94572  46.953  27.963  2.950 0.0000000000
93770  45.090  27.520  3.259 0.0000000000
94574  44.327  27.991  3.307 0.0000000000
92915  44.660  27.190  3.252 0.0000000000
92916  43.969  27.185  3.381 0.0000000000
92908  44.694  26.525  3.625 0.0000000000
92123  45.187  25.429  5.248 0.0000000000
92131  45.174  25.649  4.648 0.0000000000
92114  44.568  25.056  5.894 0.0000000000
91311  44.056  24.689  6.482 0.0000000000
92104  44.687  24.996  6.651 0.0000000000
92103  45.519  25.429  7.009 0.0000000000
92090  46.672  25.609  8.262 0.0000000000
92077  46.054  25.397  8.709 0.0000000000
93543  43.885  26.972  24.578 0.0000000000
93554  43.860  26.725  23.930 0.0000000000
92763  43.108  26.480  24.280 0.0000000000
92779  41.508  25.903  23.156 0.0000000000
92780  40.838  25.775  22.540 0.0000000000
92782  40.371  26.227  21.600 0.0000000000
91979  40.251  25.418  21.909 0.0000000000
98710  49.349  34.432  4.509 0.0000000000
98724  50.237  34.569  3.155 0.0000000000
98725  48.831  34.682  3.397 0.0000000000
137844  47.801  34.843  3.442 0.0000000000
98726  46.955  34.847  4.134 0.0000000000
93646  42.252  27.647  12.115 0.0000000000
145175  42.264  27.616  11.372 0.0000000000
93663  42.953  27.510  11.601 0.0000000000
122930  45.936  27.399  10.856 0.0000000000
125440  44.480  27.443  10.261 0.0000000000
93679  45.468  27.430  10.035 0.0000000000
93696  44.707  27.488  9.406 0.0000000000
122923  46.142  27.464  9.495 0.0000000000
122933  48.543  27.386  11.008 0.0000000000
93675  49.119  27.433  10.185 0.0000000000
93709  49.045  27.720  8.323 0.0000000000
123618  47.993  27.563  8.742 0.0000000000
126266  48.297  27.694  7.920 0.0000000000
93710  47.460  27.599  8.087 0.0000000000
93727  48.017  27.853  7.204 0.0000000000
93740  47.678  28.126  6.387 0.0000000000
94546  50.899  28.198  4.893 0.0000000000
94534  50.529  28.400  5.230 0.0000000000
93747  50.549  28.174  4.694 0.0000000000
92885  50.922  27.979  4.814 0.0000000000
126292  49.964  27.252  5.961 0.0000000000
145908  49.124  34.705  17.614 0.0000000000
98528  49.711  34.880  17.119 0.0000000000
99383  48.453  35.369  16.409 0.0000000000
126697  48.181  35.487  15.651 0.0000000000
99384  47.498  35.425  16.398 0.0000000000
97763  46.705  33.411  19.935 0.0000000000
97774  46.971  33.938  19.374 0.0000000000
98479  46.389  34.407  18.906 0.0000000000
99375  44.961  35.319  17.102 0.0000000000
98509  45.451  35.163  17.737 0.0000000000
99386  45.195  35.423  16.360 0.0000000000
99385  46.000  35.508  16.172 0.0000000000
99401  45.406  35.417  15.554 0.0000000000
99416  44.815  35.159  14.931 0.0000000000
98544  43.989  34.923  15.105 0.0000000000
98563  41.705  34.055  15.106 0.0000000000
98562  42.550  34.367  14.772 0.0000000000
97823  41.217  33.397  14.663 0.0000000000
97158  41.077  32.574  13.327 0.0000000000
97151  40.767  32.677  14.222 0.0000000000
95172  42.830  28.939  22.310 0.0000000000
138070  43.535  29.060  22.393 0.0000000000
95175  42.049  29.610  21.917 0.0000000000
95885  40.461  29.959  20.874 0.0000000000
96520  41.420  31.044  21.161 0.0000000000
96525  40.899  31.433  20.511 0.0000000000
97118  41.055  32.063  20.256 0.0000000000
96526  40.554  31.718  19.709 0.0000000000
92795  41.246  26.323  18.394 0.0000000000
93571  40.337  27.562  18.768 0.0000000000
93570  40.980  27.163  18.274 0.0000000000
95194  40.807  30.075  17.682 0.0000000000
125415  40.698  29.141  18.162 0.0000000000
124700  40.562  30.674  17.962 0.0000000000
96531  40.341  31.840  18.083 0.0000000000
139563  40.380  31.902  17.388 0.0000000000
97140  40.396  32.239  16.723 0.0000000000
134824  40.516  31.509  16.897 0.0000000000
95214  41.636  29.629  15.713 0.0000000000
95215  40.779  30.120  15.370 0.0000000000
95222  41.202  29.351  14.730 0.0000000000
95223  40.605  29.880  14.299 0.0000000000
94470  41.601  28.635  14.182 0.0000000000
94480  41.276  28.414  13.289 0.0000000000
94469  42.535  28.463  14.468 0.0000000000
94466  45.551  28.744  15.123 0.0000000000
93613  44.998  28.062  14.165 0.0000000000
93612  45.954  28.095  14.280 0.0000000000
93626  46.437  27.652  13.382 0.0000000000
141939  46.778  28.142  14.367 0.0000000000
92817  47.649  26.720  16.322 0.0000000000
132565  48.829  26.947  15.538 0.0000000000
93598  49.235  27.240  15.024 0.0000000000
125113  43.340  29.520  24.814 0.0000000000
125691  41.216  29.924  24.515 0.0000000000
95151  41.831  29.207  24.706 0.0000000000
95152  40.960  29.024  24.597 0.0000000000
94397  40.323  28.354  24.602 0.0000000000
95153  39.870  29.351  24.361 0.0000000000
146194  47.454  36.714  7.835 0.0000000000
128938  47.070  36.940  8.153 0.0000000000
100184  48.006  36.760  9.057 0.0000000000
100896  47.197  36.982  8.927 0.0000000000
100882  46.677  37.405  9.486 0.0000000000
100898  45.314  37.447  8.709 0.0000000000
100901  42.268  37.478  8.044 0.0000000000
100887  41.621  37.707  8.752 0.0000000000
100903  40.709  37.750  8.683 0.0000000000
100201  40.901  37.191  8.063 0.0000000000
99480  41.161  35.504  7.630 0.0000000000
98665  40.768  35.014  8.469 0.0000000000
97876  39.762  33.354  8.499 0.0000000000
98700  41.520  34.942  6.085 0.0000000000
97890  40.386  33.604  6.290 0.0000000000
126679  38.530  31.279  7.061 0.0000000000
97198  39.449  32.571  7.235 0.0000000000
97199  38.900  31.991  7.586 0.0000000000
97193  38.734  32.101  8.422 0.0000000000
96591  38.287  31.373  7.932 0.0000000000
96587  37.631  30.811  8.326 0.0000000000
124068  37.403  30.217  8.084 0.0000000000
133499  38.597  28.706  7.868 0.0000000000
99410  51.105  35.181  14.392 0.0000000000
147701  49.610  35.050  12.429 0.0000000000
98591  50.446  34.894  12.310 0.0000000000
98592  49.710  34.836  11.775 0.0000000000
98605  50.472  34.701  11.370 0.0000000000
98606  49.642  34.647  10.909 0.0000000000
98610  45.618  34.082  11.317 0.0000000000
98609  46.387  34.259  11.031 0.0000000000
98629  45.780  34.039  10.475 0.0000000000
98661  46.262  34.291  8.810 0.0000000000
98644  46.723  34.301  9.423 0.0000000000
144613  47.002  34.357  8.839 0.0000000000
98642  48.203  34.394  9.139 0.0000000000
122900  47.744  34.397  7.776 0.0000000000
98677  48.489  34.382  7.503 0.0000000000
98714  44.881  34.869  5.527 0.0000000000
99492  45.282  35.236  4.131 0.0000000000
98728  44.414  34.928  4.298 0.0000000000
94508  41.597  28.188  10.116 0.0000000000
95250  40.547  29.658  10.326 0.0000000000
95256  41.267  28.758  9.255 0.0000000000
95270  40.813  29.988  7.885 0.0000000000
122777  40.970  30.854  7.181 0.0000000000
94538  43.639  28.447  5.792 0.0000000000
94554  43.175  28.857  5.136 0.0000000000
95276  41.618  29.891  5.797 0.0000000000
96599  41.396  31.342  5.568 0.0000000000
96594  41.277  31.315  6.474 0.0000000000
131131  41.631  32.088  4.848 0.0000000000
97216  42.123  32.264  2.265 0.0000000000
97209  42.368  32.727  3.485 0.0000000000
147907  42.732  32.866  1.877 0.0000000000
97215  42.495  32.802  1.445 0.0000000000
97918  42.481  33.191  1.321 0.0000000000
97229  42.175  32.644  1.458 0.0000000000
137368  40.799  31.260  2.558 0.0000000000
95302  40.333  30.281  3.424 0.0000000000
95961  39.680  30.668  4.012 0.0000000000
95294  39.734  29.922  4.288 0.0000000000
93752  42.553  27.406  4.045 0.0000000000
144106  41.252  27.356  6.005 0.0000000000
93754  40.888  27.923  5.579 0.0000000000
94540  40.190  28.266  6.058 0.0000000000
93744  40.044  28.100  6.882 0.0000000000
93732  40.511  27.385  7.239 0.0000000000
137879  41.195  25.334  8.878 0.0000000000
92869  40.539  26.582  8.455 0.0000000000
91287  44.693  24.859  9.524 0.0000000000
99449  39.305  35.504  11.060 0.0000000000
128128  39.502  36.850  10.047 0.0000000000
99460  40.092  35.937  9.806 0.0000000000
95879  46.700  30.145  21.977 0.0000000000
95880  45.618  30.567  21.868 0.0000000000
95881  44.565  30.635  21.886 0.0000000000
99529  48.427  35.746  2.113 0.0000000000
100246  47.677  36.477  2.516 0.0000000000
100247  47.077  36.327  2.402 0.0000000000
138752  46.387  36.283  2.479 0.0000000000
100236  44.931  36.265  2.637 0.0000000000
100226  43.204  36.102  3.351 0.0000000000
100238  43.666  35.672  2.288 0.0000000000
99505  42.633  34.793  2.049 0.0000000000
97839  42.654  33.373  12.612 0.0000000000
97849  42.837  33.207  11.837 0.0000000000
137331  41.679  32.562  11.714 0.0000000000
97173  41.199  32.232  11.142 0.0000000000
96573  40.770  31.782  10.564 0.0000000000
94560  49.077  28.180  3.412 0.0000000000
94561  48.361  28.275  3.104 0.0000000000
93760  48.435  27.867  2.822 0.0000000000
92905  47.643  27.346  2.877 0.0000000000
92906  46.514  26.512  3.517 0.0000000000
92907  45.523  26.180  3.838 0.0000000000
92898  46.590  26.239  4.410 0.0000000000
92122  45.886  25.706  5.295 0.0000000000
92112  46.097  25.733  6.309 0.0000000000
92089  47.527  25.666  8.585 0.0000000000
93544  42.475  26.496  24.644 0.0000000000
140270  42.451  26.130  24.238 0.0000000000
92764  41.833  26.005  24.434 0.0000000000
98692  52.263  33.756  4.808 0.0000000000
142683  51.019  33.851  6.257 0.0000000000
124138  50.064  34.236  5.315 0.0000000000
124003  48.609  34.415  5.797 0.0000000000
125831  44.847  27.421  12.694 0.0000000000
143030  44.728  27.392  11.842 0.0000000000
142169  45.545  27.391  11.511 0.0000000000
122931  46.786  27.395  10.914 0.0000000000
122927  49.949  27.546  9.543 0.0000000000
93692  50.730  27.675  8.739 0.0000000000
93693  49.987  27.723  8.472 0.0000000000
93725  50.359  28.260  6.985 0.0000000000
94521  51.128  28.294  5.368 0.0000000000
98506  48.457  34.789  17.677 0.0000000000
98480  44.726  34.360  19.030 0.0000000000
139577  45.577  34.421  18.984 0.0000000000
139475  44.217  34.657  18.404 0.0000000000
98511  43.737  34.864  17.726 0.0000000000
99376  44.184  35.164  17.097 0.0000000000
143953  43.710  34.997  15.758 0.0000000000
131363  42.991  34.811  16.173 0.0000000000
98547  41.539  34.131  15.941 0.0000000000
97816  40.992  33.550  15.545 0.0000000000
94419  41.177  28.470  21.755 0.0000000000
95176  41.366  29.274  21.716 0.0000000000
94420  40.346  28.558  21.034 0.0000000000
95179  40.214  29.345  20.561 0.0000000000
95181  39.970  29.344  19.813 0.0000000000
92809  42.762  26.866  17.573 0.0000000000
93582  41.537  27.653  17.853 0.0000000000
93581  42.296  27.712  17.572 0.0000000000
123748  41.298  30.150  16.975 0.0000000000
95205  40.830  30.551  16.286 0.0000000000
95204  42.063  29.589  16.660 0.0000000000
95213  42.693  29.464  15.961 0.0000000000
94458  43.089  28.983  15.358 0.0000000000
94468  43.559  28.494  14.698 0.0000000000
94457  44.096  29.064  15.567 0.0000000000
94456  45.050  29.118  15.807 0.0000000000
94454  46.284  28.653  15.706 0.0000000000
92816  48.350  26.003  16.460 0.0000000000
92025  50.424  25.486  15.429 0.0000000000
100928  46.952  36.913  5.441 0.0000000000
100919  47.016  36.853  6.466 0.0000000000
100920  46.305  37.070  6.197 0.0000000000
100921  45.692  37.267  6.839 0.0000000000
100909  45.753  37.309  7.794 0.0000000000
122888  44.874  37.417  8.095 0.0000000000
100910  44.070  37.412  7.830 0.0000000000
100913  41.739  37.237  7.395 0.0000000000
100200  41.330  37.124  7.604 0.0000000000
98684  40.849  34.544  7.523 0.0000000000
97898  39.964  32.834  5.856 0.0000000000
97204  39.382  32.029  5.976 0.0000000000
97205  39.110  31.946  6.767 0.0000000000
95272  37.642  29.890  7.618 0.0000000000
95278  38.053  30.049  6.835 0.0000000000
95271  38.192  29.512  7.141 0.0000000000
94529  38.496  28.987  7.386 0.0000000000
99412  49.646  35.456  14.930 0.0000000000
99425  50.373  35.304  13.841 0.0000000000
99426  49.460  35.372  13.690 0.0000000000
99440  48.412  35.209  12.853 0.0000000000
98593  48.815  34.999  12.019 0.0000000000
97863  44.379  33.740  9.521 0.0000000000
98645  45.914  34.154  9.610 0.0000000000
98646  45.177  34.021  9.279 0.0000000000
98662  45.397  34.240  8.529 0.0000000000
122898  46.020  34.344  8.050 0.0000000000
98679  46.226  34.447  7.278 0.0000000000
98680  45.235  34.444  7.508 0.0000000000
98698  43.774  34.460  6.607 0.0000000000
145667  43.514  34.429  5.827 0.0000000000
94515  43.114  27.714  9.021 0.0000000000
94516  41.834  28.489  8.620 0.0000000000
125982  42.539  28.158  8.418 0.0000000000
94527  41.992  28.642  7.863 0.0000000000
95268  42.185  28.845  6.954 0.0000000000
95282  43.252  28.971  3.649 0.0000000000
95284  42.146  29.828  4.215 0.0000000000
125236  41.520  31.338  4.266 0.0000000000
128239  41.611  31.314  3.082 0.0000000000
96607  41.654  31.878  2.194 0.0000000000
95972  41.372  31.377  2.448 0.0000000000
95306  41.496  30.577  2.837 0.0000000000
95301  41.165  30.011  2.979 0.0000000000
92126  42.846  25.630  5.738 0.0000000000
92901  42.479  26.526  5.226 0.0000000000
92889  42.328  26.064  6.048 0.0000000000
92117  41.875  26.073  6.770 0.0000000000
144671  41.395  26.357  7.230 0.0000000000
133008  40.946  26.602  7.667 0.0000000000
92106  41.587  25.770  7.631 0.0000000000
92093  41.607  25.211  8.366 0.0000000000
122908  50.351  34.453  9.508 0.0000000000
98612  39.170  34.748  11.478 0.0000000000
97181  38.436  32.264  10.082 0.0000000000
136397  47.204  32.856  20.328 0.0000000000
97764  45.845  33.437  20.037 0.0000000000
97103  46.283  32.197  21.002 0.0000000000
97113  45.592  32.839  20.583 0.0000000000
97765  44.957  33.428  20.156 0.0000000000
97777  44.386  33.837  19.615 0.0000000000
97778  43.458  33.706  19.663 0.0000000000
97779  42.544  33.549  19.665 0.0000000000
128973  40.246  26.043  19.561 0.0000000000
91187  41.254  24.874  19.003 0.0000000000
91201  41.966  24.916  18.517 0.0000000000
91996  42.403  25.351  18.147 0.0000000000
92010  42.958  25.896  17.725 0.0000000000
92808  43.629  26.533  17.465 0.0000000000
92807  44.483  26.390  17.357 0.0000000000
92819  45.104  27.174  16.966 0.0000000000
100223  48.712  36.390  4.338 0.0000000000
100224  47.742  36.742  4.590 0.0000000000
100233  47.654  36.748  3.364 0.0000000000
100225  46.905  36.861  4.261 0.0000000000
100929  46.169  37.027  5.151 0.0000000000
100922  43.570  37.042  5.652 0.0000000000
143506  42.346  36.835  6.199 0.0000000000
100216  42.436  36.375  5.641 0.0000000000
122495  41.866  35.230  5.071 0.0000000000
98717  41.424  34.594  4.882 0.0000000000
99494  42.060  34.985  3.640 0.0000000000
124848  39.260  30.995  4.663 0.0000000000
98576  45.535  34.810  13.346 0.0000000000
98575  46.330  35.013  13.265 0.0000000000
144058  45.246  34.502  12.754 0.0000000000
98611  44.882  33.927  11.608 0.0000000000
97848  43.528  33.446  11.462 0.0000000000
97857  43.630  33.432  10.655 0.0000000000
97856  44.381  33.623  10.341 0.0000000000
146692  43.778  33.648  9.388 0.0000000000
97873  42.457  33.465  8.687 0.0000000000
138560  41.898  33.249  8.260 0.0000000000
136328  45.189  27.785  6.558 0.0000000000
94524  44.355  27.847  6.980 0.0000000000
93742  45.336  28.020  5.605 0.0000000000
94552  44.782  28.177  4.902 0.0000000000
135185  46.183  28.151  3.529 0.0000000000
94563  44.813  28.179  3.708 0.0000000000
94564  43.690  28.489  3.387 0.0000000000
94575  43.339  28.363  3.209 0.0000000000
94576  42.691  28.761  2.960 0.0000000000
93772  43.233  27.930  3.126 0.0000000000
92917  43.311  27.091  3.747 0.0000000000
92132  44.652  25.809  4.429 0.0000000000
146421  43.426  25.314  5.588 0.0000000000
91312  43.466  24.684  6.583 0.0000000000
137241  44.340  24.811  8.234 0.0000000000
91295  45.228  25.184  8.572 0.0000000000
92091  45.780  25.471  7.938 0.0000000000
91286  45.807  25.180  9.418 0.0000000000
94408  45.114  27.462  23.774 0.0000000000
95170  45.170  28.479  22.748 0.0000000000
93557  44.332  27.253  23.514 0.0000000000
93558  43.501  27.126  23.220 0.0000000000
94416  42.815  27.948  22.545 0.0000000000
92774  42.627  26.133  23.942 0.0000000000
92778  42.145  26.362  23.165 0.0000000000
93560  41.532  27.369  22.158 0.0000000000
145848  40.957  27.234  21.778 0.0000000000
128505  40.509  27.052  21.387 0.0000000000
91181  40.137  25.182  20.574 0.0000000000
99498  51.576  34.902  2.991 0.0000000000
99512  50.609  34.997  2.252 0.0000000000
98709  50.960  34.274  4.031 0.0000000000
98735  50.728  34.932  2.347 0.0000000000
98747  50.040  35.147  2.080 0.0000000000
146050  48.417  35.560  2.106 0.0000000000
98738  47.229  35.371  2.838 0.0000000000
99501  45.348  35.698  2.385 0.0000000000
94488  40.667  28.890  12.063 0.0000000000
134455  40.504  29.486  11.725 0.0000000000
94495  41.057  28.339  11.709 0.0000000000
93682  41.894  27.761  10.811 0.0000000000
93699  42.211  27.725  10.191 0.0000000000
93661  44.170  27.415  11.077 0.0000000000
93680  43.601  27.480  10.487 0.0000000000
93698  42.935  27.608  9.917 0.0000000000
93714  44.012  27.592  8.780 0.0000000000
93713  44.878  27.533  8.556 0.0000000000
93658  48.047  27.441  11.708 0.0000000000
122932  47.647  27.395  10.946 0.0000000000
93677  47.238  27.437  10.234 0.0000000000
122926  48.509  27.513  9.404 0.0000000000
122925  47.632  27.488  9.542 0.0000000000
122924  46.851  27.466  9.587 0.0000000000
93711  46.534  27.529  8.401 0.0000000000
132587  46.036  27.570  7.755 0.0000000000
93729  46.001  27.672  6.987 0.0000000000
134671  46.763  27.847  6.459 0.0000000000
94536  48.590  28.483  5.292 0.0000000000
94523  49.666  28.502  6.040 0.0000000000
94535  49.683  28.475  5.231 0.0000000000
94548  49.549  28.338  4.242 0.0000000000
93758  49.718  28.099  4.064 0.0000000000
93748  49.651  28.080  3.984 0.0000000000
92886  48.827  26.924  5.847 0.0000000000
99396  50.282  35.308  15.451 0.0000000000
99398  48.892  35.498  15.186 0.0000000000
99413  48.083  35.502  14.693 0.0000000000
140013  47.049  35.459  14.636 0.0000000000
98477  47.837  33.912  19.182 0.0000000000
98487  48.014  34.468  18.392 0.0000000000
98507  47.788  34.905  17.695 0.0000000000
131966  45.915  34.788  18.348 0.0000000000
98508  46.390  35.145  17.671 0.0000000000
99373  47.245  35.214  17.297 0.0000000000
127028  46.732  35.513  16.027 0.0000000000
99400  46.340  35.482  15.314 0.0000000000
99414  46.319  35.406  14.520 0.0000000000
98559  45.129  35.022  14.095 0.0000000000
98560  44.288  34.755  14.277 0.0000000000
98578  43.711  34.364  13.642 0.0000000000
98545  43.161  34.716  15.319 0.0000000000
98579  42.859  34.156  13.936 0.0000000000
97830  42.368  33.586  13.424 0.0000000000
97840  41.892  33.017  12.955 0.0000000000
97166  40.727  31.988  12.839 0.0000000000
95925  40.372  30.453  12.667 0.0000000000
95882  43.794  30.236  22.014 0.0000000000
132985  43.011  30.780  21.736 0.0000000000
95883  42.122  30.505  21.666 0.0000000000
96519  42.325  31.372  21.388 0.0000000000
97107  42.672  32.100  21.140 0.0000000000
97116  42.355  32.625  20.614 0.0000000000
97117  41.549  32.644  20.131 0.0000000000
135448  41.306  33.390  19.022 0.0000000000
93566  39.992  27.314  19.496 0.0000000000
94425  39.885  28.545  19.518 0.0000000000
137960  40.068  29.246  19.001 0.0000000000
94438  40.906  28.123  18.103 0.0000000000
128015  40.378  30.053  18.480 0.0000000000
137183  40.314  30.975  19.448 0.0000000000
96529  40.368  31.739  18.872 0.0000000000
97126  40.449  32.439  18.363 0.0000000000
97791  41.330  33.684  18.273 0.0000000000
97810  40.525  33.039  17.022 0.0000000000
97817  40.500  32.826  16.084 0.0000000000
97146  40.376  32.139  15.551 0.0000000000
95911  40.501  30.865  15.667 0.0000000000
96550  40.344  31.401  15.173 0.0000000000
97152  40.373  32.039  14.697 0.0000000000
96555  40.287  31.298  14.235 0.0000000000
123880  40.339  30.516  13.776 0.0000000000
95236  40.501  29.553  12.420 0.0000000000
94481  40.710  28.923  12.894 0.0000000000
94486  41.755  27.898  12.787 0.0000000000
124297  43.579  27.640  13.176 0.0000000000
94477  44.030  27.991  14.014 0.0000000000
93628  44.469  27.607  13.320 0.0000000000
93640  48.058  27.646  13.327 0.0000000000
93591  45.625  28.105  16.435 0.0000000000
93590  46.479  28.091  16.132 0.0000000000
93601  46.906  28.371  15.445 0.0000000000
140395  48.367  26.645  15.987 0.0000000000
92826  48.045  27.367  15.575 0.0000000000
93611  47.317  28.224  14.817 0.0000000000
126093  48.083  27.816  14.277 0.0000000000
94391  45.830  28.055  24.456 0.0000000000
94392  45.168  27.971  24.910 0.0000000000
94393  44.178  27.704  25.040 0.0000000000
94394  43.277  27.526  25.072 0.0000000000
139713  42.607  29.316  24.799 0.0000000000
129455  42.519  28.406  24.992 0.0000000000
94395  42.314  27.417  24.996 0.0000000000
94396  41.271  27.893  24.848 0.0000000000
143337  39.489  28.595  24.403 0.0000000000
125215  39.712  27.760  24.565 0.0000000000
100884  44.809  37.633  9.421 0.0000000000
100885  43.840  37.664  9.351 0.0000000000
99471  40.846  36.331  8.197 0.0000000000
98647  40.352  35.038  9.428 0.0000000000
97866  39.627  33.495  9.395 0.0000000000
97188  38.582  32.217  9.257 0.0000000000
98683  41.293  34.984  7.005 0.0000000000
97891  39.925  33.083  6.795 0.0000000000
97884  40.369  33.760  7.160 0.0000000000
97885  39.868  33.211  7.633 0.0000000000
96582  37.414  31.030  9.162 0.0000000000
99437  50.806  35.069  13.111 0.0000000000
122540  51.260  34.714  11.764 0.0000000000
98624  50.459  34.579  10.402 0.0000000000
98595  46.721  34.805  12.516 0.0000000000
130424  47.015  34.599  11.644 0.0000000000
98608  47.919  34.654  11.355 0.0000000000
98628  46.528  34.236  10.158 0.0000000000
144635  47.126  34.322  9.855 0.0000000000
124051  48.008  34.479  10.548 0.0000000000
98626  48.452  34.442  10.018 0.0000000000
122907  49.008  34.419  9.446 0.0000000000
98641  49.791  34.349  8.886 0.0000000000
122901  49.118  34.336  7.685 0.0000000000
122896  48.075  34.422  6.873 0.0000000000
126125  47.450  34.507  6.092 0.0000000000
98695  46.489  34.541  6.334 0.0000000000
98712  46.776  34.649  5.321 0.0000000000
98727  46.159  34.986  4.627 0.0000000000
99502  44.566  35.375  2.663 0.0000000000
95243  40.410  30.028  11.130 0.0000000000
95933  40.442  30.433  10.353 0.0000000000
96574  40.521  31.217  9.905 0.0000000000
137671  40.802  29.578  8.801 0.0000000000
95941  40.588  30.306  8.772 0.0000000000
137982  40.726  31.742  9.252 0.0000000000
96585  40.835  31.768  8.556 0.0000000000
97191  41.431  32.572  8.208 0.0000000000
97883  41.820  33.181  7.530 0.0000000000
124792  43.775  28.193  6.532 0.0000000000
94539  43.030  28.547  6.466 0.0000000000
126449  41.757  29.438  6.592 0.0000000000
95945  41.198  29.976  6.846 0.0000000000
131587  41.330  31.690  7.008 0.0000000000
97197  41.523  32.426  7.235 0.0000000000
97888  42.561  33.631  5.900 0.0000000000
98716  43.120  34.245  5.254 0.0000000000
97895  42.740  33.646  4.390 0.0000000000
98715  43.717  34.562  4.651 0.0000000000
98730  43.366  34.232  3.513 0.0000000000
98739  43.533  34.815  1.784 0.0000000000
143155  43.080  34.319  1.585 0.0000000000
98748  42.629  33.738  1.337 0.0000000000
97913  41.405  32.871  2.202 0.0000000000
96613  41.087  32.009  2.298 0.0000000000
97224  40.851  32.195  2.555 0.0000000000
97217  40.276  31.966  3.289 0.0000000000
96602  39.846  31.412  3.776 0.0000000000
95955  39.163  30.289  4.878 0.0000000000
94565  41.695  28.615  3.410 0.0000000000
94566  40.867  28.846  4.087 0.0000000000
93753  41.685  27.428  5.056 0.0000000000
93762  41.228  28.230  4.573 0.0000000000
94567  40.082  29.221  4.678 0.0000000000
94556  39.708  29.028  5.371 0.0000000000
94557  39.103  29.201  5.892 0.0000000000
94541  39.479  28.611  6.423 0.0000000000
94528  39.213  28.491  7.300 0.0000000000
93715  40.366  27.176  7.924 0.0000000000
92878  48.598  26.472  7.017 0.0000000000
92100  48.330  26.046  8.081 0.0000000000
91320  43.893  24.926  5.835 0.0000000000
91988  40.429  25.248  19.716 0.0000000000
91997  41.608  25.532  18.474 0.0000000000
92016  48.927  25.436  16.390 0.0000000000
92026  49.682  25.628  15.831 0.0000000000
92125  43.944  25.486  5.074 0.0000000000
92785  39.906  27.255  20.140 0.0000000000
92794  42.085  26.095  17.944 0.0000000000
92796  40.413  26.658  19.003 0.0000000000
92891  41.228  26.933  6.801 0.0000000000
92909  43.042  26.609  4.471 0.0000000000
92914  46.664  27.061  3.005 0.0000000000
93541  45.215  27.586  24.317 0.0000000000
93542  44.629  27.414  24.607 0.0000000000
93559  42.608  27.067  22.806 0.0000000000
93579  44.250  27.256  17.160 0.0000000000
93600  47.534  28.038  15.289 0.0000000000
93629  42.656  27.711  12.984 0.0000000000
93641  47.232  27.575  13.065 0.0000000000
93645  43.218  27.535  12.364 0.0000000000
93662  43.757  27.444  11.765 0.0000000000
93664  41.659  27.850  11.507 0.0000000000
93694  46.544  27.493  9.086 0.0000000000
93695  45.495  27.484  9.148 0.0000000000
93749  48.744  27.742  3.399 0.0000000000
93766  48.542  28.034  2.864 0.0000000000
93767  48.148  27.910  2.673 0.0000000000
93768  47.448  27.725  2.774 0.0000000000
94407  45.927  27.901  23.897 0.0000000000
94414  44.753  27.849  23.056 0.0000000000
94417  41.981  27.964  22.305 0.0000000000
94422  39.963  28.570  20.270 0.0000000000
94436  42.693  28.539  17.301 0.0000000000
94437  41.837  28.543  17.596 0.0000000000
94455  45.762  28.903  15.814 0.0000000000
94479  42.101  28.080  13.597 0.0000000000
94487  41.076  28.337  12.485 0.0000000000
94502  41.244  28.293  10.913 0.0000000000
94562  47.335  28.274  3.242 0.0000000000
95171  44.297  28.745  22.558 0.0000000000
95184  40.156  30.147  19.279 0.0000000000
95193  41.518  29.425  17.425 0.0000000000
95202  43.816  29.228  16.446 0.0000000000
95229  40.899  29.098  13.788 0.0000000000
95249  40.898  28.844  10.208 0.0000000000
95257  40.700  29.483  9.553 0.0000000000
95873  43.851  29.522  22.292 0.0000000000
95884  41.158  30.095  21.410 0.0000000000
95887  40.667  30.651  20.736 0.0000000000
95905  40.590  31.058  16.407 0.0000000000
95956  38.788  30.606  5.595 0.0000000000
95966  41.521  31.033  2.646 0.0000000000
95968  40.279  30.976  3.101 0.0000000000
96517  44.043  31.560  21.530 0.0000000000
96518  43.198  31.550  21.492 0.0000000000
96538  40.481  31.337  17.689 0.0000000000
96559  40.375  31.274  13.258 0.0000000000
96580  40.553  31.060  9.029 0.0000000000
96612  41.780  32.116  1.924 0.0000000000
97124  40.586  32.389  19.119 0.0000000000
97164  42.174  32.909  12.191 0.0000000000
97174  41.005  32.064  11.976 0.0000000000
97186  41.553  32.694  9.690 0.0000000000
97218  39.993  32.102  4.124 0.0000000000
97230  41.597  32.441  1.872 0.0000000000
97767  42.233  33.109  20.149 0.0000000000
97776  45.268  33.939  19.565 0.0000000000
97780  41.750  33.274  19.616 0.0000000000
97781  41.061  32.903  19.400 0.0000000000
97792  40.759  33.050  18.694 0.0000000000
97802  41.041  33.673  17.338 0.0000000000
97803  40.603  33.108  17.887 0.0000000000
97822  42.019  33.848  14.265 0.0000000000
97847  44.289  33.619  11.137 0.0000000000
97855  45.121  33.840  10.016 0.0000000000
97864  43.174  33.584  9.242 0.0000000000
97889  41.894  33.046  6.536 0.0000000000
97897  40.466  33.497  5.473 0.0000000000
97911  42.828  33.438  1.382 0.0000000000
97912  42.094  33.582  1.578 0.0000000000
98478  47.163  34.395  18.725 0.0000000000
98488  47.194  34.813  18.025 0.0000000000
98510  44.607  35.067  17.766 0.0000000000
98529  43.336  34.923  16.992 0.0000000000
98531  41.570  34.169  16.766 0.0000000000
98596  45.424  34.298  12.097 0.0000000000
98660  47.599  34.390  8.572 0.0000000000
98663  44.564  34.020  8.768 0.0000000000
98676  50.030  34.088  6.970 0.0000000000
98693  50.684  33.970  5.811 0.0000000000
98697  44.596  34.596  6.570 0.0000000000
98723  51.424  34.569  3.082 0.0000000000
98734  51.189  34.843  2.727 0.0000000000
98737  48.397  35.205  2.411 0.0000000000
99374  45.764  35.393  16.985 0.0000000000
99402  44.500  35.260  15.801 0.0000000000
99403  43.884  35.122  16.392 0.0000000000
99430  45.924  35.257  13.969 0.0000000000
99439  49.128  35.248  12.949 0.0000000000
99441  47.875  35.258  13.196 0.0000000000
99503  43.986  35.317  1.904 0.0000000000
99513  49.096  35.339  2.069 0.0000000000
99515  46.352  35.936  2.166 0.0000000000
99519  43.271  35.224  1.990 0.0000000000
99531  44.745  35.892  1.882 0.0000000000
100185  40.446  37.198  8.701 0.0000000000
100198  48.495  36.435  8.361 0.0000000000
100237  43.689  36.262  3.132 0.0000000000
100244  50.061  35.287  2.179 0.0000000000
100248  45.641  36.122  1.982 0.0000000000
100255  49.288  35.533  2.165 0.0000000000
100256  48.470  36.104  2.226 0.0000000000
100257  47.653  36.145  2.184 0.0000000000
100897  46.340  37.250  8.627 0.0000000000
100907  47.158  36.812  7.369 0.0000000000
100912  42.022  37.103  6.730 0.0000000000
100923  42.837  36.731  5.553 0.0000000000
100930  45.285  37.029  4.947 0.0000000000
122904  48.999  34.373  8.572 0.0000000000
122906  47.726  34.379  9.886 0.0000000000
123473  43.834  25.700  17.620 0.0000000000
124052  49.096  34.527  10.236 0.0000000000
124865  49.252  35.284  16.395 0.0000000000
125032  48.046  27.831  14.917 0.0000000000
126084  43.440  27.458  11.156 0.0000000000
128171  49.772  35.426  14.298 0.0000000000
128199  43.731  33.536  9.878 0.0000000000
130118  45.436  27.912  23.332 0.0000000000
132215  47.642  28.459  4.005 0.0000000000
132393  40.419  31.009  20.092 0.0000000000
133236  48.430  36.430  2.742 0.0000000000
133714  39.923  27.916  19.266 0.0000000000
135284  48.847  35.080  17.052 0.0000000000
136200  45.293  29.969  22.221 0.0000000000
137757  43.776  32.730  20.764 0.0000000000
138824  45.911  34.628  12.648 0.0000000000
139801  48.867  35.460  15.856 0.0000000000
140207  46.074  27.495  8.930 0.0000000000
143817  42.144  34.473  16.273 0.0000000000
144188  42.300  32.902  11.531 0.0000000000
144219  43.707  30.984  21.729 0.0000000000
144834  40.385  32.207  16.100 0.0000000000
144896  41.939  33.078  9.612 0.0000000000
145064  43.229  35.685  2.610 0.0000000000
145785  49.243  34.773  11.451 0.0000000000
146438  46.099  26.628  3.349 0.0000000000
147300  40.589  29.914  9.173 0.0000000000
147504  42.862  33.964  7.430 0.0000000000
