#!ascii label  , from subject sub-v1s18x0051249_ses-1 vox2ras=TkReg
1789
87645  -42.028  18.947  -2.259 0.0000000000
75896  -50.323  4.917  -11.497 0.0000000000
91806  -52.340  23.204  -2.434 0.0000000000
124205  -51.103  8.624  -5.248 0.0000000000
83806  -51.822  14.003  2.326 0.0000000000
84738  -48.947  14.146  -10.500 0.0000000000
88572  -56.115  19.356  -15.252 0.0000000000
91140  -45.671  22.306  -15.520 0.0000000000
82856  -44.338  12.837  11.311 0.0000000000
82979  -46.071  12.310  -3.350 0.0000000000
81300  -46.888  10.018  -7.663 0.0000000000
86103  -47.128  16.809  -5.752 0.0000000000
94043  -53.049  26.859  -4.525 0.0000000000
91076  -57.424  22.260  -7.876 0.0000000000
91859  -54.297  24.030  -9.859 0.0000000000
135221  -50.317  20.563  -14.301 0.0000000000
93363  -48.404  25.417  -9.782 0.0000000000
123570  -45.901  4.403  -14.437 0.0000000000
128925  -43.888  20.230  3.561 0.0000000000
91804  -45.803  24.003  -3.416 0.0000000000
82140  -57.024  11.785  -6.307 0.0000000000
82081  -51.875  11.307  -1.224 0.0000000000
131684  -46.085  15.381  0.334 0.0000000000
83771  -45.528  13.399  5.107 0.0000000000
139709  -47.138  7.494  -12.960 0.0000000000
81364  -48.500  9.848  -16.609 0.0000000000
90255  -51.122  20.888  -7.640 0.0000000000
86152  -53.801  16.251  -12.391 0.0000000000
84805  -50.973  13.947  -19.423 0.0000000000
87748  -50.898  17.734  -15.672 0.0000000000
119662  -46.641  19.474  -17.901 0.0000000000
86079  -43.940  15.950  -3.038 0.0000000000
131654  -45.981  14.983  -4.940 0.0000000000
87659  -44.541  18.728  -4.757 0.0000000000
95650  -53.943  29.394  -6.066 0.0000000000
94055  -55.991  26.634  -7.610 0.0000000000
95674  -53.268  27.996  -8.416 0.0000000000
132910  -51.202  24.146  -9.549 0.0000000000
120086  -48.243  4.449  -12.796 0.0000000000
90983  -42.848  22.183  4.106 0.0000000000
90202  -45.648  21.702  2.930 0.0000000000
82938  -52.113  12.659  0.390 0.0000000000
82038  -48.072  12.008  1.183 0.0000000000
128261  -48.895  14.855  1.531 0.0000000000
83745  -45.297  13.638  8.328 0.0000000000
84578  -40.383  14.401  5.114 0.0000000000
124716  -40.998  17.430  5.875 0.0000000000
86778  -39.183  17.328  5.990 0.0000000000
79552  -51.200  8.629  -8.694 0.0000000000
83033  -47.229  12.476  -9.282 0.0000000000
80426  -46.811  9.184  -10.630 0.0000000000
81346  -46.510  10.597  -12.390 0.0000000000
80477  -46.853  9.287  -14.734 0.0000000000
139816  -48.013  12.835  -13.637 0.0000000000
92593  -48.443  24.388  -3.548 0.0000000000
91819  -48.630  23.579  -6.505 0.0000000000
92629  -51.412  24.439  -6.318 0.0000000000
89462  -58.162  20.305  -12.276 0.0000000000
88522  -55.506  19.116  -10.395 0.0000000000
86907  -56.186  17.330  -13.940 0.0000000000
84784  -53.255  14.767  -16.567 0.0000000000
86196  -56.074  16.262  -17.777 0.0000000000
85494  -51.758  15.449  -17.620 0.0000000000
87765  -53.990  19.330  -17.212 0.0000000000
90323  -47.691  21.402  -14.589 0.0000000000
89527  -48.411  20.510  -19.155 0.0000000000
90357  -45.840  20.804  -19.323 0.0000000000
88590  -44.011  19.744  -16.917 0.0000000000
91157  -43.737  21.349  -19.111 0.0000000000
80349  -48.714  8.944  -3.755 0.0000000000
129534  -48.662  8.571  -6.216 0.0000000000
82128  -47.238  11.269  -5.710 0.0000000000
83890  -48.059  13.658  -6.773 0.0000000000
84714  -49.141  14.929  -7.373 0.0000000000
130189  -54.054  24.254  -1.958 0.0000000000
123133  -54.704  24.370  -5.956 0.0000000000
92624  -57.524  24.910  -4.572 0.0000000000
124782  -57.423  23.520  -9.374 0.0000000000
140965  -54.760  20.870  -11.770 0.0000000000
89485  -52.550  20.202  -14.648 0.0000000000
90296  -51.505  20.936  -11.246 0.0000000000
90277  -48.979  21.930  -10.735 0.0000000000
91885  -45.837  23.249  -11.761 0.0000000000
76937  -44.752  5.075  -15.702 0.0000000000
89357  -41.231  20.445  0.211 0.0000000000
90220  -42.871  21.851  -3.066 0.0000000000
91018  -44.355  22.557  -0.307 0.0000000000
91772  -46.717  23.093  -0.621 0.0000000000
91783  -49.866  22.834  -0.831 0.0000000000
91751  -50.191  23.590  4.361 0.0000000000
121938  -50.418  24.646  0.163 0.0000000000
80376  -54.569  9.928  -6.116 0.0000000000
82106  -54.508  11.483  -3.548 0.0000000000
80343  -52.063  9.686  -3.141 0.0000000000
81219  -48.281  9.896  -1.208 0.0000000000
83827  -45.434  13.216  -0.845 0.0000000000
123382  -51.156  15.838  4.196 0.0000000000
84548  -47.514  15.243  8.975 0.0000000000
84574  -48.012  14.778  6.233 0.0000000000
84599  -48.572  15.049  3.603 0.0000000000
83802  -45.675  14.148  2.685 0.0000000000
86811  -40.817  17.455  0.374 0.0000000000
76922  -51.303  6.073  -12.568 0.0000000000
119740  -48.890  8.403  -8.846 0.0000000000
78690  -48.977  7.506  -11.829 0.0000000000
125721  -49.653  5.331  -13.564 0.0000000000
77841  -48.034  5.253  -15.177 0.0000000000
77856  -47.323  6.173  -16.986 0.0000000000
79643  -47.280  8.301  -18.013 0.0000000000
131311  -46.377  20.867  -5.782 0.0000000000
88486  -48.931  19.218  -6.633 0.0000000000
86121  -50.961  16.194  -8.282 0.0000000000
133581  -53.977  21.409  -8.241 0.0000000000
87701  -52.889  18.083  -9.370 0.0000000000
85440  -50.863  15.093  -11.388 0.0000000000
83957  -50.179  13.898  -15.043 0.0000000000
83079  -50.377  11.974  -17.738 0.0000000000
82219  -47.221  11.598  -17.143 0.0000000000
89530  -52.199  20.004  -19.581 0.0000000000
88607  -48.848  19.373  -18.170 0.0000000000
88554  -47.111  19.098  -13.789 0.0000000000
88552  -45.275  19.557  -13.752 0.0000000000
88563  -42.267  19.721  -14.424 0.0000000000
86832  -43.255  17.114  -2.754 0.0000000000
86837  -44.098  16.984  -4.066 0.0000000000
139251  -43.437  18.950  -3.846 0.0000000000
95658  -54.182  29.190  -6.797 0.0000000000
130236  -52.174  27.449  -9.183 0.0000000000
75912  -49.057  4.525  -12.437 0.0000000000
83815  -52.143  13.551  1.658 0.0000000000
127993  -50.904  12.704  1.386 0.0000000000
83804  -50.318  14.089  2.182 0.0000000000
84571  -39.914  14.943  6.934 0.0000000000
139860  -40.057  16.074  6.529 0.0000000000
79522  -52.213  8.950  -6.637 0.0000000000
79521  -51.492  8.688  -6.935 0.0000000000
83917  -47.779  13.210  -9.495 0.0000000000
83039  -46.798  12.136  -10.598 0.0000000000
123439  -47.345  12.752  -11.721 0.0000000000
82194  -47.184  11.949  -13.162 0.0000000000
83933  -48.317  13.679  -11.765 0.0000000000
131983  -50.479  24.074  -3.397 0.0000000000
119627  -50.133  24.554  -5.417 0.0000000000
92606  -51.830  24.344  -4.388 0.0000000000
89475  -57.461  20.098  -13.244 0.0000000000
130252  -57.222  18.665  -13.032 0.0000000000
87742  -56.973  18.539  -14.561 0.0000000000
86178  -56.451  16.288  -16.950 0.0000000000
86929  -56.431  17.360  -16.825 0.0000000000
86186  -55.157  16.779  -17.419 0.0000000000
88583  -54.799  19.380  -16.523 0.0000000000
91135  -46.281  22.017  -14.807 0.0000000000
90337  -46.576  21.508  -16.810 0.0000000000
118822  -45.912  21.651  -17.302 0.0000000000
90345  -44.483  21.336  -19.073 0.0000000000
130218  -44.682  22.001  -18.042 0.0000000000
82104  -46.952  10.944  -3.866 0.0000000000
81259  -47.470  10.001  -4.697 0.0000000000
82115  -46.850  11.671  -4.264 0.0000000000
131576  -46.848  15.984  -5.581 0.0000000000
84700  -47.481  14.638  -5.666 0.0000000000
85402  -48.049  15.302  -6.034 0.0000000000
84708  -48.579  14.432  -7.055 0.0000000000
124616  -48.463  16.033  -6.243 0.0000000000
93332  -54.276  25.268  -2.698 0.0000000000
92599  -56.635  24.915  -2.953 0.0000000000
93337  -56.426  25.477  -4.049 0.0000000000
93354  -55.198  26.005  -8.923 0.0000000000
93356  -56.917  25.272  -8.065 0.0000000000
91860  -55.378  23.921  -9.868 0.0000000000
91107  -56.727  22.510  -10.666 0.0000000000
91105  -54.460  22.534  -10.389 0.0000000000
128487  -53.351  20.961  -11.234 0.0000000000
91104  -53.513  22.503  -10.216 0.0000000000
92656  -49.714  24.658  -9.514 0.0000000000
134807  -50.377  22.889  -9.661 0.0000000000
91084  -48.262  23.166  -9.866 0.0000000000
91098  -47.339  22.605  -10.838 0.0000000000
92671  -47.236  24.332  -9.961 0.0000000000
75933  -44.832  4.806  -15.348 0.0000000000
89353  -42.498  20.703  1.777 0.0000000000
90211  -42.253  21.491  -0.250 0.0000000000
90207  -43.614  21.743  0.885 0.0000000000
90999  -47.225  22.394  3.662 0.0000000000
121260  -45.983  22.360  1.449 0.0000000000
91013  -47.422  22.728  1.286 0.0000000000
119726  -48.120  23.059  -0.510 0.0000000000
91766  -48.879  22.994  0.920 0.0000000000
93287  -50.873  24.236  5.131 0.0000000000
92569  -50.346  24.107  2.068 0.0000000000
94025  -50.623  25.798  0.945 0.0000000000
94033  -50.407  25.907  -1.224 0.0000000000
94028  -50.472  26.745  0.461 0.0000000000
81290  -55.503  10.360  -7.305 0.0000000000
81271  -55.705  10.728  -5.788 0.0000000000
82980  -54.753  12.276  -3.243 0.0000000000
82094  -53.481  11.603  -2.539 0.0000000000
81250  -53.503  10.436  -3.545 0.0000000000
81237  -52.282  10.391  -2.533 0.0000000000
132424  -50.747  9.821  -2.028 0.0000000000
81221  -50.757  10.302  -1.406 0.0000000000
82936  -47.250  13.219  0.806 0.0000000000
82050  -46.997  11.996  0.539 0.0000000000
83820  -46.035  13.704  -0.122 0.0000000000
83727  -46.318  14.085  10.349 0.0000000000
84573  -46.528  14.181  7.105 0.0000000000
121264  -46.475  13.898  6.156 0.0000000000
84581  -48.208  14.759  5.375 0.0000000000
84589  -46.881  14.000  4.696 0.0000000000
126871  -47.481  14.796  2.760 0.0000000000
83783  -45.415  13.479  4.174 0.0000000000
86804  -40.432  17.789  1.707 0.0000000000
86797  -40.468  17.496  2.655 0.0000000000
77824  -52.590  7.008  -12.450 0.0000000000
80394  -47.381  9.417  -7.191 0.0000000000
120450  -48.623  8.466  -8.010 0.0000000000
79550  -48.113  8.589  -8.610 0.0000000000
79598  -47.383  8.207  -11.513 0.0000000000
79599  -48.368  8.026  -11.121 0.0000000000
78689  -47.951  7.599  -11.939 0.0000000000
77821  -49.452  6.166  -13.215 0.0000000000
77820  -48.310  6.461  -13.300 0.0000000000
76934  -48.687  4.912  -14.453 0.0000000000
77831  -48.135  5.852  -14.136 0.0000000000
80478  -47.540  9.609  -15.629 0.0000000000
78728  -47.273  7.190  -16.036 0.0000000000
80484  -48.511  8.750  -17.404 0.0000000000
78741  -47.522  6.978  -17.870 0.0000000000
80491  -49.041  8.769  -18.041 0.0000000000
91033  -44.132  22.918  -3.720 0.0000000000
90226  -44.546  21.973  -4.660 0.0000000000
91040  -45.578  22.571  -5.271 0.0000000000
91057  -49.587  22.146  -7.228 0.0000000000
90245  -49.023  21.562  -6.934 0.0000000000
89404  -50.008  20.007  -7.269 0.0000000000
86870  -50.061  17.638  -7.130 0.0000000000
88495  -51.181  19.154  -7.787 0.0000000000
91833  -55.942  23.552  -6.886 0.0000000000
91832  -53.790  23.568  -7.377 0.0000000000
90264  -55.727  21.554  -8.320 0.0000000000
86896  -54.612  17.450  -11.641 0.0000000000
87703  -54.440  18.766  -10.076 0.0000000000
86137  -53.395  16.686  -10.852 0.0000000000
86136  -52.763  16.240  -10.433 0.0000000000
85442  -52.632  15.726  -11.692 0.0000000000
85458  -50.798  15.170  -13.196 0.0000000000
85472  -51.902  15.374  -14.136 0.0000000000
84799  -53.334  14.431  -18.762 0.0000000000
84791  -51.980  13.927  -16.903 0.0000000000
83985  -51.107  13.484  -19.055 0.0000000000
82226  -49.256  11.017  -18.167 0.0000000000
83981  -49.885  13.418  -18.673 0.0000000000
83078  -47.594  12.416  -17.439 0.0000000000
84797  -49.680  13.627  -18.619 0.0000000000
86177  -51.383  16.958  -15.771 0.0000000000
85483  -50.207  15.714  -15.881 0.0000000000
119661  -51.074  20.467  -14.651 0.0000000000
89493  -52.038  20.448  -16.209 0.0000000000
89505  -50.312  20.566  -16.559 0.0000000000
88630  -47.296  19.630  -20.177 0.0000000000
88631  -48.945  19.777  -20.262 0.0000000000
88606  -47.353  19.443  -18.441 0.0000000000
88569  -48.143  19.102  -14.944 0.0000000000
88578  -46.563  19.511  -15.377 0.0000000000
88553  -46.292  19.316  -13.491 0.0000000000
88566  -45.724  19.578  -15.141 0.0000000000
89500  -42.842  20.233  -16.274 0.0000000000
88577  -42.545  19.841  -15.322 0.0000000000
124992  -42.327  20.149  -15.321 0.0000000000
89466  -41.615  19.889  -13.997 0.0000000000
84680  -44.816  14.559  -3.459 0.0000000000
83870  -45.940  13.936  -4.332 0.0000000000
84679  -44.622  15.379  -3.879 0.0000000000
86095  -45.298  16.527  -5.042 0.0000000000
86856  -45.715  18.070  -5.386 0.0000000000
94050  -55.252  26.776  -5.885 0.0000000000
94861  -54.977  27.732  -6.833 0.0000000000
94876  -54.545  27.511  -8.263 0.0000000000
93367  -53.628  25.664  -9.496 0.0000000000
92659  -52.890  24.380  -9.709 0.0000000000
94077  -52.355  26.140  -9.585 0.0000000000
94075  -50.987  26.774  -9.830 0.0000000000
119637  -46.730  4.406  -13.750 0.0000000000
89335  -44.044  20.125  5.160 0.0000000000
90195  -44.617  21.077  2.992 0.0000000000
90177  -45.074  21.447  4.724 0.0000000000
82068  -52.145  11.828  -0.838 0.0000000000
82066  -50.480  11.019  -0.252 0.0000000000
82041  -50.555  11.967  0.845 0.0000000000
82929  -48.638  12.864  1.442 0.0000000000
84631  -47.875  15.403  0.949 0.0000000000
83725  -44.824  13.417  9.802 0.0000000000
82891  -43.592  12.671  8.000 0.0000000000
139344  -40.467  14.988  3.941 0.0000000000
86038  -40.411  16.512  3.949 0.0000000000
86029  -40.373  15.937  5.290 0.0000000000
143218  -40.036  17.203  6.253 0.0000000000
82158  -46.724  11.340  -8.376 0.0000000000
80416  -47.020  9.355  -9.122 0.0000000000
133227  -46.476  10.824  -9.652 0.0000000000
81336  -46.478  9.910  -10.891 0.0000000000
131658  -46.509  9.555  -12.240 0.0000000000
79621  -46.655  8.116  -13.856 0.0000000000
143316  -46.537  9.429  -13.385 0.0000000000
81353  -46.933  10.602  -13.972 0.0000000000
82206  -47.860  11.379  -14.944 0.0000000000
92592  -47.515  24.406  -3.668 0.0000000000
91816  -46.801  23.756  -5.457 0.0000000000
92615  -48.657  24.461  -5.359 0.0000000000
91821  -50.104  23.814  -6.917 0.0000000000
91059  -51.468  22.633  -7.575 0.0000000000
90272  -58.191  21.357  -9.392 0.0000000000
131681  -56.978  20.630  -9.295 0.0000000000
88532  -57.292  19.492  -11.120 0.0000000000
140934  -55.953  17.970  -12.487 0.0000000000
141553  -54.796  16.518  -13.372 0.0000000000
85474  -53.547  15.584  -14.579 0.0000000000
85476  -55.510  16.023  -15.368 0.0000000000
85497  -55.653  15.645  -17.673 0.0000000000
84808  -53.664  14.823  -19.188 0.0000000000
85503  -51.197  14.514  -18.676 0.0000000000
86193  -54.112  15.593  -18.359 0.0000000000
86925  -53.451  17.363  -16.699 0.0000000000
87756  -52.917  18.354  -16.842 0.0000000000
89482  -48.840  20.869  -15.122 0.0000000000
89504  -49.521  20.626  -16.802 0.0000000000
89502  -48.252  20.856  -17.022 0.0000000000
89526  -47.422  20.437  -19.644 0.0000000000
88617  -45.523  19.752  -19.742 0.0000000000
88591  -44.994  19.581  -17.169 0.0000000000
88627  -45.092  19.899  -19.677 0.0000000000
89511  -43.897  20.401  -18.759 0.0000000000
90343  -42.932  21.444  -18.273 0.0000000000
79486  -50.135  8.660  -4.238 0.0000000000
79507  -49.541  8.486  -5.789 0.0000000000
79506  -48.705  8.624  -5.428 0.0000000000
80372  -47.716  9.432  -5.614 0.0000000000
81279  -47.218  10.488  -6.186 0.0000000000
82998  -46.905  13.142  -4.926 0.0000000000
122750  -47.277  12.329  -5.605 0.0000000000
82149  -47.222  11.880  -7.155 0.0000000000
83025  -47.443  12.467  -7.776 0.0000000000
83902  -48.315  13.677  -8.324 0.0000000000
84721  -48.936  14.257  -8.695 0.0000000000
91798  -53.794  23.586  -2.110 0.0000000000
134275  -53.815  24.010  -3.690 0.0000000000
92598  -55.387  24.349  -2.713 0.0000000000
92622  -56.877  24.550  -4.185 0.0000000000
91835  -57.671  23.418  -6.973 0.0000000000
94052  -56.914  25.761  -6.064 0.0000000000
92639  -57.825  24.056  -6.658 0.0000000000
91847  -58.214  22.781  -8.435 0.0000000000
90286  -58.246  21.673  -10.644 0.0000000000
89447  -57.177  21.018  -12.242 0.0000000000
131793  -55.587  20.286  -12.994 0.0000000000
88555  -54.445  19.887  -14.236 0.0000000000
89458  -53.653  20.347  -12.564 0.0000000000
89457  -52.211  20.411  -12.589 0.0000000000
89455  -51.009  20.576  -12.719 0.0000000000
91102  -51.599  22.087  -10.067 0.0000000000
90278  -49.944  21.575  -10.796 0.0000000000
90309  -49.673  20.947  -12.705 0.0000000000
90308  -48.130  21.497  -12.910 0.0000000000
90314  -46.716  22.051  -13.218 0.0000000000
91128  -45.578  22.800  -13.468 0.0000000000
89363  -41.438  20.313  -1.505 0.0000000000
89366  -42.329  20.392  -2.811 0.0000000000
130672  -42.110  21.442  -1.697 0.0000000000
91023  -43.222  22.541  -1.789 0.0000000000
91778  -44.515  23.190  -1.754 0.0000000000
91002  -44.863  22.017  1.427 0.0000000000
91019  -45.328  22.694  -0.068 0.0000000000
118743  -46.773  23.717  -2.177 0.0000000000
91792  -47.695  23.680  -2.109 0.0000000000
127369  -49.294  23.316  -1.796 0.0000000000
91794  -50.473  22.928  -1.479 0.0000000000
91759  -49.040  23.172  3.146 0.0000000000
91767  -49.578  23.256  0.948 0.0000000000
91775  -50.914  22.960  -0.552 0.0000000000
91785  -52.045  23.000  -1.337 0.0000000000
93325  -52.232  24.105  -1.305 0.0000000000
93326  -50.755  25.875  -1.843 0.0000000000
94039  -51.197  26.949  -3.181 0.0000000000
80387  -54.292  9.754  -6.667 0.0000000000
140827  -53.299  9.480  -5.542 0.0000000000
82989  -55.872  12.381  -4.266 0.0000000000
82118  -55.599  11.521  -4.630 0.0000000000
81261  -54.388  10.368  -4.587 0.0000000000
124795  -53.620  9.714  -4.869 0.0000000000
80363  -52.174  9.132  -4.540 0.0000000000
80351  -50.746  9.057  -3.445 0.0000000000
81234  -48.129  9.625  -2.196 0.0000000000
81232  -46.826  10.614  -2.110 0.0000000000
81192  -48.778  10.720  0.161 0.0000000000
82080  -46.431  11.279  -1.096 0.0000000000
82968  -45.563  12.468  -2.359 0.0000000000
84666  -44.548  14.441  -2.483 0.0000000000
86005  -49.836  16.365  7.517 0.0000000000
83746  -46.032  14.142  8.657 0.0000000000
85285  -47.818  15.174  7.700 0.0000000000
85296  -49.989  15.895  6.185 0.0000000000
85303  -49.486  15.503  5.623 0.0000000000
85325  -50.450  15.563  3.768 0.0000000000
85336  -49.915  15.347  2.895 0.0000000000
84615  -48.727  15.314  1.961 0.0000000000
84614  -48.040  15.398  1.507 0.0000000000
84612  -46.402  15.017  1.592 0.0000000000
86824  -41.627  18.015  -1.267 0.0000000000
88451  -40.586  19.175  0.201 0.0000000000
129177  -40.886  19.916  1.058 0.0000000000
88438  -41.826  19.444  2.861 0.0000000000
88432  -43.296  19.172  4.784 0.0000000000
77814  -52.782  6.647  -11.987 0.0000000000
76913  -51.579  5.759  -12.107 0.0000000000
76921  -50.817  5.434  -12.510 0.0000000000
119438  -49.887  8.449  -7.318 0.0000000000
79551  -50.302  8.478  -8.637 0.0000000000
118881  -47.801  8.592  -9.855 0.0000000000
124867  -49.005  8.177  -10.618 0.0000000000
79601  -50.359  8.013  -11.433 0.0000000000
78702  -50.533  7.024  -12.510 0.0000000000
76928  -50.463  5.540  -12.894 0.0000000000
75914  -50.217  5.027  -13.040 0.0000000000
119268  -49.107  4.607  -13.333 0.0000000000
75929  -48.331  4.845  -14.753 0.0000000000
75928  -47.607  4.854  -15.499 0.0000000000
78719  -46.900  7.344  -14.639 0.0000000000
77847  -47.401  5.507  -16.092 0.0000000000
75935  -46.048  4.802  -16.227 0.0000000000
76944  -45.421  5.397  -16.662 0.0000000000
78734  -45.320  6.877  -16.902 0.0000000000
79635  -45.340  8.612  -16.599 0.0000000000
89373  -44.059  20.191  -4.426 0.0000000000
89383  -45.120  20.224  -5.120 0.0000000000
88477  -46.700  19.295  -5.783 0.0000000000
91047  -47.072  22.327  -6.169 0.0000000000
89395  -47.842  20.641  -6.442 0.0000000000
87678  -47.853  18.432  -6.167 0.0000000000
134021  -49.571  17.221  -6.793 0.0000000000
85412  -50.330  16.073  -7.651 0.0000000000
84731  -50.437  15.141  -8.936 0.0000000000
92630  -52.640  24.404  -6.478 0.0000000000
91831  -52.666  23.426  -7.467 0.0000000000
90256  -52.684  21.311  -8.006 0.0000000000
89426  -55.168  20.072  -9.289 0.0000000000
89416  -53.645  20.244  -8.653 0.0000000000
88501  -51.935  19.444  -8.267 0.0000000000
86876  -51.815  17.262  -8.686 0.0000000000
137392  -51.454  15.439  -9.908 0.0000000000
84747  -49.570  14.478  -10.952 0.0000000000
128756  -49.462  14.402  -12.658 0.0000000000
83073  -49.522  11.967  -16.155 0.0000000000
85484  -52.274  15.189  -15.048 0.0000000000
83965  -50.706  13.565  -15.974 0.0000000000
82214  -50.079  11.296  -17.474 0.0000000000
81380  -49.772  9.837  -18.071 0.0000000000
81371  -47.398  9.685  -17.691 0.0000000000
84789  -49.181  14.217  -17.536 0.0000000000
89507  -53.566  20.051  -16.589 0.0000000000
89518  -53.018  20.104  -18.358 0.0000000000
88609  -52.068  19.740  -18.836 0.0000000000
143515  -49.980  20.520  -18.741 0.0000000000
120801  -51.070  19.948  -20.267 0.0000000000
138861  -50.247  18.839  -16.603 0.0000000000
87746  -48.984  18.782  -15.311 0.0000000000
87733  -48.215  18.076  -13.599 0.0000000000
86899  -47.112  17.644  -12.223 0.0000000000
133381  -44.053  19.651  -15.782 0.0000000000
88550  -43.168  19.596  -13.706 0.0000000000
91894  -44.651  23.714  -14.544 0.0000000000
91903  -44.367  23.135  -16.571 0.0000000000
139826  -43.392  22.507  -19.145 0.0000000000
91156  -43.007  22.285  -19.505 0.0000000000
91143  -42.655  22.016  -17.627 0.0000000000
87646  -42.517  18.399  -2.621 0.0000000000
87647  -43.021  17.912  -3.063 0.0000000000
87649  -42.907  18.803  -3.285 0.0000000000
75904  -49.730  4.636  -11.996 0.0000000000
84619  -52.692  14.145  2.178 0.0000000000
83816  -52.802  13.727  1.403 0.0000000000
83814  -51.400  13.412  1.769 0.0000000000
83805  -51.053  14.001  2.321 0.0000000000
84562  -39.507  14.432  7.515 0.0000000000
79509  -51.531  8.688  -6.057 0.0000000000
83918  -48.372  13.700  -10.023 0.0000000000
83925  -47.743  13.263  -10.475 0.0000000000
83926  -48.319  13.715  -10.911 0.0000000000
84746  -48.895  14.121  -11.361 0.0000000000
91805  -51.410  23.326  -2.540 0.0000000000
120833  -51.409  24.065  -3.638 0.0000000000
92595  -52.529  23.719  -3.342 0.0000000000
88556  -56.395  19.582  -14.349 0.0000000000
87743  -57.360  19.180  -13.916 0.0000000000
88573  -56.905  19.092  -14.734 0.0000000000
87751  -56.585  17.998  -16.104 0.0000000000
88585  -56.448  18.807  -15.704 0.0000000000
87750  -56.064  18.359  -16.483 0.0000000000
88584  -55.718  19.165  -16.129 0.0000000000
90336  -45.902  21.870  -16.446 0.0000000000
123044  -45.395  22.296  -16.384 0.0000000000
91145  -45.385  21.962  -17.191 0.0000000000
82103  -46.553  11.514  -3.497 0.0000000000
129400  -46.534  12.193  -4.021 0.0000000000
138046  -47.409  15.428  -5.679 0.0000000000
132575  -47.696  16.061  -5.854 0.0000000000
86109  -48.046  16.835  -6.024 0.0000000000
124501  -53.630  25.881  -3.770 0.0000000000
93335  -54.735  25.547  -3.391 0.0000000000
94044  -54.013  26.317  -4.527 0.0000000000
92661  -54.911  24.646  -9.586 0.0000000000
93369  -55.504  25.222  -9.204 0.0000000000
91871  -54.921  23.260  -10.145 0.0000000000
91870  -54.016  23.244  -10.059 0.0000000000
136897  -53.493  23.184  -9.957 0.0000000000
136938  -49.417  25.611  -9.696 0.0000000000
91854  -49.023  23.728  -9.531 0.0000000000
92655  -48.706  24.682  -9.542 0.0000000000
91869  -47.358  23.384  -10.170 0.0000000000
92654  -47.912  24.727  -9.690 0.0000000000
139982  -45.451  4.130  -13.660 0.0000000000
120905  -44.611  3.691  -13.090 0.0000000000
132796  -44.869  4.017  -14.044 0.0000000000
75926  -45.108  4.443  -14.952 0.0000000000
89350  -42.842  20.052  2.892 0.0000000000
90199  -43.061  21.245  1.454 0.0000000000
89354  -43.422  20.740  2.422 0.0000000000
91004  -46.768  22.404  2.209 0.0000000000
91005  -47.725  22.621  2.555 0.0000000000
91014  -48.281  22.895  1.604 0.0000000000
91006  -48.501  22.886  2.912 0.0000000000
93317  -51.550  25.485  2.179 0.0000000000
94029  -51.167  26.449  1.228 0.0000000000
82150  -57.104  11.491  -6.933 0.0000000000
81272  -56.399  11.114  -6.229 0.0000000000
81238  -53.142  10.797  -2.846 0.0000000000
81223  -52.041  10.934  -1.791 0.0000000000
80334  -51.434  10.238  -2.037 0.0000000000
81222  -51.380  10.786  -1.307 0.0000000000
83821  -47.044  14.572  0.437 0.0000000000
84641  -46.511  15.056  0.166 0.0000000000
129010  -45.634  15.242  -0.220 0.0000000000
84640  -45.364  15.426  0.152 0.0000000000
83715  -44.984  13.334  10.724 0.0000000000
83764  -45.755  13.636  6.750 0.0000000000
128950  -45.883  13.568  5.858 0.0000000000
84579  -47.015  14.125  5.519 0.0000000000
83772  -46.350  13.726  5.291 0.0000000000
83784  -46.193  13.701  4.428 0.0000000000
85334  -40.574  15.857  2.553 0.0000000000
86051  -40.473  16.800  2.018 0.0000000000
86045  -40.397  16.634  2.984 0.0000000000
129030  -51.289  8.166  -11.635 0.0000000000
79532  -47.879  8.790  -7.744 0.0000000000
133212  -47.289  9.365  -7.889 0.0000000000
79611  -47.209  7.846  -12.306 0.0000000000
78699  -47.694  7.221  -12.691 0.0000000000
78700  -48.602  6.998  -12.540 0.0000000000
78712  -47.497  6.871  -13.437 0.0000000000
79637  -47.737  7.928  -16.709 0.0000000000
79644  -48.375  7.975  -17.964 0.0000000000
81372  -49.492  9.243  -18.128 0.0000000000
91803  -45.232  23.690  -3.892 0.0000000000
91810  -44.718  23.183  -4.175 0.0000000000
91811  -45.470  23.409  -4.718 0.0000000000
90254  -50.351  21.487  -7.436 0.0000000000
90253  -49.599  20.968  -7.217 0.0000000000
132798  -50.367  20.664  -7.435 0.0000000000
88494  -50.407  19.105  -7.392 0.0000000000
91064  -57.188  22.764  -7.328 0.0000000000
91063  -55.837  22.954  -7.444 0.0000000000
91075  -56.386  22.195  -7.877 0.0000000000
86145  -54.278  16.852  -11.936 0.0000000000
86895  -53.989  17.096  -11.252 0.0000000000
86144  -53.632  16.499  -11.550 0.0000000000
86143  -53.025  16.080  -11.181 0.0000000000
121988  -53.010  15.748  -12.450 0.0000000000
85450  -52.178  15.527  -12.427 0.0000000000
85460  -52.587  15.558  -13.358 0.0000000000
83987  -52.617  14.340  -19.273 0.0000000000
83982  -51.810  13.582  -18.913 0.0000000000
83091  -50.610  13.551  -18.935 0.0000000000
84804  -50.441  13.842  -19.022 0.0000000000
83980  -48.877  13.278  -18.381 0.0000000000
84798  -50.602  13.905  -19.197 0.0000000000
87749  -51.837  17.877  -16.205 0.0000000000
86176  -50.406  16.591  -15.363 0.0000000000
86919  -50.598  17.152  -15.311 0.0000000000
87741  -50.215  17.700  -15.255 0.0000000000
141165  -51.304  20.484  -15.534 0.0000000000
89492  -50.425  20.564  -15.431 0.0000000000
88605  -46.562  19.449  -19.306 0.0000000000
88619  -47.253  19.478  -19.709 0.0000000000
88592  -47.576  19.457  -17.000 0.0000000000
121837  -46.640  19.523  -16.562 0.0000000000
119664  -45.782  19.587  -16.203 0.0000000000
86088  -44.192  16.119  -3.681 0.0000000000
86847  -44.440  17.858  -4.613 0.0000000000
126626  -44.678  16.986  -4.661 0.0000000000
86848  -45.103  17.494  -5.092 0.0000000000
86101  -45.717  17.260  -5.368 0.0000000000
87660  -45.061  18.415  -5.106 0.0000000000
94859  -54.535  27.626  -6.093 0.0000000000
123726  -54.123  28.464  -6.051 0.0000000000
94864  -54.107  28.235  -7.878 0.0000000000
95659  -54.518  28.627  -7.103 0.0000000000
94079  -54.339  26.210  -9.156 0.0000000000
136517  -53.645  26.387  -9.277 0.0000000000
125578  -52.990  26.248  -9.463 0.0000000000
94078  -53.258  26.916  -9.155 0.0000000000
94873  -51.563  27.746  -9.081 0.0000000000
94890  -51.618  27.131  -9.562 0.0000000000
141820  -48.261  4.494  -11.985 0.0000000000
75902  -47.073  4.437  -12.008 0.0000000000
75911  -47.294  4.394  -13.025 0.0000000000
90175  -43.436  21.302  4.887 0.0000000000
89336  -44.464  20.727  4.723 0.0000000000
90972  -43.989  21.802  4.754 0.0000000000
82947  -53.122  12.939  -0.764 0.0000000000
82946  -52.469  12.486  -0.426 0.0000000000
82945  -51.732  12.025  -0.114 0.0000000000
82937  -51.337  12.291  0.655 0.0000000000
131114  -50.112  13.208  1.726 0.0000000000
132119  -50.204  12.339  1.308 0.0000000000
122285  -49.212  13.699  1.632 0.0000000000
83811  -48.392  14.661  1.194 0.0000000000
83769  -41.001  13.197  5.368 0.0000000000
83778  -40.714  13.781  4.723 0.0000000000
84587  -40.588  14.407  4.279 0.0000000000
85301  -40.293  15.251  5.707 0.0000000000
86016  -40.142  16.505  6.359 0.0000000000
82169  -46.716  11.641  -9.237 0.0000000000
81312  -46.549  10.810  -8.962 0.0000000000
82186  -46.580  11.304  -11.747 0.0000000000
82178  -46.557  11.425  -10.980 0.0000000000
135692  -46.458  9.995  -11.666 0.0000000000
123190  -46.484  9.837  -13.017 0.0000000000
127750  -47.639  12.694  -13.063 0.0000000000
82200  -47.383  11.401  -14.039 0.0000000000
83067  -47.873  11.940  -14.475 0.0000000000
92604  -47.968  24.502  -4.564 0.0000000000
122178  -48.949  24.524  -4.332 0.0000000000
92617  -50.765  24.516  -5.895 0.0000000000
120495  -49.888  24.303  -6.316 0.0000000000
132315  -50.695  24.173  -6.716 0.0000000000
91830  -50.792  23.484  -7.282 0.0000000000
92635  -51.439  24.094  -7.016 0.0000000000
89436  -58.327  20.726  -10.775 0.0000000000
88524  -57.657  20.128  -10.594 0.0000000000
88533  -58.104  20.104  -11.511 0.0000000000
86902  -56.586  18.036  -13.264 0.0000000000
87726  -56.689  18.454  -12.432 0.0000000000
132431  -55.543  17.383  -12.880 0.0000000000
86163  -55.355  16.792  -13.583 0.0000000000
86162  -54.903  16.269  -14.085 0.0000000000
86170  -55.954  16.640  -14.772 0.0000000000
86187  -56.264  16.205  -17.612 0.0000000000
85488  -56.089  15.844  -16.752 0.0000000000
85507  -55.640  15.925  -18.051 0.0000000000
85496  -54.750  15.358  -18.449 0.0000000000
85506  -54.413  15.073  -18.820 0.0000000000
85505  -53.598  14.995  -19.244 0.0000000000
86194  -55.124  15.802  -18.214 0.0000000000
87758  -54.786  18.205  -16.910 0.0000000000
86926  -54.305  17.498  -16.909 0.0000000000
87757  -53.888  18.546  -17.053 0.0000000000
87764  -53.381  19.646  -17.650 0.0000000000
90324  -48.208  21.123  -15.279 0.0000000000
89490  -48.647  20.883  -15.740 0.0000000000
90329  -48.012  21.084  -16.078 0.0000000000
90347  -46.253  21.353  -18.045 0.0000000000
90348  -46.953  21.197  -17.688 0.0000000000
89512  -46.739  20.826  -18.884 0.0000000000
89525  -46.444  20.198  -20.054 0.0000000000
89524  -45.606  20.142  -19.949 0.0000000000
89535  -45.015  20.208  -19.715 0.0000000000
90355  -44.464  20.701  -19.369 0.0000000000
133385  -43.897  20.920  -19.191 0.0000000000
90344  -43.368  21.040  -18.731 0.0000000000
90354  -43.373  21.700  -19.154 0.0000000000
79485  -49.349  8.657  -4.223 0.0000000000
79494  -49.407  8.556  -4.874 0.0000000000
79484  -48.744  8.712  -4.676 0.0000000000
122552  -47.279  10.874  -4.955 0.0000000000
80361  -47.714  9.564  -5.103 0.0000000000
81269  -47.376  10.165  -5.506 0.0000000000
80384  -47.478  9.609  -6.280 0.0000000000
84691  -46.103  14.356  -4.685 0.0000000000
83871  -46.530  13.793  -4.787 0.0000000000
83881  -47.694  13.788  -5.950 0.0000000000
82999  -47.316  13.120  -5.536 0.0000000000
83007  -47.531  12.983  -6.215 0.0000000000
82139  -47.329  12.083  -6.354 0.0000000000
83015  -47.618  12.743  -6.969 0.0000000000
83891  -48.380  13.881  -7.508 0.0000000000
84713  -48.813  14.329  -7.844 0.0000000000
84722  -49.431  14.740  -8.150 0.0000000000
92585  -53.564  23.737  -1.836 0.0000000000
92597  -54.373  23.826  -2.696 0.0000000000
92587  -55.232  24.506  -2.461 0.0000000000
143501  -57.200  24.947  -3.432 0.0000000000
92610  -57.018  24.744  -3.277 0.0000000000
92623  -57.567  24.854  -4.089 0.0000000000
92633  -57.321  24.490  -5.190 0.0000000000
92634  -57.479  24.540  -5.566 0.0000000000
94051  -55.886  26.646  -6.471 0.0000000000
94048  -56.475  25.800  -5.206 0.0000000000
127552  -56.213  26.510  -6.969 0.0000000000
92663  -56.901  24.251  -9.145 0.0000000000
93357  -57.583  24.626  -7.305 0.0000000000
92664  -57.706  23.761  -8.532 0.0000000000
91846  -58.154  23.228  -8.012 0.0000000000
91862  -58.102  23.073  -8.818 0.0000000000
91091  -58.263  22.462  -9.116 0.0000000000
91090  -57.936  22.761  -9.606 0.0000000000
90284  -55.940  21.953  -10.990 0.0000000000
90285  -56.929  21.936  -11.236 0.0000000000
89446  -55.778  20.815  -12.164 0.0000000000
89460  -56.752  20.493  -12.860 0.0000000000
89459  -54.659  20.490  -12.400 0.0000000000
89473  -54.507  20.140  -13.217 0.0000000000
90297  -52.435  20.894  -11.197 0.0000000000
89444  -52.859  20.505  -11.962 0.0000000000
89443  -51.935  20.582  -11.852 0.0000000000
89456  -51.583  20.525  -12.430 0.0000000000
89442  -51.174  20.693  -11.950 0.0000000000
92658  -52.091  24.333  -9.635 0.0000000000
91857  -52.585  23.697  -9.716 0.0000000000
91856  -51.766  23.565  -9.622 0.0000000000
91100  -49.547  22.374  -10.107 0.0000000000
91101  -50.615  22.134  -10.091 0.0000000000
121165  -49.796  21.197  -11.760 0.0000000000
125989  -48.884  21.384  -12.188 0.0000000000
90317  -48.914  21.126  -13.320 0.0000000000
91097  -46.541  22.840  -11.312 0.0000000000
135210  -47.236  22.244  -11.703 0.0000000000
91122  -46.460  22.500  -12.287 0.0000000000
142652  -46.093  22.505  -13.061 0.0000000000
91121  -45.642  22.976  -12.600 0.0000000000
76932  -44.624  4.811  -14.818 0.0000000000
77839  -44.620  5.774  -15.061 0.0000000000
89361  -41.105  20.231  -0.653 0.0000000000
90218  -41.742  20.908  -1.828 0.0000000000
90214  -41.599  20.915  -1.215 0.0000000000
91017  -43.305  22.353  -0.789 0.0000000000
91022  -42.599  22.002  -1.402 0.0000000000
91024  -44.003  22.819  -1.311 0.0000000000
91029  -43.865  23.052  -2.221 0.0000000000
90196  -45.195  21.246  3.557 0.0000000000
90201  -44.891  21.560  2.284 0.0000000000
91003  -45.431  22.045  1.868 0.0000000000
91020  -46.243  22.800  0.009 0.0000000000
123135  -45.876  22.554  0.629 0.0000000000
91771  -45.796  23.100  -0.794 0.0000000000
91780  -46.294  23.411  -1.479 0.0000000000
91781  -47.371  23.323  -1.231 0.0000000000
121499  -49.139  22.881  -0.048 0.0000000000
91782  -48.536  23.215  -1.261 0.0000000000
131325  -50.760  22.800  -0.746 0.0000000000
92557  -50.959  23.833  4.539 0.0000000000
91734  -49.022  23.560  4.487 0.0000000000
91750  -49.472  23.356  4.023 0.0000000000
91760  -49.491  23.386  2.460 0.0000000000
125896  -49.919  23.491  3.222 0.0000000000
92573  -50.226  24.088  0.949 0.0000000000
91768  -50.176  23.305  0.278 0.0000000000
130104  -50.498  23.532  0.073 0.0000000000
91776  -51.531  23.001  -0.922 0.0000000000
92575  -51.007  23.768  -0.386 0.0000000000
92578  -51.850  23.531  -1.030 0.0000000000
92577  -51.107  24.789  -1.095 0.0000000000
94031  -50.085  26.471  -0.759 0.0000000000
128023  -50.196  26.688  -1.625 0.0000000000
94040  -51.361  26.040  -2.550 0.0000000000
94036  -50.595  26.805  -2.433 0.0000000000
121726  -55.940  10.516  -7.890 0.0000000000
81280  -54.940  10.110  -6.726 0.0000000000
80375  -53.854  9.639  -5.921 0.0000000000
82981  -55.404  12.696  -3.570 0.0000000000
82107  -55.200  11.856  -3.883 0.0000000000
82119  -56.344  12.050  -4.987 0.0000000000
81262  -55.219  10.682  -5.101 0.0000000000
82117  -54.877  11.074  -4.248 0.0000000000
81249  -52.798  10.075  -3.279 0.0000000000
81260  -53.795  10.178  -4.156 0.0000000000
80353  -52.471  9.517  -3.826 0.0000000000
123870  -52.854  9.467  -4.468 0.0000000000
80352  -51.615  9.156  -3.803 0.0000000000
79487  -50.954  8.791  -4.108 0.0000000000
138890  -51.437  9.455  -3.094 0.0000000000
122466  -49.857  9.733  -1.650 0.0000000000
81235  -49.069  9.363  -2.327 0.0000000000
119546  -48.887  9.606  -1.689 0.0000000000
81233  -47.393  10.129  -2.282 0.0000000000
141951  -47.782  9.876  -1.784 0.0000000000
82053  -49.287  11.208  0.571 0.0000000000
81193  -49.646  10.802  -0.001 0.0000000000
82052  -48.413  11.252  0.660 0.0000000000
82944  -45.891  12.627  -0.458 0.0000000000
82064  -46.670  11.499  -0.264 0.0000000000
82063  -46.039  11.930  -0.810 0.0000000000
82079  -45.941  11.798  -1.676 0.0000000000
83836  -45.155  13.090  -1.707 0.0000000000
84667  -44.768  13.727  -2.062 0.0000000000
84657  -45.017  13.832  -1.277 0.0000000000
85326  -51.767  15.692  3.833 0.0000000000
128901  -47.323  14.915  9.708 0.0000000000
127329  -48.157  15.661  8.861 0.0000000000
85276  -49.329  16.305  8.291 0.0000000000
85275  -48.485  15.697  8.058 0.0000000000
83734  -44.647  13.341  8.905 0.0000000000
83735  -45.431  13.758  9.214 0.0000000000
84566  -47.760  14.833  6.965 0.0000000000
84565  -47.214  14.660  7.441 0.0000000000
85286  -48.455  15.314  6.966 0.0000000000
85295  -49.262  15.610  6.493 0.0000000000
135475  -50.172  15.783  5.430 0.0000000000
85294  -48.728  15.181  5.951 0.0000000000
84591  -48.362  14.828  4.469 0.0000000000
85302  -48.955  15.143  5.027 0.0000000000
85324  -49.732  15.418  3.585 0.0000000000
143449  -50.641  15.285  3.127 0.0000000000
142943  -49.269  15.249  2.353 0.0000000000
85323  -49.174  15.316  2.924 0.0000000000
83803  -46.599  14.465  2.746 0.0000000000
84613  -47.227  15.141  1.855 0.0000000000
84630  -47.392  15.492  0.950 0.0000000000
86056  -41.096  16.603  0.662 0.0000000000
86057  -41.779  16.367  0.127 0.0000000000
86063  -41.430  17.003  -0.131 0.0000000000
86819  -41.829  17.246  -0.869 0.0000000000
86818  -41.123  17.878  -0.414 0.0000000000
87641  -41.120  18.712  -0.869 0.0000000000
86817  -40.657  18.136  0.243 0.0000000000
87623  -40.595  18.457  2.265 0.0000000000
87629  -40.459  18.604  1.301 0.0000000000
86785  -40.838  17.072  4.916 0.0000000000
86779  -41.399  17.876  5.638 0.0000000000
87595  -42.472  18.716  5.390 0.0000000000
87608  -42.717  18.691  5.089 0.0000000000
88425  -43.092  19.088  5.247 0.0000000000
89334  -43.342  19.759  5.284 0.0000000000
77807  -53.345  7.050  -11.728 0.0000000000
127269  -51.980  6.690  -12.471 0.0000000000
76914  -52.126  6.398  -12.243 0.0000000000
79520  -49.322  8.441  -6.682 0.0000000000
119671  -50.154  8.486  -6.555 0.0000000000
119437  -49.564  8.410  -8.171 0.0000000000
80427  -47.184  8.984  -9.867 0.0000000000
79565  -47.651  8.754  -9.215 0.0000000000
79600  -49.421  7.939  -11.252 0.0000000000
78691  -50.006  7.524  -11.961 0.0000000000
77833  -50.140  5.672  -13.153 0.0000000000
75922  -49.910  5.088  -13.394 0.0000000000
75913  -49.797  4.717  -12.888 0.0000000000
75921  -49.668  4.896  -13.523 0.0000000000
75920  -49.121  4.911  -14.109 0.0000000000
76933  -47.972  4.943  -15.361 0.0000000000
121277  -47.500  6.463  -16.864 0.0000000000
76939  -47.130  5.504  -16.521 0.0000000000
76946  -46.936  5.821  -17.067 0.0000000000
76945  -46.313  5.256  -16.724 0.0000000000
79649  -47.667  7.536  -18.044 0.0000000000
79648  -46.662  7.270  -17.813 0.0000000000
141262  -46.664  7.890  -17.841 0.0000000000
79642  -45.743  7.703  -17.332 0.0000000000
127186  -46.165  8.531  -17.464 0.0000000000
90221  -42.615  21.026  -3.088 0.0000000000
89367  -42.851  20.325  -3.396 0.0000000000
134210  -43.722  21.043  -4.196 0.0000000000
90232  -45.085  21.789  -5.071 0.0000000000
129257  -45.265  20.972  -5.224 0.0000000000
89384  -45.822  20.410  -5.481 0.0000000000
88476  -46.084  19.599  -5.553 0.0000000000
89385  -46.536  20.135  -5.790 0.0000000000
91817  -47.440  23.608  -5.910 0.0000000000
91042  -46.855  23.103  -5.901 0.0000000000
91048  -47.530  22.940  -6.298 0.0000000000
132272  -48.754  20.802  -6.767 0.0000000000
89396  -48.463  19.942  -6.572 0.0000000000
131891  -47.818  19.776  -6.346 0.0000000000
87679  -48.627  18.445  -6.442 0.0000000000
86866  -49.093  17.733  -6.554 0.0000000000
87680  -49.323  18.473  -6.731 0.0000000000
86871  -50.607  17.420  -7.553 0.0000000000
86115  -50.089  16.790  -7.218 0.0000000000
86116  -50.654  16.699  -7.735 0.0000000000
85417  -50.433  15.555  -8.271 0.0000000000
85418  -50.974  15.615  -8.837 0.0000000000
122757  -53.654  24.318  -4.662 0.0000000000
92619  -53.095  24.474  -5.551 0.0000000000
92631  -53.570  24.405  -6.259 0.0000000000
91062  -54.549  22.856  -7.683 0.0000000000
91061  -53.510  22.659  -7.757 0.0000000000
91060  -52.489  22.351  -7.730 0.0000000000
132751  -53.379  21.759  -7.998 0.0000000000
88513  -55.852  19.761  -9.791 0.0000000000
89427  -56.076  20.358  -9.314 0.0000000000
87702  -53.651  18.426  -9.774 0.0000000000
88511  -53.945  19.128  -9.501 0.0000000000
140861  -53.277  18.813  -9.293 0.0000000000
88502  -52.747  19.780  -8.546 0.0000000000
87694  -52.567  18.900  -8.800 0.0000000000
126008  -52.154  18.006  -8.744 0.0000000000
86877  -52.366  17.318  -9.196 0.0000000000
85434  -51.632  15.409  -10.615 0.0000000000
85435  -52.073  15.798  -9.967 0.0000000000
85433  -50.958  15.129  -10.259 0.0000000000
134324  -50.085  14.715  -11.359 0.0000000000
84756  -49.484  14.445  -11.790 0.0000000000
84757  -50.090  14.764  -12.112 0.0000000000
84773  -50.410  14.629  -14.140 0.0000000000
84764  -49.577  14.244  -13.600 0.0000000000
84772  -49.749  13.996  -14.387 0.0000000000
83956  -49.618  13.431  -15.004 0.0000000000
85485  -53.192  15.289  -15.441 0.0000000000
142344  -52.671  15.016  -15.673 0.0000000000
83973  -50.800  12.541  -17.695 0.0000000000
143416  -51.327  13.584  -16.624 0.0000000000
83964  -50.517  12.620  -16.740 0.0000000000
124658  -50.232  11.983  -16.847 0.0000000000
81374  -49.939  10.340  -18.022 0.0000000000
82220  -50.092  11.065  -17.956 0.0000000000
82225  -48.196  11.314  -17.758 0.0000000000
81378  -47.925  10.412  -17.745 0.0000000000
81370  -46.272  10.093  -16.904 0.0000000000
84790  -50.106  14.375  -18.092 0.0000000000
85493  -50.675  15.191  -17.125 0.0000000000
85482  -49.395  15.395  -15.601 0.0000000000
84781  -48.917  14.653  -16.280 0.0000000000
89486  -53.386  20.009  -14.319 0.0000000000
88582  -54.181  19.779  -16.064 0.0000000000
89495  -53.404  20.029  -15.376 0.0000000000
125457  -52.230  20.404  -17.460 0.0000000000
89506  -52.971  20.260  -17.083 0.0000000000
89531  -52.556  20.184  -19.391 0.0000000000
88610  -52.808  20.118  -18.746 0.0000000000
131871  -52.377  20.081  -19.689 0.0000000000
122034  -48.938  20.689  -17.123 0.0000000000
89515  -49.596  20.595  -17.842 0.0000000000
89528  -49.363  20.528  -18.874 0.0000000000
88620  -48.929  19.497  -19.494 0.0000000000
88621  -50.002  19.764  -19.975 0.0000000000
88608  -49.801  19.425  -18.728 0.0000000000
140485  -50.311  19.314  -18.173 0.0000000000
142707  -49.633  19.205  -17.264 0.0000000000
87747  -49.632  18.853  -16.039 0.0000000000
88581  -49.014  19.153  -16.289 0.0000000000
88568  -47.303  19.289  -14.631 0.0000000000
87732  -47.529  18.496  -13.308 0.0000000000
86900  -47.734  17.710  -12.899 0.0000000000
87725  -47.118  18.329  -12.638 0.0000000000
87731  -46.935  18.847  -13.142 0.0000000000
88541  -45.649  19.325  -12.716 0.0000000000
122329  -44.814  19.563  -13.181 0.0000000000
88603  -44.458  19.680  -18.135 0.0000000000
122180  -44.898  19.614  -15.953 0.0000000000
88564  -43.065  19.612  -14.597 0.0000000000
88549  -42.294  19.666  -13.435 0.0000000000
91902  -43.801  23.627  -17.352 0.0000000000
91907  -43.392  23.272  -18.947 0.0000000000
91914  -42.932  22.925  -19.615 0.0000000000
91150  -42.782  22.188  -19.060 0.0000000000
86087  -43.728  16.646  -3.269 0.0000000000
86836  -43.548  17.441  -3.495 0.0000000000
87650  -43.450  18.259  -3.692 0.0000000000
87658  -43.920  18.638  -4.312 0.0000000000
95651  -54.113  29.169  -6.398 0.0000000000
123335  -53.455  29.220  -7.146 0.0000000000
94874  -52.858  27.477  -8.943 0.0000000000
95665  -52.382  28.639  -7.768 0.0000000000
95664  -51.379  28.673  -7.577 0.0000000000
95671  -50.523  28.406  -8.099 0.0000000000
90997  -42.775  22.776  3.275 0.0000000000
90984  -43.573  22.537  3.908 0.0000000000
82932  -52.478  13.273  0.893 0.0000000000
82931  -51.733  12.932  1.166 0.0000000000
83813  -50.775  13.430  1.873 0.0000000000
83812  -49.566  14.377  1.921 0.0000000000
84572  -40.193  14.426  6.113 0.0000000000
85293  -40.099  15.486  6.429 0.0000000000
85292  -39.715  15.698  6.878 0.0000000000
80385  -52.801  9.267  -7.165 0.0000000000
79537  -52.125  8.919  -7.489 0.0000000000
79536  -51.359  8.663  -7.756 0.0000000000
83032  -46.846  12.130  -9.866 0.0000000000
83040  -47.267  12.674  -10.105 0.0000000000
83046  -47.251  12.723  -10.960 0.0000000000
83045  -46.810  12.088  -11.549 0.0000000000
82193  -46.751  11.609  -12.421 0.0000000000
83053  -47.231  12.405  -12.379 0.0000000000
83054  -47.761  13.181  -12.285 0.0000000000
83061  -48.154  13.279  -13.104 0.0000000000
92594  -49.511  24.169  -3.244 0.0000000000
137752  -49.750  24.447  -4.087 0.0000000000
122223  -50.365  24.471  -4.420 0.0000000000
119626  -50.996  24.518  -4.882 0.0000000000
92618  -51.631  24.522  -5.344 0.0000000000
89476  -57.929  20.122  -12.902 0.0000000000
127957  -58.025  19.794  -12.185 0.0000000000
88558  -57.606  19.730  -13.305 0.0000000000
87734  -57.197  18.634  -13.741 0.0000000000
86908  -56.779  17.942  -14.348 0.0000000000
86914  -56.517  17.250  -14.911 0.0000000000
86915  -56.668  17.606  -15.558 0.0000000000
86920  -56.598  17.240  -16.496 0.0000000000
86928  -56.270  16.661  -17.358 0.0000000000
86195  -55.745  16.214  -17.944 0.0000000000
130366  -56.117  17.511  -17.022 0.0000000000
87759  -55.456  18.253  -16.785 0.0000000000
88597  -54.506  19.199  -16.951 0.0000000000
119599  -46.994  21.596  -15.109 0.0000000000
90328  -47.181  21.430  -15.983 0.0000000000
90327  -46.422  21.754  -15.754 0.0000000000
90356  -45.073  20.782  -19.497 0.0000000000
90346  -45.397  21.507  -18.378 0.0000000000
121686  -44.006  21.951  -18.791 0.0000000000
82092  -47.462  10.024  -3.181 0.0000000000
81247  -47.826  9.611  -3.831 0.0000000000
81246  -47.277  10.482  -4.224 0.0000000000
136572  -47.096  11.193  -4.519 0.0000000000
82116  -47.159  11.768  -4.952 0.0000000000
85396  -45.981  15.789  -5.252 0.0000000000
84699  -46.674  14.457  -5.154 0.0000000000
85397  -46.733  15.209  -5.366 0.0000000000
84707  -48.158  14.498  -6.326 0.0000000000
85403  -48.721  15.235  -6.657 0.0000000000
85404  -49.150  16.015  -6.666 0.0000000000
118677  -53.743  24.821  -2.213 0.0000000000
93329  -54.834  24.633  -2.295 0.0000000000
126807  -55.385  25.046  -2.481 0.0000000000
93336  -56.162  25.168  -2.944 0.0000000000
93339  -57.318  25.155  -4.078 0.0000000000
94065  -55.708  26.471  -8.298 0.0000000000
94066  -56.445  25.995  -7.852 0.0000000000
93355  -56.066  25.708  -8.609 0.0000000000
93370  -56.440  24.963  -8.879 0.0000000000
91861  -56.433  23.796  -9.758 0.0000000000
91872  -57.121  23.125  -10.081 0.0000000000
132561  -55.989  23.222  -10.215 0.0000000000
91106  -55.464  22.559  -10.529 0.0000000000
90283  -54.903  21.913  -10.786 0.0000000000
90298  -54.262  21.254  -11.192 0.0000000000
90282  -53.975  21.806  -10.637 0.0000000000
90281  -53.070  21.523  -10.640 0.0000000000
90280  -52.014  21.426  -10.594 0.0000000000
92657  -50.623  24.631  -9.538 0.0000000000
135403  -50.980  23.428  -9.570 0.0000000000
91855  -50.223  23.798  -9.533 0.0000000000
91085  -48.960  22.917  -9.791 0.0000000000
91099  -48.618  22.528  -10.270 0.0000000000
91115  -48.185  22.244  -10.793 0.0000000000
123357  -47.914  22.733  -10.350 0.0000000000
135318  -46.710  23.236  -10.703 0.0000000000
75925  -44.704  4.400  -14.299 0.0000000000
89358  -41.691  20.601  1.016 0.0000000000
141661  -42.312  21.071  0.996 0.0000000000
90206  -42.648  21.463  0.537 0.0000000000
91009  -43.717  22.203  0.074 0.0000000000
90998  -46.351  22.022  3.371 0.0000000000
142731  -46.032  22.144  2.378 0.0000000000
91012  -46.564  22.610  0.944 0.0000000000
91764  -47.094  22.853  0.232 0.0000000000
91773  -47.482  23.026  -0.372 0.0000000000
91765  -48.096  22.924  0.434 0.0000000000
120991  -50.384  23.704  3.248 0.0000000000
92570  -50.980  24.295  2.849 0.0000000000
93316  -50.662  24.818  1.497 0.0000000000
136738  -50.409  25.090  0.602 0.0000000000
93322  -50.457  25.349  -0.511 0.0000000000
93319  -50.161  25.854  0.016 0.0000000000
142399  -50.058  26.597  -0.185 0.0000000000
119249  -56.389  10.755  -7.211 0.0000000000
81281  -55.689  10.529  -6.499 0.0000000000
81270  -55.126  10.314  -5.915 0.0000000000
82095  -54.142  11.911  -2.882 0.0000000000
81251  -54.185  10.729  -3.857 0.0000000000
82105  -53.837  11.166  -3.205 0.0000000000
80342  -51.666  9.840  -2.646 0.0000000000
80341  -51.075  9.586  -2.610 0.0000000000
81220  -49.178  9.934  -1.046 0.0000000000
82051  -47.693  11.516  0.653 0.0000000000
82935  -46.494  12.897  0.287 0.0000000000
84650  -45.524  14.351  -0.535 0.0000000000
84649  -45.052  14.935  -0.902 0.0000000000
83754  -45.263  13.515  7.516 0.0000000000
83755  -45.918  13.938  7.751 0.0000000000
127288  -47.223  14.417  6.446 0.0000000000
84580  -47.599  14.473  5.683 0.0000000000
84590  -47.576  14.399  4.842 0.0000000000
84598  -47.781  14.625  3.794 0.0000000000
126872  -46.872  14.185  3.772 0.0000000000
83794  -45.998  13.828  3.536 0.0000000000
84625  -41.715  15.369  1.392 0.0000000000
123094  -41.093  15.976  1.301 0.0000000000
86055  -40.554  17.199  1.170 0.0000000000
86810  -40.473  17.993  0.898 0.0000000000
78703  -52.186  7.328  -12.490 0.0000000000
77823  -51.281  6.633  -12.586 0.0000000000
79518  -48.011  8.816  -6.770 0.0000000000
79534  -49.082  8.408  -7.396 0.0000000000
79533  -48.422  8.570  -7.352 0.0000000000
79581  -46.937  8.725  -11.223 0.0000000000
79582  -47.491  8.549  -10.628 0.0000000000
78701  -49.661  6.969  -12.504 0.0000000000
76927  -49.399  4.970  -13.816 0.0000000000
77832  -49.070  5.379  -13.901 0.0000000000
79636  -46.833  8.245  -14.992 0.0000000000
80483  -47.399  8.779  -15.820 0.0000000000
78736  -47.951  7.218  -17.540 0.0000000000
77864  -47.184  6.415  -17.457 0.0000000000
79650  -48.099  7.430  -17.901 0.0000000000
119094  -48.415  8.109  -18.050 0.0000000000
91032  -43.563  22.499  -3.372 0.0000000000
91036  -44.022  21.819  -4.311 0.0000000000
91037  -44.332  22.537  -4.270 0.0000000000
91038  -44.898  22.643  -4.744 0.0000000000
91050  -49.069  22.983  -7.002 0.0000000000
131286  -48.856  22.222  -6.884 0.0000000000
88493  -49.646  19.215  -7.000 0.0000000000
87685  -49.926  18.412  -7.085 0.0000000000
143076  -50.793  18.668  -7.603 0.0000000000
87687  -51.088  18.149  -7.844 0.0000000000
91822  -55.394  24.053  -6.522 0.0000000000
92638  -54.169  24.138  -6.820 0.0000000000
134785  -54.876  23.601  -7.195 0.0000000000
90263  -54.714  21.482  -8.285 0.0000000000
87717  -55.059  18.070  -11.420 0.0000000000
87710  -54.818  18.409  -10.734 0.0000000000
87709  -54.025  18.089  -10.393 0.0000000000
86883  -53.390  17.698  -10.003 0.0000000000
86882  -52.867  17.319  -9.696 0.0000000000
125462  -52.374  15.721  -10.865 0.0000000000
85441  -51.858  15.446  -11.529 0.0000000000
85448  -50.597  15.068  -12.426 0.0000000000
85449  -51.306  15.326  -12.366 0.0000000000
85459  -51.628  15.402  -13.241 0.0000000000
85471  -51.155  15.199  -13.915 0.0000000000
84792  -52.904  14.277  -17.388 0.0000000000
83976  -52.507  13.784  -18.300 0.0000000000
83974  -51.178  13.004  -18.234 0.0000000000
83080  -50.705  12.804  -18.312 0.0000000000
82227  -49.930  10.845  -18.058 0.0000000000
83087  -50.180  12.282  -18.165 0.0000000000
83086  -49.209  12.314  -18.243 0.0000000000
83085  -48.418  12.084  -17.890 0.0000000000
83979  -48.102  12.929  -18.010 0.0000000000
86183  -52.123  16.403  -16.681 0.0000000000
86182  -51.105  16.108  -16.236 0.0000000000
89484  -51.736  20.347  -14.086 0.0000000000
89494  -52.704  20.282  -15.796 0.0000000000
122179  -51.865  20.373  -15.110 0.0000000000
119660  -51.242  20.515  -16.449 0.0000000000
135125  -51.257  20.494  -17.719 0.0000000000
89537  -48.228  20.164  -20.257 0.0000000000
133112  -48.916  20.008  -20.448 0.0000000000
133113  -48.020  19.672  -20.271 0.0000000000
119837  -48.066  19.446  -18.971 0.0000000000
137749  -48.085  19.440  -17.837 0.0000000000
88580  -48.302  19.299  -15.999 0.0000000000
88579  -47.417  19.410  -15.677 0.0000000000
88567  -46.486  19.439  -14.408 0.0000000000
136115  -45.746  19.549  -14.299 0.0000000000
88565  -44.785  19.601  -14.858 0.0000000000
89501  -43.407  20.128  -17.126 0.0000000000
89489  -43.198  19.789  -16.149 0.0000000000
89481  -41.914  19.986  -14.757 0.0000000000
89480  -41.536  20.390  -14.197 0.0000000000
130611  -45.636  12.960  -3.292 0.0000000000
83860  -45.443  13.799  -3.679 0.0000000000
84690  -45.398  14.625  -4.277 0.0000000000
85390  -45.269  15.553  -4.651 0.0000000000
85389  -44.643  16.220  -4.360 0.0000000000
86102  -46.195  16.653  -5.484 0.0000000000
86857  -46.508  17.655  -5.623 0.0000000000
94858  -53.862  27.297  -5.351 0.0000000000
95652  -54.364  28.660  -6.608 0.0000000000
94865  -54.897  27.830  -7.517 0.0000000000
94877  -55.371  27.208  -7.954 0.0000000000
94064  -54.890  26.759  -8.609 0.0000000000
93368  -54.582  25.431  -9.367 0.0000000000
92660  -54.003  24.834  -9.630 0.0000000000
137843  -53.552  24.401  -9.730 0.0000000000
132607  -53.195  24.968  -9.685 0.0000000000
127359  -52.403  24.995  -9.678 0.0000000000
93365  -51.963  25.687  -9.655 0.0000000000
94891  -52.414  26.821  -9.446 0.0000000000
94076  -51.739  26.429  -9.645 0.0000000000
126783  -51.431  25.054  -9.615 0.0000000000
126784  -50.460  25.404  -9.607 0.0000000000
122543  -50.329  26.310  -9.852 0.0000000000
94073  -49.542  26.643  -10.174 0.0000000000
89345  -44.080  19.938  4.681 0.0000000000
89351  -44.179  20.748  3.002 0.0000000000
89346  -44.665  20.598  4.006 0.0000000000
90189  -45.191  21.263  4.395 0.0000000000
90973  -44.858  21.743  4.817 0.0000000000
90974  -45.581  21.928  4.709 0.0000000000
90197  -45.842  21.585  4.029 0.0000000000
82956  -52.806  12.313  -1.183 0.0000000000
82067  -51.341  11.313  -0.622 0.0000000000
128578  -50.126  11.349  0.406 0.0000000000
82040  -49.792  11.758  1.013 0.0000000000
82930  -49.517  12.496  1.452 0.0000000000
82039  -48.918  11.786  1.178 0.0000000000
82928  -47.860  13.163  1.188 0.0000000000
83810  -47.724  14.846  0.703 0.0000000000
84642  -47.343  15.328  0.719 0.0000000000
82866  -44.274  12.988  10.380 0.0000000000
125411  -43.568  12.703  10.141 0.0000000000
82875  -44.092  12.987  9.533 0.0000000000
82884  -43.866  12.846  8.685 0.0000000000
82883  -43.048  12.530  8.511 0.0000000000
83744  -44.436  13.088  7.820 0.0000000000
82900  -44.255  12.806  6.899 0.0000000000
124685  -40.542  15.304  3.320 0.0000000000
127976  -40.391  15.994  3.332 0.0000000000
85322  -40.342  15.730  4.151 0.0000000000
134767  -40.525  16.412  4.904 0.0000000000
127944  -40.803  16.947  5.826 0.0000000000
86022  -40.365  16.220  6.104 0.0000000000
124025  -40.553  16.938  6.165 0.0000000000
81299  -46.671  10.487  -8.290 0.0000000000
80405  -46.924  9.692  -8.388 0.0000000000
80404  -46.631  10.079  -8.974 0.0000000000
141120  -46.536  10.390  -9.350 0.0000000000
139523  -46.586  9.868  -9.851 0.0000000000
129215  -46.589  11.510  -10.128 0.0000000000
134397  -46.447  10.694  -10.476 0.0000000000
80441  -46.632  9.303  -11.430 0.0000000000
79597  -46.754  8.634  -12.056 0.0000000000
79610  -46.740  8.127  -12.984 0.0000000000
142613  -46.600  8.555  -13.373 0.0000000000
131375  -46.590  8.941  -13.842 0.0000000000
82199  -46.780  11.140  -13.223 0.0000000000
81358  -47.043  10.030  -14.583 0.0000000000
130898  -47.570  10.588  -15.058 0.0000000000
82212  -48.508  10.823  -15.977 0.0000000000
92591  -46.580  24.295  -3.728 0.0000000000
92602  -46.499  24.218  -4.513 0.0000000000
92603  -47.112  24.392  -4.449 0.0000000000
122356  -47.891  24.353  -5.307 0.0000000000
92627  -48.116  24.075  -5.922 0.0000000000
92605  -49.514  24.585  -4.955 0.0000000000
92628  -48.977  24.207  -6.164 0.0000000000
91820  -49.407  23.715  -6.737 0.0000000000
91829  -49.865  23.162  -7.219 0.0000000000
91058  -50.492  22.467  -7.443 0.0000000000
138340  -51.038  21.801  -7.569 0.0000000000
90265  -58.155  21.807  -8.754 0.0000000000
131857  -56.869  21.617  -8.307 0.0000000000
89428  -57.945  20.729  -9.801 0.0000000000
88514  -56.892  20.190  -9.870 0.0000000000
137064  -56.401  19.121  -10.927 0.0000000000
87720  -57.643  19.465  -11.775 0.0000000000
87719  -56.807  18.884  -11.637 0.0000000000
87711  -55.717  18.619  -11.138 0.0000000000
86897  -55.280  17.718  -12.072 0.0000000000
86901  -54.858  17.222  -12.239 0.0000000000
86161  -54.271  16.253  -13.235 0.0000000000
127928  -53.485  15.829  -13.153 0.0000000000
85462  -53.966  15.867  -13.887 0.0000000000
85475  -54.489  15.802  -14.841 0.0000000000
121856  -54.034  15.481  -15.493 0.0000000000
122872  -56.219  16.246  -15.985 0.0000000000
85487  -55.069  15.583  -16.149 0.0000000000
85486  -54.425  15.123  -16.973 0.0000000000
84793  -53.979  14.678  -18.125 0.0000000000
84807  -53.419  14.724  -19.236 0.0000000000
85510  -53.146  14.693  -19.252 0.0000000000
84806  -51.513  14.100  -19.526 0.0000000000
85504  -52.469  14.652  -19.133 0.0000000000
85495  -52.937  15.603  -18.078 0.0000000000
86184  -53.178  16.506  -17.056 0.0000000000
86924  -52.457  17.171  -16.369 0.0000000000
89483  -49.568  20.700  -14.796 0.0000000000
89491  -49.416  20.692  -15.823 0.0000000000
89503  -48.775  20.785  -16.394 0.0000000000
89514  -48.678  20.667  -17.935 0.0000000000
90338  -47.446  21.183  -16.891 0.0000000000
89513  -47.694  20.807  -18.109 0.0000000000
89536  -47.278  19.912  -20.363 0.0000000000
124444  -46.666  19.548  -19.953 0.0000000000
140003  -45.899  19.425  -18.806 0.0000000000
119663  -45.856  19.520  -17.466 0.0000000000
142938  -45.461  19.561  -19.343 0.0000000000
88616  -44.883  19.706  -19.227 0.0000000000
88615  -44.294  19.932  -18.784 0.0000000000
89523  -44.554  20.226  -19.342 0.0000000000
88602  -43.860  19.985  -17.992 0.0000000000
133596  -43.527  20.403  -18.049 0.0000000000
90335  -43.184  20.700  -17.543 0.0000000000
90334  -42.835  21.150  -16.902 0.0000000000
79508  -50.604  8.536  -5.865 0.0000000000
79495  -50.254  8.546  -5.083 0.0000000000
80362  -48.079  9.273  -4.496 0.0000000000
80373  -48.141  9.010  -5.231 0.0000000000
79505  -48.039  8.912  -5.906 0.0000000000
81288  -47.064  10.273  -6.890 0.0000000000
83861  -46.249  13.079  -4.173 0.0000000000
82988  -46.814  12.403  -4.574 0.0000000000
143000  -47.123  12.568  -5.106 0.0000000000
83880  -47.151  13.830  -5.340 0.0000000000
126225  -47.096  11.162  -6.609 0.0000000000
81287  -46.804  10.996  -7.518 0.0000000000
133812  -47.018  11.791  -7.850 0.0000000000
82159  -47.103  12.141  -8.505 0.0000000000
83901  -47.952  13.223  -7.641 0.0000000000
139318  -47.694  12.953  -8.554 0.0000000000
143674  -48.040  13.400  -8.878 0.0000000000
83911  -48.402  13.742  -9.167 0.0000000000
84729  -49.004  14.203  -9.588 0.0000000000
91807  -53.082  23.254  -2.315 0.0000000000
92596  -53.444  23.565  -2.974 0.0000000000
92608  -54.752  24.151  -3.794 0.0000000000
123858  -55.966  24.743  -2.616 0.0000000000
92609  -56.110  24.458  -3.420 0.0000000000
92621  -55.464  24.331  -4.762 0.0000000000
91823  -56.843  23.907  -6.147 0.0000000000
91834  -57.050  23.364  -6.798 0.0000000000
129019  -55.515  26.093  -5.015 0.0000000000
93340  -57.485  25.128  -4.738 0.0000000000
93345  -57.206  25.370  -7.179 0.0000000000
93346  -57.644  24.710  -6.306 0.0000000000
91825  -57.667  23.885  -6.560 0.0000000000
91836  -57.853  23.422  -7.303 0.0000000000
91077  -58.027  22.362  -8.127 0.0000000000
90273  -58.343  21.825  -9.457 0.0000000000
89430  -58.373  21.570  -10.238 0.0000000000
90302  -58.243  21.289  -11.374 0.0000000000
90301  -57.561  21.475  -11.648 0.0000000000
89448  -58.142  20.971  -12.079 0.0000000000
89474  -56.565  20.021  -13.584 0.0000000000
134794  -55.464  19.925  -13.842 0.0000000000
137490  -55.490  19.686  -14.641 0.0000000000
89472  -53.535  20.123  -13.407 0.0000000000
89445  -53.893  20.659  -11.811 0.0000000000
125343  -52.902  20.304  -12.779 0.0000000000
89471  -52.525  20.245  -13.530 0.0000000000
89470  -51.647  20.422  -13.139 0.0000000000
89469  -50.910  20.489  -13.637 0.0000000000
141069  -50.309  20.589  -13.675 0.0000000000
91089  -52.977  23.060  -9.873 0.0000000000
91103  -52.568  22.215  -10.126 0.0000000000
91087  -51.262  22.797  -9.702 0.0000000000
90279  -51.011  21.433  -10.662 0.0000000000
90295  -50.637  21.080  -11.415 0.0000000000
89454  -50.336  20.658  -13.091 0.0000000000
89468  -49.706  20.728  -13.732 0.0000000000
89467  -48.917  20.925  -14.285 0.0000000000
90316  -48.255  21.278  -13.911 0.0000000000
90315  -47.475  21.614  -13.535 0.0000000000
90292  -47.965  21.738  -11.984 0.0000000000
90307  -47.310  21.873  -12.578 0.0000000000
90322  -46.860  21.778  -14.152 0.0000000000
91129  -46.177  22.291  -13.841 0.0000000000
125422  -45.613  22.586  -14.406 0.0000000000
88456  -41.609  19.637  -1.918 0.0000000000
88457  -42.100  19.680  -2.528 0.0000000000
89365  -41.805  20.411  -2.196 0.0000000000
90219  -42.241  21.204  -2.430 0.0000000000
90215  -42.059  21.481  -0.990 0.0000000000
91027  -42.633  22.002  -2.236 0.0000000000
91028  -43.306  22.564  -2.648 0.0000000000
91788  -43.938  23.113  -3.024 0.0000000000
91789  -44.696  23.430  -2.559 0.0000000000
124185  -45.186  23.695  -3.176 0.0000000000
90200  -44.009  21.297  2.041 0.0000000000
90208  -44.371  21.760  1.442 0.0000000000
91010  -44.429  22.195  0.688 0.0000000000
91011  -45.240  22.361  0.890 0.0000000000
140517  -44.839  22.466  0.314 0.0000000000
91770  -44.881  22.992  -0.976 0.0000000000
91779  -45.314  23.352  -1.661 0.0000000000
91790  -45.760  23.706  -2.480 0.0000000000
91791  -46.383  24.076  -2.928 0.0000000000
92581  -47.131  24.172  -2.887 0.0000000000
92582  -47.989  24.137  -2.825 0.0000000000
91793  -48.444  23.632  -2.161 0.0000000000
92583  -48.868  23.908  -2.653 0.0000000000
134883  -49.703  23.535  -2.342 0.0000000000
92584  -50.493  23.442  -2.451 0.0000000000
91795  -51.427  22.873  -1.663 0.0000000000
119875  -48.978  23.159  1.923 0.0000000000
91761  -49.888  23.663  1.856 0.0000000000
91774  -50.253  22.929  -0.217 0.0000000000
91784  -51.347  22.791  -1.015 0.0000000000
91796  -52.130  22.885  -1.814 0.0000000000
91797  -52.874  23.148  -1.765 0.0000000000
92579  -52.636  23.508  -1.523 0.0000000000
93328  -53.114  24.269  -1.693 0.0000000000
93327  -51.831  25.035  -1.755 0.0000000000
93331  -52.435  25.395  -2.418 0.0000000000
131177  -51.882  26.268  -3.173 0.0000000000
136876  -52.000  27.051  -3.929 0.0000000000
94850  -50.618  27.695  -2.929 0.0000000000
81289  -54.827  10.010  -7.504 0.0000000000
80397  -54.144  9.698  -7.465 0.0000000000
80386  -53.577  9.518  -6.834 0.0000000000
80374  -52.939  9.328  -6.189 0.0000000000
79510  -52.277  8.977  -5.900 0.0000000000
80365  -54.488  10.062  -5.404 0.0000000000
80364  -52.719  9.256  -5.265 0.0000000000
79497  -51.899  8.844  -5.266 0.0000000000
139477  -50.769  8.645  -4.634 0.0000000000
80350  -49.738  8.827  -3.573 0.0000000000
81236  -50.081  9.305  -2.631 0.0000000000
81248  -49.168  9.085  -3.006 0.0000000000
118921  -48.373  9.390  -2.997 0.0000000000
82091  -46.873  10.666  -2.949 0.0000000000
82090  -46.114  11.710  -2.581 0.0000000000
81209  -50.812  10.732  -0.827 0.0000000000
81208  -50.027  10.404  -0.719 0.0000000000
80326  -48.782  10.100  -0.745 0.0000000000
82065  -47.338  11.241  0.180 0.0000000000
81205  -47.241  10.807  -0.498 0.0000000000
126647  -47.876  10.411  -0.521 0.0000000000
81217  -46.782  10.770  -1.406 0.0000000000
130545  -46.360  11.179  -1.925 0.0000000000
83849  -45.188  13.286  -2.667 0.0000000000
84665  -44.257  15.257  -2.974 0.0000000000
85371  -43.916  15.781  -2.246 0.0000000000
86078  -43.572  16.396  -2.477 0.0000000000
87644  -42.108  18.179  -1.967 0.0000000000
84601  -52.210  14.629  2.891 0.0000000000
85995  -50.021  16.669  8.150 0.0000000000
83726  -45.588  13.743  10.085 0.0000000000
83736  -46.146  14.176  9.513 0.0000000000
84555  -46.790  14.674  9.006 0.0000000000
84564  -46.612  14.470  8.054 0.0000000000
84556  -47.292  14.946  8.281 0.0000000000
85274  -47.827  15.380  8.395 0.0000000000
85287  -49.188  15.860  7.372 0.0000000000
86017  -50.315  16.356  6.821 0.0000000000
85304  -50.897  16.370  5.851 0.0000000000
85314  -50.619  15.856  4.793 0.0000000000
85313  -49.796  15.505  4.618 0.0000000000
124476  -51.154  15.469  3.496 0.0000000000
84618  -51.322  14.774  2.875 0.0000000000
84617  -50.480  14.859  2.637 0.0000000000
84616  -49.715  14.994  2.324 0.0000000000
84633  -49.014  15.178  1.856 0.0000000000
134504  -48.375  15.173  2.695 0.0000000000
84632  -48.416  15.287  1.415 0.0000000000
132149  -46.711  15.405  0.642 0.0000000000
119755  -44.780  13.181  4.604 0.0000000000
122304  -44.743  13.335  3.944 0.0000000000
83793  -45.161  13.621  3.398 0.0000000000
83801  -44.749  13.859  2.681 0.0000000000
84611  -45.243  14.508  1.895 0.0000000000
84629  -45.710  15.273  0.814 0.0000000000
86825  -42.299  17.410  -1.587 0.0000000000
87643  -41.571  18.825  -1.611 0.0000000000
88452  -40.808  19.387  -0.418 0.0000000000
89356  -40.733  19.760  0.185 0.0000000000
87635  -40.505  18.661  0.558 0.0000000000
88449  -40.542  19.250  0.810 0.0000000000
89349  -41.689  20.127  1.877 0.0000000000
86791  -40.580  17.240  3.752 0.0000000000
87617  -42.445  18.862  4.164 0.0000000000
88439  -42.865  19.384  3.779 0.0000000000
89344  -43.588  19.614  4.212 0.0000000000
88426  -43.647  19.556  5.038 0.0000000000
124966  -43.725  20.510  5.180 0.0000000000
90173  -41.791  20.902  4.599 0.0000000000
90188  -42.533  21.636  4.434 0.0000000000
138554  -52.175  5.903  -10.957 0.0000000000
76907  -52.228  6.082  -11.634 0.0000000000
76906  -51.656  5.605  -11.325 0.0000000000
76912  -51.028  5.231  -11.838 0.0000000000
75905  -50.394  4.915  -12.369 0.0000000000
136145  -50.923  8.576  -6.510 0.0000000000
120451  -50.704  8.543  -7.168 0.0000000000
79535  -50.488  8.509  -7.943 0.0000000000
79549  -47.452  9.024  -8.487 0.0000000000
79566  -48.311  8.472  -9.418 0.0000000000
79583  -48.343  8.365  -10.243 0.0000000000
79584  -49.765  8.235  -10.628 0.0000000000
78692  -51.152  7.501  -12.250 0.0000000000
77822  -50.384  6.338  -12.834 0.0000000000
76929  -50.769  6.002  -12.866 0.0000000000
75919  -48.175  4.513  -13.857 0.0000000000
119672  -47.338  4.573  -14.712 0.0000000000
78711  -46.940  7.440  -13.643 0.0000000000
78720  -47.368  6.559  -14.372 0.0000000000
77840  -47.357  6.292  -15.534 0.0000000000
138559  -47.464  5.155  -15.927 0.0000000000
75936  -46.937  4.991  -16.150 0.0000000000
75927  -46.340  4.634  -15.463 0.0000000000
75934  -45.275  4.743  -15.844 0.0000000000
76938  -44.965  5.004  -16.109 0.0000000000
76943  -44.960  5.293  -16.239 0.0000000000
77863  -46.567  6.620  -17.557 0.0000000000
77854  -45.720  6.229  -17.085 0.0000000000
77853  -45.120  5.983  -16.554 0.0000000000
78727  -44.811  6.874  -16.148 0.0000000000
88459  -42.595  19.627  -3.106 0.0000000000
88467  -43.709  19.489  -4.174 0.0000000000
88468  -44.310  19.401  -4.599 0.0000000000
90225  -44.531  20.995  -4.760 0.0000000000
89374  -44.619  20.020  -4.781 0.0000000000
87668  -44.981  19.353  -5.040 0.0000000000
87669  -45.697  18.986  -5.388 0.0000000000
87670  -46.315  18.610  -5.596 0.0000000000
87671  -47.058  18.479  -5.847 0.0000000000
91815  -46.172  23.257  -5.389 0.0000000000
91041  -46.355  22.420  -5.736 0.0000000000
90242  -46.673  21.576  -5.989 0.0000000000
90244  -48.285  21.674  -6.634 0.0000000000
90243  -47.428  21.542  -6.338 0.0000000000
89394  -46.994  20.783  -6.131 0.0000000000
89386  -47.214  19.961  -6.121 0.0000000000
88484  -47.459  19.183  -6.116 0.0000000000
86858  -47.494  17.650  -5.930 0.0000000000
86865  -48.353  17.648  -6.247 0.0000000000
86110  -48.927  16.843  -6.423 0.0000000000
142060  -49.324  15.514  -7.071 0.0000000000
86867  -49.609  17.874  -6.839 0.0000000000
85411  -49.720  16.047  -7.143 0.0000000000
119185  -49.783  15.404  -7.691 0.0000000000
138362  -49.970  15.080  -8.406 0.0000000000
84730  -49.716  14.657  -9.062 0.0000000000
84739  -49.656  14.526  -10.072 0.0000000000
92607  -52.744  24.322  -4.545 0.0000000000
122173  -52.209  24.518  -5.834 0.0000000000
138472  -51.945  24.356  -6.636 0.0000000000
92637  -53.114  24.148  -7.020 0.0000000000
92636  -52.217  24.093  -7.095 0.0000000000
143310  -52.066  23.045  -7.599 0.0000000000
135563  -51.801  21.602  -7.724 0.0000000000
89407  -52.052  20.740  -7.951 0.0000000000
89418  -56.270  20.935  -8.760 0.0000000000
129674  -55.154  20.947  -8.585 0.0000000000
122415  -54.246  20.895  -8.495 0.0000000000
88512  -54.822  19.438  -9.693 0.0000000000
88504  -54.252  19.786  -9.127 0.0000000000
90262  -53.456  21.002  -8.304 0.0000000000
89415  -52.808  20.527  -8.307 0.0000000000
89414  -52.209  20.120  -8.211 0.0000000000
89406  -51.527  20.054  -7.863 0.0000000000
87693  -51.715  18.607  -8.302 0.0000000000
133519  -51.582  17.847  -8.337 0.0000000000
86122  -51.553  16.547  -8.708 0.0000000000
86130  -52.458  16.594  -9.677 0.0000000000
86129  -51.845  16.182  -9.269 0.0000000000
142371  -51.406  15.990  -8.856 0.0000000000
85425  -50.960  15.305  -9.484 0.0000000000
84740  -50.371  14.884  -9.715 0.0000000000
84755  -48.876  14.053  -12.210 0.0000000000
83942  -48.856  13.807  -13.172 0.0000000000
84765  -50.098  14.789  -13.025 0.0000000000
82207  -48.566  11.844  -15.329 0.0000000000
85473  -52.727  15.450  -14.377 0.0000000000
84774  -51.407  14.807  -14.843 0.0000000000
123188  -50.751  14.277  -15.146 0.0000000000
84782  -51.328  14.162  -15.864 0.0000000000
119584  -50.108  13.280  -15.679 0.0000000000
122020  -49.794  12.722  -15.844 0.0000000000
81365  -49.477  10.045  -17.554 0.0000000000
80492  -49.562  9.462  -18.080 0.0000000000
80497  -48.775  9.038  -18.252 0.0000000000
81379  -49.152  10.005  -18.236 0.0000000000
80496  -47.797  8.774  -18.148 0.0000000000
80490  -46.739  9.133  -17.586 0.0000000000
85492  -49.760  14.891  -16.655 0.0000000000
88571  -55.011  19.620  -15.460 0.0000000000
88596  -54.022  19.674  -17.036 0.0000000000
89519  -53.564  19.971  -17.605 0.0000000000
123645  -53.260  20.007  -18.008 0.0000000000
87763  -52.746  19.591  -17.935 0.0000000000
88595  -51.993  18.928  -17.287 0.0000000000
120096  -50.253  20.560  -17.444 0.0000000000
89529  -51.459  20.109  -19.821 0.0000000000
89538  -49.869  20.046  -20.549 0.0000000000
88633  -50.750  19.963  -20.398 0.0000000000
88622  -51.814  19.992  -19.861 0.0000000000
135975  -50.984  19.621  -19.289 0.0000000000
88594  -50.902  19.164  -17.676 0.0000000000
87755  -51.027  18.544  -16.464 0.0000000000
127988  -50.284  18.360  -15.796 0.0000000000
122960  -49.285  18.001  -14.612 0.0000000000
86911  -48.850  17.634  -13.998 0.0000000000
87739  -48.607  18.422  -14.345 0.0000000000
86906  -48.384  17.354  -13.426 0.0000000000
88542  -46.498  18.864  -12.606 0.0000000000
88531  -46.060  18.846  -11.933 0.0000000000
123131  -43.564  19.628  -15.159 0.0000000000
88551  -44.120  19.599  -14.052 0.0000000000
88548  -41.496  19.812  -13.088 0.0000000000
94084  -48.796  26.751  -10.439 0.0000000000
91877  -45.510  24.013  -11.508 0.0000000000
91884  -45.287  23.722  -12.259 0.0000000000
91889  -45.147  23.464  -13.097 0.0000000000
91895  -45.113  23.237  -13.995 0.0000000000
91134  -45.057  22.964  -14.951 0.0000000000
131032  -44.158  24.979  -14.880 0.0000000000
91899  -44.555  23.425  -15.538 0.0000000000
91139  -44.992  22.765  -15.958 0.0000000000
91908  -44.018  22.654  -17.889 0.0000000000
91151  -43.155  22.099  -19.334 0.0000000000
90353  -42.980  21.807  -19.116 0.0000000000
75940  -45.461  4.946  -16.421 0.0000000000
77846  -44.765  5.911  -15.876 0.0000000000
77855  -46.333  5.915  -17.167 0.0000000000
78735  -45.909  6.919  -17.457 0.0000000000
78742  -47.696  6.910  -17.571 0.0000000000
79496  -51.440  8.800  -4.589 0.0000000000
79519  -48.674  8.515  -6.872 0.0000000000
80354  -53.211  9.817  -3.986 0.0000000000
80456  -46.522  9.000  -12.955 0.0000000000
80470  -46.637  9.829  -13.814 0.0000000000
81191  -47.946  10.797  0.138 0.0000000000
81206  -48.450  10.395  -0.350 0.0000000000
81207  -49.152  10.383  -0.372 0.0000000000
81218  -47.427  10.283  -1.404 0.0000000000
81352  -46.615  10.431  -13.283 0.0000000000
81373  -49.825  9.619  -18.115 0.0000000000
82054  -50.935  11.618  0.182 0.0000000000
82213  -49.524  11.010  -16.801 0.0000000000
82955  -45.574  12.465  -1.285 0.0000000000
83060  -47.669  12.253  -13.783 0.0000000000
83068  -48.250  12.523  -14.334 0.0000000000
83848  -44.883  13.900  -2.868 0.0000000000
83932  -47.736  13.274  -11.354 0.0000000000
83941  -48.392  13.622  -12.496 0.0000000000
83966  -51.028  13.038  -17.164 0.0000000000
83975  -51.677  13.377  -17.680 0.0000000000
83986  -51.650  14.075  -19.527 0.0000000000
84748  -50.287  14.778  -10.609 0.0000000000
84783  -52.222  14.606  -15.958 0.0000000000
84800  -54.036  14.849  -19.086 0.0000000000
85311  -40.357  15.090  4.707 0.0000000000
85312  -49.111  15.227  4.045 0.0000000000
85426  -51.473  15.702  -9.366 0.0000000000
85443  -53.234  16.006  -11.832 0.0000000000
85461  -53.238  15.630  -13.830 0.0000000000
85498  -56.228  15.991  -17.616 0.0000000000
86111  -49.505  16.571  -6.820 0.0000000000
86117  -51.204  17.139  -8.125 0.0000000000
86123  -52.010  16.752  -9.104 0.0000000000
86153  -54.698  16.738  -12.767 0.0000000000
86171  -56.519  16.750  -15.835 0.0000000000
86179  -56.590  16.841  -16.494 0.0000000000
86185  -54.209  16.589  -17.352 0.0000000000
86188  -56.489  16.666  -17.065 0.0000000000
86846  -43.852  17.821  -4.078 0.0000000000
86888  -53.125  16.955  -10.202 0.0000000000
86889  -53.707  17.372  -10.616 0.0000000000
86890  -54.353  17.738  -10.997 0.0000000000
86927  -55.827  16.985  -17.396 0.0000000000
87640  -40.709  18.671  -0.134 0.0000000000
87686  -50.491  18.224  -7.419 0.0000000000
87718  -55.867  18.292  -11.864 0.0000000000
87727  -57.525  19.179  -12.454 0.0000000000
87735  -57.518  19.278  -13.242 0.0000000000
87740  -49.705  18.255  -15.250 0.0000000000
88444  -40.630  19.183  1.561 0.0000000000
88454  -41.179  19.544  -1.190 0.0000000000
88460  -43.170  19.564  -3.638 0.0000000000
88475  -45.538  19.704  -5.327 0.0000000000
88485  -48.185  19.168  -6.377 0.0000000000
88503  -53.393  19.446  -8.977 0.0000000000
88523  -56.613  19.607  -10.426 0.0000000000
88543  -57.918  19.826  -12.764 0.0000000000
88557  -57.151  19.594  -13.844 0.0000000000
88570  -54.063  19.874  -15.046 0.0000000000
88593  -48.571  19.345  -17.020 0.0000000000
88598  -55.327  18.961  -16.639 0.0000000000
88604  -45.203  19.501  -18.390 0.0000000000
88611  -53.695  19.759  -17.428 0.0000000000
88618  -46.037  19.567  -19.713 0.0000000000
88623  -52.193  20.025  -19.553 0.0000000000
88628  -45.464  19.900  -19.880 0.0000000000
88629  -46.399  19.755  -20.075 0.0000000000
88632  -50.091  20.017  -20.451 0.0000000000
88638  -47.211  19.698  -20.233 0.0000000000
88639  -47.703  19.719  -20.299 0.0000000000
88640  -48.482  19.796  -20.347 0.0000000000
88641  -49.441  19.963  -20.449 0.0000000000
88642  -50.098  19.986  -20.514 0.0000000000
89368  -43.440  20.269  -3.932 0.0000000000
89397  -49.245  20.034  -6.890 0.0000000000
89405  -50.775  19.981  -7.548 0.0000000000
89417  -54.636  20.409  -8.832 0.0000000000
89419  -57.575  21.208  -8.891 0.0000000000
89429  -58.376  21.237  -10.105 0.0000000000
89437  -58.435  21.194  -10.843 0.0000000000
89449  -58.347  20.796  -11.549 0.0000000000
89461  -57.745  20.486  -12.628 0.0000000000
89516  -50.669  20.473  -18.623 0.0000000000
89517  -52.297  20.213  -18.698 0.0000000000
90176  -44.311  21.013  5.018 0.0000000000
90190  -45.707  21.778  4.553 0.0000000000
90205  -41.879  21.064  0.319 0.0000000000
90210  -41.609  20.959  -0.462 0.0000000000
90212  -42.993  21.905  -0.053 0.0000000000
90222  -43.135  21.079  -3.594 0.0000000000
90224  -43.490  21.818  -3.759 0.0000000000
90233  -45.870  21.514  -5.525 0.0000000000
90257  -54.194  22.022  -7.995 0.0000000000
90266  -58.203  22.368  -8.595 0.0000000000
90293  -48.499  21.770  -11.361 0.0000000000
90294  -49.217  21.538  -11.341 0.0000000000
90299  -55.319  21.377  -11.423 0.0000000000
90300  -56.421  21.435  -11.633 0.0000000000
90310  -50.433  20.810  -12.241 0.0000000000
90985  -44.405  22.251  4.521 0.0000000000
91016  -42.611  21.877  -0.716 0.0000000000
91049  -48.292  22.739  -6.618 0.0000000000
91065  -57.887  22.857  -7.523 0.0000000000
91066  -58.154  22.845  -7.930 0.0000000000
91074  -55.200  22.170  -7.962 0.0000000000
91086  -49.588  23.091  -9.644 0.0000000000
91088  -52.162  22.894  -9.763 0.0000000000
91108  -57.818  22.384  -10.344 0.0000000000
91109  -58.330  22.105  -9.931 0.0000000000
91114  -47.839  22.086  -11.319 0.0000000000
91116  -57.729  21.904  -11.018 0.0000000000
91144  -44.834  22.488  -16.947 0.0000000000
91799  -54.671  24.004  -2.304 0.0000000000
91802  -44.613  23.380  -3.456 0.0000000000
91812  -46.231  23.901  -4.942 0.0000000000
91818  -47.990  23.428  -6.299 0.0000000000
91824  -57.541  23.975  -6.201 0.0000000000
91853  -48.012  23.977  -9.630 0.0000000000
91858  -53.409  23.753  -9.842 0.0000000000
91868  -46.561  23.926  -10.450 0.0000000000
91878  -46.110  23.598  -11.042 0.0000000000
92586  -54.413  24.081  -2.137 0.0000000000
92590  -45.902  24.042  -4.233 0.0000000000
92600  -57.209  24.921  -3.355 0.0000000000
92611  -57.468  24.921  -3.908 0.0000000000
92613  -46.864  24.229  -5.026 0.0000000000
92614  -47.403  24.123  -5.453 0.0000000000
92616  -49.405  24.453  -5.711 0.0000000000
92620  -54.127  24.388  -5.252 0.0000000000
92632  -56.179  24.262  -5.465 0.0000000000
92648  -57.323  24.520  -8.293 0.0000000000
92649  -57.878  23.828  -7.561 0.0000000000
92662  -55.904  24.504  -9.489 0.0000000000
92678  -45.984  24.368  -10.945 0.0000000000
92698  -44.262  24.225  -15.155 0.0000000000
93333  -55.833  24.845  -2.517 0.0000000000
93342  -57.346  25.335  -6.403 0.0000000000
93343  -57.617  24.983  -5.478 0.0000000000
93364  -51.165  25.972  -9.696 0.0000000000
93366  -52.747  25.599  -9.615 0.0000000000
94041  -52.844  25.880  -3.366 0.0000000000
94045  -55.153  25.791  -4.257 0.0000000000
94047  -54.588  26.640  -5.263 0.0000000000
94056  -56.661  25.985  -7.069 0.0000000000
94063  -54.066  26.899  -8.893 0.0000000000
94862  -55.556  27.134  -7.274 0.0000000000
94875  -53.671  27.532  -8.611 0.0000000000
95663  -50.533  28.703  -7.357 0.0000000000
95672  -51.507  28.274  -8.358 0.0000000000
95673  -52.427  28.036  -8.563 0.0000000000
121624  -56.286  24.711  -2.893 0.0000000000
122300  -51.868  19.924  -19.925 0.0000000000
122437  -48.099  19.473  -19.821 0.0000000000
122779  -49.211  20.296  -20.011 0.0000000000
124258  -51.681  20.310  -18.987 0.0000000000
124387  -50.278  20.295  -19.794 0.0000000000
124947  -48.386  21.125  -14.665 0.0000000000
125790  -54.006  28.874  -7.336 0.0000000000
126307  -48.724  16.057  8.761 0.0000000000
129211  -47.727  22.245  -6.435 0.0000000000
130320  -46.334  12.124  -0.089 0.0000000000
131454  -47.541  12.264  0.967 0.0000000000
132629  -55.456  20.542  -8.936 0.0000000000
132783  -47.624  21.337  -15.406 0.0000000000
133853  -46.467  10.661  -11.371 0.0000000000
134907  -56.741  18.444  -15.326 0.0000000000
135447  -48.884  26.127  -10.052 0.0000000000
135625  -54.581  9.868  -7.086 0.0000000000
137792  -47.413  24.387  -5.009 0.0000000000
138070  -51.750  23.522  -7.374 0.0000000000
138363  -43.709  19.531  4.804 0.0000000000
138671  -51.004  24.158  5.220 0.0000000000
138698  -57.694  21.837  -8.354 0.0000000000
138835  -42.421  19.075  -2.766 0.0000000000
139282  -46.479  11.100  -2.631 0.0000000000
139315  -53.662  21.368  -10.899 0.0000000000
139402  -48.116  19.954  -20.462 0.0000000000
139433  -52.297  14.304  -19.330 0.0000000000
141361  -49.709  16.022  6.867 0.0000000000
141871  -44.248  15.664  -3.403 0.0000000000
142354  -43.864  22.371  -3.916 0.0000000000
142651  -47.254  14.271  4.295 0.0000000000
143566  -46.203  19.124  -5.575 0.0000000000
