#!ascii label  , from subject sub-v1s18x0051249_ses-1 vox2ras=TkReg
385
52865  -19.942  -16.250  -34.665 0.0000000000
50171  -17.130  -18.860  -30.704 0.0000000000
50172  -21.787  -18.757  -30.965 0.0000000000
135093  -20.364  -23.086  -29.798 0.0000000000
65907  -21.602  -5.632  -40.695 0.0000000000
62427  -21.889  -8.810  -37.894 0.0000000000
57815  -16.623  -12.214  -37.276 0.0000000000
135013  -19.688  -25.603  -26.758 0.0000000000
46942  -19.122  -21.404  -30.782 0.0000000000
46007  -17.950  -22.223  -28.803 0.0000000000
63675  -21.349  -7.348  -39.423 0.0000000000
61298  -17.611  -9.255  -39.918 0.0000000000
54090  -16.678  -15.583  -33.801 0.0000000000
127413  -15.462  -13.406  -34.226 0.0000000000
55375  -18.161  -14.548  -36.410 0.0000000000
57808  -20.538  -12.402  -36.802 0.0000000000
55353  -21.322  -14.256  -34.704 0.0000000000
54078  -22.471  -15.334  -32.477 0.0000000000
52828  -16.193  -16.631  -31.735 0.0000000000
50222  -18.459  -18.051  -33.115 0.0000000000
51533  -20.845  -18.052  -32.643 0.0000000000
48973  -19.972  -19.879  -32.614 0.0000000000
126811  -21.042  -21.380  -30.801 0.0000000000
120030  -23.428  -22.296  -28.046 0.0000000000
61279  -15.096  -9.317  -37.210 0.0000000000
142570  -18.860  -11.217  -38.474 0.0000000000
142475  -22.950  -10.395  -36.287 0.0000000000
118902  -17.471  -23.041  -27.268 0.0000000000
118694  -20.061  -24.402  -28.408 0.0000000000
143160  -16.893  -20.919  -28.677 0.0000000000
118331  -16.364  -21.281  -27.449 0.0000000000
62463  -16.955  -7.982  -40.415 0.0000000000
62439  -15.482  -7.933  -38.631 0.0000000000
52863  -18.528  -16.629  -34.581 0.0000000000
130800  -17.589  -15.404  -35.207 0.0000000000
54114  -18.973  -15.592  -35.677 0.0000000000
55364  -20.307  -14.424  -35.597 0.0000000000
132041  -20.952  -14.988  -34.391 0.0000000000
55336  -21.588  -14.766  -33.942 0.0000000000
52866  -20.946  -15.569  -33.934 0.0000000000
135615  -16.536  -17.376  -31.400 0.0000000000
51531  -16.876  -17.135  -32.166 0.0000000000
50206  -17.926  -18.350  -32.251 0.0000000000
141857  -19.462  -19.223  -32.838 0.0000000000
48971  -18.244  -19.108  -31.882 0.0000000000
46925  -19.493  -22.170  -30.304 0.0000000000
46943  -20.042  -21.605  -31.089 0.0000000000
46945  -20.914  -22.039  -30.525 0.0000000000
46927  -21.965  -21.836  -29.291 0.0000000000
119269  -22.009  -22.825  -28.872 0.0000000000
65905  -19.932  -6.060  -40.723 0.0000000000
66870  -20.062  -4.785  -41.000 0.0000000000
65924  -21.150  -5.202  -41.188 0.0000000000
66873  -22.328  -4.602  -41.845 0.0000000000
65908  -22.568  -5.453  -40.728 0.0000000000
63660  -21.834  -7.802  -38.725 0.0000000000
56585  -15.953  -12.840  -35.803 0.0000000000
58904  -15.072  -11.626  -35.704 0.0000000000
60061  -15.521  -10.611  -37.110 0.0000000000
120053  -17.003  -10.723  -38.720 0.0000000000
57824  -17.889  -12.143  -38.085 0.0000000000
57801  -22.208  -12.351  -35.609 0.0000000000
58914  -21.250  -11.862  -36.625 0.0000000000
60042  -23.259  -10.884  -35.724 0.0000000000
50195  -21.464  -18.493  -31.628 0.0000000000
51523  -21.830  -17.029  -31.800 0.0000000000
118297  -18.005  -24.680  -26.008 0.0000000000
118299  -18.385  -24.498  -26.650 0.0000000000
118304  -18.526  -23.967  -27.418 0.0000000000
118556  -20.114  -25.360  -27.391 0.0000000000
48953  -16.759  -19.113  -29.930 0.0000000000
47869  -18.037  -20.112  -30.722 0.0000000000
47837  -17.470  -20.271  -29.905 0.0000000000
46923  -17.749  -21.137  -29.602 0.0000000000
46022  -18.631  -22.271  -29.501 0.0000000000
64828  -19.304  -6.578  -40.618 0.0000000000
64811  -21.695  -6.624  -39.680 0.0000000000
123547  -19.268  -7.130  -40.510 0.0000000000
62452  -19.359  -8.237  -39.798 0.0000000000
61301  -20.123  -9.189  -38.878 0.0000000000
54075  -15.723  -15.214  -32.573 0.0000000000
55335  -16.188  -14.791  -33.959 0.0000000000
55362  -16.672  -14.266  -35.443 0.0000000000
129174  -17.095  -13.591  -36.603 0.0000000000
57817  -18.522  -12.652  -37.666 0.0000000000
56609  -19.548  -13.642  -36.719 0.0000000000
56611  -20.999  -13.159  -35.892 0.0000000000
143235  -22.268  -13.186  -34.845 0.0000000000
56553  -23.128  -13.625  -33.692 0.0000000000
41895  -21.312  -26.614  -25.600 0.0000000000
118604  -21.845  -25.847  -26.479 0.0000000000
52843  -16.562  -16.442  -32.533 0.0000000000
52853  -17.541  -16.663  -33.586 0.0000000000
51556  -18.920  -17.273  -34.247 0.0000000000
52855  -20.375  -17.175  -33.673 0.0000000000
50223  -19.869  -18.434  -33.490 0.0000000000
50209  -20.469  -18.955  -32.803 0.0000000000
48975  -20.774  -19.728  -32.395 0.0000000000
137966  -19.316  -20.521  -31.718 0.0000000000
47872  -20.656  -20.575  -31.921 0.0000000000
48955  -21.445  -19.809  -31.062 0.0000000000
47838  -22.049  -20.435  -29.726 0.0000000000
46908  -22.803  -21.205  -28.664 0.0000000000
64812  -22.672  -6.431  -39.385 0.0000000000
61289  -15.916  -9.471  -38.484 0.0000000000
60078  -18.078  -9.978  -39.356 0.0000000000
61292  -20.575  -9.730  -38.307 0.0000000000
58922  -19.579  -11.818  -37.795 0.0000000000
60064  -21.532  -10.409  -37.308 0.0000000000
61282  -22.662  -9.448  -37.073 0.0000000000
52845  -21.434  -16.615  -32.555 0.0000000000
52846  -22.120  -16.113  -32.061 0.0000000000
118329  -16.565  -22.057  -27.200 0.0000000000
118318  -17.142  -22.441  -27.647 0.0000000000
118330  -18.607  -22.850  -28.831 0.0000000000
118449  -20.379  -23.864  -28.931 0.0000000000
118661  -21.945  -25.225  -27.056 0.0000000000
118312  -21.327  -24.308  -28.345 0.0000000000
45124  -21.659  -23.635  -28.646 0.0000000000
63656  -14.991  -6.771  -38.006 0.0000000000
52864  -19.319  -16.703  -34.640 0.0000000000
52878  -18.798  -16.155  -35.178 0.0000000000
52879  -19.427  -15.985  -35.191 0.0000000000
54116  -20.009  -15.564  -35.118 0.0000000000
54105  -20.467  -15.610  -34.530 0.0000000000
137624  -20.430  -16.346  -34.075 0.0000000000
50170  -16.531  -18.356  -30.324 0.0000000000
50169  -16.240  -17.612  -30.629 0.0000000000
50193  -16.855  -18.125  -31.057 0.0000000000
51522  -17.226  -17.848  -31.797 0.0000000000
50194  -17.508  -18.613  -31.454 0.0000000000
125137  -20.100  -22.797  -30.044 0.0000000000
46036  -20.403  -22.133  -30.578 0.0000000000
46024  -20.723  -22.745  -29.997 0.0000000000
46025  -21.317  -22.468  -29.762 0.0000000000
65906  -20.679  -5.751  -40.761 0.0000000000
65923  -20.309  -5.220  -40.994 0.0000000000
65925  -22.029  -5.144  -41.314 0.0000000000
62443  -22.268  -8.277  -38.195 0.0000000000
63661  -22.710  -7.583  -38.408 0.0000000000
62444  -22.908  -8.049  -37.876 0.0000000000
62428  -22.606  -8.722  -37.504 0.0000000000
56605  -16.188  -12.422  -36.536 0.0000000000
57807  -15.604  -12.225  -35.991 0.0000000000
57814  -15.621  -11.735  -36.461 0.0000000000
60054  -15.163  -10.966  -36.423 0.0000000000
140181  -16.115  -11.835  -36.965 0.0000000000
58920  -16.385  -11.522  -37.518 0.0000000000
58921  -17.046  -11.856  -37.917 0.0000000000
57802  -22.954  -12.178  -35.254 0.0000000000
58908  -22.701  -11.621  -35.721 0.0000000000
51524  -21.980  -17.770  -31.168 0.0000000000
50173  -22.705  -18.184  -30.223 0.0000000000
118296  -19.128  -25.670  -26.104 0.0000000000
118726  -18.504  -25.118  -26.047 0.0000000000
118301  -17.767  -24.258  -26.267 0.0000000000
118298  -19.063  -25.100  -26.678 0.0000000000
118305  -19.099  -24.610  -27.314 0.0000000000
118609  -19.558  -25.105  -27.192 0.0000000000
47836  -16.755  -19.804  -29.301 0.0000000000
141965  -17.094  -19.676  -29.880 0.0000000000
46907  -17.323  -21.474  -28.756 0.0000000000
46021  -18.009  -21.756  -29.342 0.0000000000
63688  -18.537  -7.042  -40.578 0.0000000000
63687  -17.876  -7.175  -40.592 0.0000000000
62450  -17.059  -8.798  -40.193 0.0000000000
62451  -18.690  -8.492  -39.996 0.0000000000
61311  -18.041  -8.709  -40.189 0.0000000000
62453  -20.139  -8.378  -39.380 0.0000000000
61300  -19.351  -9.083  -39.374 0.0000000000
54089  -16.108  -15.170  -33.287 0.0000000000
54127  -17.872  -14.987  -35.847 0.0000000000
54112  -17.249  -14.807  -35.493 0.0000000000
55374  -17.346  -14.311  -36.138 0.0000000000
140732  -16.761  -13.810  -36.048 0.0000000000
56608  -18.681  -14.017  -36.830 0.0000000000
55376  -19.303  -14.406  -36.411 0.0000000000
55365  -20.821  -14.135  -35.243 0.0000000000
56587  -20.635  -13.728  -35.752 0.0000000000
56588  -21.328  -13.513  -35.321 0.0000000000
56589  -21.981  -13.034  -35.218 0.0000000000
56568  -21.920  -13.553  -34.781 0.0000000000
56569  -22.634  -13.390  -34.388 0.0000000000
55354  -22.010  -14.040  -34.317 0.0000000000
54093  -22.080  -15.015  -33.230 0.0000000000
55337  -22.490  -14.218  -33.705 0.0000000000
41875  -20.674  -27.016  -25.170 0.0000000000
41877  -22.380  -26.328  -24.608 0.0000000000
52827  -15.384  -16.041  -31.186 0.0000000000
52842  -15.901  -15.907  -32.122 0.0000000000
51532  -17.593  -17.588  -32.581 0.0000000000
52844  -17.231  -16.887  -32.897 0.0000000000
51541  -17.910  -17.300  -33.324 0.0000000000
52854  -18.208  -16.993  -33.981 0.0000000000
51542  -18.558  -17.541  -33.735 0.0000000000
51543  -19.318  -17.911  -33.759 0.0000000000
48985  -20.052  -19.119  -33.088 0.0000000000
48974  -20.489  -19.739  -32.590 0.0000000000
48964  -18.626  -19.944  -31.584 0.0000000000
47870  -18.798  -20.695  -31.134 0.0000000000
46944  -20.637  -21.311  -31.158 0.0000000000
46954  -20.336  -21.034  -31.607 0.0000000000
47873  -20.914  -20.825  -31.492 0.0000000000
143652  -21.093  -20.487  -31.476 0.0000000000
47855  -21.372  -20.615  -30.716 0.0000000000
46926  -21.575  -21.231  -30.024 0.0000000000
46008  -22.757  -22.074  -28.477 0.0000000000
46909  -23.743  -21.538  -28.292 0.0000000000
56548  -15.312  -13.711  -33.464 0.0000000000
61265  -14.607  -9.168  -36.557 0.0000000000
62425  -14.790  -8.586  -37.193 0.0000000000
62426  -15.392  -8.851  -37.998 0.0000000000
142907  -17.940  -11.030  -38.735 0.0000000000
60070  -17.604  -10.550  -38.965 0.0000000000
60071  -18.416  -10.706  -38.828 0.0000000000
61291  -19.712  -9.875  -38.746 0.0000000000
60073  -20.034  -10.600  -38.259 0.0000000000
56631  -19.820  -12.852  -37.048 0.0000000000
57818  -19.313  -12.447  -37.582 0.0000000000
57819  -20.039  -12.118  -37.370 0.0000000000
124385  -22.509  -10.993  -36.243 0.0000000000
60055  -21.754  -11.039  -36.681 0.0000000000
60065  -22.340  -10.219  -36.799 0.0000000000
61269  -23.110  -9.723  -36.557 0.0000000000
51545  -20.821  -17.245  -32.982 0.0000000000
52856  -20.964  -16.295  -33.330 0.0000000000
118314  -17.051  -23.221  -26.603 0.0000000000
118324  -16.394  -22.523  -26.428 0.0000000000
118315  -16.904  -22.679  -27.037 0.0000000000
120105  -19.312  -24.085  -28.102 0.0000000000
118316  -18.596  -23.425  -28.125 0.0000000000
118328  -19.293  -23.425  -28.829 0.0000000000
143677  -19.820  -23.854  -28.774 0.0000000000
118302  -21.267  -25.752  -27.038 0.0000000000
118325  -22.002  -24.126  -28.039 0.0000000000
47825  -16.539  -20.356  -28.514 0.0000000000
46906  -16.692  -21.070  -28.188 0.0000000000
46895  -16.882  -21.768  -27.937 0.0000000000
131679  -17.455  -7.604  -40.542 0.0000000000
63673  -16.258  -7.201  -39.703 0.0000000000
62448  -15.981  -7.857  -39.433 0.0000000000
62449  -16.515  -8.594  -39.759 0.0000000000
54104  -17.352  -15.773  -34.463 0.0000000000
52877  -18.074  -16.046  -34.934 0.0000000000
54113  -18.321  -15.577  -35.523 0.0000000000
54128  -18.558  -15.101  -36.043 0.0000000000
54129  -19.136  -15.050  -36.100 0.0000000000
54115  -19.538  -15.347  -35.596 0.0000000000
55352  -20.564  -14.864  -35.006 0.0000000000
54092  -21.440  -15.465  -33.441 0.0000000000
50208  -19.353  -18.635  -33.245 0.0000000000
50207  -18.718  -18.846  -32.656 0.0000000000
48972  -19.056  -19.570  -32.359 0.0000000000
139155  -21.275  -21.864  -30.175 0.0000000000
65921  -19.049  -5.841  -40.595 0.0000000000
133042  -21.585  -4.642  -41.603 0.0000000000
65909  -23.465  -5.091  -40.765 0.0000000000
63676  -22.200  -7.112  -39.021 0.0000000000
58913  -14.751  -10.885  -35.699 0.0000000000
61266  -15.020  -10.016  -36.696 0.0000000000
60068  -15.615  -9.926  -37.676 0.0000000000
60062  -16.062  -10.798  -37.673 0.0000000000
58928  -16.698  -11.130  -38.201 0.0000000000
58930  -18.247  -11.416  -38.490 0.0000000000
57810  -21.638  -12.279  -36.093 0.0000000000
58915  -22.019  -11.703  -36.166 0.0000000000
142767  -21.237  -17.349  -32.394 0.0000000000
119140  -21.366  -17.885  -31.967 0.0000000000
141538  -22.276  -17.133  -31.257 0.0000000000
118308  -17.241  -23.869  -26.122 0.0000000000
118303  -17.782  -23.755  -26.831 0.0000000000
118698  -18.047  -23.397  -27.524 0.0000000000
118311  -19.761  -24.824  -27.793 0.0000000000
139465  -16.247  -18.503  -29.668 0.0000000000
48963  -17.787  -19.367  -31.106 0.0000000000
48954  -17.371  -19.561  -30.368 0.0000000000
47854  -18.245  -20.906  -30.382 0.0000000000
47826  -17.097  -20.683  -29.146 0.0000000000
46924  -18.513  -21.637  -30.017 0.0000000000
46023  -19.373  -22.863  -29.559 0.0000000000
64827  -18.222  -6.643  -40.530 0.0000000000
64843  -18.605  -6.402  -40.546 0.0000000000
64829  -20.230  -6.404  -40.602 0.0000000000
64830  -21.168  -6.222  -40.370 0.0000000000
63690  -20.756  -6.821  -40.126 0.0000000000
63674  -20.477  -7.504  -39.720 0.0000000000
62464  -18.096  -7.868  -40.463 0.0000000000
62466  -19.680  -7.609  -40.069 0.0000000000
62454  -21.043  -8.077  -39.076 0.0000000000
62442  -21.532  -8.506  -38.448 0.0000000000
62441  -20.774  -8.824  -38.654 0.0000000000
55350  -15.758  -14.086  -34.019 0.0000000000
54103  -16.818  -15.023  -34.750 0.0000000000
55351  -16.255  -14.295  -34.653 0.0000000000
56567  -16.177  -13.817  -35.086 0.0000000000
56586  -16.299  -13.536  -35.629 0.0000000000
56606  -16.506  -13.209  -36.291 0.0000000000
56627  -16.813  -12.929  -36.974 0.0000000000
57816  -17.273  -12.551  -37.528 0.0000000000
56629  -18.228  -13.334  -37.257 0.0000000000
56630  -19.028  -13.224  -37.282 0.0000000000
56610  -20.409  -13.230  -36.426 0.0000000000
55377  -20.006  -14.050  -36.178 0.0000000000
57800  -21.539  -12.808  -35.723 0.0000000000
57789  -22.530  -12.781  -34.991 0.0000000000
57790  -23.190  -12.594  -34.618 0.0000000000
56570  -23.531  -13.004  -33.914 0.0000000000
125401  -22.222  -19.167  -30.207 0.0000000000
41894  -20.558  -26.499  -25.941 0.0000000000
118569  -20.470  -25.944  -26.809 0.0000000000
54076  -16.319  -15.767  -32.934 0.0000000000
52852  -16.908  -16.261  -33.273 0.0000000000
54091  -17.241  -16.142  -33.865 0.0000000000
52862  -17.801  -16.404  -34.253 0.0000000000
51558  -19.948  -16.996  -34.199 0.0000000000
51557  -19.541  -17.370  -34.145 0.0000000000
122396  -20.010  -17.860  -33.818 0.0000000000
51544  -20.384  -18.019  -33.282 0.0000000000
50224  -20.127  -18.502  -33.311 0.0000000000
50210  -21.035  -18.795  -32.280 0.0000000000
122983  -21.237  -19.363  -31.801 0.0000000000
48965  -19.427  -20.138  -32.130 0.0000000000
46953  -19.673  -21.040  -31.467 0.0000000000
47871  -20.110  -20.567  -32.095 0.0000000000
47882  -20.514  -20.184  -32.312 0.0000000000
121267  -20.946  -20.273  -31.985 0.0000000000
48956  -21.884  -19.896  -30.183 0.0000000000
48940  -22.608  -19.688  -29.575 0.0000000000
47839  -22.242  -21.009  -29.288 0.0000000000
64831  -22.160  -6.010  -40.119 0.0000000000
64832  -23.311  -5.700  -39.911 0.0000000000
64813  -23.710  -6.283  -39.003 0.0000000000
63643  -15.010  -7.916  -37.816 0.0000000000
62440  -15.908  -8.706  -38.961 0.0000000000
61297  -16.968  -9.430  -39.719 0.0000000000
60076  -16.935  -10.128  -39.177 0.0000000000
60079  -18.902  -9.982  -39.156 0.0000000000
61293  -21.337  -9.217  -38.120 0.0000000000
57825  -18.852  -11.912  -38.135 0.0000000000
58931  -19.480  -11.273  -38.183 0.0000000000
125541  -20.623  -11.774  -37.136 0.0000000000
58923  -20.241  -11.337  -37.694 0.0000000000
60063  -20.759  -10.499  -37.729 0.0000000000
61281  -21.935  -9.520  -37.493 0.0000000000
61283  -23.299  -8.971  -36.911 0.0000000000
54077  -21.713  -15.775  -32.822 0.0000000000
129037  -17.405  -22.153  -28.259 0.0000000000
118317  -17.873  -22.791  -28.061 0.0000000000
45121  -19.988  -23.397  -29.459 0.0000000000
135012  -20.756  -25.412  -27.503 0.0000000000
118684  -20.401  -24.952  -27.985 0.0000000000
118647  -21.642  -24.739  -27.745 0.0000000000
118313  -20.700  -24.409  -28.462 0.0000000000
118327  -20.997  -23.822  -28.932 0.0000000000
45122  -20.620  -23.366  -29.480 0.0000000000
45123  -21.230  -23.199  -29.375 0.0000000000
48966  -20.693  -20.143  -32.282 0.0000000000
55363  -19.718  -14.724  -35.903 0.0000000000
56607  -17.808  -13.892  -36.802 0.0000000000
56628  -17.485  -13.218  -37.164 0.0000000000
57809  -21.082  -12.629  -36.278 0.0000000000
58919  -15.782  -11.265  -37.035 0.0000000000
58924  -21.037  -11.165  -37.208 0.0000000000
58929  -17.492  -11.294  -38.484 0.0000000000
60069  -16.382  -10.261  -38.461 0.0000000000
60072  -19.247  -10.630  -38.614 0.0000000000
60077  -17.423  -9.884  -39.430 0.0000000000
61280  -21.218  -9.861  -37.770 0.0000000000
61290  -16.430  -9.464  -39.126 0.0000000000
61299  -18.450  -9.280  -39.678 0.0000000000
61310  -17.483  -8.384  -40.349 0.0000000000
62465  -18.930  -7.727  -40.314 0.0000000000
63657  -15.201  -7.211  -38.298 0.0000000000
63689  -19.953  -7.001  -40.497 0.0000000000
64844  -19.090  -6.170  -40.623 0.0000000000
118309  -21.018  -24.918  -27.991 0.0000000000
118613  -19.803  -26.166  -26.126 0.0000000000
130240  -16.485  -7.748  -40.002 0.0000000000
130652  -15.879  -13.766  -34.611 0.0000000000
131911  -17.863  -12.792  -37.557 0.0000000000
133177  -18.764  -14.666  -36.402 0.0000000000
133741  -20.036  -15.000  -35.451 0.0000000000
136172  -21.318  -25.259  -27.509 0.0000000000
138869  -14.825  -7.245  -37.728 0.0000000000
143032  -17.157  -7.435  -40.512 0.0000000000
