#!ascii label  , from subject sub-v1s18x0051249_ses-1 vox2ras=TkReg
973
118318  -17.142  -22.441  -27.647 0.5555555820
46007  -17.950  -22.223  -28.803 0.6666666865
46022  -18.631  -22.271  -29.501 0.7777777910
46942  -19.122  -21.404  -30.782 0.8888888955
46944  -20.637  -21.311  -31.158 0.8888888955
118315  -16.904  -22.679  -27.037 0.5555555820
46895  -16.882  -21.768  -27.937 0.5555555820
46907  -17.323  -21.474  -28.756 0.6666666865
46923  -17.749  -21.137  -29.602 0.8888888955
46925  -19.493  -22.170  -30.304 0.8888888955
47871  -20.110  -20.567  -32.095 1.0000000000
47873  -20.914  -20.825  -31.492 0.8888888955
121267  -20.946  -20.273  -31.985 1.0000000000
47825  -16.539  -20.356  -28.514 0.7777777910
141965  -17.094  -19.676  -29.880 1.0000000000
50171  -17.130  -18.860  -30.704 1.0000000000
47869  -18.037  -20.112  -30.722 1.0000000000
48971  -18.244  -19.108  -31.882 1.0000000000
48963  -17.787  -19.367  -31.106 1.0000000000
48972  -19.056  -19.570  -32.359 1.0000000000
50207  -18.718  -18.846  -32.656 1.0000000000
141857  -19.462  -19.223  -32.838 1.0000000000
48975  -20.774  -19.728  -32.395 1.0000000000
48985  -20.052  -19.119  -33.088 1.0000000000
50210  -21.035  -18.795  -32.280 1.0000000000
51544  -20.384  -18.019  -33.282 1.0000000000
51533  -20.845  -18.052  -32.643 0.7777777910
50169  -16.240  -17.612  -30.629 0.8888888955
51522  -17.226  -17.848  -31.797 1.0000000000
50222  -18.459  -18.051  -33.115 1.0000000000
51543  -19.318  -17.911  -33.759 1.0000000000
50223  -19.869  -18.434  -33.490 1.0000000000
122396  -20.010  -17.860  -33.818 1.0000000000
51545  -20.821  -17.245  -32.982 1.0000000000
52856  -20.964  -16.295  -33.330 1.0000000000
52845  -21.434  -16.615  -32.555 0.7777777910
52846  -22.120  -16.113  -32.061 0.7777777910
52828  -16.193  -16.631  -31.735 0.5555555820
54076  -16.319  -15.767  -32.934 0.7777777910
52843  -16.562  -16.442  -32.533 0.8888888955
51541  -17.910  -17.300  -33.324 1.0000000000
52853  -17.541  -16.663  -33.586 0.8888888955
52854  -18.208  -16.993  -33.981 1.0000000000
51556  -18.920  -17.273  -34.247 1.0000000000
51558  -19.948  -16.996  -34.199 1.0000000000
137624  -20.430  -16.346  -34.075 0.8888888955
52866  -20.946  -15.569  -33.934 0.8888888955
54093  -22.080  -15.015  -33.230 0.7777777910
54078  -22.471  -15.334  -32.477 0.6666666865
55322  -22.849  -14.610  -32.893 0.6666666865
55317  -15.196  -14.632  -32.183 0.4444444478
54089  -16.108  -15.170  -33.287 0.6666666865
54104  -17.352  -15.773  -34.463 0.7777777910
52863  -18.528  -16.629  -34.581 0.8888888955
52864  -19.319  -16.703  -34.640 1.0000000000
52878  -18.798  -16.155  -35.178 1.0000000000
52879  -19.427  -15.985  -35.191 1.0000000000
54105  -20.467  -15.610  -34.530 1.0000000000
132041  -20.952  -14.988  -34.391 0.8888888955
55336  -21.588  -14.766  -33.942 0.7777777910
55337  -22.490  -14.218  -33.705 0.7777777910
55350  -15.758  -14.086  -34.019 0.6666666865
54103  -16.818  -15.023  -34.750 0.7777777910
55351  -16.255  -14.295  -34.653 0.7777777910
130800  -17.589  -15.404  -35.207 0.8888888955
54113  -18.321  -15.577  -35.523 0.8888888955
54127  -17.872  -14.987  -35.847 1.0000000000
54128  -18.558  -15.101  -36.043 1.0000000000
54115  -19.538  -15.347  -35.596 1.0000000000
54116  -20.009  -15.564  -35.118 0.8888888955
55365  -20.821  -14.135  -35.243 0.8888888955
55353  -21.322  -14.256  -34.704 0.8888888955
56587  -20.635  -13.728  -35.752 0.8888888955
56588  -21.328  -13.513  -35.321 0.7777777910
56568  -21.920  -13.553  -34.781 0.7777777910
56553  -23.128  -13.625  -33.692 0.7777777910
127413  -15.462  -13.406  -34.226 0.6666666865
56548  -15.312  -13.711  -33.464 0.5555555820
56567  -16.177  -13.817  -35.086 0.7777777910
55362  -16.672  -14.266  -35.443 0.8888888955
55374  -17.346  -14.311  -36.138 0.8888888955
55375  -18.161  -14.548  -36.410 1.0000000000
55377  -20.006  -14.050  -36.178 1.0000000000
55364  -20.307  -14.424  -35.597 0.8888888955
56589  -21.981  -13.034  -35.218 0.7777777910
57789  -22.530  -12.781  -34.991 0.7777777910
57790  -23.190  -12.594  -34.618 0.6666666865
56570  -23.531  -13.004  -33.914 0.5555555820
56566  -15.721  -13.230  -35.049 0.7777777910
57799  -15.364  -12.420  -35.324 0.6666666865
56586  -16.299  -13.536  -35.629 0.8888888955
129174  -17.095  -13.591  -36.603 1.0000000000
56608  -18.681  -14.017  -36.830 1.0000000000
56610  -20.409  -13.230  -36.426 0.8888888955
57808  -20.538  -12.402  -36.802 0.8888888955
56611  -20.999  -13.159  -35.892 0.8888888955
57801  -22.208  -12.351  -35.609 0.7777777910
58908  -22.701  -11.621  -35.721 0.7777777910
57802  -22.954  -12.178  -35.254 0.7777777910
58914  -21.250  -11.862  -36.625 0.7777777910
58909  -23.308  -11.581  -35.351 0.5555555820
58894  -24.531  -11.606  -34.350 0.5555555820
60042  -23.259  -10.884  -35.724 0.6666666865
58903  -14.634  -11.066  -34.955 0.4444444478
58904  -15.072  -11.626  -35.704 0.5555555820
57814  -15.621  -11.735  -36.461 0.7777777910
56627  -16.813  -12.929  -36.974 1.0000000000
56605  -16.188  -12.422  -36.536 0.8888888955
57816  -17.273  -12.551  -37.528 1.0000000000
57817  -18.522  -12.652  -37.666 0.8888888955
57818  -19.313  -12.447  -37.582 0.8888888955
56631  -19.820  -12.852  -37.048 0.8888888955
57819  -20.039  -12.118  -37.370 0.8888888955
124385  -22.509  -10.993  -36.243 0.6666666865
58910  -24.053  -11.141  -35.091 0.5555555820
61279  -15.096  -9.317  -37.210 0.6666666865
61266  -15.020  -10.016  -36.696 0.6666666865
60062  -16.062  -10.798  -37.673 0.7777777910
57824  -17.889  -12.143  -38.085 0.8888888955
58928  -16.698  -11.130  -38.201 0.7777777910
58930  -18.247  -11.416  -38.490 0.7777777910
57825  -18.852  -11.912  -38.135 0.8888888955
142570  -18.860  -11.217  -38.474 0.7777777910
58922  -19.579  -11.818  -37.795 0.8888888955
60063  -20.759  -10.499  -37.729 0.7777777910
58923  -20.241  -11.337  -37.694 0.7777777910
60055  -21.754  -11.039  -36.681 0.6666666865
61292  -20.575  -9.730  -38.307 0.6666666865
60064  -21.532  -10.409  -37.308 0.6666666865
60065  -22.340  -10.219  -36.799 0.6666666865
62428  -22.606  -8.722  -37.504 0.6666666865
61282  -22.662  -9.448  -37.073 0.5555555820
61269  -23.110  -9.723  -36.557 0.5555555820
60043  -23.987  -10.465  -35.529 0.4444444478
61283  -23.299  -8.971  -36.911 0.5555555820
121265  -14.508  -5.497  -36.743 0.3333333433
64779  -14.688  -6.973  -37.475 0.3333333433
62426  -15.392  -8.851  -37.998 0.5555555820
62440  -15.908  -8.706  -38.961 0.5555555820
61289  -15.916  -9.471  -38.484 0.7777777910
60070  -17.604  -10.550  -38.965 0.7777777910
60078  -18.078  -9.978  -39.356 0.6666666865
60071  -18.416  -10.706  -38.828 0.6666666865
61291  -19.712  -9.875  -38.746 0.6666666865
62441  -20.774  -8.824  -38.654 0.6666666865
62427  -21.889  -8.810  -37.894 0.6666666865
62429  -23.579  -8.213  -37.371 0.5555555820
64780  -15.125  -6.484  -38.077 0.4444444478
65870  -14.927  -4.857  -37.251 0.4444444478
63656  -14.991  -6.771  -38.006 0.4444444478
64793  -15.434  -6.655  -38.489 0.5555555820
62439  -15.482  -7.933  -38.631 0.5555555820
62449  -16.515  -8.594  -39.759 0.6666666865
61297  -16.968  -9.430  -39.719 0.6666666865
61298  -17.611  -9.255  -39.918 0.6666666865
60079  -18.902  -9.982  -39.156 0.6666666865
61301  -20.123  -9.189  -38.878 0.6666666865
62442  -21.532  -8.506  -38.448 0.6666666865
63661  -22.710  -7.583  -38.408 0.6666666865
129003  -23.539  -7.529  -37.977 0.5555555820
64807  -15.976  -6.771  -39.198 0.4444444478
62463  -16.955  -7.982  -40.415 0.6666666865
62450  -17.059  -8.798  -40.193 0.6666666865
62451  -18.690  -8.492  -39.996 0.6666666865
61300  -19.351  -9.083  -39.374 0.6666666865
61311  -18.041  -8.709  -40.189 0.6666666865
63660  -21.834  -7.802  -38.725 0.6666666865
47854  -18.245  -20.906  -30.382 0.8888888955
47826  -17.097  -20.683  -29.146 1.0000000000
48964  -18.626  -19.944  -31.584 1.0000000000
47882  -20.514  -20.184  -32.312 1.0000000000
55334  -15.597  -14.516  -33.170 0.5555555820
55352  -20.564  -14.864  -35.006 0.8888888955
57786  -15.174  -12.662  -34.506 0.5555555820
60037  -14.489  -10.306  -35.282 0.5555555820
56585  -15.953  -12.840  -35.803 0.7777777910
56629  -18.228  -13.334  -37.257 1.0000000000
57810  -21.638  -12.279  -36.093 0.8888888955
142907  -17.940  -11.030  -38.735 0.7777777910
128174  -23.564  -10.075  -35.998 0.4444444478
62448  -15.981  -7.857  -39.433 0.6666666865
131679  -17.455  -7.604  -40.542 0.6666666865
56528  -15.129  -14.060  -32.708 0.4444444478
57770  -15.090  -13.014  -33.796 0.4444444478
62430  -24.640  -8.074  -37.074 0.5555555820
118654  -15.571  -4.529  -37.041 0.2222222239
118542  -15.443  -5.131  -37.691 0.3333333433
63644  -24.288  -7.647  -37.537 0.5555555820
118303  -17.782  -23.755  -26.831 0.5555555820
118304  -18.526  -23.967  -27.418 0.5555555820
118317  -17.873  -22.791  -28.061 0.6666666865
118330  -18.607  -22.850  -28.831 0.5555555820
45121  -19.988  -23.397  -29.459 0.5555555820
46945  -20.914  -22.039  -30.525 0.7777777910
139155  -21.275  -21.864  -30.175 0.8888888955
118314  -17.051  -23.221  -26.603 0.5555555820
46023  -19.373  -22.863  -29.559 0.6666666865
125137  -20.100  -22.797  -30.044 0.6666666865
46036  -20.403  -22.133  -30.578 0.8888888955
126811  -21.042  -21.380  -30.801 0.7777777910
47855  -21.372  -20.615  -30.716 0.7777777910
48955  -21.445  -19.809  -31.062 0.8888888955
118324  -16.394  -22.523  -26.428 0.4444444478
118342  -15.984  -20.748  -27.090 0.5555555820
48912  -16.067  -19.913  -27.952 0.2222222239
47836  -16.755  -19.804  -29.301 0.6666666865
50195  -21.464  -18.493  -31.628 0.8888888955
119140  -21.366  -17.885  -31.967 0.6666666865
139465  -16.247  -18.503  -29.668 0.5555555820
51505  -15.592  -17.138  -30.184 0.4444444478
54061  -22.965  -15.674  -31.676 0.5555555820
55307  -24.129  -14.689  -31.799 0.5555555820
124017  -14.884  -15.243  -30.837 0.2222222239
55323  -23.831  -14.228  -32.475 0.5555555820
56554  -23.980  -13.473  -33.082 0.5555555820
57753  -14.694  -12.562  -31.922 0.3333333433
57777  -24.515  -12.682  -33.362 0.5555555820
57798  -14.846  -11.851  -34.769 0.4444444478
58876  -25.071  -12.001  -33.591 0.4444444478
60021  -14.494  -10.731  -34.582 0.3333333433
60044  -24.862  -10.337  -35.069 0.4444444478
64768  -14.081  -6.136  -35.632 0.3333333433
63628  -14.469  -7.461  -36.761 0.3333333433
62411  -14.480  -8.471  -36.528 0.4444444478
61254  -24.356  -9.818  -35.708 0.4444444478
133320  -24.976  -8.608  -36.405 0.4444444478
62431  -25.822  -7.921  -36.821 0.2222222239
118678  -15.652  -6.492  -38.662 0.3333333433
63685  -16.850  -7.261  -40.330 0.6666666865
62464  -18.096  -7.868  -40.463 0.6666666865
62452  -19.359  -8.237  -39.798 0.6666666865
63674  -20.477  -7.504  -39.720 0.6666666865
63675  -21.349  -7.348  -39.423 0.6666666865
63676  -22.200  -7.112  -39.021 0.6666666865
143625  -23.234  -7.259  -38.369 0.6666666865
63662  -24.584  -7.000  -37.942 0.4444444478
63645  -25.306  -7.460  -37.408 0.3333333433
63686  -17.434  -7.091  -40.549 0.5555555820
118329  -16.565  -22.057  -27.200 0.5555555820
129037  -17.405  -22.153  -28.259 0.6666666865
118902  -17.471  -23.041  -27.268 0.5555555820
118698  -18.047  -23.397  -27.524 0.6666666865
46021  -18.009  -21.756  -29.342 0.7777777910
46924  -18.513  -21.637  -30.017 0.8888888955
47870  -18.798  -20.695  -31.134 1.0000000000
46954  -20.336  -21.034  -31.607 1.0000000000
46943  -20.042  -21.605  -31.089 0.8888888955
118341  -16.026  -21.457  -26.565 0.4444444478
118331  -16.364  -21.281  -27.449 0.5555555820
143160  -16.893  -20.919  -28.677 0.8888888955
46906  -16.692  -21.070  -28.188 0.5555555820
46953  -19.673  -21.040  -31.467 1.0000000000
47872  -20.656  -20.575  -31.921 1.0000000000
137966  -19.316  -20.521  -31.718 1.0000000000
48965  -19.427  -20.138  -32.130 1.0000000000
143652  -21.093  -20.487  -31.476 1.0000000000
48974  -20.489  -19.739  -32.590 1.0000000000
47812  -16.202  -20.553  -27.733 0.6666666865
47837  -17.470  -20.271  -29.905 1.0000000000
48953  -16.759  -19.113  -29.930 0.8888888955
48954  -17.371  -19.561  -30.368 1.0000000000
50170  -16.531  -18.356  -30.324 1.0000000000
48973  -19.972  -19.879  -32.614 1.0000000000
50194  -17.508  -18.613  -31.454 1.0000000000
50206  -17.926  -18.350  -32.251 1.0000000000
50209  -20.469  -18.955  -32.803 1.0000000000
50208  -19.353  -18.635  -33.245 1.0000000000
50224  -20.127  -18.502  -33.311 1.0000000000
142767  -21.237  -17.349  -32.394 0.7777777910
135615  -16.536  -17.376  -31.400 1.0000000000
50193  -16.855  -18.125  -31.057 1.0000000000
50151  -15.959  -17.864  -29.886 0.5555555820
51532  -17.593  -17.588  -32.581 1.0000000000
51542  -18.558  -17.541  -33.735 1.0000000000
51557  -19.541  -17.370  -34.145 1.0000000000
52855  -20.375  -17.175  -33.673 1.0000000000
54077  -21.713  -15.775  -32.822 0.7777777910
51520  -15.250  -16.387  -30.398 0.5555555820
51521  -15.859  -16.865  -30.930 0.5555555820
52827  -15.384  -16.041  -31.186 0.6666666865
54090  -16.678  -15.583  -33.801 0.8888888955
52852  -16.908  -16.261  -33.273 0.8888888955
54091  -17.241  -16.142  -33.865 0.8888888955
51531  -16.876  -17.135  -32.166 0.8888888955
52844  -17.231  -16.887  -32.897 1.0000000000
52862  -17.801  -16.404  -34.253 0.8888888955
52865  -19.942  -16.250  -34.665 1.0000000000
54092  -21.440  -15.465  -33.441 0.7777777910
54079  -23.297  -14.942  -32.131 0.5555555820
54075  -15.723  -15.214  -32.573 0.5555555820
55300  -14.859  -14.652  -31.283 0.3333333433
54058  -15.283  -15.276  -31.693 0.3333333433
52842  -15.901  -15.907  -32.122 0.6666666865
55335  -16.188  -14.791  -33.959 0.6666666865
52877  -18.074  -16.046  -34.934 0.8888888955
54114  -18.973  -15.592  -35.677 1.0000000000
55354  -22.010  -14.040  -34.317 0.7777777910
55338  -23.208  -14.048  -33.234 0.5555555820
54112  -17.249  -14.807  -35.493 0.8888888955
54129  -19.136  -15.050  -36.100 1.0000000000
143235  -22.268  -13.186  -34.845 0.7777777910
56569  -22.634  -13.390  -34.388 0.7777777910
56547  -15.104  -13.483  -33.195 0.4444444478
140732  -16.761  -13.810  -36.048 0.8888888955
55376  -19.303  -14.406  -36.411 1.0000000000
56609  -19.548  -13.642  -36.719 0.8888888955
57800  -21.539  -12.808  -35.723 0.7777777910
57791  -24.047  -12.320  -34.177 0.5555555820
57807  -15.604  -12.225  -35.991 0.6666666865
56606  -16.506  -13.209  -36.291 0.8888888955
56630  -19.028  -13.224  -37.282 1.0000000000
58915  -22.019  -11.703  -36.166 0.8888888955
58893  -23.637  -11.910  -34.837 0.6666666865
125541  -20.623  -11.774  -37.136 0.8888888955
58913  -14.751  -10.885  -35.699 0.5555555820
57815  -16.623  -12.214  -37.276 1.0000000000
140181  -16.115  -11.835  -36.965 0.7777777910
60054  -15.163  -10.966  -36.423 0.7777777910
58921  -17.046  -11.856  -37.917 0.7777777910
60027  -24.998  -10.965  -34.512 0.5555555820
61265  -14.607  -9.168  -36.557 0.5555555820
62425  -14.790  -8.586  -37.193 0.4444444478
60061  -15.521  -10.611  -37.110 0.6666666865
60068  -15.615  -9.926  -37.676 0.6666666865
60053  -14.697  -10.394  -36.019 0.6666666865
120053  -17.003  -10.723  -38.720 0.7777777910
58920  -16.385  -11.522  -37.518 0.7777777910
58931  -19.480  -11.273  -38.183 0.7777777910
60073  -20.034  -10.600  -38.259 0.6666666865
61293  -21.337  -9.217  -38.120 0.6666666865
61281  -21.935  -9.520  -37.493 0.6666666865
142475  -22.950  -10.395  -36.287 0.5555555820
61270  -23.987  -9.285  -36.334 0.4444444478
62414  -24.046  -8.589  -36.780 0.5555555820
63642  -14.563  -7.760  -37.066 0.4444444478
63643  -15.010  -7.916  -37.816 0.5555555820
60076  -16.935  -10.128  -39.177 0.7777777910
62443  -22.268  -8.277  -38.195 0.6666666865
62444  -22.908  -8.049  -37.876 0.6666666865
63672  -15.677  -7.174  -39.015 0.5555555820
63673  -16.258  -7.201  -39.703 0.6666666865
62453  -20.139  -8.378  -39.380 0.6666666865
62454  -21.043  -8.077  -39.076 0.6666666865
138204  -14.326  -9.528  -35.444 0.3333333433
56527  -14.725  -13.310  -32.064 0.4444444478
63663  -25.917  -6.860  -37.826 0.3333333433
118308  -17.241  -23.869  -26.122 0.5555555820
122983  -21.237  -19.363  -31.801 0.7777777910
119899  -15.854  -22.052  -26.003 0.3333333433
51523  -21.830  -17.029  -31.800 0.6666666865
50152  -16.237  -18.967  -29.156 0.7777777910
131963  -14.926  -15.745  -30.432 0.3333333433
54045  -14.697  -15.319  -30.284 0.1111111119
55285  -14.728  -14.758  -30.675 0.1111111119
57769  -14.591  -12.163  -32.677 0.3333333433
57785  -14.814  -12.153  -34.173 0.3333333433
62398  -14.326  -8.913  -35.950 0.3333333433
63677  -23.009  -6.893  -38.709 0.6666666865
64798  -24.388  -6.508  -38.506 0.4444444478
118310  -22.311  -24.476  -27.384 0.4444444478
135006  -24.821  -24.153  -25.376 0.2222222239
118305  -19.099  -24.610  -27.314 0.4444444478
118556  -20.114  -25.360  -27.391 0.4444444478
120105  -19.312  -24.085  -28.102 0.4444444478
118694  -20.061  -24.402  -28.408 0.4444444478
118312  -21.327  -24.308  -28.345 0.4444444478
141789  -22.556  -23.913  -27.636 0.4444444478
140255  -24.700  -23.257  -26.634 0.2222222239
118449  -20.379  -23.864  -28.931 0.4444444478
118327  -20.997  -23.822  -28.932 0.4444444478
45124  -21.659  -23.635  -28.646 0.4444444478
118345  -25.182  -22.585  -26.870 0.1111111119
45123  -21.230  -23.199  -29.375 0.4444444478
118335  -22.837  -22.776  -28.134 0.3333333433
45122  -20.620  -23.366  -29.480 0.4444444478
120030  -23.428  -22.296  -28.046 0.3333333433
46896  -24.969  -21.984  -27.482 0.2222222239
119269  -22.009  -22.825  -28.872 0.4444444478
135093  -20.364  -23.086  -29.798 0.5555555820
46024  -20.723  -22.745  -29.997 0.4444444478
46908  -22.803  -21.205  -28.664 0.2222222239
47827  -24.465  -20.773  -28.525 0.1111111119
47841  -25.020  -20.146  -28.861 0.1111111119
47839  -22.242  -21.009  -29.288 0.3333333433
46926  -21.575  -21.231  -30.024 0.4444444478
47838  -22.049  -20.435  -29.726 0.5555555820
48956  -21.884  -19.896  -30.183 0.6666666865
48941  -23.612  -19.637  -29.244 0.4444444478
50174  -23.940  -18.382  -29.655 0.3333333433
50172  -21.787  -18.757  -30.965 0.6666666865
50173  -22.705  -18.184  -30.223 0.5555555820
51524  -21.980  -17.770  -31.168 0.5555555820
51506  -22.739  -17.269  -30.712 0.5555555820
139569  -23.313  -16.820  -30.671 0.3333333433
52830  -23.664  -16.125  -30.946 0.4444444478
54062  -23.880  -15.316  -31.464 0.4444444478
62466  -19.680  -7.609  -40.069 0.5555555820
123547  -19.268  -7.130  -40.510 0.5555555820
64811  -21.695  -6.624  -39.680 0.5555555820
64812  -22.672  -6.431  -39.385 0.5555555820
118661  -21.945  -25.225  -27.056 0.4444444478
135014  -24.337  -23.854  -26.375 0.2222222239
118316  -18.596  -23.425  -28.125 0.4444444478
118348  -24.169  -22.114  -27.778 0.2222222239
46909  -23.743  -21.538  -28.292 0.2222222239
46910  -24.782  -21.271  -28.084 0.1111111119
119792  -22.940  -20.371  -28.979 0.4444444478
47840  -24.127  -20.209  -28.848 0.3333333433
125401  -22.222  -19.167  -30.207 0.6666666865
50153  -23.166  -18.969  -29.628 0.4444444478
52815  -24.010  -16.797  -30.435 0.3333333433
55308  -24.776  -14.245  -31.896 0.4444444478
64829  -20.230  -6.404  -40.602 0.5555555820
118328  -19.293  -23.425  -28.829 0.4444444478
137842  -24.078  -19.065  -29.411 0.2222222239
64813  -23.710  -6.283  -39.003 0.5555555820
41894  -20.558  -26.499  -25.941 0.4444444478
118604  -21.845  -25.847  -26.479 0.4444444478
135508  -22.802  -25.567  -25.755 0.4444444478
134968  -24.388  -24.593  -25.203 0.2222222239
135007  -25.430  -23.996  -24.395 0.1111111119
118301  -17.767  -24.258  -26.267 0.4444444478
135013  -19.688  -25.603  -26.758 0.4444444478
118333  -25.877  -22.471  -26.347 0.1111111119
118550  -25.397  -23.742  -25.121 0.1111111119
118577  -25.678  -21.895  -27.134 0.1111111119
118648  -25.464  -21.277  -27.755 0.1111111119
47813  -25.871  -20.703  -28.117 0.1111111119
47828  -25.627  -20.206  -28.673 0.1111111119
130657  -25.090  -18.866  -29.577 0.2222222239
50175  -24.939  -18.078  -29.907 0.1111111119
52816  -24.744  -16.564  -30.644 0.2222222239
56535  -24.649  -13.719  -32.374 0.4444444478
61250  -14.475  -9.689  -35.906 0.4444444478
61255  -25.244  -9.584  -35.439 0.3333333433
64808  -16.608  -6.944  -39.955 0.4444444478
63688  -18.537  -7.042  -40.578 0.5555555820
64828  -19.304  -6.578  -40.618 0.5555555820
64831  -22.160  -6.010  -40.119 0.5555555820
64832  -23.311  -5.700  -39.911 0.5555555820
118299  -18.385  -24.498  -26.650 0.4444444478
46025  -21.317  -22.468  -29.762 0.5555555820
141538  -22.276  -17.133  -31.257 0.5555555820
52829  -22.651  -16.569  -31.314 0.5555555820
56555  -25.106  -13.103  -32.585 0.4444444478
61271  -24.800  -9.238  -35.944 0.3333333433
46927  -21.965  -21.836  -29.291 0.3333333433
118647  -21.642  -24.739  -27.745 0.4444444478
118558  -23.658  -24.386  -26.395 0.4444444478
135015  -22.755  -24.774  -26.695 0.4444444478
118649  -24.362  -24.279  -25.841 0.3333333433
135005  -24.958  -23.657  -25.923 0.1111111119
118298  -19.063  -25.100  -26.678 0.4444444478
118609  -19.558  -25.105  -27.192 0.4444444478
118311  -19.761  -24.824  -27.793 0.4444444478
118302  -21.267  -25.752  -27.038 0.4444444478
135012  -20.756  -25.412  -27.503 0.4444444478
143677  -19.820  -23.854  -28.774 0.4444444478
118684  -20.401  -24.952  -27.985 0.4444444478
118313  -20.700  -24.409  -28.462 0.4444444478
118325  -22.002  -24.126  -28.039 0.4444444478
135009  -23.021  -24.070  -27.080 0.4444444478
118326  -23.080  -23.505  -27.559 0.4444444478
118447  -22.428  -23.420  -28.098 0.4444444478
118334  -23.866  -23.556  -27.018 0.2222222239
143595  -22.967  -23.147  -27.834 0.4444444478
118652  -25.300  -23.046  -26.312 0.1111111119
118347  -24.443  -22.762  -27.269 0.2222222239
46008  -22.757  -22.074  -28.477 0.3333333433
140384  -23.576  -20.825  -28.605 0.2222222239
133110  -25.100  -20.610  -28.497 0.1111111119
48940  -22.608  -19.688  -29.575 0.4444444478
51507  -23.733  -17.522  -30.171 0.3333333433
63690  -20.756  -6.821  -40.126 0.5555555820
129469  -22.468  -25.414  -26.310 0.4444444478
65906  -20.679  -5.751  -40.761 0.5555555820
48942  -24.655  -19.590  -29.212 0.2222222239
136356  -21.760  -26.222  -25.966 0.4444444478
118569  -20.470  -25.944  -26.809 0.4444444478
118602  -23.314  -25.404  -25.279 0.4444444478
134999  -24.415  -24.809  -24.655 0.2222222239
118668  -23.159  -25.090  -26.008 0.4444444478
118726  -18.504  -25.118  -26.047 0.4444444478
118297  -18.005  -24.680  -26.008 0.4444444478
118578  -25.647  -23.156  -25.744 0.1111111119
118696  -26.300  -21.684  -26.728 0.1111111119
40692  -22.758  -27.441  -19.197 0.1111111119
39710  -18.556  -28.419  -22.371 0.3333333433
40699  -20.932  -27.764  -20.927 0.2222222239
40691  -22.012  -27.561  -19.794 0.2222222239
132775  -22.771  -27.066  -19.944 0.1111111119
41854  -16.732  -26.355  -23.279 0.3333333433
40720  -17.265  -27.171  -22.887 0.3333333433
40723  -19.768  -28.040  -22.859 0.3333333433
40725  -21.192  -27.351  -22.521 0.3333333433
40714  -21.561  -27.313  -21.413 0.2222222239
41840  -21.957  -26.842  -22.147 0.2222222239
40701  -22.171  -27.175  -20.640 0.2222222239
139935  -23.325  -26.623  -20.097 0.1111111119
41841  -22.315  -26.796  -21.370 0.2222222239
135798  -15.801  -24.786  -23.959 0.2222222239
42989  -16.274  -25.583  -23.631 0.2222222239
41855  -17.489  -26.712  -23.675 0.3333333433
141001  -18.393  -27.773  -23.315 0.3333333433
40722  -18.889  -28.078  -23.086 0.3333333433
41842  -22.987  -26.370  -21.392 0.1111111119
44113  -16.261  -24.435  -24.701 0.2222222239
43002  -16.656  -25.239  -24.352 0.3333333433
44114  -17.064  -24.867  -25.062 0.3333333433
43003  -17.537  -25.675  -24.724 0.3333333433
143051  -18.070  -25.732  -25.114 0.3333333433
119585  -17.720  -26.355  -24.275 0.3333333433
41873  -19.272  -26.966  -24.914 0.3333333433
40756  -20.652  -27.289  -24.311 0.3333333433
41874  -19.987  -27.285  -24.770 0.3333333433
41857  -22.056  -26.686  -23.748 0.3333333433
41876  -21.512  -26.870  -24.656 0.3333333433
41850  -23.126  -26.108  -22.184 0.1111111119
41859  -23.294  -25.846  -23.101 0.2222222239
118321  -15.922  -23.513  -25.081 0.2222222239
118306  -16.744  -24.106  -25.432 0.2222222239
43019  -17.859  -25.182  -25.465 0.3333333433
41892  -19.171  -26.295  -25.480 0.3333333433
41875  -20.674  -27.016  -25.170 0.3333333433
41895  -21.312  -26.614  -25.600 0.3333333433
41858  -22.821  -26.149  -23.836 0.3333333433
42992  -24.032  -25.398  -23.334 0.1111111119
118322  -15.249  -22.693  -25.056 0.3333333433
118307  -16.565  -23.338  -25.884 0.3333333433
118296  -19.128  -25.670  -26.104 0.3333333433
41896  -22.027  -26.366  -25.361 0.3333333433
43020  -22.285  -25.918  -25.877 0.3333333433
52831  -24.658  -15.787  -31.056 0.2222222239
54063  -24.862  -14.992  -31.489 0.2222222239
136649  -25.286  -15.743  -31.370 0.2222222239
57778  -25.562  -12.517  -33.002 0.3333333433
39694  -19.930  -28.228  -21.981 0.3333333433
40713  -20.723  -27.699  -21.731 0.3333333433
41826  -23.539  -26.266  -20.696 0.1111111119
42990  -17.068  -25.985  -23.991 0.3333333433
40755  -19.372  -27.424  -24.313 0.3333333433
140718  -20.000  -27.532  -24.117 0.3333333433
122508  -22.499  -26.439  -22.830 0.3333333433
118300  -17.448  -24.492  -25.723 0.3333333433
43004  -23.064  -25.821  -24.613 0.3333333433
39654  -21.597  -28.069  -19.176 0.1111111119
40681  -22.205  -27.800  -18.978 0.1111111119
40712  -17.262  -27.861  -22.174 0.3333333433
39709  -17.896  -28.381  -22.181 0.3333333433
39692  -18.271  -28.737  -21.691 0.3333333433
122621  -19.702  -28.497  -21.164 0.3333333433
39676  -20.386  -28.303  -20.607 0.3333333433
39666  -21.125  -28.019  -20.039 0.3333333433
143583  -23.156  -27.594  -18.285 0.1111111119
41818  -23.445  -26.906  -19.367 0.1111111119
44112  -15.390  -23.939  -24.290 0.2222222239
42962  -23.713  -25.860  -21.481 0.1111111119
42982  -23.876  -25.572  -22.398 0.1111111119
42983  -24.614  -25.161  -22.697 0.1111111119
42991  -23.523  -25.666  -23.976 0.1111111119
118319  -23.955  -25.052  -24.936 0.1111111119
118339  -15.400  -22.053  -25.451 0.1111111119
56518  -25.492  -14.598  -31.840 0.2222222239
58877  -25.863  -12.024  -33.402 0.2222222239
118323  -15.935  -22.701  -25.641 0.2222222239
56536  -25.444  -13.811  -32.196 0.2222222239
40693  -23.258  -27.381  -18.703 0.1111111119
39693  -19.100  -28.605  -21.793 0.3333333433
40721  -18.002  -27.983  -22.850 0.3333333433
132090  -20.359  -28.129  -21.283 0.3333333433
42981  -15.880  -25.952  -22.965 0.2222222239
41848  -16.388  -26.703  -22.501 0.2222222239
142899  -16.859  -27.262  -22.344 0.3333333433
40724  -20.417  -27.775  -22.483 0.3333333433
40737  -19.531  -27.753  -23.620 0.3333333433
140035  -20.427  -27.599  -23.373 0.3333333433
41849  -21.795  -26.906  -22.950 0.2222222239
40736  -18.709  -27.554  -23.801 0.3333333433
41856  -18.162  -26.960  -24.105 0.3333333433
131365  -22.545  -26.498  -21.967 0.1111111119
41872  -18.404  -26.357  -24.810 0.3333333433
118590  -18.523  -25.726  -25.487 0.3333333433
136263  -18.767  -27.118  -24.425 0.3333333433
40738  -21.294  -27.174  -23.607 0.3333333433
41893  -19.912  -26.780  -25.437 0.3333333433
41877  -22.380  -26.328  -24.608 0.3333333433
118343  -24.160  -25.207  -24.193 0.1111111119
126128  -21.181  -28.486  -18.605 0.1111111119
39691  -17.505  -28.556  -21.613 0.3333333433
39690  -16.795  -28.137  -21.432 0.2222222239
39675  -18.799  -28.983  -20.949 0.3333333433
41847  -15.502  -26.216  -22.327 0.2222222239
55309  -25.477  -15.316  -31.681 0.1111111119
54080  -26.312  -17.467  -33.215 0.1111111119
55324  -25.817  -15.624  -32.096 0.1111111119
55325  -25.938  -16.577  -33.411 0.1111111119
56537  -25.869  -14.510  -32.422 0.1111111119
56556  -26.043  -13.324  -32.694 0.1111111119
61240  -26.464  -9.991  -34.836 0.1111111119
60045  -25.789  -9.867  -34.852 0.2222222239
61272  -25.665  -8.969  -35.784 0.1111111119
60028  -25.882  -10.548  -34.437 0.1111111119
61257  -26.848  -9.645  -35.442 0.1111111119
63687  -17.876  -7.175  -40.592 0.4444444478
62415  -26.212  -8.500  -36.300 0.1111111119
64827  -18.222  -6.643  -40.530 0.4444444478
63703  -18.645  -6.748  -40.572 0.4444444478
62432  -27.001  -8.158  -36.899 0.1111111119
64830  -21.168  -6.222  -40.370 0.4444444478
64799  -25.338  -6.389  -38.371 0.3333333433
63664  -27.070  -7.047  -38.013 0.1111111119
63647  -27.351  -7.797  -37.655 0.1111111119
65907  -21.602  -5.632  -40.695 0.4444444478
65925  -22.029  -5.144  -41.314 0.4444444478
65908  -22.568  -5.453  -40.728 0.4444444478
65910  -24.435  -5.196  -40.140 0.4444444478
65896  -25.203  -5.531  -39.444 0.2222222239
65897  -26.233  -5.461  -39.475 0.2222222239
64815  -25.877  -5.868  -38.866 0.2222222239
64816  -26.933  -5.897  -39.033 0.2222222239
63678  -27.530  -6.635  -38.799 0.2222222239
66903  -28.048  -3.750  -43.328 0.1111111119
66879  -28.165  -4.797  -42.033 0.1111111119
122232  -28.252  -7.453  -40.359 0.1111111119
65921  -19.049  -5.841  -40.595 0.4444444478
66870  -20.062  -4.785  -41.000 0.4444444478
65922  -19.827  -5.774  -40.732 0.4444444478
65923  -20.309  -5.220  -40.994 0.3333333433
65924  -21.150  -5.202  -41.188 0.4444444478
66873  -22.328  -4.602  -41.845 0.4444444478
66874  -23.520  -4.606  -41.467 0.4444444478
65909  -23.465  -5.091  -40.765 0.4444444478
66889  -23.494  -4.238  -42.180 0.3333333433
66861  -25.123  -4.663  -40.588 0.3333333433
66876  -25.818  -4.285  -41.089 0.1111111119
131252  -25.943  -4.763  -40.473 0.1111111119
123061  -27.126  -5.085  -40.300 0.1111111119
65898  -27.115  -5.462  -39.718 0.2222222239
65913  -27.772  -5.520  -40.357 0.1111111119
65914  -28.272  -5.699  -41.040 0.1111111119
66869  -19.444  -5.109  -40.559 0.2222222239
139385  -20.920  -4.716  -41.347 0.3333333433
133042  -21.585  -4.642  -41.603 0.3333333433
125857  -22.969  -4.571  -41.949 0.3333333433
66890  -24.169  -3.819  -42.349 0.2222222239
66875  -24.207  -4.218  -41.627 0.2222222239
66877  -26.877  -4.208  -41.269 0.1111111119
67841  -24.184  -3.407  -43.045 0.1111111119
136693  -24.786  -3.476  -42.490 0.1111111119
67842  -25.574  -3.347  -42.367 0.1111111119
66878  -27.598  -4.434  -41.599 0.1111111119
68948  -25.055  -2.990  -42.895 0.1111111119
67843  -26.590  -3.260  -42.537 0.1111111119
67835  -27.184  -3.813  -41.985 0.1111111119
66871  -20.446  -4.393  -41.215 0.3333333433
67831  -20.641  -3.596  -41.388 0.3333333433
67832  -21.360  -3.262  -42.045 0.3333333433
66887  -21.820  -4.044  -42.138 0.3333333433
66888  -22.656  -4.073  -42.506 0.3333333433
67840  -23.421  -3.751  -42.881 0.2222222239
68957  -25.535  -2.464  -43.312 0.1111111119
67844  -27.462  -3.573  -42.663 0.1111111119
67853  -27.806  -3.111  -44.170 0.1111111119
123619  -21.130  -2.096  -39.967 0.1111111119
69994  -21.138  -1.938  -40.686 0.1111111119
68939  -21.310  -2.457  -41.962 0.2222222239
68946  -21.477  -2.504  -42.843 0.2222222239
68947  -22.029  -2.803  -43.484 0.2222222239
141369  -22.019  -2.478  -43.955 0.1111111119
68966  -22.017  -2.095  -44.353 0.1111111119
68954  -22.624  -2.778  -43.973 0.1111111119
68955  -23.414  -2.663  -44.093 0.1111111119
68968  -25.217  -1.954  -43.986 0.1111111119
68958  -26.475  -2.678  -43.219 0.1111111119
66904  -28.334  -4.406  -43.768 0.1111111119
65957  -28.300  -5.096  -44.260 0.1111111119
69995  -21.558  -1.205  -40.856 0.1111111119
70009  -21.320  -1.772  -41.457 0.1111111119
139576  -21.545  -1.119  -41.829 0.1111111119
71147  -21.447  -0.373  -43.213 0.1111111119
70033  -21.109  -1.087  -43.842 0.1111111119
68953  -21.512  -2.006  -43.773 0.2222222239
70040  -21.384  -1.344  -44.537 0.1111111119
71174  -21.573  -0.763  -45.097 0.1111111119
70041  -22.020  -1.517  -44.924 0.1111111119
70053  -22.337  -0.753  -45.321 0.1111111119
134350  -23.959  -1.993  -44.403 0.1111111119
72278  -22.165  -0.050  -40.689 0.1111111119
72295  -22.018  0.219  -41.643 0.1111111119
125354  -21.844  0.392  -42.590 0.1111111119
123815  -21.688  0.376  -43.567 0.1111111119
142394  -21.417  -0.341  -44.013 0.1111111119
72324  -21.626  0.174  -44.471 0.1111111119
71186  -21.731  -0.031  -45.145 0.1111111119
72296  -22.391  0.865  -42.039 0.1111111119
72297  -23.189  0.872  -41.441 0.1111111119
143620  -22.571  1.186  -42.476 0.1111111119
54064  -25.911  -16.583  -31.929 0.1111111119
57779  -26.215  -12.539  -33.260 0.1111111119
128380  -26.335  -13.203  -33.306 0.1111111119
58878  -26.315  -11.871  -33.732 0.1111111119
62402  -26.562  -9.054  -35.842 0.1111111119
64843  -18.605  -6.402  -40.546 0.4444444478
65895  -24.276  -5.706  -39.451 0.4444444478
64814  -24.793  -6.005  -38.911 0.3333333433
64800  -26.511  -6.376  -38.407 0.2222222239
62433  -27.499  -8.381  -37.419 0.1111111119
64817  -27.666  -6.016  -39.501 0.2222222239
66863  -27.381  -4.783  -40.855 0.1111111119
65927  -27.983  -5.086  -41.229 0.1111111119
63705  -28.423  -6.483  -41.477 0.1111111119
66891  -27.876  -4.088  -42.368 0.1111111119
142946  -21.297  -1.620  -43.151 0.2222222239
72314  -22.107  1.075  -43.006 0.1111111119
72315  -23.072  1.261  -42.124 0.1111111119
54065  -26.792  -18.087  -33.418 0.1111111119
62416  -26.991  -8.746  -36.374 0.1111111119
64826  -17.652  -6.846  -40.502 0.4444444478
65905  -19.932  -6.060  -40.723 0.4444444478
65926  -22.823  -4.976  -41.409 0.4444444478
66860  -24.236  -4.590  -40.890 0.4444444478
125974  -24.863  -4.291  -41.173 0.2222222239
71123  -21.874  -0.657  -40.258 0.1111111119
134216  -22.179  -0.315  -39.694 0.1111111119
133900  -22.615  0.413  -41.097 0.1111111119
54051  -25.525  -16.517  -31.161 0.1111111119
130458  -26.721  -17.806  -32.851 0.1111111119
54082  -27.120  -17.768  -33.718 0.1111111119
54066  -27.325  -17.722  -32.877 0.1111111119
54081  -26.527  -17.716  -34.125 0.1111111119
55339  -26.104  -17.033  -34.398 0.1111111119
56538  -26.204  -14.745  -33.370 0.1111111119
57792  -26.500  -12.480  -33.852 0.1111111119
58896  -26.735  -11.688  -34.262 0.1111111119
58897  -27.222  -11.517  -34.908 0.1111111119
60047  -27.396  -10.525  -35.532 0.1111111119
64825  -17.122  -6.942  -40.406 0.4444444478
61258  -27.360  -9.960  -35.771 0.1111111119
61273  -27.210  -9.345  -36.147 0.1111111119
63665  -27.776  -7.637  -38.518 0.1111111119
61284  -27.724  -8.833  -37.715 0.1111111119
65904  -18.645  -6.187  -40.493 0.4444444478
62467  -27.945  -8.340  -40.339 0.1111111119
62478  -27.893  -8.166  -41.365 0.1111111119
66859  -19.472  -4.548  -40.380 0.2222222239
138150  -19.693  -4.446  -40.698 0.2222222239
67830  -20.010  -4.022  -41.064 0.2222222239
64853  -28.189  -7.016  -42.520 0.1111111119
68925  -20.104  -3.169  -40.475 0.1111111119
133375  -20.785  -2.962  -41.569 0.2222222239
65947  -28.099  -6.099  -43.973 0.1111111119
64872  -27.371  -6.664  -44.732 0.1111111119
68911  -20.733  -2.417  -39.957 0.1111111119
71106  -21.159  -1.653  -39.532 0.1111111119
71116  -21.753  -0.696  -39.275 0.1111111119
72264  -22.021  -0.334  -38.750 0.1111111119
66913  -28.283  -4.358  -44.511 0.1111111119
72266  -23.049  0.127  -38.989 0.1111111119
71175  -23.510  -0.591  -45.461 0.1111111119
70054  -24.779  -0.780  -45.262 0.1111111119
70045  -26.150  -1.665  -44.681 0.1111111119
68970  -26.943  -1.909  -45.280 0.1111111119
72279  -22.701  0.201  -40.012 0.1111111119
119299  -23.328  0.592  -40.623 0.1111111119
72336  -21.785  0.715  -45.042 0.1111111119
72357  -22.359  0.950  -46.297 0.1111111119
73285  -22.943  1.417  -42.823 0.1111111119
58895  -25.634  -11.406  -33.948 0.1111111119
63646  -26.509  -7.478  -37.404 0.1111111119
61256  -26.144  -9.446  -35.286 0.2222222239
120429  -26.291  -11.231  -34.161 0.1111111119
60046  -27.088  -10.228  -35.112 0.1111111119
60029  -26.770  -10.800  -34.591 0.1111111119
62417  -27.502  -8.926  -36.892 0.1111111119
122942  -27.681  -8.225  -37.922 0.1111111119
65911  -25.572  -5.126  -40.024 0.2222222239
65912  -26.465  -5.103  -40.097 0.1111111119
63691  -28.102  -6.709  -39.563 0.2222222239
141189  -27.965  -7.092  -39.025 0.1111111119
66892  -28.272  -4.541  -42.870 0.1111111119
67852  -27.293  -3.118  -43.254 0.1111111119
65928  -28.379  -5.572  -41.780 0.1111111119
137474  -28.408  -5.868  -43.110 0.1111111119
64854  -28.461  -6.136  -42.441 0.1111111119
124097  -28.116  -7.581  -39.470 0.1111111119
63692  -28.337  -6.654  -40.483 0.2222222239
64834  -28.294  -6.052  -40.617 0.2222222239
66872  -21.142  -4.083  -41.625 0.3333333433
67833  -25.065  -3.853  -41.824 0.2222222239
67834  -26.190  -3.738  -41.802 0.1111111119
68949  -25.843  -2.866  -42.794 0.1111111119
67822  -20.261  -3.207  -41.057 0.1111111119
67839  -22.687  -3.396  -43.256 0.2222222239
67851  -23.426  -3.202  -43.553 0.1111111119
68956  -24.366  -2.660  -43.600 0.1111111119
68959  -27.135  -2.555  -43.910 0.1111111119
68969  -26.286  -2.189  -43.869 0.1111111119
143477  -26.871  -2.132  -44.444 0.1111111119
68926  -20.604  -2.590  -40.592 0.1111111119
68938  -20.836  -2.512  -41.251 0.1111111119
123361  -21.370  -1.794  -42.308 0.1111111119
67838  -21.970  -3.399  -42.776 0.3333333433
68967  -22.824  -2.178  -44.532 0.1111111119
69981  -21.521  -1.354  -39.862 0.1111111119
128290  -21.813  -0.483  -41.260 0.1111111119
70023  -21.171  -1.099  -42.883 0.1111111119
137489  -21.646  -0.400  -42.239 0.1111111119
71161  -21.420  -0.659  -44.630 0.1111111119
71187  -21.945  -0.086  -45.524 0.1111111119
70042  -23.089  -1.437  -44.956 0.1111111119
70043  -24.088  -1.197  -44.866 0.1111111119
72325  -21.743  1.017  -44.105 0.1111111119
72346  -22.036  0.490  -45.661 0.1111111119
52832  -26.466  -17.391  -31.959 0.1111111119
63704  -28.310  -7.253  -41.115 0.1111111119
130495  -27.733  -7.676  -42.655 0.1111111119
135131  -22.517  -0.173  -45.777 0.1111111119
73301  -22.580  1.498  -43.686 0.1111111119
72265  -22.478  -0.112  -39.158 0.1111111119
60030  -27.303  -10.845  -35.065 0.1111111119
62455  -27.960  -8.446  -39.375 0.1111111119
62485  -27.524  -8.228  -42.362 0.1111111119
63722  -27.627  -7.406  -43.254 0.1111111119
139769  -19.829  -2.980  -39.450 0.1111111119
64863  -28.138  -6.616  -43.222 0.1111111119
71115  -21.344  -0.906  -39.117 0.1111111119
70044  -25.012  -1.360  -44.641 0.1111111119
73322  -22.169  1.035  -45.702 0.1111111119
122153  -22.468  1.364  -46.373 0.1111111119
72347  -22.331  0.440  -46.035 0.1111111119
39674  -17.829  -29.085  -21.052 0.2222222239
51492  -15.553  -17.492  -29.466 0.2222222239
138400  -15.218  -16.655  -29.907 0.2222222239
47811  -15.874  -19.984  -27.266 0.3333333433
64809  -17.107  -6.873  -40.287 0.3333333433
65892  -16.387  -6.872  -39.562 0.2222222239
65894  -18.645  -5.904  -40.375 0.1111111119
132574  -19.044  -5.065  -39.897 0.1111111119
66858  -19.061  -5.408  -40.352 0.2222222239
123469  -14.399  -8.060  -36.342 0.2222222239
48925  -15.792  -18.744  -28.488 0.2222222239
125147  -13.806  -7.772  -34.284 0.1111111119
67799  -14.924  -3.312  -35.679 0.1111111119
118481  -15.959  -3.673  -36.116 0.1111111119
118480  -17.100  -6.446  -38.995 0.1111111119
65882  -18.826  -6.377  -39.451 0.1111111119
118483  -16.075  -4.984  -37.563 0.1111111119
48911  -15.800  -19.297  -27.847 0.2222222239
48926  -16.167  -19.493  -28.525 0.3333333433
55316  -14.884  -14.304  -31.762 0.2222222239
122485  -16.434  -5.782  -38.257 0.1111111119
55284  -14.806  -14.412  -31.120 0.1111111119
56512  -14.741  -13.203  -31.389 0.3333333433
64810  -17.959  -6.669  -40.414 0.3333333433
65893  -17.178  -6.755  -40.118 0.1111111119
65881  -18.036  -6.723  -39.413 0.1111111119
118482  -16.697  -4.798  -36.767 0.1111111119
135284  -17.432  -6.385  -37.744 0.1111111119
64794  -18.012  -7.142  -38.408 0.1111111119
48943  -25.632  -19.429  -29.275 0.1111111119
38674  -18.124  -29.330  -20.287 0.1111111119
136533  -19.716  -28.915  -19.502 0.1111111119
39663  -16.097  -28.835  -19.996 0.1111111119
39672  -16.285  -28.353  -20.708 0.1111111119
40711  -16.458  -27.335  -21.842 0.1111111119
41839  -15.893  -26.716  -21.926 0.1111111119
120215  -15.998  -20.518  -26.115 0.1111111119
52805  -14.821  -16.288  -28.846 0.1111111119
136099  -15.761  -18.252  -29.158 0.1111111119
58869  -14.525  -11.288  -32.785 0.2222222239
58887  -14.634  -11.332  -34.367 0.2222222239
60004  -14.399  -10.254  -32.975 0.2222222239
38661  -18.377  -29.475  -19.450 0.1111111119
38662  -19.147  -29.316  -19.151 0.1111111119
39664  -19.650  -28.712  -20.334 0.1111111119
39671  -15.647  -28.219  -20.184 0.1111111119
40697  -15.475  -27.545  -20.686 0.1111111119
40710  -15.709  -27.057  -21.389 0.1111111119
41838  -15.198  -26.436  -21.707 0.1111111119
42980  -15.001  -25.607  -22.697 0.1111111119
42988  -15.357  -25.198  -23.302 0.1111111119
44102  -14.744  -24.266  -23.518 0.1111111119
119078  -15.942  -19.871  -26.650 0.1111111119
50110  -15.671  -18.789  -28.039 0.1111111119
51484  -15.094  -16.834  -28.284 0.1111111119
142895  -13.976  -9.494  -33.162 0.2222222239
61222  -13.850  -9.057  -33.218 0.1111111119
39665  -20.385  -28.513  -19.802 0.1111111119
38660  -17.563  -29.553  -19.635 0.1111111119
61235  -13.800  -9.338  -33.662 0.1111111119
58851  -14.721  -11.785  -32.166 0.2222222239
119642  -14.836  -15.973  -30.085 0.1111111119
118353  -15.929  -20.555  -26.591 0.1111111119
45059  -14.445  -23.259  -23.870 0.1111111119
118336  -15.079  -23.229  -24.579 0.1111111119
138008  -15.824  -20.982  -26.095 0.1111111119
39673  -17.060  -28.818  -20.975 0.1111111119
38675  -18.966  -29.194  -19.979 0.1111111119
50132  -15.600  -18.202  -28.719 0.1111111119
38673  -17.306  -29.276  -20.390 0.1111111119
38672  -16.682  -29.021  -20.399 0.1111111119
38659  -16.698  -29.425  -19.685 0.1111111119
40698  -16.158  -27.691  -21.211 0.1111111119
118361  -16.086  -20.123  -26.211 0.1111111119
58852  -14.836  -11.019  -32.496 0.1111111119
41824  -14.945  -26.689  -21.009 0.1111111119
118759  -15.702  -21.045  -25.598 0.1111111119
118352  -15.961  -20.740  -25.702 0.1111111119
121009  -15.824  -19.370  -27.288 0.1111111119
61223  -14.329  -9.379  -32.959 0.1111111119
62388  -14.216  -8.610  -33.464 0.1111111119
63616  -13.796  -7.019  -34.801 0.1111111119
58836  -14.918  -12.255  -31.711 0.1111111119
65854  -14.023  -5.236  -34.951 0.1111111119
65863  -14.052  -5.055  -35.695 0.1111111119
39711  -19.272  -28.336  -22.440 0.3333333433
40682  -22.677  -27.790  -18.423 0.1111111119
40700  -21.559  -27.549  -20.567 0.2222222239
40735  -17.990  -27.392  -23.463 0.3333333433
41825  -22.816  -26.682  -20.685 0.1111111119
41910  -21.215  -26.229  -26.374 0.4444444478
43005  -23.612  -25.436  -24.606 0.1111111119
43021  -22.654  -25.902  -25.265 0.3333333433
46911  -25.382  -20.777  -28.251 0.1111111119
48966  -20.693  -20.143  -32.282 1.0000000000
55363  -19.718  -14.724  -35.903 0.8888888955
56607  -17.808  -13.892  -36.802 1.0000000000
56628  -17.485  -13.218  -37.164 1.0000000000
57809  -21.082  -12.629  -36.278 0.8888888955
58919  -15.782  -11.265  -37.035 0.7777777910
58924  -21.037  -11.165  -37.208 0.6666666865
58929  -17.492  -11.294  -38.484 0.7777777910
60069  -16.382  -10.261  -38.461 0.7777777910
60072  -19.247  -10.630  -38.614 0.6666666865
60077  -17.423  -9.884  -39.430 0.7777777910
61280  -21.218  -9.861  -37.770 0.6666666865
61290  -16.430  -9.464  -39.126 0.7777777910
61299  -18.450  -9.280  -39.678 0.6666666865
61310  -17.483  -8.384  -40.349 0.6666666865
62465  -18.930  -7.727  -40.314 0.6666666865
63606  -13.903  -6.252  -34.516 0.1111111119
63657  -15.201  -7.211  -38.298 0.5555555820
63689  -19.953  -7.001  -40.497 0.5555555820
63702  -18.156  -7.012  -40.595 0.4444444478
63712  -28.123  -7.519  -41.939 0.1111111119
64753  -13.998  -5.826  -34.536 0.1111111119
64797  -23.715  -6.911  -38.398 0.6666666865
64833  -28.127  -6.115  -40.008 0.2222222239
64844  -19.090  -6.170  -40.623 0.4444444478
65938  -28.395  -5.336  -42.588 0.1111111119
65948  -28.398  -5.208  -43.402 0.1111111119
66829  -14.067  -3.795  -35.359 0.1111111119
66836  -14.950  -4.082  -36.460 0.1111111119
66862  -26.663  -4.670  -40.649 0.1111111119
66912  -28.121  -4.775  -45.053 0.1111111119
67864  -28.188  -3.772  -44.412 0.1111111119
118309  -21.018  -24.918  -27.991 0.4444444478
118320  -23.811  -24.806  -25.612 0.4444444478
118346  -23.564  -22.896  -27.664 0.2222222239
118478  -17.043  -4.312  -35.849 0.1111111119
118484  -16.182  -4.434  -36.732 0.1111111119
118613  -19.803  -26.166  -26.126 0.3333333433
120190  -20.941  -28.359  -19.318 0.1111111119
120271  -14.463  -3.473  -35.152 0.1111111119
130240  -16.485  -7.748  -40.002 0.6666666865
130652  -15.879  -13.766  -34.611 0.6666666865
131911  -17.863  -12.792  -37.557 1.0000000000
133177  -18.764  -14.666  -36.402 1.0000000000
133741  -20.036  -15.000  -35.451 0.8888888955
136172  -21.318  -25.259  -27.509 0.4444444478
138869  -14.825  -7.245  -37.728 0.5555555820
139316  -14.443  -4.670  -36.410 0.4444444478
143032  -17.157  -7.435  -40.512 0.6666666865
