#!ascii label  , from subject sub-v1s18x0051249_ses-1 vox2ras=TkReg
309
46897  -26.081  -21.214  -27.458 0.0000000000
50172  -21.787  -18.757  -30.965 0.0000000000
62427  -21.889  -8.810  -37.894 0.0000000000
58893  -23.637  -11.910  -34.837 0.0000000000
54063  -24.862  -14.992  -31.489 0.0000000000
51493  -26.560  -18.149  -30.185 0.0000000000
63675  -21.349  -7.348  -39.423 0.0000000000
56554  -23.980  -13.473  -33.082 0.0000000000
54078  -22.471  -15.334  -32.477 0.0000000000
47840  -24.127  -20.209  -28.848 0.0000000000
50175  -24.939  -18.078  -29.907 0.0000000000
48928  -26.442  -19.599  -28.735 0.0000000000
118602  -23.314  -25.404  -25.279 0.0000000000
120030  -23.428  -22.296  -28.046 0.0000000000
68947  -22.029  -2.803  -43.484 0.0000000000
66889  -23.494  -4.238  -42.180 0.0000000000
65910  -24.435  -5.196  -40.140 0.0000000000
64799  -25.338  -6.389  -38.371 0.0000000000
62431  -25.822  -7.921  -36.821 0.0000000000
142475  -22.950  -10.395  -36.287 0.0000000000
61240  -26.464  -9.991  -34.836 0.0000000000
58878  -26.315  -11.871  -33.732 0.0000000000
56537  -25.869  -14.510  -32.422 0.0000000000
54080  -26.312  -17.467  -33.215 0.0000000000
139569  -23.313  -16.820  -30.671 0.0000000000
52817  -25.819  -17.311  -30.861 0.0000000000
55336  -21.588  -14.766  -33.942 0.0000000000
52866  -20.946  -15.569  -33.934 0.0000000000
133110  -25.100  -20.610  -28.497 0.0000000000
47841  -25.020  -20.146  -28.861 0.0000000000
47814  -26.412  -20.594  -27.752 0.0000000000
41842  -22.987  -26.370  -21.392 0.0000000000
42982  -23.876  -25.572  -22.398 0.0000000000
42983  -24.614  -25.161  -22.697 0.0000000000
46927  -21.965  -21.836  -29.291 0.0000000000
119269  -22.009  -22.825  -28.872 0.0000000000
66860  -24.236  -4.590  -40.890 0.0000000000
63660  -21.834  -7.802  -38.725 0.0000000000
63677  -23.009  -6.893  -38.709 0.0000000000
129003  -23.539  -7.529  -37.977 0.0000000000
63645  -25.306  -7.460  -37.408 0.0000000000
62429  -23.579  -8.213  -37.371 0.0000000000
60042  -23.259  -10.884  -35.724 0.0000000000
61254  -24.356  -9.818  -35.708 0.0000000000
60027  -24.998  -10.965  -34.512 0.0000000000
120429  -26.291  -11.231  -34.161 0.0000000000
58876  -25.071  -12.001  -33.591 0.0000000000
55308  -24.776  -14.245  -31.896 0.0000000000
56536  -25.444  -13.811  -32.196 0.0000000000
56518  -25.492  -14.598  -31.840 0.0000000000
55325  -25.938  -16.577  -33.411 0.0000000000
55309  -25.477  -15.316  -31.681 0.0000000000
50195  -21.464  -18.493  -31.628 0.0000000000
51523  -21.830  -17.029  -31.800 0.0000000000
51524  -21.980  -17.770  -31.168 0.0000000000
50177  -26.214  -18.283  -30.116 0.0000000000
51509  -25.704  -17.928  -30.332 0.0000000000
139643  -26.531  -17.786  -30.693 0.0000000000
52819  -27.026  -17.815  -32.054 0.0000000000
143024  -27.282  -17.493  -30.292 0.0000000000
118551  -24.911  -24.385  -24.697 0.0000000000
118558  -23.658  -24.386  -26.395 0.0000000000
135006  -24.821  -24.153  -25.376 0.0000000000
140255  -24.700  -23.257  -26.634 0.0000000000
143235  -22.268  -13.186  -34.845 0.0000000000
56570  -23.531  -13.004  -33.914 0.0000000000
56553  -23.128  -13.625  -33.692 0.0000000000
55322  -22.849  -14.610  -32.893 0.0000000000
54079  -23.297  -14.942  -32.131 0.0000000000
48940  -22.608  -19.688  -29.575 0.0000000000
50174  -23.940  -18.382  -29.655 0.0000000000
137842  -24.078  -19.065  -29.411 0.0000000000
121146  -26.069  -18.834  -29.622 0.0000000000
50155  -26.367  -18.644  -29.662 0.0000000000
42993  -24.672  -24.994  -23.556 0.0000000000
48955  -21.445  -19.809  -31.062 0.0000000000
47838  -22.049  -20.435  -29.726 0.0000000000
46908  -22.803  -21.205  -28.664 0.0000000000
46896  -24.969  -21.984  -27.482 0.0000000000
68966  -22.017  -2.095  -44.353 0.0000000000
66887  -21.820  -4.044  -42.138 0.0000000000
67840  -23.421  -3.751  -42.881 0.0000000000
67833  -25.065  -3.853  -41.824 0.0000000000
66876  -25.818  -4.285  -41.089 0.0000000000
65912  -26.465  -5.103  -40.097 0.0000000000
64812  -22.672  -6.431  -39.385 0.0000000000
64814  -24.793  -6.005  -38.911 0.0000000000
64816  -26.933  -5.897  -39.033 0.0000000000
63664  -27.070  -7.047  -38.013 0.0000000000
63647  -27.351  -7.797  -37.655 0.0000000000
62417  -27.502  -8.926  -36.892 0.0000000000
61282  -22.662  -9.448  -37.073 0.0000000000
61270  -23.987  -9.285  -36.334 0.0000000000
61272  -25.665  -8.969  -35.784 0.0000000000
61258  -27.360  -9.960  -35.771 0.0000000000
60030  -27.303  -10.845  -35.065 0.0000000000
56571  -26.381  -13.859  -34.201 0.0000000000
57778  -25.562  -12.517  -33.002 0.0000000000
128380  -26.335  -13.203  -33.306 0.0000000000
52845  -21.434  -16.615  -32.555 0.0000000000
52846  -22.120  -16.113  -32.061 0.0000000000
52830  -23.664  -16.125  -30.946 0.0000000000
51507  -23.733  -17.522  -30.171 0.0000000000
52816  -24.744  -16.564  -30.644 0.0000000000
54051  -25.525  -16.517  -31.161 0.0000000000
52832  -26.466  -17.391  -31.959 0.0000000000
52833  -26.976  -18.051  -32.805 0.0000000000
143595  -22.967  -23.147  -27.834 0.0000000000
118345  -25.182  -22.585  -26.870 0.0000000000
118577  -25.678  -21.895  -27.134 0.0000000000
118648  -25.464  -21.277  -27.755 0.0000000000
47813  -25.871  -20.703  -28.117 0.0000000000
123307  -26.635  -21.019  -27.030 0.0000000000
42963  -24.247  -25.782  -20.704 0.0000000000
42962  -23.713  -25.860  -21.481 0.0000000000
42964  -25.016  -25.338  -20.606 0.0000000000
62443  -22.268  -8.277  -38.195 0.0000000000
63661  -22.710  -7.583  -38.408 0.0000000000
62444  -22.908  -8.049  -37.876 0.0000000000
62428  -22.606  -8.722  -37.504 0.0000000000
57802  -22.954  -12.178  -35.254 0.0000000000
58908  -22.701  -11.621  -35.721 0.0000000000
58909  -23.308  -11.581  -35.351 0.0000000000
58910  -24.053  -11.141  -35.091 0.0000000000
58894  -24.531  -11.606  -34.350 0.0000000000
55307  -24.129  -14.689  -31.799 0.0000000000
55324  -25.817  -15.624  -32.096 0.0000000000
50173  -22.705  -18.184  -30.223 0.0000000000
51511  -26.795  -17.639  -30.948 0.0000000000
51494  -27.065  -17.968  -29.964 0.0000000000
56568  -21.920  -13.553  -34.781 0.0000000000
56569  -22.634  -13.390  -34.388 0.0000000000
55354  -22.010  -14.040  -34.317 0.0000000000
54093  -22.080  -15.015  -33.230 0.0000000000
55337  -22.490  -14.218  -33.705 0.0000000000
48941  -23.612  -19.637  -29.244 0.0000000000
48927  -26.021  -19.736  -28.962 0.0000000000
48943  -25.632  -19.429  -29.275 0.0000000000
48944  -26.182  -19.221  -29.288 0.0000000000
50133  -26.638  -19.027  -29.089 0.0000000000
48929  -27.073  -19.326  -28.236 0.0000000000
41841  -22.315  -26.796  -21.370 0.0000000000
40701  -22.171  -27.175  -20.640 0.0000000000
44097  -25.602  -24.203  -23.140 0.0000000000
46008  -22.757  -22.074  -28.477 0.0000000000
46909  -23.743  -21.538  -28.292 0.0000000000
118348  -24.169  -22.114  -27.778 0.0000000000
141369  -22.019  -2.478  -43.955 0.0000000000
68954  -22.624  -2.778  -43.973 0.0000000000
125857  -22.969  -4.571  -41.949 0.0000000000
66888  -22.656  -4.073  -42.506 0.0000000000
66890  -24.169  -3.819  -42.349 0.0000000000
136693  -24.786  -3.476  -42.490 0.0000000000
66875  -24.207  -4.218  -41.627 0.0000000000
66861  -25.123  -4.663  -40.588 0.0000000000
131252  -25.943  -4.763  -40.473 0.0000000000
65911  -25.572  -5.126  -40.024 0.0000000000
64798  -24.388  -6.508  -38.506 0.0000000000
64813  -23.710  -6.283  -39.003 0.0000000000
64815  -25.877  -5.868  -38.866 0.0000000000
64800  -26.511  -6.376  -38.407 0.0000000000
63678  -27.530  -6.635  -38.799 0.0000000000
63646  -26.509  -7.478  -37.404 0.0000000000
62432  -27.001  -8.158  -36.899 0.0000000000
62433  -27.499  -8.381  -37.419 0.0000000000
124385  -22.509  -10.993  -36.243 0.0000000000
60065  -22.340  -10.219  -36.799 0.0000000000
61269  -23.110  -9.723  -36.557 0.0000000000
61283  -23.299  -8.971  -36.911 0.0000000000
60045  -25.789  -9.867  -34.852 0.0000000000
61255  -25.244  -9.584  -35.439 0.0000000000
61256  -26.144  -9.446  -35.286 0.0000000000
62402  -26.562  -9.054  -35.842 0.0000000000
61257  -26.848  -9.645  -35.442 0.0000000000
60047  -27.396  -10.525  -35.532 0.0000000000
60046  -27.088  -10.228  -35.112 0.0000000000
58896  -26.735  -11.688  -34.262 0.0000000000
57793  -26.813  -12.391  -34.653 0.0000000000
57792  -26.500  -12.480  -33.852 0.0000000000
57777  -24.515  -12.682  -33.362 0.0000000000
56556  -26.043  -13.324  -32.694 0.0000000000
56538  -26.204  -14.745  -33.370 0.0000000000
54065  -26.792  -18.087  -33.418 0.0000000000
52856  -20.964  -16.295  -33.330 0.0000000000
52829  -22.651  -16.569  -31.314 0.0000000000
54061  -22.965  -15.674  -31.676 0.0000000000
51508  -24.829  -17.358  -30.314 0.0000000000
137400  -26.882  -17.838  -32.503 0.0000000000
54052  -27.349  -17.506  -32.015 0.0000000000
118578  -25.647  -23.156  -25.744 0.0000000000
118652  -25.300  -23.046  -26.312 0.0000000000
118333  -25.877  -22.471  -26.347 0.0000000000
55353  -21.322  -14.256  -34.704 0.0000000000
54092  -21.440  -15.465  -33.441 0.0000000000
47827  -24.465  -20.773  -28.525 0.0000000000
47828  -25.627  -20.206  -28.673 0.0000000000
47829  -26.188  -20.157  -28.451 0.0000000000
48913  -26.730  -19.996  -28.000 0.0000000000
47815  -26.998  -20.430  -27.248 0.0000000000
41826  -23.539  -26.266  -20.696 0.0000000000
42992  -24.032  -25.398  -23.334 0.0000000000
42976  -25.287  -24.903  -21.369 0.0000000000
46926  -21.575  -21.231  -30.024 0.0000000000
139155  -21.275  -21.864  -30.175 0.0000000000
46025  -21.317  -22.468  -29.762 0.0000000000
68946  -21.477  -2.504  -42.843 0.0000000000
66874  -23.520  -4.606  -41.467 0.0000000000
65909  -23.465  -5.091  -40.765 0.0000000000
63676  -22.200  -7.112  -39.021 0.0000000000
143625  -23.234  -7.259  -38.369 0.0000000000
63662  -24.584  -7.000  -37.942 0.0000000000
63663  -25.917  -6.860  -37.826 0.0000000000
63644  -24.288  -7.647  -37.537 0.0000000000
62430  -24.640  -8.074  -37.074 0.0000000000
128174  -23.564  -10.075  -35.998 0.0000000000
60043  -23.987  -10.465  -35.529 0.0000000000
60044  -24.862  -10.337  -35.069 0.0000000000
60028  -25.882  -10.548  -34.437 0.0000000000
58895  -25.634  -11.406  -33.948 0.0000000000
58877  -25.863  -12.024  -33.402 0.0000000000
56535  -24.649  -13.719  -32.374 0.0000000000
56555  -25.106  -13.103  -32.585 0.0000000000
142767  -21.237  -17.349  -32.394 0.0000000000
119140  -21.366  -17.885  -31.967 0.0000000000
141538  -22.276  -17.133  -31.257 0.0000000000
51506  -22.739  -17.269  -30.712 0.0000000000
50176  -25.720  -18.436  -29.922 0.0000000000
51510  -26.337  -17.759  -30.705 0.0000000000
52818  -26.703  -17.552  -31.536 0.0000000000
128241  -27.275  -17.376  -31.102 0.0000000000
54038  -27.853  -16.576  -30.799 0.0000000000
52809  -27.727  -16.747  -29.994 0.0000000000
134999  -24.415  -24.809  -24.655 0.0000000000
118668  -23.159  -25.090  -26.008 0.0000000000
134968  -24.388  -24.593  -25.203 0.0000000000
118649  -24.362  -24.279  -25.841 0.0000000000
135014  -24.337  -23.854  -26.375 0.0000000000
118334  -23.866  -23.556  -27.018 0.0000000000
135005  -24.958  -23.657  -25.923 0.0000000000
57789  -22.530  -12.781  -34.991 0.0000000000
57790  -23.190  -12.594  -34.618 0.0000000000
55338  -23.208  -14.048  -33.234 0.0000000000
55323  -23.831  -14.228  -32.475 0.0000000000
125401  -22.222  -19.167  -30.207 0.0000000000
50153  -23.166  -18.969  -29.628 0.0000000000
130657  -25.090  -18.866  -29.577 0.0000000000
48942  -24.655  -19.590  -29.212 0.0000000000
50154  -25.861  -18.766  -29.705 0.0000000000
50156  -26.818  -18.499  -29.541 0.0000000000
132609  -27.387  -18.017  -29.041 0.0000000000
42991  -23.523  -25.666  -23.976 0.0000000000
118343  -24.160  -25.207  -24.193 0.0000000000
118319  -23.955  -25.052  -24.936 0.0000000000
137191  -24.676  -24.789  -24.187 0.0000000000
44103  -25.187  -24.458  -23.831 0.0000000000
48956  -21.884  -19.896  -30.183 0.0000000000
119792  -22.940  -20.371  -28.979 0.0000000000
47839  -22.242  -21.009  -29.288 0.0000000000
140384  -23.576  -20.825  -28.605 0.0000000000
46910  -24.782  -21.271  -28.084 0.0000000000
70040  -21.384  -1.344  -44.537 0.0000000000
67832  -21.360  -3.262  -42.045 0.0000000000
67838  -21.970  -3.399  -42.776 0.0000000000
67839  -22.687  -3.396  -43.256 0.0000000000
67851  -23.426  -3.202  -43.553 0.0000000000
67841  -24.184  -3.407  -43.045 0.0000000000
125974  -24.863  -4.291  -41.173 0.0000000000
66877  -26.877  -4.208  -41.269 0.0000000000
66863  -27.381  -4.783  -40.855 0.0000000000
123061  -27.126  -5.085  -40.300 0.0000000000
65913  -27.772  -5.520  -40.357 0.0000000000
64832  -23.311  -5.700  -39.911 0.0000000000
65895  -24.276  -5.706  -39.451 0.0000000000
65896  -25.203  -5.531  -39.444 0.0000000000
65897  -26.233  -5.461  -39.475 0.0000000000
65898  -27.115  -5.462  -39.718 0.0000000000
64817  -27.666  -6.016  -39.501 0.0000000000
63691  -28.102  -6.709  -39.563 0.0000000000
63665  -27.776  -7.637  -38.518 0.0000000000
61281  -21.935  -9.520  -37.493 0.0000000000
62414  -24.046  -8.589  -36.780 0.0000000000
133320  -24.976  -8.608  -36.405 0.0000000000
61271  -24.800  -9.238  -35.944 0.0000000000
62415  -26.212  -8.500  -36.300 0.0000000000
62416  -26.991  -8.746  -36.374 0.0000000000
61273  -27.210  -9.345  -36.147 0.0000000000
60029  -26.770  -10.800  -34.591 0.0000000000
58897  -27.222  -11.517  -34.908 0.0000000000
57791  -24.047  -12.320  -34.177 0.0000000000
57779  -26.215  -12.539  -33.260 0.0000000000
54077  -21.713  -15.775  -32.822 0.0000000000
54062  -23.880  -15.316  -31.464 0.0000000000
52815  -24.010  -16.797  -30.435 0.0000000000
52831  -24.658  -15.787  -31.056 0.0000000000
136649  -25.286  -15.743  -31.370 0.0000000000
54064  -25.911  -16.583  -31.929 0.0000000000
130458  -26.721  -17.806  -32.851 0.0000000000
118335  -22.837  -22.776  -28.134 0.0000000000
118347  -24.443  -22.762  -27.269 0.0000000000
118696  -26.300  -21.684  -26.728 0.0000000000
43005  -23.612  -25.436  -24.606 0.0000000000
46911  -25.382  -20.777  -28.251 0.0000000000
61280  -21.218  -9.861  -37.770 0.0000000000
62442  -21.532  -8.506  -38.448 0.0000000000
64797  -23.715  -6.911  -38.398 0.0000000000
64833  -28.127  -6.115  -40.008 0.0000000000
66862  -26.663  -4.670  -40.649 0.0000000000
118320  -23.811  -24.806  -25.612 0.0000000000
118346  -23.564  -22.896  -27.664 0.0000000000
