#!ascii label  , from subject sub-v1s18x0051249_ses-1 vox2ras=TkReg
590
45259  22.497  -18.277  -26.684 0.0000000000
53843  27.111  -11.488  -31.674 0.0000000000
64911  23.398  -2.615  -37.121 0.0000000000
61275  18.694  -5.964  -33.788 0.0000000000
43276  24.286  -20.398  -22.522 0.0000000000
46365  27.276  -17.217  -24.162 0.0000000000
47643  25.189  -15.899  -30.090 0.0000000000
53844  22.410  -11.744  -32.959 0.0000000000
58776  24.933  -7.486  -34.842 0.0000000000
65932  29.084  -1.615  -34.454 0.0000000000
68985  24.193  1.851  -39.617 0.0000000000
119500  23.227  -19.990  -24.995 0.0000000000
44216  25.671  -19.236  -22.853 0.0000000000
121048  24.872  -18.896  -26.184 0.0000000000
52626  21.135  -12.351  -30.730 0.0000000000
55053  19.754  -10.090  -31.828 0.0000000000
61314  21.876  -5.755  -37.625 0.0000000000
57558  22.846  -7.861  -36.975 0.0000000000
62568  23.748  -5.169  -36.143 0.0000000000
62536  26.421  -4.452  -33.870 0.0000000000
65947  26.316  -1.176  -35.297 0.0000000000
71947  22.242  3.917  -39.882 0.0000000000
69914  21.697  1.581  -39.227 0.0000000000
71962  24.341  4.142  -41.496 0.0000000000
50251  26.823  -13.724  -30.853 0.0000000000
50227  27.633  -14.722  -28.572 0.0000000000
51447  28.968  -12.977  -29.028 0.0000000000
63823  21.382  -3.357  -38.493 0.0000000000
57514  28.591  -8.825  -32.172 0.0000000000
48940  21.010  -15.596  -27.565 0.0000000000
46424  23.787  -17.308  -28.308 0.0000000000
48967  23.021  -14.850  -29.986 0.0000000000
51481  24.112  -13.814  -32.310 0.0000000000
52650  25.578  -12.385  -33.955 0.0000000000
56264  20.693  -9.009  -34.267 0.0000000000
55081  23.844  -10.282  -35.348 0.0000000000
56254  25.768  -9.600  -33.801 0.0000000000
60102  27.224  -6.523  -32.983 0.0000000000
67000  21.269  -0.282  -39.459 0.0000000000
66993  23.889  -0.286  -38.306 0.0000000000
73009  26.752  4.706  -41.912 0.0000000000
69910  27.343  3.001  -39.111 0.0000000000
68962  27.323  1.123  -36.904 0.0000000000
68959  30.243  0.969  -36.531 0.0000000000
47612  26.336  -16.765  -27.629 0.0000000000
46400  21.170  -17.196  -26.357 0.0000000000
45246  21.285  -18.379  -25.535 0.0000000000
44261  23.001  -19.038  -26.294 0.0000000000
44250  24.180  -19.384  -26.067 0.0000000000
45258  23.455  -18.589  -26.908 0.0000000000
62576  22.564  -4.035  -37.751 0.0000000000
134184  22.767  -5.816  -37.345 0.0000000000
63805  23.758  -3.790  -36.268 0.0000000000
63794  25.132  -3.250  -35.096 0.0000000000
65949  24.970  -1.855  -35.823 0.0000000000
71964  22.544  4.694  -41.313 0.0000000000
70906  22.709  3.800  -41.211 0.0000000000
71979  23.452  4.779  -41.917 0.0000000000
52635  26.789  -12.758  -31.678 0.0000000000
51457  27.533  -13.398  -30.418 0.0000000000
52625  28.533  -12.450  -30.301 0.0000000000
62570  20.322  -4.264  -36.494 0.0000000000
63815  20.529  -3.245  -37.658 0.0000000000
125733  22.896  -20.687  -23.243 0.0000000000
42192  22.901  -21.426  -21.992 0.0000000000
43255  24.851  -20.836  -20.884 0.0000000000
43264  25.386  -20.235  -21.351 0.0000000000
120286  26.223  -18.363  -23.970 0.0000000000
122866  26.920  -18.684  -22.414 0.0000000000
48951  21.966  -15.371  -28.694 0.0000000000
51449  21.392  -13.844  -29.493 0.0000000000
52646  21.992  -11.947  -32.141 0.0000000000
51471  22.555  -13.322  -31.377 0.0000000000
52644  23.435  -12.832  -32.856 0.0000000000
51488  24.870  -13.128  -33.424 0.0000000000
53851  23.717  -11.897  -34.123 0.0000000000
57518  18.882  -8.374  -32.675 0.0000000000
57537  19.540  -7.919  -33.842 0.0000000000
58782  24.054  -7.875  -36.309 0.0000000000
56278  23.507  -8.974  -36.165 0.0000000000
57542  24.677  -8.512  -35.243 0.0000000000
56261  25.239  -9.766  -34.511 0.0000000000
57527  25.522  -8.885  -34.162 0.0000000000
131036  26.594  -8.085  -33.220 0.0000000000
58769  26.085  -7.138  -33.807 0.0000000000
64887  27.788  -2.300  -34.020 0.0000000000
62534  28.086  -4.355  -33.264 0.0000000000
68986  22.661  1.866  -39.811 0.0000000000
68987  21.457  0.870  -39.261 0.0000000000
136472  22.465  0.515  -39.476 0.0000000000
66995  22.124  -0.612  -39.305 0.0000000000
139599  24.845  1.506  -39.131 0.0000000000
69893  27.277  2.066  -38.008 0.0000000000
140380  29.200  2.232  -37.447 0.0000000000
68961  28.284  1.296  -36.668 0.0000000000
134944  24.422  -16.423  -29.393 0.0000000000
46412  25.109  -17.619  -28.041 0.0000000000
47626  26.231  -16.543  -28.505 0.0000000000
51411  28.729  -14.166  -27.085 0.0000000000
48927  28.159  -14.876  -26.856 0.0000000000
43300  22.379  -20.102  -24.398 0.0000000000
43290  23.747  -20.383  -23.442 0.0000000000
44217  25.010  -19.853  -22.675 0.0000000000
122942  24.175  -19.888  -24.749 0.0000000000
45230  25.500  -18.832  -24.601 0.0000000000
45229  26.100  -18.194  -24.908 0.0000000000
53830  20.241  -11.665  -30.281 0.0000000000
53838  20.560  -11.038  -31.549 0.0000000000
53846  21.038  -10.859  -32.317 0.0000000000
60121  19.839  -5.976  -35.040 0.0000000000
58771  20.349  -7.393  -34.963 0.0000000000
58785  21.907  -6.944  -37.129 0.0000000000
60125  23.132  -6.559  -37.092 0.0000000000
134211  24.669  -6.032  -35.081 0.0000000000
61295  25.505  -5.852  -34.399 0.0000000000
62549  25.398  -4.019  -34.602 0.0000000000
64889  25.930  -2.743  -34.678 0.0000000000
65946  27.519  -1.160  -34.784 0.0000000000
69894  21.898  2.731  -37.986 0.0000000000
69904  21.854  2.388  -39.129 0.0000000000
128565  22.509  2.661  -40.233 0.0000000000
70890  24.564  2.975  -40.455 0.0000000000
48971  25.940  -14.810  -30.997 0.0000000000
125020  26.511  -15.592  -29.535 0.0000000000
123634  27.387  -14.520  -29.559 0.0000000000
51442  28.634  -13.617  -28.749 0.0000000000
61286  18.688  -5.040  -34.033 0.0000000000
61302  20.319  -4.969  -36.138 0.0000000000
62577  21.063  -4.418  -37.874 0.0000000000
64922  22.492  -2.906  -38.285 0.0000000000
44207  26.144  -19.669  -21.480 0.0000000000
56231  28.245  -10.047  -31.614 0.0000000000
53835  28.735  -11.325  -30.940 0.0000000000
47614  22.070  -16.662  -27.664 0.0000000000
141080  23.457  -17.856  -27.577 0.0000000000
134515  22.466  -16.255  -28.350 0.0000000000
47638  23.743  -16.208  -29.304 0.0000000000
48958  24.293  -15.780  -30.003 0.0000000000
51458  22.233  -13.628  -30.602 0.0000000000
50244  23.400  -14.647  -30.667 0.0000000000
50254  24.790  -14.847  -31.423 0.0000000000
50264  25.348  -13.774  -32.502 0.0000000000
51478  26.146  -13.102  -32.455 0.0000000000
52642  26.445  -11.677  -32.429 0.0000000000
56244  20.063  -9.770  -32.600 0.0000000000
55062  21.654  -10.467  -33.691 0.0000000000
57544  21.518  -8.518  -35.487 0.0000000000
56262  22.475  -9.743  -35.278 0.0000000000
53864  23.368  -11.145  -34.650 0.0000000000
53862  24.728  -11.059  -34.742 0.0000000000
55059  25.783  -11.249  -33.899 0.0000000000
134327  26.580  -10.163  -32.649 0.0000000000
56243  27.078  -9.369  -32.430 0.0000000000
131838  28.177  -8.181  -32.348 0.0000000000
133784  26.742  -5.108  -33.576 0.0000000000
65984  21.155  -1.915  -39.137 0.0000000000
65974  22.498  -2.086  -38.507 0.0000000000
65972  23.828  -1.040  -37.777 0.0000000000
71961  25.593  4.007  -41.298 0.0000000000
70903  26.229  3.628  -40.573 0.0000000000
132133  27.750  4.129  -40.420 0.0000000000
69911  26.349  2.897  -39.306 0.0000000000
68976  26.451  1.857  -38.318 0.0000000000
67985  25.547  0.541  -37.614 0.0000000000
66983  24.937  -0.646  -36.863 0.0000000000
66981  26.292  -0.107  -36.110 0.0000000000
67970  27.918  0.068  -35.598 0.0000000000
66971  29.076  -0.367  -35.198 0.0000000000
45267  24.267  -18.396  -27.338 0.0000000000
46411  25.709  -17.649  -27.207 0.0000000000
47586  26.757  -16.921  -25.744 0.0000000000
48939  26.768  -15.994  -28.001 0.0000000000
47597  27.167  -16.291  -26.193 0.0000000000
141303  21.865  -17.619  -26.737 0.0000000000
46382  20.826  -17.530  -25.685 0.0000000000
45260  21.581  -18.006  -26.212 0.0000000000
45245  22.133  -18.753  -25.976 0.0000000000
63813  22.941  -3.243  -37.536 0.0000000000
62569  23.145  -4.094  -37.010 0.0000000000
63806  23.486  -3.206  -36.726 0.0000000000
134783  23.993  -3.108  -36.180 0.0000000000
64910  23.934  -2.525  -36.570 0.0000000000
140220  22.779  4.947  -41.747 0.0000000000
52634  27.361  -12.122  -31.303 0.0000000000
137876  27.483  -12.589  -31.016 0.0000000000
139864  28.161  -12.106  -30.802 0.0000000000
138773  23.496  -20.700  -22.735 0.0000000000
43277  22.883  -21.078  -22.549 0.0000000000
43266  23.652  -21.001  -21.993 0.0000000000
43265  24.545  -20.630  -21.642 0.0000000000
142843  24.972  -20.171  -22.048 0.0000000000
46351  26.919  -17.811  -23.677 0.0000000000
45209  27.286  -18.045  -22.949 0.0000000000
46350  27.586  -17.418  -23.421 0.0000000000
50239  20.942  -14.029  -28.837 0.0000000000
52645  22.675  -12.417  -32.550 0.0000000000
52653  23.162  -12.216  -33.383 0.0000000000
52652  24.156  -12.648  -33.667 0.0000000000
53852  22.836  -11.519  -33.826 0.0000000000
58765  18.986  -7.341  -33.599 0.0000000000
58772  19.355  -7.069  -34.183 0.0000000000
58777  24.512  -7.827  -35.522 0.0000000000
57543  24.238  -8.535  -35.900 0.0000000000
143362  24.796  -8.000  -35.013 0.0000000000
57535  25.191  -8.176  -34.592 0.0000000000
58764  25.941  -7.946  -33.823 0.0000000000
58770  25.526  -7.324  -34.291 0.0000000000
64886  28.719  -2.188  -34.056 0.0000000000
64872  28.458  -2.870  -33.696 0.0000000000
133251  23.444  1.638  -39.679 0.0000000000
68978  24.133  1.193  -39.281 0.0000000000
69901  28.997  2.743  -38.091 0.0000000000
69900  30.004  2.960  -38.237 0.0000000000
69890  29.924  2.421  -37.613 0.0000000000
47637  24.876  -16.309  -29.635 0.0000000000
47627  25.638  -16.818  -28.900 0.0000000000
47636  25.467  -16.360  -29.476 0.0000000000
50204  29.395  -13.784  -26.414 0.0000000000
50205  28.809  -14.540  -26.229 0.0000000000
141968  22.326  -19.692  -24.998 0.0000000000
44242  21.527  -19.543  -24.507 0.0000000000
43291  23.030  -20.420  -24.075 0.0000000000
44230  23.693  -20.198  -24.281 0.0000000000
44241  24.717  -19.314  -25.292 0.0000000000
45244  25.461  -18.609  -25.483 0.0000000000
55046  19.789  -10.482  -31.099 0.0000000000
53839  20.104  -11.151  -30.781 0.0000000000
55045  20.074  -10.609  -31.430 0.0000000000
55052  20.335  -10.437  -32.123 0.0000000000
61308  21.505  -5.874  -37.271 0.0000000000
60127  20.927  -6.450  -36.052 0.0000000000
60132  21.824  -6.332  -37.353 0.0000000000
134359  23.414  -5.959  -36.707 0.0000000000
134360  23.964  -5.986  -35.864 0.0000000000
61301  24.386  -5.116  -35.427 0.0000000000
61300  25.190  -4.965  -34.701 0.0000000000
64900  25.387  -2.301  -35.303 0.0000000000
65935  26.222  -1.887  -34.860 0.0000000000
65934  27.199  -1.791  -34.507 0.0000000000
144115  26.794  -1.391  -34.906 0.0000000000
71933  22.326  4.720  -39.266 0.0000000000
71934  22.199  3.915  -38.811 0.0000000000
70879  21.926  3.088  -38.943 0.0000000000
70892  22.118  3.073  -39.779 0.0000000000
132375  22.352  3.417  -40.601 0.0000000000
70891  23.197  2.953  -40.724 0.0000000000
70905  23.807  3.504  -41.180 0.0000000000
50252  26.185  -14.105  -31.355 0.0000000000
48963  26.913  -14.712  -30.116 0.0000000000
50243  27.193  -14.090  -30.238 0.0000000000
51456  28.219  -13.083  -30.055 0.0000000000
51448  28.474  -13.388  -29.467 0.0000000000
62538  17.932  -3.761  -33.295 0.0000000000
62551  18.801  -4.551  -34.222 0.0000000000
62550  18.987  -4.723  -34.392 0.0000000000
62561  19.568  -4.624  -34.925 0.0000000000
62585  20.882  -3.728  -38.115 0.0000000000
141987  20.841  -4.607  -37.461 0.0000000000
62584  21.365  -4.075  -38.186 0.0000000000
62583  21.816  -4.034  -38.257 0.0000000000
63822  22.042  -3.428  -38.435 0.0000000000
124314  25.562  -19.674  -22.063 0.0000000000
44215  26.236  -19.192  -22.193 0.0000000000
44206  27.747  -19.352  -21.221 0.0000000000
56241  28.930  -9.415  -31.883 0.0000000000
47615  21.228  -16.207  -27.308 0.0000000000
47630  21.622  -15.924  -27.990 0.0000000000
50237  22.561  -15.093  -29.401 0.0000000000
47639  22.914  -15.812  -28.997 0.0000000000
48959  23.360  -15.497  -29.663 0.0000000000
48966  23.635  -15.220  -30.261 0.0000000000
144162  21.157  -12.719  -30.329 0.0000000000
51459  21.455  -13.323  -30.067 0.0000000000
51472  21.756  -12.876  -30.883 0.0000000000
51470  23.354  -13.655  -31.803 0.0000000000
50256  23.018  -13.991  -31.057 0.0000000000
50255  23.935  -14.422  -31.539 0.0000000000
50265  24.776  -14.204  -32.100 0.0000000000
50253  25.492  -14.404  -31.721 0.0000000000
51487  25.430  -12.909  -33.530 0.0000000000
51479  25.668  -13.251  -32.910 0.0000000000
51486  25.826  -12.722  -33.287 0.0000000000
52643  26.255  -12.462  -32.584 0.0000000000
53849  25.984  -12.019  -33.528 0.0000000000
57529  19.448  -8.543  -33.296 0.0000000000
57517  19.190  -8.777  -32.712 0.0000000000
56256  20.382  -9.434  -33.454 0.0000000000
55063  20.848  -10.215  -33.027 0.0000000000
56255  21.188  -9.735  -33.976 0.0000000000
57553  21.505  -7.815  -35.906 0.0000000000
57545  20.916  -7.967  -35.207 0.0000000000
136109  21.999  -8.325  -36.139 0.0000000000
56270  23.808  -9.641  -35.711 0.0000000000
56271  23.043  -9.456  -35.884 0.0000000000
55082  23.257  -10.082  -35.466 0.0000000000
55072  22.816  -10.462  -34.942 0.0000000000
139507  23.490  -10.569  -35.120 0.0000000000
53873  24.081  -10.811  -35.015 0.0000000000
55060  25.509  -10.489  -34.203 0.0000000000
134361  26.002  -10.331  -33.442 0.0000000000
55051  26.201  -11.041  -32.980 0.0000000000
56253  26.369  -9.454  -33.083 0.0000000000
58763  26.722  -7.316  -33.264 0.0000000000
58752  27.391  -7.878  -32.651 0.0000000000
58762  27.555  -7.110  -32.694 0.0000000000
58751  28.337  -7.454  -32.496 0.0000000000
60085  28.071  -6.565  -32.582 0.0000000000
133937  25.985  -5.107  -34.124 0.0000000000
61294  26.221  -5.812  -33.801 0.0000000000
69905  21.488  1.813  -38.450 0.0000000000
68972  21.104  1.190  -38.505 0.0000000000
68002  21.035  0.227  -39.357 0.0000000000
67997  20.690  0.125  -38.991 0.0000000000
66996  20.620  -0.597  -38.741 0.0000000000
65975  20.544  -1.393  -38.415 0.0000000000
64937  20.777  -2.110  -38.780 0.0000000000
65989  21.281  -1.029  -39.300 0.0000000000
65982  22.573  -1.364  -38.772 0.0000000000
66994  23.133  -0.827  -38.608 0.0000000000
65973  23.155  -1.591  -38.104 0.0000000000
71977  25.887  4.401  -41.685 0.0000000000
71960  26.786  4.187  -41.008 0.0000000000
70886  28.768  3.646  -39.492 0.0000000000
71959  28.545  4.349  -40.580 0.0000000000
70887  27.781  3.611  -39.708 0.0000000000
70888  26.759  3.401  -39.775 0.0000000000
69903  25.966  2.341  -38.929 0.0000000000
69902  26.883  2.449  -38.658 0.0000000000
68969  27.809  1.761  -37.387 0.0000000000
68970  26.880  1.473  -37.649 0.0000000000
67984  26.406  0.836  -37.241 0.0000000000
66988  25.210  -0.107  -37.212 0.0000000000
67980  25.937  0.242  -36.813 0.0000000000
66982  25.541  -0.396  -36.487 0.0000000000
67979  26.800  0.489  -36.477 0.0000000000
68960  29.266  1.270  -36.535 0.0000000000
67977  28.741  0.853  -36.204 0.0000000000
67969  28.755  0.283  -35.666 0.0000000000
122323  28.365  -0.268  -35.284 0.0000000000
67968  29.591  -0.036  -35.626 0.0000000000
46413  24.335  -17.811  -27.927 0.0000000000
47613  25.713  -17.128  -28.160 0.0000000000
46397  26.185  -17.556  -26.144 0.0000000000
47598  26.530  -16.894  -26.675 0.0000000000
48949  27.024  -15.201  -29.135 0.0000000000
48950  26.659  -15.887  -28.851 0.0000000000
48938  27.487  -15.324  -27.597 0.0000000000
138810  28.339  -15.468  -25.388 0.0000000000
48928  27.622  -15.592  -26.571 0.0000000000
48916  27.774  -15.800  -25.740 0.0000000000
47585  27.381  -16.431  -25.362 0.0000000000
44253  21.800  -19.142  -25.291 0.0000000000
44252  22.663  -19.426  -25.618 0.0000000000
124780  23.969  -19.742  -25.469 0.0000000000
44251  23.483  -19.526  -25.856 0.0000000000
44260  23.695  -19.163  -26.405 0.0000000000
45257  24.279  -18.926  -26.705 0.0000000000
61313  22.192  -5.330  -37.725 0.0000000000
143546  22.267  -6.034  -37.513 0.0000000000
61312  22.634  -4.864  -37.563 0.0000000000
143676  23.581  -4.497  -36.396 0.0000000000
62559  24.080  -4.374  -35.808 0.0000000000
63795  24.342  -3.534  -35.681 0.0000000000
64901  24.560  -2.599  -35.825 0.0000000000
65948  25.608  -1.505  -35.533 0.0000000000
71946  22.326  4.463  -40.493 0.0000000000
71963  23.155  4.321  -41.505 0.0000000000
51468  27.166  -13.085  -31.015 0.0000000000
51467  27.891  -12.782  -30.586 0.0000000000
52615  28.768  -12.733  -29.734 0.0000000000
63807  20.384  -3.563  -36.808 0.0000000000
43293  21.437  -20.425  -23.274 0.0000000000
43294  20.524  -19.939  -22.998 0.0000000000
43278  22.097  -20.943  -22.914 0.0000000000
42193  22.226  -21.457  -22.259 0.0000000000
42163  25.168  -21.027  -20.184 0.0000000000
43254  25.479  -20.560  -20.647 0.0000000000
45211  26.075  -18.730  -23.274 0.0000000000
45193  26.293  -18.809  -22.758 0.0000000000
45210  26.611  -18.377  -23.161 0.0000000000
48952  21.161  -15.227  -28.107 0.0000000000
50228  21.303  -14.737  -28.611 0.0000000000
50238  21.763  -14.535  -29.270 0.0000000000
143247  22.386  -14.552  -29.784 0.0000000000
52637  21.491  -12.190  -31.375 0.0000000000
52636  22.253  -12.614  -31.731 0.0000000000
51482  22.941  -13.048  -32.135 0.0000000000
139896  23.582  -13.352  -32.427 0.0000000000
51480  24.801  -13.641  -32.789 0.0000000000
51489  24.191  -13.290  -32.960 0.0000000000
52661  24.562  -12.149  -34.250 0.0000000000
57530  19.053  -8.098  -33.174 0.0000000000
57528  20.001  -8.698  -33.724 0.0000000000
58783  23.491  -7.861  -36.799 0.0000000000
57551  23.218  -8.418  -36.589 0.0000000000
57550  23.768  -8.446  -36.350 0.0000000000
56277  23.981  -9.018  -36.017 0.0000000000
56269  24.395  -9.319  -35.498 0.0000000000
55080  24.358  -10.232  -35.184 0.0000000000
56268  24.963  -9.106  -34.858 0.0000000000
57526  26.159  -8.753  -33.489 0.0000000000
60103  26.477  -6.530  -33.542 0.0000000000
64873  27.432  -3.116  -33.720 0.0000000000
63767  27.556  -3.841  -33.495 0.0000000000
63766  28.280  -3.623  -33.447 0.0000000000
68001  22.113  1.195  -39.516 0.0000000000
67995  21.755  0.305  -39.474 0.0000000000
143052  22.340  0.060  -39.408 0.0000000000
67994  23.014  0.032  -39.130 0.0000000000
67993  24.002  0.484  -38.829 0.0000000000
70878  28.330  3.156  -38.911 0.0000000000
120549  27.856  2.562  -38.308 0.0000000000
69891  28.403  2.243  -37.661 0.0000000000
68968  28.798  1.796  -37.085 0.0000000000
68967  29.837  1.747  -37.033 0.0000000000
47629  24.138  -16.835  -28.910 0.0000000000
46423  24.580  -17.322  -28.517 0.0000000000
46422  25.209  -17.217  -28.596 0.0000000000
50215  28.165  -14.510  -27.748 0.0000000000
48915  28.244  -15.175  -26.026 0.0000000000
44231  20.983  -19.722  -23.715 0.0000000000
43292  22.284  -20.483  -23.653 0.0000000000
124345  24.493  -20.034  -23.187 0.0000000000
119768  25.002  -19.587  -23.429 0.0000000000
44228  24.892  -19.450  -24.283 0.0000000000
140540  25.538  -19.000  -23.715 0.0000000000
46366  26.667  -17.668  -24.472 0.0000000000
52627  20.598  -12.253  -30.156 0.0000000000
52638  20.737  -11.726  -30.935 0.0000000000
53837  21.251  -11.510  -31.802 0.0000000000
53845  21.680  -11.344  -32.592 0.0000000000
60113  19.359  -6.209  -34.431 0.0000000000
60112  19.846  -6.800  -34.719 0.0000000000
60120  20.356  -6.608  -35.343 0.0000000000
58786  21.478  -7.123  -36.404 0.0000000000
58784  22.120  -7.723  -36.737 0.0000000000
60130  22.617  -6.596  -37.293 0.0000000000
58791  22.454  -7.176  -37.158 0.0000000000
58790  23.066  -7.250  -37.123 0.0000000000
60124  23.696  -6.986  -36.520 0.0000000000
140771  24.229  -7.297  -35.902 0.0000000000
60118  24.608  -6.988  -35.248 0.0000000000
60111  25.166  -6.692  -34.636 0.0000000000
62548  25.815  -4.483  -34.300 0.0000000000
62558  24.697  -4.191  -35.132 0.0000000000
63783  25.779  -3.418  -34.539 0.0000000000
134747  26.467  -3.235  -34.194 0.0000000000
64888  26.825  -2.495  -34.298 0.0000000000
65933  28.143  -1.611  -34.364 0.0000000000
69913  22.172  2.169  -39.611 0.0000000000
133788  23.254  2.272  -40.053 0.0000000000
69912  24.249  2.536  -39.948 0.0000000000
48965  25.634  -15.393  -30.563 0.0000000000
48957  25.907  -15.803  -29.873 0.0000000000
48964  26.371  -15.166  -30.246 0.0000000000
48956  26.865  -15.073  -29.755 0.0000000000
50236  27.856  -13.753  -29.819 0.0000000000
50226  28.096  -14.044  -29.140 0.0000000000
127327  28.257  -14.143  -28.447 0.0000000000
51429  28.666  -13.835  -27.928 0.0000000000
61297  18.917  -5.569  -34.159 0.0000000000
61296  19.399  -5.319  -34.688 0.0000000000
137356  20.344  -5.787  -35.758 0.0000000000
61309  20.901  -5.633  -36.655 0.0000000000
62560  20.028  -4.505  -35.671 0.0000000000
129176  20.630  -4.768  -36.962 0.0000000000
61315  21.257  -5.128  -37.487 0.0000000000
133347  22.149  -4.533  -37.998 0.0000000000
63814  22.462  -3.521  -38.085 0.0000000000
45175  26.894  -19.252  -21.692 0.0000000000
55044  27.621  -10.760  -31.561 0.0000000000
53836  27.941  -11.450  -31.200 0.0000000000
55043  28.576  -10.727  -31.281 0.0000000000
46399  21.624  -16.926  -26.985 0.0000000000
46414  22.492  -17.522  -27.275 0.0000000000
46425  22.949  -17.036  -27.968 0.0000000000
124202  23.341  -16.594  -28.646 0.0000000000
51450  20.892  -13.301  -29.364 0.0000000000
50246  22.002  -14.000  -29.904 0.0000000000
50245  22.641  -14.297  -30.353 0.0000000000
48974  24.158  -15.148  -30.856 0.0000000000
48973  24.913  -15.419  -30.762 0.0000000000
48972  25.367  -15.036  -31.159 0.0000000000
50263  25.896  -13.699  -32.146 0.0000000000
51469  26.494  -13.418  -31.615 0.0000000000
139215  26.738  -12.132  -31.883 0.0000000000
56232  19.433  -9.730  -31.699 0.0000000000
137159  21.463  -10.795  -32.999 0.0000000000
53853  22.080  -11.111  -33.370 0.0000000000
138201  19.872  -7.477  -34.427 0.0000000000
57536  20.309  -8.169  -34.480 0.0000000000
56272  22.274  -8.993  -35.847 0.0000000000
56263  21.554  -9.261  -34.918 0.0000000000
55073  22.014  -10.077  -34.502 0.0000000000
55061  22.442  -10.817  -34.196 0.0000000000
53863  24.316  -11.511  -34.605 0.0000000000
52660  25.136  -11.898  -34.388 0.0000000000
55071  24.976  -10.509  -34.770 0.0000000000
53861  25.311  -11.257  -34.443 0.0000000000
53850  25.618  -11.870  -34.179 0.0000000000
55050  26.793  -10.837  -32.123 0.0000000000
132694  27.321  -10.065  -31.986 0.0000000000
56242  27.929  -9.375  -31.972 0.0000000000
57516  26.836  -8.649  -32.790 0.0000000000
57515  27.639  -8.678  -32.353 0.0000000000
60110  25.819  -6.553  -34.069 0.0000000000
62535  27.219  -4.437  -33.495 0.0000000000
61283  27.760  -5.918  -32.750 0.0000000000
67996  20.973  0.733  -38.999 0.0000000000
63824  20.810  -2.913  -38.405 0.0000000000
64936  21.105  -2.590  -38.817 0.0000000000
65983  21.832  -1.633  -39.105 0.0000000000
64935  21.768  -2.584  -38.757 0.0000000000
64921  23.040  -2.370  -37.781 0.0000000000
65962  23.731  -1.858  -37.216 0.0000000000
71978  24.725  4.513  -41.852 0.0000000000
73010  25.266  4.790  -42.294 0.0000000000
70904  25.098  3.389  -40.994 0.0000000000
70889  25.720  3.279  -39.947 0.0000000000
129143  25.366  2.765  -39.597 0.0000000000
71976  27.765  4.520  -41.139 0.0000000000
70902  27.094  3.798  -40.282 0.0000000000
68984  25.101  2.052  -39.380 0.0000000000
67992  24.990  0.965  -38.484 0.0000000000
68971  25.998  1.205  -38.004 0.0000000000
67986  24.718  0.163  -37.994 0.0000000000
66989  24.511  -0.514  -37.509 0.0000000000
122472  24.406  -1.162  -36.976 0.0000000000
65961  25.091  -1.154  -36.256 0.0000000000
66974  25.866  -0.749  -35.805 0.0000000000
66973  26.666  -0.551  -35.557 0.0000000000
67978  27.847  0.655  -36.147 0.0000000000
67971  27.150  0.051  -35.811 0.0000000000
140029  26.952  -0.950  -35.159 0.0000000000
66972  27.566  -0.513  -35.266 0.0000000000
66963  28.482  -0.886  -34.800 0.0000000000
66962  29.408  -1.072  -34.896 0.0000000000
120416  30.700  0.064  -36.720 0.0000000000
67975  30.148  0.113  -36.101 0.0000000000
66969  30.056  -0.574  -35.691 0.0000000000
65945  29.957  -1.265  -35.353 0.0000000000
142171  22.973  -18.090  -27.129 0.0000000000
45256  25.032  -18.547  -26.985 0.0000000000
45266  24.939  -18.112  -27.577 0.0000000000
46398  25.559  -18.246  -26.294 0.0000000000
46381  25.978  -18.034  -25.624 0.0000000000
46380  26.456  -17.544  -25.287 0.0000000000
47566  26.978  -17.011  -24.910 0.0000000000
47635  26.112  -16.253  -29.229 0.0000000000
47611  26.949  -16.115  -27.090 0.0000000000
53829  28.838  -11.765  -30.527 0.0000000000
52624  29.038  -12.052  -30.014 0.0000000000
43301  21.740  -20.093  -23.934 0.0000000000
44229  24.347  -19.946  -23.900 0.0000000000
47628  24.942  -16.862  -29.123 0.0000000000
52651  25.061  -12.595  -34.015 0.0000000000
55079  24.763  -9.835  -35.017 0.0000000000
56257  19.672  -9.152  -33.041 0.0000000000
56279  22.930  -8.897  -36.277 0.0000000000
57552  22.580  -8.385  -36.482 0.0000000000
58778  20.929  -7.223  -35.609 0.0000000000
60105  18.715  -6.857  -33.544 0.0000000000
60114  18.921  -6.510  -33.921 0.0000000000
60119  24.236  -6.665  -35.723 0.0000000000
60126  21.439  -6.407  -36.820 0.0000000000
60131  22.138  -6.501  -37.388 0.0000000000
61303  19.893  -5.148  -35.351 0.0000000000
61307  23.218  -5.080  -36.910 0.0000000000
62578  20.582  -4.080  -37.384 0.0000000000
63768  26.843  -3.802  -33.755 0.0000000000
63775  17.628  -3.235  -32.666 0.0000000000
63782  26.106  -3.892  -34.202 0.0000000000
65985  20.850  -1.263  -39.049 0.0000000000
66970  29.643  -0.632  -35.315 0.0000000000
67001  20.876  -0.427  -39.259 0.0000000000
67976  29.509  0.615  -36.078 0.0000000000
68977  25.585  1.669  -38.675 0.0000000000
68979  23.109  0.958  -39.519 0.0000000000
69892  27.824  2.177  -37.825 0.0000000000
71945  28.406  3.979  -40.049 0.0000000000
119335  24.448  -1.852  -36.437 0.0000000000
119398  26.561  -14.454  -30.635 0.0000000000
125121  27.111  -15.423  -28.441 0.0000000000
131702  27.519  -18.916  -21.888 0.0000000000
136430  21.320  1.234  -38.955 0.0000000000
138589  25.269  -13.353  -33.089 0.0000000000
139800  21.479  -20.821  -22.813 0.0000000000
141468  22.195  -3.930  -38.168 0.0000000000
142731  21.711  -4.753  -37.930 0.0000000000
144373  20.994  -8.585  -34.854 0.0000000000
