#!ascii label  , from subject sub-v1s18x0051249_ses-1 vox2ras=TkReg
644
39872  22.506  -23.715  -17.629 0.1428571492
38678  21.992  -24.308  -17.207 0.1428571492
39887  22.270  -23.641  -18.439 0.1428571492
39860  23.559  -23.457  -16.524 0.1428571492
39886  23.069  -23.196  -18.109 0.2857142985
41018  24.069  -22.879  -16.984 0.1428571492
41061  23.420  -22.599  -19.446 0.5714285970
41044  24.476  -22.333  -18.294 0.1428571492
42134  26.183  -21.402  -18.868 0.2857142985
42122  26.016  -21.858  -18.070 0.2857142985
43226  27.030  -21.079  -18.902 0.1428571492
128077  26.750  -21.537  -18.402 0.2857142985
132862  28.332  -19.562  -20.608 0.2857142985
43252  27.572  -19.870  -20.391 0.1428571492
43253  26.703  -20.268  -20.207 0.2857142985
45191  28.514  -18.106  -22.113 0.2857142985
44205  28.714  -19.184  -21.132 0.2857142985
46349  28.254  -17.051  -23.197 0.2857142985
46325  27.990  -17.671  -22.712 0.2857142985
48869  28.974  -15.863  -23.987 0.2857142985
50205  28.809  -14.540  -26.229 0.8571428657
50190  28.867  -14.939  -25.458 0.4285714328
47538  29.236  -16.204  -23.334 0.2857142985
51441  29.091  -13.190  -28.198 0.7142857313
52567  29.620  -13.114  -26.835 0.7142857313
50204  29.395  -13.784  -26.414 0.7142857313
48915  28.244  -15.175  -26.026 0.7142857313
52588  29.939  -11.942  -27.938 0.8571428657
52589  29.596  -12.686  -27.530 0.5714285970
51428  29.179  -13.468  -27.334 0.7142857313
51411  28.729  -14.166  -27.085 0.7142857313
55021  29.896  -10.802  -29.757 0.4285714328
53804  29.721  -11.722  -28.778 0.7142857313
52607  29.424  -12.467  -28.474 0.8571428657
56213  30.318  -9.578  -30.526 0.2857142985
56228  30.118  -9.384  -31.318 0.5714285970
55022  29.597  -10.964  -30.320 0.8571428657
55036  30.057  -10.301  -30.262 0.7142857313
53821  29.527  -11.466  -29.657 0.8571428657
57495  30.638  -8.248  -31.615 0.1428571492
57480  30.574  -8.841  -30.878 0.1428571492
57496  30.283  -8.847  -31.848 0.4285714328
55037  29.582  -10.453  -30.809 0.5714285970
53834  29.231  -11.117  -30.720 0.8571428657
60100  30.663  -7.111  -33.440 0.1428571492
58727  30.738  -7.698  -32.229 0.1428571492
58728  30.339  -8.266  -32.294 0.1428571492
57512  30.061  -8.730  -32.275 0.4285714328
55042  29.212  -10.583  -31.104 0.8571428657
123900  30.556  -6.648  -34.175 0.1428571492
60101  30.425  -7.027  -33.626 0.1428571492
58748  30.367  -7.719  -32.771 0.1428571492
128649  29.973  -8.218  -32.672 0.4285714328
57513  29.538  -8.836  -32.246 0.5714285970
56240  29.662  -9.301  -31.867 0.7142857313
55043  28.576  -10.727  -31.281 0.8571428657
61267  29.780  -6.763  -33.492 0.1428571492
61282  29.737  -5.918  -33.757 0.1428571492
60083  29.856  -7.238  -33.220 0.1428571492
58750  29.385  -7.622  -32.687 0.5714285970
57514  28.591  -8.825  -32.172 0.8571428657
56230  29.118  -9.974  -31.493 0.8571428657
56241  28.930  -9.415  -31.883 0.8571428657
61293  30.061  -5.547  -34.662 0.1428571492
124352  29.476  -5.033  -33.709 0.2857142985
61268  28.600  -5.978  -32.877 0.8571428657
133074  29.034  -8.235  -32.416 0.8571428657
131838  28.177  -8.181  -32.348 0.8571428657
63765  29.198  -3.564  -33.663 0.1428571492
63781  29.800  -3.735  -34.346 0.1428571492
140915  28.739  -5.080  -33.302 0.4285714328
130573  27.742  -5.181  -33.145 0.8571428657
61283  27.760  -5.918  -32.750 0.8571428657
58762  27.555  -7.110  -32.694 0.8571428657
58752  27.391  -7.878  -32.651 0.8571428657
62533  28.976  -4.289  -33.411 0.4285714328
61284  26.997  -5.810  -33.265 0.8571428657
60102  27.224  -6.523  -32.983 0.8571428657
60103  26.477  -6.530  -33.542 0.8571428657
64871  29.346  -2.844  -33.986 0.1428571492
64886  28.719  -2.188  -34.056 0.2857142985
63766  28.280  -3.623  -33.447 0.5714285970
64873  27.432  -3.116  -33.720 0.8571428657
62534  28.086  -4.355  -33.264 0.8571428657
62535  27.219  -4.437  -33.495 0.8571428657
133784  26.742  -5.108  -33.576 0.8571428657
65932  29.084  -1.615  -34.454 0.2857142985
64872  28.458  -2.870  -33.696 0.5714285970
64887  27.788  -2.300  -34.020 0.8571428657
62536  26.421  -4.452  -33.870 0.8571428657
62548  25.815  -4.483  -34.300 0.8571428657
61294  26.221  -5.812  -33.801 0.8571428657
65934  27.199  -1.791  -34.507 0.8571428657
134747  26.467  -3.235  -34.194 0.8571428657
63794  25.132  -3.250  -35.096 0.7142857313
63783  25.779  -3.418  -34.539 0.7142857313
65946  27.519  -1.160  -34.784 0.8571428657
144115  26.794  -1.391  -34.906 0.8571428657
64889  25.930  -2.743  -34.678 0.8571428657
65947  26.316  -1.176  -35.297 0.8571428657
66973  26.666  -0.551  -35.557 0.8571428657
64900  25.387  -2.301  -35.303 0.7142857313
67977  28.741  0.853  -36.204 0.7142857313
67971  27.150  0.051  -35.811 0.8571428657
67978  27.847  0.655  -36.147 0.8571428657
67979  26.800  0.489  -36.477 0.8571428657
68969  27.809  1.761  -37.387 0.7142857313
65935  26.222  -1.887  -34.860 0.8571428657
66981  26.292  -0.107  -36.110 0.8571428657
70875  31.487  3.075  -39.094 0.1428571492
68961  28.284  1.296  -36.668 0.8571428657
69891  28.403  2.243  -37.661 0.7142857313
68962  27.323  1.123  -36.904 0.8571428657
71956  31.026  3.907  -40.834 0.1428571492
69901  28.997  2.743  -38.091 0.5714285970
70877  29.307  3.273  -38.823 0.5714285970
70886  28.768  3.646  -39.492 0.5714285970
70885  29.689  3.663  -39.442 0.1428571492
71987  31.445  4.211  -42.808 0.1428571492
71959  28.545  4.349  -40.580 0.5714285970
72000  30.457  4.570  -43.719 0.1428571492
72016  30.386  4.385  -44.717 0.1428571492
71974  29.413  4.730  -41.628 0.1428571492
124874  29.356  4.271  -45.941 0.1428571492
71944  29.162  4.067  -40.049 0.5714285970
119769  29.547  4.591  -45.128 0.1428571492
73057  28.798  4.981  -44.744 0.1428571492
72041  28.975  3.776  -46.932 0.1428571492
73058  28.141  5.020  -45.219 0.1428571492
38663  23.094  -24.107  -16.128 0.1428571492
38664  22.330  -24.543  -16.485 0.1428571492
41033  23.860  -22.785  -17.789 0.2857142985
41032  24.642  -22.482  -17.524 0.1428571492
41043  25.156  -22.117  -17.999 0.2857142985
44179  28.423  -19.963  -19.869 0.2857142985
43241  27.463  -20.449  -19.547 0.1428571492
47539  28.566  -16.478  -23.636 0.2857142985
47540  27.891  -16.795  -23.866 0.2857142985
48892  28.776  -15.488  -24.742 0.5714285970
53803  30.248  -11.213  -28.249 0.2857142985
48927  28.159  -14.876  -26.856 0.7142857313
132910  30.337  -10.337  -29.440 0.1428571492
52624  29.038  -12.052  -30.014 0.8571428657
56229  29.620  -9.786  -31.337 0.7142857313
128857  30.494  -6.117  -34.733 0.1428571492
60084  28.931  -6.922  -32.745 0.8571428657
58751  28.337  -7.454  -32.496 0.8571428657
57515  27.639  -8.678  -32.353 0.8571428657
58763  26.722  -7.316  -33.264 0.8571428657
65933  28.143  -1.611  -34.364 0.8571428657
67970  27.918  0.068  -35.598 0.8571428657
140380  29.200  2.232  -37.447 0.7142857313
70876  30.134  3.339  -38.839 0.2857142985
71943  30.073  3.989  -40.076 0.1428571492
71988  30.831  4.474  -42.364 0.1428571492
70956  31.007  3.218  -46.126 0.1428571492
37552  21.934  -25.294  -16.138 0.1428571492
41060  24.277  -22.198  -19.121 0.4285714328
42148  25.622  -21.215  -19.506 0.2857142985
42135  25.224  -21.804  -18.776 0.4285714328
42150  23.973  -22.054  -19.946 0.2857142985
43242  26.460  -20.813  -19.507 0.1428571492
44194  29.148  -19.486  -20.395 0.2857142985
45173  29.040  -18.585  -21.548 0.2857142985
45174  28.228  -18.785  -21.710 0.2857142985
44206  27.747  -19.352  -21.221 0.2857142985
138810  28.339  -15.468  -25.388 0.7142857313
58747  30.826  -7.345  -32.913 0.1428571492
61281  30.940  -6.305  -34.826 0.1428571492
62547  29.704  -4.469  -33.983 0.2857142985
56242  27.929  -9.375  -31.972 0.8571428657
64885  29.427  -2.266  -34.340 0.1428571492
65931  29.847  -2.022  -34.865 0.1428571492
66962  29.408  -1.072  -34.896 0.2857142985
62549  25.398  -4.019  -34.602 0.8571428657
66963  28.482  -0.886  -34.800 0.5714285970
67969  28.755  0.283  -35.666 0.5714285970
68960  29.266  1.270  -36.535 0.5714285970
68968  28.798  1.796  -37.085 0.7142857313
69900  30.004  2.960  -38.237 0.4285714328
68966  30.665  1.858  -37.423 0.2857142985
69889  30.663  2.572  -37.941 0.2857142985
69899  30.853  3.051  -38.501 0.1428571492
70884  30.699  3.523  -39.377 0.1428571492
71957  30.397  4.181  -40.741 0.1428571492
73007  28.739  5.083  -42.099 0.2857142985
71973  30.752  4.237  -41.458 0.1428571492
73031  29.375  5.219  -43.250 0.1428571492
143487  28.810  5.355  -43.237 0.1428571492
73044  28.661  5.212  -43.838 0.1428571492
135439  31.186  4.303  -43.495 0.1428571492
120377  28.558  4.354  -46.208 0.1428571492
72031  27.652  4.579  -46.001 0.1428571492
72049  27.902  3.389  -48.019 0.1428571492
66971  29.076  -0.367  -35.198 0.4285714328
67968  29.591  -0.036  -35.626 0.4285714328
68959  30.243  0.969  -36.531 0.4285714328
142160  30.459  1.412  -36.992 0.4285714328
68967  29.837  1.747  -37.033 0.5714285970
69890  29.924  2.421  -37.613 0.5714285970
39871  23.295  -23.289  -17.304 0.1428571492
39861  22.757  -23.846  -16.847 0.1428571492
38665  21.546  -25.008  -16.850 0.1428571492
41046  22.850  -23.142  -18.937 0.4285714328
41045  23.649  -22.682  -18.607 0.5714285970
41031  25.475  -22.302  -17.390 0.1428571492
42149  24.797  -21.627  -19.641 0.1428571492
51429  28.666  -13.835  -27.928 0.7142857313
53820  29.995  -10.958  -29.040 0.8571428657
132251  29.224  -12.251  -29.313 0.8571428657
56239  30.001  -9.221  -31.840 0.5714285970
58749  30.227  -7.471  -33.103 0.2857142985
144011  30.170  -8.213  -32.523 0.1428571492
60085  28.071  -6.565  -32.582 0.8571428657
63767  27.556  -3.841  -33.495 0.8571428657
133937  25.985  -5.107  -34.124 0.8571428657
64888  26.825  -2.495  -34.298 0.8571428657
66972  27.566  -0.513  -35.266 0.8571428657
140029  26.952  -0.950  -35.159 0.8571428657
120371  31.404  3.390  -39.771 0.1428571492
70878  28.330  3.156  -38.911 0.5714285970
70932  31.719  3.690  -43.611 0.1428571492
71975  28.647  4.667  -41.320 0.4285714328
73020  30.199  4.951  -42.924 0.1428571492
72029  30.296  4.004  -45.749 0.1428571492
71999  31.135  4.101  -44.270 0.1428571492
144057  30.048  4.486  -41.278 0.1428571492
73021  29.467  5.114  -42.471 0.1428571492
72030  28.711  4.651  -45.488 0.1428571492
44178  29.203  -19.826  -19.714 0.1428571492
122323  28.365  -0.268  -35.284 0.5714285970
45192  27.731  -18.363  -22.294 0.5714285970
73032  28.310  5.412  -43.197 0.1428571492
45193  26.293  -18.809  -22.758 0.5714285970
44216  25.671  -19.236  -22.853 0.5714285970
124345  24.493  -20.034  -23.187 0.2857142985
120286  26.223  -18.363  -23.970 0.5714285970
140540  25.538  -19.000  -23.715 0.5714285970
43276  24.286  -20.398  -22.522 0.4285714328
45211  26.075  -18.730  -23.274 0.5714285970
43290  23.747  -20.383  -23.442 0.2857142985
122942  24.175  -19.888  -24.749 0.4285714328
46365  27.276  -17.217  -24.162 0.4285714328
46366  26.667  -17.668  -24.472 0.5714285970
45229  26.100  -18.194  -24.908 0.5714285970
45244  25.461  -18.609  -25.483 0.4285714328
47566  26.978  -17.011  -24.910 0.5714285970
47586  26.757  -16.921  -25.744 0.5714285970
47598  26.530  -16.894  -26.675 0.4285714328
47597  27.167  -16.291  -26.193 0.4285714328
44228  24.892  -19.450  -24.283 0.4285714328
44230  23.693  -20.198  -24.281 0.2857142985
47585  27.381  -16.431  -25.362 0.7142857313
48938  27.487  -15.324  -27.597 0.7142857313
48939  26.768  -15.994  -28.001 0.4285714328
48949  27.024  -15.201  -29.135 0.7142857313
125020  26.511  -15.592  -29.535 0.5714285970
48956  26.865  -15.073  -29.755 0.7142857313
48964  26.371  -15.166  -30.246 0.2857142985
50226  28.096  -14.044  -29.140 0.7142857313
50243  27.193  -14.090  -30.238 0.7142857313
51457  27.533  -13.398  -30.418 0.7142857313
50251  26.823  -13.724  -30.853 0.7142857313
50252  26.185  -14.105  -31.355 0.4285714328
51469  26.494  -13.418  -31.615 0.4285714328
51442  28.634  -13.617  -28.749 0.5714285970
127327  28.257  -14.143  -28.447 0.5714285970
51448  28.474  -13.388  -29.467 0.5714285970
51468  27.166  -13.085  -31.015 0.7142857313
52635  26.789  -12.758  -31.678 0.7142857313
53843  27.111  -11.488  -31.674 0.7142857313
52643  26.255  -12.462  -32.584 0.5714285970
55051  26.201  -11.041  -32.980 0.5714285970
53828  29.252  -11.488  -30.298 0.7142857313
52625  28.533  -12.450  -30.301 0.5714285970
51467  27.891  -12.782  -30.586 0.5714285970
139864  28.161  -12.106  -30.802 0.7142857313
137876  27.483  -12.589  -31.016 0.7142857313
55050  26.793  -10.837  -32.123 0.8571428657
51478  26.146  -13.102  -32.455 0.4285714328
134327  26.580  -10.163  -32.649 0.7142857313
55059  25.783  -11.249  -33.899 0.5714285970
134361  26.002  -10.331  -33.442 0.7142857313
53829  28.838  -11.765  -30.527 0.5714285970
52634  27.361  -12.122  -31.303 0.7142857313
132694  27.321  -10.065  -31.986 0.8571428657
56243  27.078  -9.369  -32.430 0.8571428657
56254  25.768  -9.600  -33.801 0.7142857313
57535  25.191  -8.176  -34.592 0.2857142985
56231  28.245  -10.047  -31.614 0.7142857313
56253  26.369  -9.454  -33.083 0.7142857313
58776  24.933  -7.486  -34.842 0.7142857313
57526  26.159  -8.753  -33.489 0.8571428657
57527  25.522  -8.885  -34.162 0.8571428657
60110  25.819  -6.553  -34.069 0.8571428657
58764  25.941  -7.946  -33.823 0.8571428657
58770  25.526  -7.324  -34.291 0.8571428657
60111  25.166  -6.692  -34.636 0.8571428657
60118  24.608  -6.988  -35.248 0.7142857313
131036  26.594  -8.085  -33.220 0.8571428657
58769  26.085  -7.138  -33.807 0.8571428657
134211  24.669  -6.032  -35.081 0.8571428657
61295  25.505  -5.852  -34.399 0.8571428657
61300  25.190  -4.965  -34.701 0.8571428657
65948  25.608  -1.505  -35.533 0.7142857313
65949  24.970  -1.855  -35.823 0.7142857313
66974  25.866  -0.749  -35.805 0.5714285970
64910  23.934  -2.525  -36.570 0.7142857313
65961  25.091  -1.154  -36.256 0.7142857313
66982  25.541  -0.396  -36.487 0.7142857313
67980  25.937  0.242  -36.813 0.8571428657
67985  25.547  0.541  -37.614 0.7142857313
122472  24.406  -1.162  -36.976 0.7142857313
67992  24.990  0.965  -38.484 0.7142857313
67993  24.002  0.484  -38.829 0.5714285970
68970  26.880  1.473  -37.649 0.7142857313
68976  26.451  1.857  -38.318 0.7142857313
139599  24.845  1.506  -39.131 0.5714285970
69903  25.966  2.341  -38.929 0.4285714328
68978  24.133  1.193  -39.281 0.5714285970
69911  26.349  2.897  -39.306 0.5714285970
68984  25.101  2.052  -39.380 0.5714285970
68985  24.193  1.851  -39.617 0.5714285970
133251  23.444  1.638  -39.679 0.5714285970
136472  22.465  0.515  -39.476 0.4285714328
133788  23.254  2.272  -40.053 0.5714285970
70888  26.759  3.401  -39.775 0.5714285970
68986  22.661  1.866  -39.811 0.4285714328
68002  21.035  0.227  -39.357 0.4285714328
132375  22.352  3.417  -40.601 0.4285714328
50189  29.435  -14.292  -25.615 0.2857142985
52615  28.768  -12.733  -29.734 0.5714285970
128565  22.509  2.661  -40.233 0.4285714328
69904  21.854  2.388  -39.129 0.2857142985
124314  25.562  -19.674  -22.063 0.5714285970
142843  24.972  -20.171  -22.048 0.5714285970
46350  27.586  -17.418  -23.421 0.2857142985
45209  27.286  -18.045  -22.949 0.4285714328
44217  25.010  -19.853  -22.675 0.5714285970
44241  24.717  -19.314  -25.292 0.4285714328
46381  25.978  -18.034  -25.624 0.4285714328
46397  26.185  -17.556  -26.144 0.5714285970
124780  23.969  -19.742  -25.469 0.2857142985
44250  24.180  -19.384  -26.067 0.2857142985
47611  26.949  -16.115  -27.090 0.5714285970
51410  30.067  -13.107  -26.179 0.2857142985
47636  25.467  -16.360  -29.476 0.2857142985
48963  26.913  -14.712  -30.116 0.7142857313
57516  26.836  -8.649  -32.790 0.8571428657
64901  24.560  -2.599  -35.825 0.7142857313
63795  24.342  -3.534  -35.681 0.7142857313
67986  24.718  0.163  -37.994 0.7142857313
68001  22.113  1.195  -39.516 0.2857142985
69893  27.277  2.066  -38.008 0.5714285970
69902  26.883  2.449  -38.658 0.5714285970
120549  27.856  2.562  -38.308 0.5714285970
69910  27.343  3.001  -39.111 0.5714285970
69912  24.249  2.536  -39.948 0.5714285970
70890  24.564  2.975  -40.455 0.2857142985
46411  25.709  -17.649  -27.207 0.4285714328
51447  28.968  -12.977  -29.028 0.7142857313
50215  28.165  -14.510  -27.748 0.5714285970
53835  28.735  -11.325  -30.940 0.7142857313
55044  27.621  -10.760  -31.561 0.7142857313
53836  27.941  -11.450  -31.200 0.7142857313
67984  26.406  0.836  -37.241 0.8571428657
48916  27.774  -15.800  -25.740 0.5714285970
48928  27.622  -15.592  -26.571 0.5714285970
61301  24.386  -5.116  -35.427 0.7142857313
45210  26.611  -18.377  -23.161 0.5714285970
44215  26.236  -19.192  -22.193 0.4285714328
119768  25.002  -19.587  -23.429 0.5714285970
46351  26.919  -17.811  -23.677 0.5714285970
45230  25.500  -18.832  -24.601 0.4285714328
43265  24.545  -20.630  -21.642 0.5714285970
46380  26.456  -17.544  -25.287 0.5714285970
121048  24.872  -18.896  -26.184 0.4285714328
47612  26.336  -16.765  -27.629 0.4285714328
48950  26.659  -15.887  -28.851 0.5714285970
47635  26.112  -16.253  -29.229 0.4285714328
47626  26.231  -16.543  -28.505 0.4285714328
50227  27.633  -14.722  -28.572 0.7142857313
123634  27.387  -14.520  -29.559 0.7142857313
48957  25.907  -15.803  -29.873 0.2857142985
50236  27.856  -13.753  -29.819 0.7142857313
51456  28.219  -13.083  -30.055 0.5714285970
139215  26.738  -12.132  -31.883 0.7142857313
52642  26.445  -11.677  -32.429 0.7142857313
53850  25.618  -11.870  -34.179 0.2857142985
56268  24.963  -9.106  -34.858 0.2857142985
66983  24.937  -0.646  -36.863 0.7142857313
66988  25.210  -0.107  -37.212 0.7142857313
68971  25.998  1.205  -38.004 0.8571428657
129143  25.366  2.765  -39.597 0.7142857313
70891  23.197  2.953  -40.724 0.5714285970
69913  22.172  2.169  -39.611 0.4285714328
45257  24.279  -18.926  -26.705 0.1428571492
45266  24.939  -18.112  -27.577 0.4285714328
39903  21.979  -23.613  -19.288 0.4285714328
46295  29.949  -17.700  -21.711 0.1428571492
46324  28.853  -17.347  -22.565 0.1428571492
46323  29.688  -17.275  -22.196 0.1428571492
48891  29.407  -15.322  -24.269 0.1428571492
50165  29.555  -14.746  -24.817 0.1428571492
47513  29.450  -16.676  -22.731 0.1428571492
46322  30.267  -17.259  -21.845 0.1428571492
50143  29.986  -14.926  -24.069 0.1428571492
48868  29.651  -15.560  -23.655 0.1428571492
48835  29.980  -15.912  -22.896 0.1428571492
142353  30.321  -12.580  -26.324 0.2857142985
53787  30.506  -11.422  -27.367 0.1428571492
62558  24.697  -4.191  -35.132 0.5714285970
72059  25.674  3.718  -49.347 0.1428571492
72052  23.192  4.782  -48.979 0.1428571492
73059  27.211  5.167  -45.346 0.1428571492
63805  23.758  -3.790  -36.268 0.4285714328
134783  23.993  -3.108  -36.180 0.5714285970
64911  23.398  -2.615  -37.121 0.4285714328
73024  24.448  5.360  -43.147 0.2857142985
71961  25.593  4.007  -41.298 0.2857142985
70903  26.229  3.628  -40.573 0.2857142985
73009  26.752  4.706  -41.912 0.2857142985
62583  21.816  -4.034  -38.257 0.1428571492
65962  23.731  -1.858  -37.216 0.5714285970
66989  24.511  -0.514  -37.509 0.5714285970
71978  24.725  4.513  -41.852 0.2857142985
65974  22.498  -2.086  -38.507 0.4285714328
66994  23.133  -0.827  -38.608 0.5714285970
65983  21.832  -1.633  -39.105 0.4285714328
70906  22.709  3.800  -41.211 0.1428571492
70905  23.807  3.504  -41.180 0.1428571492
71962  24.341  4.142  -41.496 0.1428571492
65989  21.281  -1.029  -39.300 0.1428571492
143052  22.340  0.060  -39.408 0.4285714328
71963  23.155  4.321  -41.505 0.1428571492
71979  23.452  4.779  -41.917 0.1428571492
67000  21.269  -0.282  -39.459 0.2857142985
71947  22.242  3.917  -39.882 0.2857142985
71934  22.199  3.915  -38.811 0.1428571492
71964  22.544  4.694  -41.313 0.1428571492
140220  22.779  4.947  -41.747 0.1428571492
71946  22.326  4.463  -40.493 0.1428571492
71933  22.326  4.720  -39.266 0.1428571492
72991  22.742  5.381  -39.591 0.1428571492
41077  22.270  -22.865  -20.632 0.4285714328
41088  21.894  -22.462  -21.348 0.2857142985
45172  29.825  -18.293  -21.394 0.1428571492
48834  30.787  -15.474  -22.690 0.1428571492
50188  30.073  -14.052  -25.151 0.1428571492
143676  23.581  -4.497  -36.396 0.2857142985
71976  27.765  4.520  -41.139 0.2857142985
71977  25.887  4.401  -41.685 0.2857142985
133220  22.945  5.501  -42.098 0.2857142985
41089  20.795  -22.115  -21.347 0.2857142985
43240  28.295  -20.452  -19.241 0.1428571492
43225  27.895  -20.898  -18.824 0.1428571492
45156  29.541  -18.963  -20.993 0.1428571492
45155  30.330  -18.596  -20.811 0.1428571492
139895  30.130  -12.143  -27.235 0.1428571492
51391  29.876  -13.695  -25.720 0.1428571492
65984  21.155  -1.915  -39.137 0.1428571492
62568  23.748  -5.169  -36.143 0.4285714328
63822  22.042  -3.428  -38.435 0.2857142985
66993  23.889  -0.286  -38.306 0.5714285970
70887  27.781  3.611  -39.708 0.4285714328
123056  26.056  5.081  -42.753 0.2857142985
73023  27.233  5.156  -42.572 0.2857142985
73034  25.704  5.388  -43.541 0.2857142985
73047  25.573  5.609  -44.550 0.1428571492
123576  24.642  5.735  -45.614 0.1428571492
73012  22.789  5.450  -41.403 0.2857142985
73011  23.667  5.162  -42.482 0.2857142985
73060  25.842  5.373  -45.529 0.1428571492
72032  25.990  4.773  -46.473 0.1428571492
124193  27.739  5.380  -43.827 0.1428571492
73046  26.964  5.437  -44.603 0.1428571492
73035  24.527  5.703  -44.026 0.2857142985
125412  27.536  5.395  -43.136 0.2857142985
73033  26.772  5.407  -43.773 0.1428571492
41076  23.158  -22.503  -20.294 0.4285714328
41062  22.592  -23.081  -19.809 0.4285714328
132133  27.750  4.129  -40.420 0.2857142985
73008  27.905  4.924  -41.920 0.2857142985
63806  23.486  -3.206  -36.726 0.4285714328
65972  23.828  -1.040  -37.777 0.5714285970
70902  27.094  3.798  -40.282 0.2857142985
70892  22.118  3.073  -39.779 0.2857142985
62559  24.080  -4.374  -35.808 0.5714285970
66995  22.124  -0.612  -39.305 0.5714285970
70889  25.720  3.279  -39.947 0.2857142985
70904  25.098  3.389  -40.994 0.2857142985
47512  30.208  -16.602  -22.287 0.1428571492
50164  30.332  -14.345  -24.499 0.1428571492
62569  23.145  -4.094  -37.010 0.2857142985
73010  25.266  4.790  -42.294 0.2857142985
71960  26.786  4.187  -41.008 0.2857142985
64922  22.492  -2.906  -38.285 0.2857142985
64921  23.040  -2.370  -37.781 0.4285714328
64935  21.768  -2.584  -38.757 0.2857142985
65973  23.155  -1.591  -38.104 0.5714285970
65982  22.573  -1.364  -38.772 0.5714285970
41078  21.200  -22.849  -20.797 0.2857142985
134047  30.575  -13.802  -24.791 0.1428571492
122175  26.720  5.316  -43.124 0.2857142985
73071  24.154  5.143  -47.017 0.1428571492
53849  25.984  -12.019  -33.528 0.4285714328
56261  25.239  -9.766  -34.511 0.2857142985
125585  23.937  7.040  -42.854 0.1428571492
138706  23.878  5.811  -43.794 0.1428571492
74085  23.210  6.068  -39.747 0.1428571492
122847  23.438  6.125  -42.496 0.1428571492
73025  23.594  5.867  -43.120 0.1428571492
74097  23.256  6.325  -41.458 0.1428571492
142552  23.523  6.819  -40.602 0.1428571492
75127  23.940  7.231  -41.015 0.1428571492
75144  24.151  7.848  -43.630 0.1428571492
75132  23.891  7.011  -41.984 0.1428571492
75120  24.974  7.700  -40.547 0.1428571492
75131  24.459  7.827  -42.607 0.1428571492
55060  25.509  -10.489  -34.203 0.2857142985
75126  24.722  7.740  -41.559 0.1428571492
75153  23.751  7.769  -44.650 0.1428571492
48893  28.011  -15.979  -25.010 0.2857142985
142529  23.220  5.642  -42.509 0.1428571492
73036  23.879  6.200  -44.532 0.1428571492
74109  23.866  6.721  -43.502 0.1428571492
127288  23.879  6.434  -44.136 0.1428571492
47565  27.618  -16.592  -24.594 0.4285714328
43254  25.479  -20.560  -20.647 0.2857142985
44207  26.144  -19.669  -21.480 0.2857142985
44195  26.071  -20.168  -20.779 0.1428571492
42163  25.168  -21.027  -20.184 0.2857142985
67994  23.014  0.032  -39.130 0.4285714328
122866  26.920  -18.684  -22.414 0.2857142985
43255  24.851  -20.836  -20.884 0.4285714328
45175  26.894  -19.252  -21.692 0.1428571492
118996  26.840  -19.747  -20.954 0.1428571492
130800  25.902  -20.639  -20.115 0.1428571492
43264  25.386  -20.235  -21.351 0.2857142985
42164  23.642  -21.853  -20.716 0.2857142985
42165  22.817  -22.256  -21.055 0.2857142985
42178  24.094  -21.242  -21.181 0.2857142985
42179  23.275  -21.614  -21.434 0.2857142985
43266  23.652  -21.001  -21.993 0.2857142985
47613  25.713  -17.128  -28.160 0.2857142985
48971  25.940  -14.810  -30.997 0.1428571492
50253  25.492  -14.404  -31.721 0.1428571492
51486  25.826  -12.722  -33.287 0.1428571492
55080  24.358  -10.232  -35.184 0.1428571492
57542  24.677  -8.512  -35.243 0.1428571492
58777  24.512  -7.827  -35.522 0.1428571492
57543  24.238  -8.535  -35.900 0.1428571492
140771  24.229  -7.297  -35.902 0.1428571492
60124  23.696  -6.986  -36.520 0.1428571492
61312  22.634  -4.864  -37.563 0.1428571492
63813  22.941  -3.243  -37.536 0.1428571492
133347  22.149  -4.533  -37.998 0.1428571492
62576  22.564  -4.035  -37.751 0.1428571492
67995  21.755  0.305  -39.474 0.1428571492
68987  21.457  0.870  -39.261 0.1428571492
67997  20.690  0.125  -38.991 0.1428571492
69914  21.697  1.581  -39.227 0.1428571492
69905  21.488  1.813  -38.450 0.1428571492
41063  21.597  -23.369  -20.116 0.2857142985
138486  24.436  -21.441  -20.419 0.1428571492
60125  23.132  -6.559  -37.092 0.1428571492
63814  22.462  -3.521  -38.085 0.1428571492
46398  25.559  -18.246  -26.294 0.2857142985
46412  25.109  -17.619  -28.041 0.2857142985
50264  25.348  -13.774  -32.502 0.1428571492
52650  25.578  -12.385  -33.955 0.1428571492
52660  25.136  -11.898  -34.388 0.1428571492
53861  25.311  -11.257  -34.443 0.1428571492
55081  23.844  -10.282  -35.348 0.1428571492
56269  24.395  -9.319  -35.498 0.1428571492
56277  23.981  -9.018  -36.017 0.1428571492
57550  23.768  -8.446  -36.350 0.1428571492
134359  23.414  -5.959  -36.707 0.1428571492
61313  22.192  -5.330  -37.725 0.1428571492
67996  20.973  0.733  -38.999 0.1428571492
50263  25.896  -13.699  -32.146 0.1428571492
143362  24.796  -8.000  -35.013 0.1428571492
66996  20.620  -0.597  -38.741 0.1428571492
45256  25.032  -18.547  -26.985 0.1428571492
134360  23.964  -5.986  -35.864 0.1428571492
42180  22.458  -21.876  -21.674 0.2857142985
46422  25.209  -17.217  -28.596 0.1428571492
58782  24.054  -7.875  -36.309 0.1428571492
56270  23.808  -9.641  -35.711 0.1428571492
41064  20.442  -23.173  -20.217 0.1428571492
41065  19.360  -22.606  -19.984 0.1428571492
42192  22.901  -21.426  -21.992 0.1428571492
54985  30.653  -10.743  -27.833 0.1428571492
67975  30.148  0.113  -36.101 0.1428571492
39888  21.416  -24.050  -18.772 0.1428571492
42193  22.226  -21.457  -22.259 0.1428571492
42181  21.637  -21.836  -21.827 0.1428571492
125733  22.896  -20.687  -23.243 0.1428571492
66969  30.056  -0.574  -35.691 0.1428571492
120416  30.700  0.064  -36.720 0.1428571492
43291  23.030  -20.420  -24.075 0.1428571492
65945  29.957  -1.265  -35.353 0.1428571492
55003  30.581  -10.397  -28.545 0.1428571492
138773  23.496  -20.700  -22.735 0.1428571492
39904  20.787  -23.785  -19.511 0.1428571492
41079  20.071  -22.436  -20.677 0.1428571492
43277  22.883  -21.078  -22.549 0.1428571492
44229  24.347  -19.946  -23.900 0.4285714328
46296  29.313  -17.897  -21.912 0.1428571492
47564  28.304  -16.211  -24.314 0.2857142985
52566  30.029  -12.601  -26.768 0.2857142985
55079  24.763  -9.835  -35.017 0.1428571492
56214  29.898  -9.876  -30.867 0.5714285970
60119  24.236  -6.665  -35.723 0.1428571492
63768  26.843  -3.802  -33.755 0.8571428657
63782  26.106  -3.892  -34.202 0.8571428657
66970  29.643  -0.632  -35.315 0.1428571492
67001  20.876  -0.427  -39.259 0.2857142985
67976  29.509  0.615  -36.078 0.4285714328
68977  25.585  1.669  -38.675 0.7142857313
68979  23.109  0.958  -39.519 0.4285714328
69892  27.824  2.177  -37.825 0.7142857313
70901  30.910  3.789  -40.204 0.1428571492
70963  30.646  2.971  -46.876 0.1428571492
71945  28.406  3.979  -40.049 0.5714285970
71958  29.478  4.404  -40.769 0.5714285970
71972  31.398  3.951  -41.960 0.1428571492
71989  30.134  4.684  -41.993 0.1428571492
72017  29.559  4.778  -44.101 0.1428571492
72051  24.686  3.952  -49.011 0.1428571492
72060  24.005  4.646  -49.092 0.1428571492
73022  28.122  5.312  -42.602 0.1428571492
73045  27.989  5.305  -44.624 0.1428571492
119335  24.448  -1.852  -36.437 0.7142857313
119398  26.561  -14.454  -30.635 0.7142857313
125121  27.111  -15.423  -28.441 0.5714285970
130801  28.831  5.365  -42.807 0.1428571492
131702  27.519  -18.916  -21.888 0.2857142985
138884  30.696  -6.888  -33.879 0.1428571492
141468  22.195  -3.930  -38.168 0.1428571492
141877  29.889  4.890  -43.503 0.1428571492
142010  31.070  2.646  -38.180 0.2857142985
142322  30.870  4.590  -43.059 0.1428571492
143664  24.869  4.622  -47.310 0.1428571492
